0.866404000	1388
0.866414000	2776
0.866482000	4164
0.866490000	5552
0.866570000	6940
0.866576000	8328
0.866657000	9716
0.866662000	11104
0.866746000	12492
0.866751000	13880
1.261296000	13880
1.261299000	15268
1.263053000	4164
1.263055000	5552
1.263101000	6940
1.263103000	8328
1.263197000	9716
1.263199000	11104
1.263275000	12492
1.263278000	13880
1.263368000	15268
1.263369000	16656
1.263446000	18044
1.263449000	19432
1.263525000	20820
1.263527000	22208
1.263572000	23596
1.263574000	24984
1.263628000	26372
1.263630000	27760
1.297864000	27760
1.297867000	29148
1.297915000	29148
1.297916000	30536
1.306028000	30536
1.306030000	31924
1.306118000	31924
1.306120000	33312
1.306197000	31924
1.306199000	33312
1.306230000	34700
1.306232000	36088
1.307856000	36088
1.307858000	37476
1.307904000	37476
1.307906000	38864
1.318920000	38864
1.318923000	40252
1.319066000	38864
1.319069000	40252
1.319168000	38864
1.319171000	40252
1.319308000	38864
1.319311000	40252
1.319330000	38864
1.319332000	40252
1.319457000	40252
1.319460000	41640
1.319596000	41640
1.319600000	43028
1.319647000	43028
1.319650000	44416
1.319704000	45804
1.319707000	47192
1.319765000	48580
1.319768000	49968
1.319842000	51356
1.319845000	52744
1.319917000	54132
1.319920000	55520
1.484615000	56908
1.541098000	56908
1.541106000	56908
1.541138000	55520
1.541149000	56908
1.541198000	58296
1.541201000	59684
1.541244000	61072
1.547906000	61072
1.547909000	62460
1.547935000	59684
1.547938000	61072
1.548033000	62460
1.548039000	63848
1.548099000	65236
1.548103000	66624
1.550858000	66624
1.550864000	68012
1.551008000	62460
1.551012000	63848
1.551127000	63848
1.551132000	65236
1.551219000	66624
1.551224000	68012
1.551260000	69400
1.551263000	70788
1.551314000	72176
1.551317000	73564
1.551367000	74952
1.551370000	76340
1.553021000	76340
1.553025000	77728
1.557884000	77728
1.557887000	79116
1.557903000	79116
1.557958000	80504
1.560930000	80504
1.560935000	81892
1.560977000	81892
1.560980000	83280
1.561084000	80504
1.561088000	81892
1.562856000	74952
1.562861000	76340
1.562905000	76340
1.562908000	77728
1.563000000	79116
1.563005000	80504
1.563091000	81892
1.563097000	83280
1.563179000	84668
1.563184000	86056
1.563219000	87444
1.563222000	88832
1.563273000	90220
1.563276000	91608
1.563327000	92996
1.563330000	94384
1.563381000	95772
1.563383000	97160
1.565917000	97160
1.565921000	98548
1.565957000	97160
1.565960000	98548
1.566016000	92996
1.566019000	94384
1.566097000	92996
1.566101000	94384
1.566123000	95772
1.566126000	97160
1.566184000	98548
1.566187000	99936
1.566232000	101324
1.566235000	102712
1.566296000	104100
1.566300000	105488
1.566337000	106876
1.566406000	108264
1.566409000	109652
1.566446000	111040
1.781059000	111040
1.781062000	112428
1.801413000	111040
1.801416000	112428
1.801523000	109652
1.801526000	111040
1.801576000	112428
1.801579000	113816
1.801649000	115204
1.801653000	116592
1.801705000	117980
1.801709000	119368
1.802844000	105488
1.802849000	106876
1.802988000	106876
1.802992000	108264
1.805916000	108264
1.805921000	109652
1.805951000	105488
1.805955000	106876
1.806064000	106876
1.806069000	108264
1.806187000	101324
1.806191000	102712
1.806295000	104100
1.806298000	105488
1.806345000	106876
1.806348000	108264
1.806398000	109652
1.806403000	111040
1.806452000	112428
1.806458000	113816
1.806503000	115204
1.806506000	116592
1.806555000	117980
1.806558000	119368
1.806613000	120756
1.806617000	122144
1.806712000	123532
1.806717000	124920
1.806799000	126308
1.806804000	127696
1.806886000	129084
1.806891000	130472
1.806928000	131860
1.806932000	133248
1.806983000	134636
1.806987000	136024
1.807038000	137412
1.807042000	138800
1.807092000	140188
1.807096000	141576
1.807147000	142964
1.807151000	144352
1.807202000	145740
1.807206000	147128
1.807256000	148516
1.807260000	149904
1.807311000	151292
1.807315000	152680
1.807958000	152680
1.807962000	154068
1.810842000	154068
1.810845000	155456
1.812805000	155456
1.812809000	156844
1.812845000	155456
1.812849000	156844
1.812896000	158232
1.812898000	159620
1.815931000	159620
1.815936000	161008
1.815969000	155456
1.815972000	156844
1.816078000	156844
1.816082000	158232
1.816108000	155456
1.816111000	156844
1.816209000	158232
1.816215000	159620
1.816275000	161008
1.816278000	162396
1.816352000	163784
1.816355000	165172
1.816395000	166560
1.816398000	167948
1.816448000	169336
1.816451000	170724
1.816501000	172112
1.816503000	173500
1.817863000	173500
1.817868000	174888
1.817899000	172112
1.817902000	173500
1.817971000	172112
1.817978000	173500
1.818088000	174888
1.818091000	176276
1.818166000	177664
1.818172000	179052
1.818207000	180440
1.818210000	181828
1.820871000	181828
1.820876000	183216
1.820907000	177664
1.820910000	179052
1.821015000	179052
1.821020000	180440
1.836241000	176276
1.836245000	177664
1.836400000	167948
1.836405000	169336
1.836465000	162396
1.836469000	163784
1.836505000	165172
1.836508000	166560
1.836557000	167948
1.836561000	169336
1.836648000	170724
1.836653000	172112
1.836681000	173500
1.836685000	174888
1.836735000	176276
1.836739000	177664
1.836788000	179052
1.836792000	180440
1.836841000	181828
1.836845000	183216
1.836894000	184604
1.836898000	185992
1.836947000	187380
1.836951000	188768
1.837000000	190156
1.837004000	191544
1.837053000	192932
1.837057000	194320
1.837106000	195708
1.837111000	197096
1.837159000	198484
1.837163000	199872
1.837212000	201260
1.837216000	202648
1.837264000	204036
1.837268000	205424
1.837317000	206812
1.837321000	208200
1.837371000	209588
1.837375000	210976
1.837423000	212364
1.837428000	213752
1.837477000	215140
1.837481000	216528
1.837899000	215140
1.837904000	216528
1.837974000	215140
1.837977000	216528
1.838098000	217916
1.838103000	219304
1.838215000	220692
1.838221000	222080
2.047935000	220692
2.047939000	222080
2.047958000	223468
2.047961000	224856
2.060967000	223468
2.060970000	224856
2.061006000	223468
2.061009000	224856
2.061150000	226244
2.061153000	227632
2.061186000	229020
2.061189000	230408
2.062792000	229020
2.062795000	230408
2.062887000	229020
2.062893000	230408
2.062996000	231796
2.063002000	233184
2.063113000	234572
2.063119000	235960
2.065977000	234572
2.065981000	235960
2.066036000	229020
2.066039000	230408
2.066127000	231796
2.066133000	233184
2.066214000	234572
2.066220000	235960
2.066255000	237348
2.066258000	238736
2.066309000	240124
2.066312000	241512
2.066362000	242900
2.066365000	244288
2.066417000	245676
2.066419000	247064
2.067828000	245676
2.067833000	247064
2.067870000	245676
2.067874000	247064
2.067925000	245676
2.067931000	247064
2.067974000	248452
2.067979000	249840
2.068028000	251228
2.068033000	252616
2.068083000	254004
2.068087000	255392
2.070811000	255392
2.070816000	256780
2.070851000	254004
2.070855000	255392
2.070906000	255392
2.070910000	256780
2.070957000	256780
2.070960000	258168
2.071015000	258168
2.071018000	259556
2.071066000	254004
2.071069000	255392
2.071123000	255392
2.071126000	256780
2.071173000	255392
2.071177000	256780
2.071227000	258168
2.071231000	259556
2.071281000	260944
2.071285000	262332
2.071335000	263720
2.071339000	265108
2.071390000	266496
2.071393000	267884
2.071443000	269272
2.071447000	270660
2.071498000	272048
2.071502000	273436
2.071552000	274824
2.071556000	276212
2.072857000	276212
2.072861000	277600
2.072897000	277600
2.072900000	278988
2.075848000	278988
2.075853000	280376
2.075890000	277600
2.075894000	278988
2.075951000	278988
2.075955000	280376
2.076002000	277600
2.076005000	278988
2.076065000	278988
2.076069000	280376
2.076120000	278988
2.076124000	280376
2.076237000	272048
2.076241000	273436
2.076281000	273436
2.076285000	274824
2.076488000	276212
2.076493000	277600
2.076566000	278988
2.076570000	280376
2.076653000	281764
2.076657000	283152
2.076687000	284540
2.076691000	285928
2.076742000	287316
2.076746000	288704
2.076794000	290092
2.076798000	291480
2.076848000	292868
2.076850000	294256
2.076903000	295644
2.076907000	297032
2.076955000	298420
2.076957000	299808
2.077009000	301196
2.077012000	302584
2.077063000	303972
2.077070000	305360
2.077808000	305360
2.077812000	306748
2.077855000	305360
2.077858000	306748
2.077907000	306748
2.077909000	308136
2.077959000	308136
2.077962000	309524
2.078013000	310912
2.078015000	312300
2.080928000	312300
2.080933000	313688
2.080966000	308136
2.080969000	309524
2.081074000	309524
2.081078000	310912
2.081103000	308136
2.081107000	309524
2.081214000	309524
2.081219000	310912
2.082830000	305360
2.082835000	306748
2.082871000	308136
2.082874000	309524
2.082968000	310912
2.082973000	312300
2.083016000	313688
2.083019000	315076
2.083090000	316464
2.083093000	317852
2.083165000	319240
2.083168000	320628
2.083217000	322016
2.083220000	323404
2.083272000	324792
2.083275000	326180
2.083324000	327568
2.083326000	328956
2.083378000	330344
2.083381000	331732
2.083432000	333120
2.083434000	334508
2.087879000	334508
2.087884000	335896
2.087919000	330344
2.087922000	331732
2.088017000	333120
2.088023000	334508
2.088083000	335896
2.088087000	337284
2.088153000	338672
2.088156000	340060
2.088195000	341448
2.088198000	342836
2.092820000	342836
2.092825000	344224
2.092857000	344224
2.092860000	345612
2.093851000	345612
2.093856000	347000
2.093884000	347000
2.093887000	348388
2.093940000	348388
2.093943000	349776
2.093993000	345612
2.093995000	347000
2.094047000	344224
2.094050000	345612
2.094100000	345612
2.094103000	347000
2.094153000	345612
2.094157000	347000
2.094208000	345612
2.094210000	347000
2.094262000	344224
2.094264000	345612
2.094314000	347000
2.094317000	348388
2.094368000	349776
2.094371000	351164
2.094421000	352552
2.094424000	353940
2.094475000	355328
2.094478000	356716
2.094531000	358104
2.094534000	359492
2.094584000	360880
2.094586000	362268
2.094637000	363656
2.094639000	365044
2.094691000	366432
2.094694000	367820
2.094744000	369208
2.094747000	370596
2.097875000	369208
2.097878000	370596
2.097906000	367820
2.097909000	369208
2.097963000	370596
2.097966000	371984
2.098013000	373372
2.098016000	374760
2.098076000	376148
2.098080000	377536
2.100946000	373372
2.100949000	374760
2.101000000	370596
2.101002000	371984
2.101052000	367820
2.101058000	369208
2.101174000	370596
2.101178000	371984
2.101205000	373372
2.101207000	374760
2.101257000	376148
2.101260000	377536
2.101312000	378924
2.101315000	380312
2.101365000	381700
2.101368000	383088
2.101430000	384476
2.101432000	385864
2.101483000	387252
2.101486000	388640
2.101537000	390028
2.101539000	391416
2.101590000	392804
2.101593000	394192
2.103031000	392804
2.103034000	394192
2.103125000	392804
2.103131000	394192
2.103191000	395580
2.103195000	396968
2.103242000	398356
2.103245000	399744
2.107868000	398356
2.107873000	399744
2.107902000	390028
2.107905000	391416
2.107989000	392804
2.107993000	394192
2.108030000	395580
2.108033000	396968
2.108084000	398356
2.108087000	399744
2.108135000	401132
2.108139000	402520
2.108188000	403908
2.108191000	405296
2.108241000	406684
2.108244000	408072
2.108293000	409460
2.108296000	410848
2.108346000	412236
2.108349000	413624
2.112799000	412236
2.112807000	413624
2.112841000	409460
2.112846000	410848
2.112897000	412236
2.112901000	413624
2.112954000	415012
2.112958000	416400
2.113009000	417788
2.113014000	419176
2.113063000	420564
2.113070000	421952
2.115808000	420564
2.115814000	421952
2.115843000	423340
2.115847000	424728
2.127889000	423340
2.127895000	424728
2.127917000	424728
2.132948000	426116
2.135822000	427504
2.135913000	428892
2.135968000	430280
2.275944000	431668
2.277885000	433056
2.357900000	434444
2.357915000	435832
2.358199000	437220
2.362875000	438608
2.365896000	439996
2.365944000	441384
2.366240000	442772
2.366294000	444160
2.366304000	445548
2.366345000	446936
2.366399000	448324
2.366409000	449712
2.366449000	451100
2.366452000	452488
2.366505000	453876
2.366515000	455264
2.367838000	456652
2.367851000	458040
2.371006000	459428
2.371022000	460816
2.371050000	462204
2.371164000	463592
2.371181000	464980
2.371233000	466368
2.371236000	467756
2.371279000	469144
2.371332000	470532
2.371384000	471920
2.371458000	473308
2.371471000	474696
2.371566000	476084
2.371579000	477472
2.371671000	478860
2.371684000	480248
2.371729000	481636
2.371830000	483024
2.371884000	484412
2.371898000	485800
2.371936000	487188
2.371989000	488576
2.372042000	489964
2.372095000	491352
2.372148000	492740
2.372201000	494128
2.372385000	495516
2.372400000	496904
2.372439000	498292
2.372442000	499680
2.372497000	501068
2.372511000	502456
2.372546000	503844
2.372670000	505232
2.372686000	506620
2.372816000	508008
2.376017000	509396
2.376061000	510784
2.376122000	512172
2.376139000	513560
2.376170000	514948
2.376231000	516336
2.376247000	517724
2.376337000	519112
2.376387000	520500
2.376443000	521888
2.376495000	523276
2.376548000	524664
2.376564000	526052
2.376665000	527440
2.376691000	528828
2.376737000	530216
2.376799000	531604
2.376817000	532992
2.376904000	534380
2.376922000	535768
2.377010000	537156
2.377028000	538544
2.377057000	539932
2.377113000	541320
2.377219000	542708
2.377238000	544096
2.377264000	545484
2.377354000	546872
2.377385000	548260
2.377439000	549648
2.377491000	551036
2.446138000	127696
2.446144000	129084
2.446243000	124920
2.446246000	126308
2.446409000	127696
2.446412000	129084
2.446568000	130472
2.446571000	131860
2.446661000	133248
2.446669000	134636
2.446717000	136024
2.446720000	137412
2.446810000	138800
2.446818000	140188
2.446864000	141576
2.446867000	142964
2.446908000	144352
2.446912000	145740
2.446971000	147128
2.446974000	148516
2.447016000	149904
2.447020000	151292
2.447078000	152680
2.447090000	154068
2.447123000	155456
2.447127000	156844
2.447185000	158232
2.447189000	159620
2.447230000	161008
2.447234000	162396
2.447291000	163784
2.447295000	165172
2.447335000	166560
2.447339000	167948
2.447396000	169336
2.447400000	170724
2.447440000	172112
2.447444000	173500
2.447502000	174888
2.447505000	176276
2.447546000	177664
2.447550000	179052
2.447609000	180440
2.447613000	181828
2.447651000	183216
2.447655000	184604
2.447712000	185992
2.447716000	187380
2.447755000	188768
2.447760000	190156
2.447817000	191544
2.447821000	192932
2.447945000	194320
2.447949000	195708
2.447998000	197096
2.448002000	198484
2.448051000	199872
2.448055000	201260
2.448104000	202648
2.448108000	204036
2.448157000	204939
