12.517515000	1388
12.517525000	2776
12.517593000	4164
12.517601000	5552
12.517683000	6940
12.517689000	8328
12.517762000	9716
12.517768000	11104
12.517843000	12492
12.517849000	13880
12.554114000	13880
12.554126000	15268
12.554170000	15268
12.554174000	16656
12.559076000	16656
12.559082000	18044
12.559182000	18044
12.559186000	19432
12.562093000	19432
12.562099000	20820
12.562172000	15268
12.562176000	16656
12.562221000	18044
12.562224000	19432
12.562291000	20820
12.562294000	22208
12.562365000	23596
12.562368000	24984
12.562424000	26372
12.562427000	27760
12.589125000	27760
12.589130000	29148
12.589162000	29148
12.589165000	30536
12.594081000	30536
12.594088000	31924
12.594221000	30536
12.594226000	31924
12.594281000	33312
12.594285000	34700
12.599152000	34700
12.599157000	36088
12.599191000	36088
12.599195000	37476
12.604151000	37476
12.604156000	38864
12.604195000	38864
12.604198000	40252
12.607163000	40252
12.607167000	41640
12.607304000	34700
12.607307000	36088
12.629116000	30536
12.629124000	31924
12.629157000	31924
12.629161000	33312
12.629211000	34700
12.629215000	36088
12.629267000	37476
12.629271000	38864
12.629393000	40252
12.629399000	41640
12.629509000	43028
12.629516000	44416
12.629626000	45804
12.629632000	47192
12.629743000	48580
12.629749000	49968
12.629785000	51356
12.629788000	52744
12.629839000	54132
12.629842000	55520
12.629893000	56908
12.629895000	58296
12.630088000	58296
12.630091000	59684
12.630136000	56908
12.630139000	58296
12.630197000	58296
12.630200000	59684
12.630239000	61072
12.630242000	62460
12.630300000	63848
12.630303000	65236
12.634105000	65236
12.634109000	66624
12.634141000	66624
12.634143000	68012
12.639109000	68012
12.639114000	69400
12.639141000	68012
12.639144000	69400
12.639239000	70788
12.639245000	72176
12.642137000	72176
12.642142000	73564
12.642174000	73564
12.642178000	74952
12.644051000	74952
12.644058000	76340
12.644082000	76340
12.644085000	77728
12.649150000	77728
12.649154000	79116
12.649246000	79116
12.649250000	80504
12.652130000	80504
12.652135000	81892
12.652168000	79116
12.652171000	80504
12.652291000	81892
12.652297000	83280
12.652407000	84668
12.652413000	86056
12.669095000	86056
12.669100000	87444
12.669128000	87444
12.669131000	88832
12.670108000	88832
12.670112000	90220
12.670148000	88832
12.670150000	90220
12.670195000	88832
12.670198000	90220
12.670248000	91608
12.670251000	92996
12.670301000	94384
12.670304000	95772
12.674154000	95772
12.674159000	97160
12.674227000	97160
12.674230000	98548
12.677086000	98548
12.677091000	99936
12.677124000	99936
12.677127000	101324
12.677231000	98548
12.677234000	99936
12.677237000	101324
12.677282000	102712
12.677284000	104100
12.677287000	105488
12.679102000	104100
12.679107000	105488
12.679110000	106876
12.679155000	105488
12.679159000	106876
12.679161000	108264
12.679250000	109652
12.679256000	111040
12.680058000	109652
12.680061000	111040
12.680064000	112428
12.680111000	108264
12.680114000	109652
12.680116000	111040
12.680159000	105488
12.680162000	106876
12.680165000	108264
12.680209000	109652
12.680211000	111040
12.680214000	112428
12.680263000	113816
12.680265000	115204
12.680268000	116592
12.680316000	117980
12.680318000	119368
12.680321000	120756
12.680370000	122144
12.680373000	123532
12.680375000	124920
12.680423000	126308
12.684056000	123532
12.684060000	124920
12.684062000	126308
12.684093000	122144
12.684096000	123532
12.684098000	124920
12.684193000	126308
12.684195000	127696
12.684198000	129084
12.684231000	130472
12.684233000	131860
12.684236000	133248
12.684283000	134636
12.684286000	136024
12.687108000	134636
12.687112000	136024
12.687115000	137412
12.687146000	130472
12.687149000	131860
12.687158000	133248
12.687245000	134636
12.687251000	136024
12.687254000	137412
12.687287000	138800
12.687290000	140188
12.687292000	141576
12.687338000	142964
12.687341000	144352
12.687344000	145740
12.687391000	147128
12.689076000	145740
12.689082000	147128
12.689085000	148516
12.689127000	147128
12.689131000	148516
12.689135000	149904
12.689181000	151292
12.689185000	152680
12.694111000	151292
12.694118000	152680
12.694122000	154068
12.694155000	152680
12.694159000	154068
12.694163000	155456
12.694209000	156844
12.694213000	158232
12.695154000	156844
12.695158000	158232
12.695161000	159620
12.695203000	161008
12.699106000	159620
12.699111000	161008
12.699114000	162396
12.699131000	155456
12.699144000	156844
12.699147000	158232
12.699149000	159620
12.699241000	161008
12.699247000	162396
12.699250000	163784
12.699253000	165172
12.699333000	166560
12.699339000	167948
12.699341000	169336
12.699344000	170724
12.699433000	172112
12.714148000	170724
12.714152000	172112
12.714155000	173500
12.714158000	174888
12.714356000	173500
12.714359000	174888
12.714362000	176276
12.714365000	177664
12.719114000	176276
12.719119000	177664
12.719122000	179052
12.719124000	180440
12.719165000	167948
12.719168000	169336
12.719171000	170724
12.719174000	172112
12.719261000	173500
12.719268000	174888
12.719271000	176276
12.719274000	177664
12.719357000	179052
12.719363000	180440
12.719366000	181828
12.719369000	183216
12.719449000	184604
12.722033000	183216
12.722038000	184604
12.724050000	181828
12.724055000	183216
12.724058000	184604
12.724070000	181828
12.724088000	183216
12.724091000	184604
12.727115000	183216
12.727120000	184604
12.727131000	183216
12.727134000	184604
12.727170000	176276
12.727173000	177664
12.727175000	179052
12.727178000	180440
12.727276000	180440
12.727281000	181828
12.727284000	183216
12.727286000	184604
12.727309000	181828
12.727539000	179052
12.727542000	180440
12.727545000	181828
12.727548000	183216
12.727550000	184604
12.727591000	177664
12.727594000	179052
12.727596000	180440
12.727599000	181828
12.727601000	183216
12.727653000	184604
12.727656000	185992
12.727659000	187380
12.727662000	188768
12.727664000	190156
12.727700000	191544
12.727703000	192932
12.727706000	194320
12.727709000	195708
12.727752000	197096
12.727755000	198484
12.727758000	199872
12.727760000	201260
12.727805000	202648
12.727808000	204036
12.727811000	205424
12.727813000	206812
12.727816000	208200
12.727858000	209588
12.727860000	210976
12.727863000	212364
12.727866000	213752
12.727910000	215140
12.727913000	216528
12.727915000	217916
12.727918000	219304
12.727920000	220692
12.727961000	222080
12.727964000	223468
12.727967000	224856
12.729069000	224856
12.729073000	226244
12.729076000	227632
12.729085000	227632
12.729088000	229020
12.729106000	229020
12.729108000	230408
12.729111000	231796
12.729114000	233184
12.730138000	233184
12.730143000	234572
12.730146000	235960
12.730156000	235960
12.730159000	237348
12.730187000	234572
12.730191000	235960
12.730193000	237348
12.730196000	238736
12.730198000	240124
12.730267000	241512
12.730272000	242900
12.730275000	244288
12.730278000	245676
12.730281000	247064
12.730341000	248452
12.732054000	248452
12.732057000	249840
12.732060000	251228
12.732151000	251228
12.732156000	252616
12.732167000	252616
12.732170000	254004
12.732186000	254004
12.732205000	254004
12.732208000	255392
12.732211000	256780
12.732261000	256780
12.732264000	258168
12.732272000	258168
12.732275000	259556
12.732313000	259556
12.732316000	260944
12.732326000	260944
12.732329000	262332
12.732337000	262332
12.732366000	259556
12.732369000	260944
12.732371000	262332
12.732374000	263720
12.732377000	265108
12.732422000	265108
12.732425000	266496
12.732427000	267884
12.732430000	269272
12.732438000	269272
12.732476000	266496
12.732478000	267884
12.732481000	269272
12.732483000	270660
12.732485000	272048
12.732526000	272048
12.732529000	273436
12.732531000	274824
12.732534000	276212
12.732584000	276212
12.732586000	277600
12.732595000	277600
12.732597000	278988
12.734085000	278988
12.734091000	280376
12.734106000	280376
12.734110000	281764
12.734123000	281764
12.734127000	283152
12.737142000	283152
12.737147000	284540
12.737161000	284540
12.737165000	285928
12.737178000	285928
12.737181000	287316
12.737213000	285928
12.737217000	287316
12.737221000	288704
12.737224000	290092
12.737278000	290092
12.737281000	291480
12.737294000	291480
12.737297000	292868
12.737308000	292868
12.737312000	294256
12.737643000	291480
12.737648000	292868
12.737651000	294256
12.737655000	295644
12.737659000	297032
12.737662000	298420
12.739102000	284540
12.739106000	285928
12.739109000	287316
12.739112000	288704
12.739115000	290092
12.739118000	291480
12.739143000	291480
12.739146000	292868
12.739149000	294256
12.739151000	295644
12.739232000	297032
12.739238000	298420
12.739241000	299808
12.739243000	301196
12.739246000	302584
12.739249000	303972
12.739284000	305360
12.739287000	306748
12.739290000	308136
12.739293000	309524
12.739296000	310912
12.739373000	312300
12.739379000	313688
12.739382000	315076
12.744108000	315076
12.744113000	316464
12.744128000	316464
12.744134000	317852
12.745103000	317852
12.745108000	319240
12.745122000	319240
12.745126000	320628
12.745139000	320628
12.745143000	322016
12.745176000	320628
12.745179000	322016
12.745183000	323404
12.745187000	324792
12.749060000	324792
12.749066000	326180
12.749082000	326180
12.749086000	327568
12.752103000	327568
12.752108000	328956
12.752120000	328956
12.752122000	330344
12.752131000	330344
12.752135000	331732
12.752164000	328956
12.752167000	330344
12.752169000	331732
12.752172000	333120
12.752175000	334508
12.752277000	334508
12.752282000	335896
12.752285000	337284
12.752297000	337284
12.752300000	338672
12.752309000	338672
12.752452000	334508
12.752456000	335896
12.752459000	337284
12.752462000	338672
12.752464000	340060
12.752467000	341448
12.752479000	341448
12.752598000	341448
12.752604000	342836
12.752607000	344224
12.752610000	345612
12.752612000	347000
12.752615000	348388
12.754084000	348388
12.754087000	349776
12.754098000	349776
12.754100000	351164
12.755110000	351164
12.755114000	352552
12.755126000	352552
12.755129000	353940
12.755137000	353940
12.755140000	355328
12.755149000	355328
12.755151000	356716
12.755176000	355328
12.755179000	356716
12.755181000	358104
12.755183000	359492
12.759205000	359492
12.759208000	360880
12.759219000	360880
12.759221000	362268
12.764123000	362268
12.764127000	363656
12.764140000	363656
12.764143000	365044
12.765150000	365044
12.765161000	366432
12.765173000	366432
12.765176000	367820
12.769093000	367820
12.769100000	369208
12.769112000	369208
12.769116000	370596
12.774117000	370596
12.774124000	371984
12.774142000	371984
12.774146000	373372
12.775155000	373372
12.775159000	374760
12.775173000	374760
12.775176000	376148
12.775185000	376148
12.775188000	377536
12.775199000	376148
12.775581000	374760
12.775586000	376148
12.775589000	377536
12.775592000	378924
12.775595000	380312
12.775597000	381700
12.775600000	383088
12.777068000	381700
12.777074000	383088
12.777078000	384476
12.777082000	385864
12.777097000	384476
12.777101000	385864
12.777105000	387252
12.777315000	380312
12.777319000	381700
12.777323000	383088
12.777326000	384476
12.777330000	385864
12.777334000	387252
12.777337000	388640
12.777405000	367820
12.777574000	366432
12.777579000	367820
12.777583000	369208
12.777586000	370596
12.777590000	371984
12.777593000	373372
12.777597000	374760
12.777601000	376148
12.777826000	344224
12.777832000	345612
12.777835000	347000
12.777839000	348388
12.777842000	349776
12.777846000	351164
12.777850000	352552
12.777853000	353940
12.778086000	355328
12.778089000	356716
12.778093000	358104
12.778096000	359492
12.778099000	360880
12.778103000	362268
12.778107000	363656
12.778110000	365044
12.778348000	366432
12.778353000	367820
12.778356000	369208
12.778360000	370596
12.778364000	371984
12.778368000	373372
12.778371000	374760
12.778375000	376148
12.778666000	377536
12.778672000	378924
12.778675000	380312
12.778679000	381700
12.778683000	383088
12.778687000	384476
12.778690000	385864
12.778694000	387252
12.778884000	388640
12.778888000	390028
12.778891000	391416
12.778894000	392804
12.778897000	394192
12.778899000	395580
12.778901000	396968
12.778904000	398356
12.779151000	396968
12.779154000	398356
12.779157000	399744
12.779159000	401132
12.779162000	402520
12.779164000	403908
12.779167000	405296
12.779169000	406684
12.779395000	408072
12.779398000	409460
12.779401000	410848
12.779404000	412236
12.779406000	413624
12.779409000	415012
12.779411000	416400
12.779414000	417788
12.779650000	419176
12.779653000	420564
12.779656000	421952
12.779658000	423340
12.779660000	424728
12.779663000	426116
12.779665000	427504
12.779669000	428892
12.779908000	430280
12.779911000	431668
12.779914000	433056
12.779917000	434444
12.779919000	435832
12.779921000	437220
12.779924000	438608
12.779926000	439996
12.780164000	441384
12.780167000	442772
12.780170000	444160
12.780172000	445548
12.780175000	446936
12.780177000	448324
12.780180000	449712
12.780183000	451100
12.780469000	452488
12.780475000	453876
12.780477000	455264
12.780480000	456652
12.780482000	458040
12.784379000	417788
12.784384000	419176
12.784387000	420564
12.784389000	421952
12.784392000	423340
12.784395000	424728
12.784398000	426116
12.784400000	427504
12.784403000	428892
12.784662000	430280
12.784668000	431668
12.784671000	433056
12.784674000	434444
12.784676000	435832
12.784679000	437220
12.784682000	438608
12.784685000	439996
12.784687000	441384
12.784918000	442772
12.784923000	444160
12.784926000	445548
12.784930000	446936
12.784933000	448324
12.784937000	449712
12.784940000	451100
12.784945000	452488
12.784947000	453876
12.785216000	455264
12.785222000	456652
12.785225000	458040
12.785228000	459428
12.785230000	460816
12.785233000	462204
12.785245000	463592
12.785248000	464980
12.785251000	466368
12.785502000	467756
12.785508000	469144
12.785510000	470532
12.785513000	471920
12.785516000	473308
12.785518000	474696
12.785521000	476084
12.785523000	477472
12.785526000	478860
12.785786000	480248
12.785793000	481636
12.785795000	483024
12.785798000	484412
12.785801000	485800
12.785803000	487188
12.785806000	488576
12.785809000	489964
12.785812000	491352
12.786081000	492740
12.786087000	494128
12.786090000	495516
12.794086000	494128
12.794091000	495516
12.794094000	496904
12.794096000	498292
12.794099000	499680
12.794102000	501068
12.794104000	502456
12.794117000	501068
12.794180000	502456
12.794187000	503844
12.794189000	505232
12.795208000	503844
12.795212000	505232
12.795215000	506620
12.795218000	508008
12.795229000	506620
12.795232000	508008
12.795235000	509396
12.795238000	510784
12.795307000	503844
12.795309000	505232
12.795312000	506620
12.795315000	508008
12.795318000	509396
12.795320000	510784
12.795323000	512172
12.799169000	510784
12.799174000	512172
12.799185000	510784
12.799188000	512172
12.802136000	510784
12.802140000	512172
12.802150000	510784
12.802153000	512172
12.802161000	510784
12.802163000	512172
12.802172000	510784
12.802175000	512172
12.802194000	510784
12.802196000	512172
12.804305000	510784
12.804311000	512172
12.804343000	510784
12.804346000	512172
12.805097000	510784
12.805102000	512172
12.805113000	510784
12.805116000	512172
12.805125000	510299
