14.108371000	1388
14.108381000	2776
14.108448000	4164
14.108457000	5552
14.108537000	6940
14.108542000	8328
14.108627000	9716
14.108633000	11104
14.108717000	12492
14.108723000	13880
14.147960000	13880
14.147967000	15268
14.147997000	15268
14.148000000	16656
14.152921000	16656
14.152928000	18044
14.153031000	18044
14.153037000	19432
14.156063000	19432
14.156068000	20820
14.156104000	19432
14.156107000	20820
14.156200000	22208
14.156206000	23596
14.157948000	23596
14.157952000	24984
14.157984000	24984
14.157987000	26372
14.160951000	26372
14.160955000	27760
14.182944000	27760
14.182950000	29148
14.182990000	29148
14.182995000	30536
14.184990000	30536
14.184995000	31924
14.185111000	27760
14.185115000	29148
14.185143000	30536
14.185146000	31924
14.185196000	33312
14.185199000	34700
14.185254000	36088
14.185259000	37476
14.187932000	37476
14.187936000	38864
14.187980000	38864
14.187983000	40252
14.192959000	40252
14.192964000	41640
14.192996000	41640
14.192999000	43028
14.195960000	43028
14.195965000	44416
14.196078000	41640
14.196082000	43028
14.196131000	44416
14.196134000	45804
14.196271000	47192
14.196277000	48580
14.197906000	48580
14.197912000	49968
14.200983000	49968
14.200988000	51356
14.201016000	48580
14.201022000	49968
14.201092000	51356
14.201095000	52744
14.201169000	54132
14.201172000	55520
14.217965000	55520
14.217969000	56908
14.218033000	56908
14.218037000	58296
14.219962000	58296
14.219967000	59684
14.220093000	55520
14.220097000	56908
14.220174000	58296
14.220178000	59684
14.220270000	61072
14.220277000	62460
14.220361000	63848
14.220367000	65236
14.222896000	65236
14.222901000	66624
14.222942000	66624
14.222945000	68012
14.227941000	68012
14.227946000	69400
14.227978000	69400
14.227981000	70788
14.232923000	70788
14.232928000	72176
14.232956000	72176
14.232959000	73564
14.235978000	73564
14.235983000	74952
14.236104000	69400
14.236107000	70788
14.236194000	68012
14.236197000	69400
14.236302000	65236
14.236306000	66624
14.236345000	62460
14.236348000	63848
14.236355000	63848
14.236442000	63848
14.236448000	65236
14.236451000	66624
14.236531000	68012
14.236537000	69400
14.236540000	70788
14.236619000	72176
14.236626000	73564
14.236628000	74952
14.236661000	76340
14.236664000	77728
14.236666000	79116
14.236715000	80504
14.236718000	81892
14.236720000	83280
14.236768000	84668
14.236771000	86056
14.236774000	87444
14.236821000	88832
14.236823000	90220
14.236826000	91608
14.236874000	92996
14.236877000	94384
14.236879000	95772
14.236928000	97160
14.236930000	98548
14.236933000	99936
14.242896000	99936
14.242899000	101324
14.242908000	101324
14.242982000	102712
14.244910000	101324
14.244915000	102712
14.244918000	104100
14.244950000	99936
14.244953000	101324
14.244955000	102712
14.245076000	104100
14.245083000	105488
14.245086000	106876
14.245135000	108264
14.245144000	109652
14.245147000	111040
14.252909000	109652
14.252914000	111040
14.252916000	112428
14.252947000	111040
14.252950000	112428
14.252953000	113816
14.253023000	115204
14.253027000	116592
14.255008000	115204
14.255013000	116592
14.255016000	117980
14.255060000	116592
14.255064000	117980
14.255067000	119368
14.255155000	120756
14.255161000	122144
14.262961000	120756
14.262966000	122144
14.262968000	123532
14.263012000	122144
14.263015000	123532
14.263018000	124920
14.263100000	126308
14.263106000	127696
14.264962000	120756
14.264966000	122144
14.264969000	123532
14.264991000	116592
14.265154000	115204
14.265158000	116592
14.265161000	117980
14.265164000	119368
14.265211000	120756
14.265214000	122144
14.265216000	123532
14.265219000	124920
14.265282000	126308
14.265285000	127696
14.265288000	129084
14.265290000	130472
14.265332000	131860
14.265335000	133248
14.265337000	134636
14.265340000	136024
14.265385000	137412
14.265388000	138800
14.265391000	140188
14.265394000	141576
14.265439000	142964
14.265441000	144352
14.265444000	145740
14.265446000	147128
14.267880000	147128
14.267884000	148516
14.267893000	148516
14.267896000	149904
14.272995000	149904
14.273000000	151292
14.273010000	151292
14.273013000	152680
14.275966000	152680
14.275973000	154068
14.275986000	154068
14.275990000	155456
14.276017000	154068
14.276021000	155456
14.276025000	156844
14.276029000	158232
14.276073000	156844
14.276077000	158232
14.276081000	159620
14.276084000	161008
14.276125000	161008
14.276129000	162396
14.277950000	162396
14.277954000	163784
14.277964000	163784
14.277967000	165172
14.279965000	165172
14.279969000	166560
14.279979000	166560
14.279982000	167948
14.280004000	166560
14.280006000	167948
14.280009000	169336
14.280109000	169336
14.280113000	170724
14.280116000	172112
14.280970000	172112
14.280975000	173500
14.280984000	173500
14.280987000	174888
14.281010000	172112
14.281012000	173500
14.281015000	174888
14.281018000	176276
14.281086000	174888
14.281089000	176276
14.281092000	177664
14.281094000	179052
14.281161000	177664
14.281164000	179052
14.281166000	180440
14.281169000	181828
14.281209000	179052
14.281212000	180440
14.281215000	181828
14.281218000	183216
14.281272000	180440
14.281274000	181828
14.281277000	183216
14.281280000	184604
14.281320000	183216
14.281323000	184604
14.281326000	185992
14.281328000	187380
14.281420000	188768
14.281423000	190156
14.281425000	191544
14.281428000	192932
14.281489000	194320
14.281492000	195708
14.282896000	195708
14.282899000	197096
14.282908000	197096
14.282910000	198484
14.285982000	198484
14.285986000	199872
14.285996000	199872
14.285999000	201260
14.286023000	198484
14.286026000	199872
14.286029000	201260
14.286031000	202648
14.286126000	202648
14.286131000	204036
14.286134000	205424
14.286136000	206812
14.286146000	206812
14.286272000	201260
14.286277000	202648
14.286280000	204036
14.286283000	205424
14.286289000	206812
14.286326000	201260
14.286329000	202648
14.286332000	204036
14.286335000	205424
14.286337000	206812
14.286428000	206812
14.286432000	208200
14.286435000	209588
14.286437000	210976
14.286440000	212364
14.286458000	206812
14.286479000	199872
14.286482000	201260
14.286484000	202648
14.286487000	204036
14.286489000	205424
14.286577000	206812
14.286583000	208200
14.286586000	209588
14.286588000	210976
14.286591000	212364
14.286594000	213752
14.286616000	215140
14.286618000	216528
14.286621000	217916
14.286623000	219304
14.286668000	220692
14.286671000	222080
14.286674000	223468
14.286676000	224856
14.286720000	226244
14.286723000	227632
14.286725000	229020
14.286728000	230408
14.286772000	231796
14.286775000	233184
14.286777000	234572
14.286780000	235960
14.286782000	237348
14.286824000	238736
14.287924000	237348
14.287929000	238736
14.287931000	240124
14.287934000	241512
14.287944000	240124
14.287947000	241512
14.288204000	242900
14.288209000	244288
14.297956000	242900
14.297960000	244288
14.297963000	245676
14.297966000	247064
14.299941000	245676
14.299946000	247064
14.299949000	248452
14.299952000	249840
14.299962000	248452
14.299964000	249840
14.299972000	248452
14.299989000	247064
14.299992000	248452
14.299995000	249840
14.299997000	251228
14.300044000	249840
14.300046000	251228
14.300049000	252616
14.300052000	254004
14.300054000	255392
14.300093000	255392
14.300095000	256780
14.300098000	258168
14.300101000	259556
14.300145000	260944
14.300148000	262332
14.302946000	262332
14.302951000	263720
14.302960000	263720
14.302964000	265108
14.305969000	265108
14.305974000	266496
14.305983000	266496
14.305987000	267884
14.305993000	267884
14.305996000	269272
14.306003000	269272
14.306024000	267884
14.306027000	269272
14.306029000	270660
14.306032000	272048
14.306133000	272048
14.306137000	273436
14.306140000	274824
14.307993000	274824
14.307998000	276212
14.308007000	276212
14.308010000	277600
14.309945000	277600
14.309950000	278988
14.309960000	278988
14.309962000	280376
14.309969000	280376
14.309972000	281764
14.309994000	280376
14.309997000	281764
14.309999000	283152
14.310002000	284540
14.310973000	284540
14.310978000	285928
14.310988000	285928
14.310991000	287316
14.310998000	287316
14.311000000	288704
14.311018000	288704
14.311021000	290092
14.311073000	290092
14.311076000	291480
14.311125000	291480
14.311128000	292868
14.311135000	292868
14.311138000	294256
14.311144000	294256
14.311147000	295644
14.311174000	294256
14.311176000	295644
14.311179000	297032
14.311182000	298420
14.311230000	298420
14.311233000	299808
14.311280000	299808
14.311283000	301196
14.312883000	301196
14.312887000	302584
14.312895000	302584
14.312898000	303972
14.315982000	303972
14.315987000	305360
14.315996000	305360
14.315999000	306748
14.316006000	306748
14.316009000	308136
14.316015000	308136
14.316029000	309524
14.316245000	309524
14.316250000	310912
14.316259000	310912
14.316262000	312300
14.316269000	312300
14.316271000	313688
14.316279000	313688
14.316571000	302584
14.316574000	303972
14.316577000	305360
14.316580000	306748
14.316582000	308136
14.316585000	309524
14.316588000	310912
14.316870000	310912
14.316874000	312300
14.316876000	313688
14.316879000	315076
14.316882000	316464
14.316885000	317852
14.316887000	319240
14.316982000	320628
14.316985000	322016
14.316987000	323404
14.316990000	324792
14.316993000	326180
14.316996000	327568
14.316999000	328956
14.317984000	328956
14.317989000	330344
14.317998000	330344
14.318001000	331732
14.320106000	331732
14.320110000	333120
14.320120000	333120
14.320123000	334508
14.320129000	334508
14.320140000	335896
14.320149000	334508
14.320152000	335896
14.320200000	334508
14.320204000	335896
14.320206000	337284
14.320209000	338672
14.320212000	340060
14.320215000	341448
14.320991000	340060
14.320996000	341448
14.320999000	342836
14.321002000	344224
14.323097000	342836
14.323104000	344224
14.323108000	345612
14.323111000	347000
14.323125000	345612
14.323128000	347000
14.323132000	348388
14.323136000	349776
14.325979000	348388
14.325983000	349776
14.325986000	351164
14.325989000	352552
14.325999000	351164
14.326002000	352552
14.326005000	353940
14.326007000	355328
14.326268000	345612
14.326273000	347000
14.326276000	348388
14.326278000	349776
14.326281000	351164
14.326284000	352552
14.326286000	353940
14.326289000	355328
14.326548000	331732
14.326554000	333120
14.326557000	334508
14.326560000	335896
14.326562000	337284
14.326565000	338672
14.326568000	340060
14.326570000	341448
14.326837000	342836
14.326843000	344224
14.326846000	345612
14.326849000	347000
14.326851000	348388
14.326854000	349776
14.326856000	351164
14.326859000	352552
14.327104000	353940
14.327112000	355328
14.327115000	356716
14.327119000	358104
14.327122000	359492
14.327125000	360880
14.327128000	362268
14.327131000	363656
14.327352000	365044
14.327356000	366432
14.327358000	367820
14.327361000	369208
14.327364000	370596
14.327366000	371984
14.327368000	373372
14.327371000	374760
14.327653000	376148
14.327659000	377536
14.327662000	378924
14.327664000	380312
14.327667000	381700
14.327669000	383088
14.327672000	384476
14.327674000	385864
14.327937000	384476
14.327940000	385864
14.327943000	387252
14.327945000	388640
14.327948000	390028
14.327951000	391416
14.327953000	392804
14.327956000	394192
14.328208000	392804
14.328210000	394192
14.328213000	395580
14.328216000	396968
14.329949000	395580
14.329954000	396968
14.329957000	398356
14.329960000	399744
14.329972000	398356
14.329975000	399744
14.329977000	401132
14.329980000	402520
14.330060000	392804
14.330063000	394192
14.330065000	395580
14.330068000	396968
14.330071000	398356
14.330073000	399744
14.330076000	401132
14.330079000	402520
14.330169000	403908
14.330172000	405296
14.330175000	406684
14.330177000	408072
14.330180000	409460
14.330420000	410848
14.330426000	412236
14.330429000	413624
14.333153000	412236
14.333158000	413624
14.333161000	415012
14.333163000	416400
14.333173000	415012
14.333175000	416400
14.333178000	417788
14.333181000	419176
14.335939000	417788
14.335944000	419176
14.335947000	420564
14.335950000	421952
14.335960000	420564
14.335963000	421952
14.335966000	423340
14.335969000	424728
14.336221000	415012
14.336226000	416400
14.336229000	417788
14.336231000	419176
14.336234000	420564
14.336237000	421952
14.336239000	423340
14.336242000	424728
14.336497000	403908
14.336503000	405296
14.336506000	406684
14.336509000	408072
14.336511000	409460
14.336514000	410848
14.336516000	412236
14.336519000	413624
14.336781000	415012
14.336788000	416400
14.336790000	417788
14.336793000	419176
14.336795000	420564
14.336798000	421952
14.336800000	423340
14.336803000	424728
14.337073000	426116
14.337078000	427504
14.337081000	428892
14.337084000	430280
14.337086000	431668
14.337089000	433056
14.337092000	434444
14.337095000	435832
14.337337000	437220
14.337340000	438608
14.337343000	439996
14.337346000	441384
14.337355000	442772
14.337358000	444160
14.337361000	445548
14.337364000	446936
14.337637000	448324
14.337641000	449712
14.337645000	451100
14.337648000	452488
14.337651000	453876
14.337653000	455264
14.337656000	456652
14.337659000	458040
14.338166000	456652
14.338170000	458040
14.338173000	459428
14.338176000	460816
14.338185000	459428
14.338188000	460816
14.338193000	462204
14.338197000	463592
14.340023000	462204
14.340027000	463592
14.340029000	464980
14.340032000	466368
14.340040000	464980
14.340043000	466368
14.340045000	467756
14.340048000	469144
14.340305000	467756
14.340308000	469144
14.340310000	470532
14.340313000	471920
14.342996000	470532
14.343000000	471920
14.343003000	473308
14.343005000	474696
14.343015000	473308
14.343018000	474696
14.343021000	476084
14.343024000	477472
14.343134000	476084
14.343140000	477472
14.343142000	478860
14.343145000	480248
14.347940000	478860
14.347945000	480248
14.347948000	481636
14.347951000	483024
14.349993000	481636
14.349999000	483024
14.350003000	484412
14.350007000	485800
14.350021000	484412
14.350024000	485800
14.350027000	487188
14.350031000	488576
14.350072000	478860
14.350076000	480248
14.350080000	481636
14.350084000	483024
14.350087000	484412
14.350091000	485800
14.350094000	487188
14.350126000	488576
14.350129000	489964
14.350132000	491352
14.350135000	492740
14.350423000	494128
14.350429000	495516
14.350431000	496904
14.350434000	498292
14.350437000	499680
14.350959000	498292
14.350963000	499680
14.350966000	501068
14.350975000	499680
14.350978000	501068
14.350986000	499680
14.352918000	496904
14.352922000	498292
14.352925000	499680
14.352928000	501068
14.352937000	499680
14.352940000	501068
14.355961000	499680
14.355966000	501068
14.356210000	499680
14.356215000	501068
14.356222000	501068
14.356225000	502456
14.356228000	503844
14.356234000	503844
14.356237000	505232
14.356239000	506620
14.356246000	506620
14.356464000	492740
14.356468000	494128
14.356471000	495516
14.356473000	496904
14.356476000	498292
14.356479000	499680
14.356482000	501068
14.356485000	502456
14.356487000	503844
14.356503000	499680
14.356575000	495516
14.356578000	496904
14.356581000	498292
14.356583000	499680
14.356586000	501068
14.356589000	502456
14.356591000	503844
14.356594000	505232
14.356597000	506620
14.356599000	508008
14.356830000	503844
14.356833000	505232
14.356836000	506135
