50.320398000	1408
50.320409000	2816
50.320486000	4224
50.320494000	5632
50.320607000	7040
50.320612000	8448
50.320640000	9856
50.320644000	11264
50.320693000	12672
50.320696000	14080
50.379830000	14080
50.379836000	15488
50.379938000	12672
50.384764000	11264
50.384768000	12672
50.389581000	12672
50.389585000	14080
50.394422000	15488
50.394427000	16896
50.399206000	15488
50.399208000	16896
50.404054000	18304
50.404059000	19712
50.408871000	19712
50.408875000	21120
50.413685000	22528
50.413689000	23936
50.418501000	25344
50.418505000	26752
50.423282000	28160
50.472549000	29568
50.472553000	30976
50.472594000	32384
50.475013000	33792
50.479702000	30976
50.482153000	23936
50.482157000	25344
50.486938000	26752
50.486943000	28160
50.491780000	28160
50.491784000	29568
50.496633000	30976
50.496637000	32384
50.501385000	33792
50.501390000	35200
50.506226000	30976
50.506231000	32384
50.511040000	33792
50.511045000	35200
50.515826000	35200
50.515830000	36608
50.520645000	38016
50.520649000	39424
50.527558000	39424
50.527566000	39424
50.530306000	38016
50.530311000	39424
50.534908000	40832
50.534912000	42240
50.540589000	42240
50.584580000	42240
50.584586000	43648
50.584738000	40832
50.586606000	42240
50.586610000	43648
50.590264000	45056
50.590269000	46464
50.593954000	46464
50.593958000	47872
50.597562000	49280
50.599658000	49280
50.601525000	46464
50.601530000	47872
50.605216000	49280
50.605220000	50688
50.608820000	52096
50.608825000	53504
50.614592000	53504
50.614601000	53504
50.637678000	53504
50.637687000	53504
50.639521000	49280
50.639522000	50688
50.643186000	52096
50.643191000	53504
50.646846000	53504
50.661626000	53504
50.663459000	46464
50.663461000	47872
50.666934000	49280
50.666939000	50688
50.670405000	49280
50.670410000	50688
50.673817000	52096
50.673822000	53504
50.677228000	50688
50.677232000	52096
50.680489000	53504
50.680493000	54912
50.680535000	56320
50.683747000	57728
50.723641000	57728
50.725339000	59136
50.731699000	59136
50.733364000	59136
50.738664000	59136
50.746581000	59136
50.753686000	59136
50.755325000	47872
50.755329000	49280
50.758460000	50688
50.758464000	52096
50.761506000	53504
50.761511000	54912
50.764581000	56320
50.764585000	57728
50.767630000	59136
50.767634000	60544
50.770734000	61952
50.772648000	61952
50.774230000	61952
50.779619000	61952
50.781201000	61952
50.792644000	61952
50.794148000	61952
50.794153000	63360
50.797079000	64768
50.799677000	64768
50.801168000	61952
50.801174000	63360
50.804108000	64768
50.814515000	64768
50.816018000	63360
50.816023000	64768
50.829660000	63360
50.829664000	64768
50.829687000	60544
50.831155000	61952
50.831160000	63360
50.834066000	64768
50.844671000	63360
50.846183000	64768
50.859616000	63360
50.861075000	61952
50.861079000	63360
50.863965000	64768
50.899636000	63360
50.901151000	38016
50.901156000	39424
50.903783000	40832
50.903788000	42240
50.906418000	43648
50.906422000	45056
50.909075000	46464
50.909077000	47872
50.911748000	49280
50.911753000	50688
50.914437000	52096
50.914442000	53504
50.917105000	54912
50.917109000	56320
50.919762000	57728
50.919766000	59136
50.922392000	60544
50.922394000	61952
50.925090000	63360
50.925095000	64768
50.927724000	66176
50.927729000	67584
50.930415000	68992
50.930419000	70400
50.933048000	54912
50.933051000	56320
50.935490000	57728
50.935495000	59136
50.935568000	60544
50.937896000	61952
50.937900000	63360
50.940343000	50688
50.940347000	52096
50.942739000	53504
50.942744000	54912
50.945155000	56320
50.945158000	57728
50.947607000	56320
50.947612000	57728
50.949994000	59136
50.949996000	60544
50.952420000	61952
50.952423000	63360
50.954871000	64768
50.954876000	66176
50.957261000	67584
50.957264000	68992
50.959693000	70400
50.959698000	71808
50.962135000	61952
50.962139000	63360
50.964562000	64768
50.964567000	66176
50.967009000	67584
50.967013000	68992
50.969364000	70400
50.969366000	71808
50.971789000	73216
50.971792000	74624
50.974246000	76032
50.976613000	74624
50.977827000	64768
50.977828000	66176
50.980282000	64768
50.980287000	66176
50.980328000	67584
50.982665000	68992
50.982670000	70400
50.985065000	71808
50.985069000	73216
50.987468000	71808
50.987473000	73216
50.989832000	74624
50.989837000	76032
50.992166000	77440
50.992169000	78848
51.001655000	77440
51.001661000	78848
51.002807000	71808
51.002809000	73216
51.004846000	74624
51.004851000	76032
51.006868000	77440
51.006873000	78848
51.008922000	80256
51.008927000	81664
51.010973000	83072
51.010978000	84480
51.016692000	83072
51.016696000	84480
51.017689000	68992
51.017693000	70400
51.019113000	71808
51.019115000	73216
51.020543000	74624
51.020547000	76032
51.022021000	77440
51.022025000	78848
51.023390000	80256
51.023395000	81664
51.024837000	83072
51.024842000	84480
51.026238000	85888
51.026243000	87296
51.026292000	88704
51.027655000	87296
51.027658000	88704
51.029070000	90112
51.029073000	91520
51.030472000	92928
51.030474000	94336
51.031896000	95744
51.031902000	97152
51.033298000	98560
51.033300000	99968
51.034716000	84480
51.034719000	85888
51.035758000	87296
51.035761000	88704
51.036811000	90112
51.036815000	91520
51.037856000	92928
51.037859000	94336
51.038903000	95744
51.038906000	97152
51.039954000	98560
51.039956000	99968
51.040998000	101376
51.040999000	102784
51.042051000	104192
51.042054000	105600
51.043108000	107008
51.043112000	108416
51.044211000	109824
51.044216000	111232
51.045201000	112640
51.045205000	114048
51.046282000	115456
51.046287000	116864
51.047298000	118272
51.047303000	119680
51.047376000	121088
51.048353000	122496
51.048358000	123904
51.050645000	122496
51.050651000	123904
51.051185000	125312
51.051189000	126720
51.057591000	125312
51.057594000	126720
51.058157000	116864
51.058162000	118272
51.059181000	119680
51.059186000	121088
51.060227000	122496
51.060230000	123904
51.061277000	125312
51.061280000	126720
51.062327000	128128
51.062331000	129536
51.063372000	130944
51.063376000	132352
51.064450000	133760
51.064455000	135168
51.065474000	125312
51.065478000	126720
51.066529000	128128
51.066533000	129536
51.067490000	130944
51.067495000	132352
51.068477000	133760
51.068483000	135168
51.069497000	136576
51.069500000	137984
51.070505000	139392
51.070509000	140800
51.071493000	142208
51.071498000	143616
51.071579000	145024
51.072500000	146432
51.072504000	147840
51.073498000	149248
51.073503000	150656
51.074499000	152064
51.079588000	150656
51.080110000	146432
51.080113000	147840
51.081098000	149248
51.081102000	150656
51.082093000	152064
51.082097000	153472
51.083116000	154880
51.083118000	156288
51.084092000	157696
51.084096000	159104
51.085091000	160512
51.092595000	159104
51.093107000	160512
51.093111000	161920
51.094102000	163328
51.099662000	161920
51.100171000	152064
51.100206000	153472
51.101171000	154880
51.101177000	156288
51.102162000	157696
51.102166000	159104
51.103151000	160512
51.103156000	161920
51.104145000	163328
51.104148000	164736
51.105133000	166144
51.105135000	167552
51.106130000	168960
51.106133000	170368
51.107121000	171776
51.107123000	173184
51.107154000	174592
51.112568000	173184
51.112574000	174592
51.113097000	170368
51.113101000	171776
51.114082000	173184
51.114088000	174592
51.120623000	173184
51.120629000	174592
51.152679000	142208
51.152682000	143616
51.153234000	145024
51.153240000	146432
51.154216000	147840
51.154220000	149248
51.155177000	150656
51.155181000	152064
51.156204000	153472
51.156209000	154880
51.157170000	156288
51.157176000	157696
51.158162000	159104
51.158166000	160512
51.159152000	161920
51.159156000	163328
51.160149000	143616
51.160152000	145024
51.161141000	146432
51.161144000	147840
51.162135000	149248
51.162139000	150656
51.163130000	152064
51.163136000	153472
51.164138000	154880
51.164142000	156288
51.165118000	157696
51.165123000	159104
51.165163000	160512
51.166105000	161920
51.166107000	163328
51.167105000	164736
51.167109000	166144
51.168125000	167552
51.168130000	168960
51.169092000	170368
51.169096000	171776
51.170101000	173184
51.170105000	174592
51.212545000	132352
51.212549000	133760
51.212571000	126720
51.213099000	125312
51.213103000	126720
51.214099000	128128
51.214103000	129536
51.215113000	130944
51.215119000	132352
51.216086000	133760
51.216091000	135168
51.217056000	136576
51.217061000	137984
51.218077000	139392
51.218082000	140800
51.219118000	142208
51.219124000	143616
51.220034000	145024
51.220037000	146432
51.221045000	147840
51.221049000	149248
51.222053000	150656
51.222058000	152064
51.223024000	153472
51.223030000	154880
51.224014000	156288
51.224018000	157696
51.225022000	159104
51.225026000	160512
51.226025000	161920
51.226030000	163328
51.227019000	164736
51.227023000	166144
51.228064000	146432
51.228067000	147840
51.228955000	149248
51.228959000	150656
51.229924000	152064
51.229928000	153472
51.230041000	154880
51.230837000	156288
51.230841000	157696
51.231793000	159104
51.231798000	160512
51.232683000	161920
51.232685000	163328
51.233634000	164736
51.233639000	166144
51.234580000	167552
51.234582000	168960
51.235511000	167552
51.235514000	168960
51.236410000	170368
51.236413000	171776
51.237317000	173184
51.237321000	174592
51.238217000	176000
51.238220000	177408
51.239140000	178816
51.239144000	180224
51.240052000	181632
51.240056000	183040
51.240986000	184448
51.240990000	185856
51.241836000	187264
51.241841000	188672
51.242728000	164736
51.242730000	166144
51.243578000	167552
51.243581000	168960
51.244427000	170368
51.244430000	171776
51.245274000	173184
51.245277000	174592
51.246122000	176000
51.246124000	177408
51.246160000	178816
51.246967000	180224
51.246968000	181632
51.247850000	183040
51.247855000	184448
51.248704000	185856
51.248708000	187264
51.249514000	188672
51.249516000	190080
51.250394000	191488
51.250398000	192896
51.251212000	194304
51.251216000	195712
51.252549000	194304
51.252552000	195712
51.252983000	197120
51.252986000	198528
51.290705000	187264
51.290709000	188672
51.291141000	181632
51.291144000	183040
51.292020000	184448
51.292025000	185856
51.292868000	187264
51.292872000	188672
51.293689000	190080
51.293694000	191488
51.294565000	192896
51.294570000	194304
51.295431000	195712
51.312577000	180224
51.313039000	176000
51.313043000	177408
51.313887000	178816
51.313891000	180224
51.314735000	181632
51.314739000	183040
51.315554000	184448
51.315559000	185856
51.315602000	187264
51.316431000	188672
51.316435000	190080
51.317311000	191488
51.317315000	192896
51.318130000	194304
51.318135000	195712
51.318975000	197120
51.318980000	198528
51.319795000	185856
51.319799000	187264
51.320639000	178816
51.320641000	180224
51.321488000	181632
51.321490000	183040
51.322333000	184448
51.322334000	185856
51.323187000	187264
51.323191000	188672
51.324063000	190080
51.324068000	191488
51.324922000	192896
51.324926000	194304
51.325766000	195712
51.325770000	197120
51.326581000	198528
51.326587000	199936
51.327443000	201344
51.327448000	202752
51.328334000	204160
51.328338000	205568
51.329162000	206976
51.329167000	208384
51.330002000	209792
51.330006000	211200
51.330826000	212608
51.330831000	214016
51.330877000	215424
51.331669000	216832
51.331672000	218240
51.332518000	219648
51.332522000	221056
51.335582000	221056
51.335590000	221056
51.336019000	215424
51.336021000	216832
51.336867000	212608
51.336869000	214016
51.337748000	215424
51.337752000	216832
51.338598000	218240
51.338602000	219648
51.339462000	221056
51.359609000	221056
51.360044000	209792
51.360048000	211200
51.360890000	205568
51.360894000	206976
51.361738000	206976
51.361741000	208384
51.362618000	209792
51.362623000	211200
51.363451000	211200
51.363455000	212608
51.364313000	212608
51.364317000	214016
51.365133000	215424
51.365137000	216832
51.365977000	218240
51.365981000	219648
51.366824000	204160
51.366827000	205568
51.367671000	201344
51.367672000	202752
51.368522000	204160
51.368526000	205568
51.368562000	206976
51.369367000	208384
51.369377000	209792
51.370218000	211200
51.370221000	212608
51.371099000	214016
51.371104000	215424
51.371915000	216832
51.371918000	218240
51.372822000	219648
51.372826000	221056
51.392705000	221056
51.392718000	221056
51.393166000	221056
51.399569000	221056
51.399998000	204160
51.400001000	205568
51.400848000	195712
51.400851000	197120
51.401691000	188672
51.401693000	190080
51.402538000	191488
51.402539000	192896
51.403389000	194304
51.403391000	195712
51.404271000	197120
51.404275000	198528
51.405088000	199936
51.405091000	201344
51.405996000	202752
51.406000000	204160
51.406799000	205568
51.406802000	206976
51.407663000	208384
51.407667000	209792
51.408510000	211200
51.408515000	212608
51.408589000	214016
51.409337000	215424
51.409342000	216832
51.410212000	215424
51.410216000	216832
51.411066000	218240
51.411072000	219648
51.411903000	221056
51.416561000	218240
51.417053000	214016
51.417057000	215424
51.417872000	216832
51.417877000	218240
51.418723000	219648
51.418727000	221056
51.432573000	219648
51.432581000	221056
51.433014000	219648
51.433017000	221056
51.439651000	219648
51.439655000	221056
51.440088000	219648
51.440091000	221056
51.440935000	208384
51.440939000	209792
51.441725000	211200
51.441729000	212608
51.442512000	214016
51.442515000	215424
51.443294000	216832
51.443299000	218240
51.444078000	219648
51.444082000	221056
51.448638000	219648
51.448644000	221056
51.470589000	219648
51.470595000	221056
51.470635000	218240
51.471031000	211200
51.471033000	212608
51.471823000	208384
51.471827000	209792
51.472667000	211200
51.472671000	212608
51.473430000	214016
51.473435000	215424
51.474175000	216832
51.474177000	218240
51.474996000	219648
51.475000000	221056
51.479568000	221056
51.486628000	221056
51.487023000	209792
51.487025000	211200
51.487812000	204160
51.487816000	205568
51.488601000	206976
51.488604000	208384
51.489416000	209792
51.489420000	211200
51.490201000	212608
51.490205000	214016
51.490993000	215424
51.490997000	216832
51.491746000	218240
51.491751000	219648
51.492559000	221056
51.496552000	221056
51.496970000	219648
51.496977000	221056
51.503658000	221056
51.503668000	221056
51.504085000	218240
51.504087000	219648
51.504914000	221056
51.511617000	221056
51.518716000	221056
51.519115000	208384
51.519146000	209792
51.519904000	198528
51.519908000	199936
51.520686000	201344
51.520688000	202752
51.521494000	204160
51.521497000	205568
51.522291000	206976
51.522296000	208384
51.523089000	209792
51.523094000	211200
51.523845000	212608
51.523848000	214016
51.524621000	215424
51.524626000	216832
51.525435000	218240
51.525439000	219648
51.526249000	221056
51.532626000	221056
51.533057000	221056
51.539624000	221056
51.540027000	209792
51.540031000	211200
51.540809000	205568
51.540812000	206976
51.541601000	206976
51.541604000	208267
