9.240399000	1388
9.240413000	2776
9.240466000	4164
9.240471000	5552
9.240566000	6940
9.240572000	8328
9.240653000	9716
9.240659000	11104
9.240741000	12492
9.240747000	13880
9.274935000	13880
9.274941000	15268
9.274969000	15268
9.274972000	16656
9.279887000	16656
9.279895000	18044
9.279998000	18044
9.280002000	19432
9.282926000	19432
9.282930000	20820
9.282993000	15268
9.282996000	16656
9.283039000	18044
9.283042000	19432
9.283102000	20820
9.283105000	22208
9.283202000	23596
9.283207000	24984
9.283289000	26372
9.283294000	27760
9.309904000	27760
9.309909000	29148
9.309945000	29148
9.309948000	30536
9.313922000	30536
9.313927000	31924
9.314051000	27760
9.314054000	29148
9.314098000	30536
9.314101000	31924
9.314191000	33312
9.314197000	34700
9.314272000	36088
9.314278000	37476
9.314965000	37476
9.314970000	38864
9.314999000	38864
9.315002000	40252
9.319861000	40252
9.319864000	41640
9.319945000	41640
9.319951000	43028
9.324910000	43028
9.324915000	44416
9.325073000	44416
9.325077000	45804
9.327949000	45804
9.327954000	47192
9.327998000	41640
9.328001000	43028
9.328136000	43028
9.328141000	44416
9.328211000	45804
9.328215000	47192
9.328323000	48580
9.328328000	49968
9.328413000	51356
9.328416000	52744
9.328504000	54132
9.328507000	55520
9.344912000	55520
9.344917000	56908
9.348937000	56908
9.348942000	58296
9.349088000	52744
9.349092000	54132
9.349141000	55520
9.349144000	56908
9.349240000	58296
9.349245000	59684
9.349305000	61072
9.349308000	62460
9.349380000	63848
9.349383000	65236
9.349883000	65236
9.349886000	66624
9.349915000	66624
9.349918000	68012
9.354921000	68012
9.354928000	69400
9.354960000	69400
9.354964000	70788
9.357867000	70788
9.357873000	72176
9.357901000	72176
9.357905000	73564
9.357964000	73564
9.357968000	74952
9.358013000	73564
9.358017000	74952
9.358065000	76340
9.358069000	77728
9.358878000	77728
9.358883000	79116
9.359057000	74952
9.359060000	76340
9.359127000	77728
9.359130000	79116
9.359183000	80504
9.359186000	81892
9.359234000	83280
9.359237000	84668
9.359866000	84668
9.359869000	86056
9.359932000	86056
9.359935000	87444
9.364906000	87444
9.364912000	88832
9.364950000	87444
9.364954000	88832
9.365006000	90220
9.365011000	91608
9.369902000	91608
9.369907000	92996
9.369935000	91608
9.369938000	92996
9.369993000	94384
9.369998000	95772
9.372924000	95772
9.372930000	97160
9.372941000	97160
9.372974000	95772
9.372978000	97160
9.372981000	98548
9.373016000	99936
9.373019000	101324
9.374023000	101324
9.374028000	102712
9.393993000	54132
9.393998000	55520
9.394002000	56908
9.394022000	52744
9.394277000	54132
9.394281000	55520
9.394284000	56908
9.394287000	58296
9.394333000	59684
9.394337000	61072
9.394340000	62460
9.394342000	63848
9.394452000	65236
9.394458000	66624
9.394461000	68012
9.394464000	69400
9.394576000	70788
9.394582000	72176
9.394585000	73564
9.394588000	74952
9.394702000	76340
9.394708000	77728
9.394711000	79116
9.394714000	80504
9.394826000	81892
9.394831000	83280
9.394834000	84668
9.394838000	86056
9.394970000	77728
9.394975000	79116
9.394978000	80504
9.394982000	81892
9.395021000	83280
9.395024000	84668
9.395026000	86056
9.395035000	87444
9.395073000	88832
9.395076000	90220
9.395079000	91608
9.395081000	92996
9.395126000	94384
9.395129000	95772
9.395131000	97160
9.395134000	98548
9.395178000	99936
9.395180000	101324
9.395183000	102712
9.395185000	104100
9.395230000	105488
9.395232000	106876
9.395235000	108264
9.395237000	109652
9.395282000	111040
9.395285000	112428
9.395287000	113816
9.395290000	115204
9.395335000	116592
9.395337000	117980
9.395340000	119368
9.395342000	120756
9.395387000	122144
9.395389000	123532
9.395392000	124920
9.395395000	126308
9.395439000	127696
9.395441000	129084
9.395444000	130472
9.395446000	131860
9.395491000	133248
9.395494000	134636
9.395496000	136024
9.395499000	137412
9.395543000	138800
9.395546000	140188
9.395548000	141576
9.395551000	142964
9.395595000	144352
9.395598000	145740
9.395601000	147128
9.395603000	148516
9.395648000	149904
9.395650000	151292
9.395653000	152680
9.395656000	154068
9.395700000	155456
9.399971000	152680
9.399976000	154068
9.399979000	155456
9.399982000	156844
9.400017000	155456
9.400021000	156844
9.400023000	158232
9.400026000	159620
9.400115000	161008
9.403931000	154068
9.403936000	155456
9.403939000	156844
9.403942000	158232
9.403964000	152680
9.403986000	154068
9.403990000	155456
9.403992000	156844
9.403995000	158232
9.403998000	159620
9.404029000	161008
9.404032000	162396
9.404034000	163784
9.404037000	165172
9.409879000	161008
9.409886000	162396
9.409890000	163784
9.409893000	165172
9.409897000	166560
9.410155000	162396
9.410164000	163784
9.410171000	165172
9.410175000	166560
9.410180000	167948
9.414898000	165172
9.414903000	166560
9.414906000	167948
9.414909000	169336
9.414911000	170724
9.429903000	169336
9.429908000	170724
9.429911000	172112
9.429914000	173500
9.429917000	174888
9.429942000	174888
9.429945000	176276
9.429948000	177664
9.429951000	179052
9.430040000	180440
9.430045000	181828
9.430049000	183216
9.430051000	184604
9.430054000	185992
9.430137000	187380
9.430142000	188768
9.430145000	190156
9.432889000	190156
9.432894000	191544
9.432897000	192932
9.432910000	192932
9.432913000	194320
9.432939000	192932
9.432942000	194320
9.432945000	195708
9.432948000	197096
9.432951000	198484
9.432994000	198484
9.432997000	199872
9.433000000	201260
9.433003000	202648
9.433041000	204036
9.439882000	204036
9.439887000	205424
9.439890000	206812
9.439902000	206812
9.439905000	208200
9.439919000	209588
9.442874000	209588
9.442881000	210976
9.442885000	212364
9.442889000	213752
9.442903000	213752
9.442934000	212364
9.442938000	213752
9.442941000	215140
9.442946000	216528
9.442950000	217916
9.442985000	219304
9.442989000	220692
9.442992000	222080
9.443051000	222080
9.443055000	223468
9.443059000	224856
9.444901000	224856
9.444906000	226244
9.444909000	227632
9.444923000	227632
9.444926000	229020
9.447923000	229020
9.447929000	230408
9.447946000	230408
9.447950000	231796
9.447963000	231796
9.447994000	230408
9.447998000	231796
9.448001000	233184
9.448005000	234572
9.448009000	235960
9.448056000	234572
9.448061000	235960
9.448064000	237348
9.448069000	238736
9.448081000	238736
9.448177000	235960
9.448181000	237348
9.448185000	238736
9.448188000	240124
9.448196000	241512
9.448240000	235960
9.448243000	237348
9.448246000	238736
9.448249000	240124
9.448252000	241512
9.448285000	240124
9.448288000	241512
9.448290000	242900
9.448293000	244288
9.448339000	244288
9.448342000	245676
9.448345000	247064
9.448348000	248452
9.448394000	247064
9.448397000	248452
9.448400000	249840
9.448402000	251228
9.448405000	252616
9.448439000	249840
9.448442000	251228
9.448445000	252616
9.448447000	254004
9.448635000	255392
9.448642000	256780
9.448645000	258168
9.448648000	259556
9.448651000	260944
9.448684000	262332
9.449862000	262332
9.449868000	263720
9.449880000	263720
9.449883000	265108
9.449891000	265108
9.449906000	266496
9.452931000	266496
9.452936000	267884
9.452962000	267884
9.452965000	269272
9.452974000	269272
9.452977000	270660
9.453014000	270660
9.453017000	272048
9.453025000	272048
9.453028000	273436
9.453037000	273436
9.453062000	273436
9.453065000	274824
9.453068000	276212
9.453119000	276212
9.453123000	277600
9.453172000	277600
9.453175000	278988
9.453183000	278988
9.453186000	280376
9.453194000	280376
9.453219000	278988
9.453222000	280376
9.453225000	281764
9.453228000	283152
9.453231000	284540
9.453279000	284540
9.453282000	285928
9.453291000	285928
9.453294000	287316
9.453328000	285928
9.453331000	287316
9.453334000	288704
9.453337000	290092
9.453376000	285928
9.453379000	287316
9.453382000	288704
9.453385000	290092
9.453388000	291480
9.453437000	291480
9.453442000	292868
9.453445000	294256
9.453448000	295644
9.453481000	297032
9.454858000	297032
9.454863000	298420
9.454875000	298420
9.454878000	299808
9.467942000	299808
9.467949000	301196
9.467966000	301196
9.467970000	302584
9.467984000	302584
9.468037000	298420
9.468041000	299808
9.468045000	301196
9.468049000	302584
9.468101000	302584
9.468105000	303972
9.468109000	305360
9.468112000	306748
9.468233000	302584
9.468240000	303972
9.468247000	305360
9.468253000	306748
9.468323000	298420
9.468327000	299808
9.468331000	301196
9.468335000	302584
9.468386000	302584
9.468391000	303972
9.468394000	305360
9.468398000	306748
9.468441000	305360
9.468445000	306748
9.468448000	308136
9.468452000	309524
9.468456000	310912
9.468490000	310912
9.468494000	312300
9.468498000	313688
9.468502000	315076
9.468506000	316464
9.468556000	316464
9.468560000	317852
9.468564000	319240
9.468568000	320628
9.468572000	322016
9.468600000	323404
9.468604000	324792
9.468608000	326180
9.468611000	327568
9.468652000	328956
9.468656000	330344
9.468660000	331732
9.468664000	333120
9.469862000	333120
9.469867000	334508
9.469881000	334508
9.469886000	335896
9.472893000	335896
9.472898000	337284
9.472917000	337284
9.472923000	338672
9.472932000	338672
9.473189000	335896
9.473192000	337284
9.473195000	338672
9.473197000	340060
9.473200000	341448
9.473354000	333120
9.473357000	334508
9.473360000	335896
9.473363000	337284
9.473366000	338672
9.473402000	313688
9.473431000	310912
9.473433000	312300
9.473436000	313688
9.473439000	315076
9.473442000	316464
9.473444000	317852
9.473484000	319240
9.473486000	320628
9.473489000	322016
9.473491000	323404
9.473498000	324792
9.473501000	326180
9.473536000	327568
9.473539000	328956
9.473541000	330344
9.473544000	331732
9.473590000	333120
9.473593000	334508
9.473665000	335896
9.473668000	337284
9.473671000	338672
9.473720000	340060
9.473723000	341448
9.473726000	342836
9.473729000	344224
9.473731000	345612
9.473734000	347000
9.473773000	348388
9.473776000	349776
9.473778000	351164
9.473781000	352552
9.473783000	353940
9.473825000	355328
9.473827000	356716
9.473830000	358104
9.473833000	359492
9.473877000	360880
9.473880000	362268
9.473883000	363656
9.473885000	365044
9.473888000	366432
9.473929000	367820
9.473932000	369208
9.473935000	370596
9.473938000	371984
9.473981000	373372
9.473984000	374760
9.473986000	376148
9.473989000	377536
9.474033000	378924
9.474036000	380312
9.474039000	381700
9.474041000	383088
9.474044000	384476
9.474921000	374760
9.474926000	376148
9.474929000	377536
9.474932000	378924
9.474935000	380312
9.474938000	381700
9.474940000	383088
9.474967000	380312
9.474970000	381700
9.474973000	383088
9.474975000	384476
9.475063000	385864
9.475068000	387252
9.475071000	388640
9.475073000	390028
9.475076000	391416
9.475078000	392804
9.475081000	394192
9.475115000	395580
9.475119000	396968
9.475121000	398356
9.475124000	399744
9.482896000	399744
9.482903000	401132
9.482921000	401132
9.482924000	402520
9.482938000	402520
9.482942000	403908
9.482955000	403908
9.483172000	403908
9.483178000	405296
9.483181000	406684
9.484985000	406684
9.484990000	408072
9.485004000	406684
9.485007000	408072
9.485010000	409460
9.485013000	410848
9.489889000	409460
9.489896000	410848
9.489900000	412236
9.489904000	413624
9.489921000	412236
9.489925000	413624
9.489929000	415012
9.489947000	416400
9.492938000	415012
9.492944000	416400
9.492948000	417788
9.492952000	419176
9.492969000	417788
9.492973000	419176
9.492977000	420564
9.493310000	402520
9.493317000	403908
9.493319000	405296
9.493322000	406684
9.493326000	408072
9.493329000	409460
9.493331000	410848
9.493359000	412236
9.493362000	413624
9.493365000	415012
9.493367000	416400
9.493689000	417788
9.493692000	419176
9.493695000	420564
9.493697000	421952
9.493700000	423340
9.493703000	424728
9.493706000	426116
9.493798000	427504
9.493801000	428892
9.493804000	430280
9.493807000	431668
9.493809000	433056
9.493812000	434444
9.493814000	435832
9.494073000	437220
9.494081000	438608
9.494085000	439996
9.494088000	441384
9.494955000	439996
9.494960000	441384
9.494963000	442772
9.494966000	444160
9.494978000	442772
9.494981000	444160
9.494984000	445548
9.494986000	446936
9.497923000	445548
9.497928000	446936
9.497931000	448324
9.497934000	449712
9.497947000	448324
9.497949000	449712
9.497952000	451100
9.497955000	452488
9.498158000	451100
9.498162000	452488
9.498164000	453876
9.498167000	455264
9.500001000	453876
9.500005000	455264
9.500009000	456652
9.500012000	458040
9.500026000	456652
9.500028000	458040
9.500031000	459428
9.500034000	460816
9.502949000	459428
9.502954000	460816
9.502957000	462204
9.502960000	463592
9.502973000	462204
9.502976000	463592
9.502979000	464980
9.502982000	466368
9.503219000	456652
9.503225000	458040
9.503228000	459428
9.503231000	460816
9.503241000	462204
9.503244000	463592
9.503248000	464980
9.503250000	466368
9.503470000	467756
9.503475000	469144
9.503479000	470532
9.503483000	471920
9.503486000	473308
9.503489000	474696
9.503491000	476084
9.503494000	477472
9.549957000	476084
9.549964000	477472
9.549968000	478860
9.549972000	480248
9.549990000	478860
9.549994000	480248
9.549997000	481636
9.550180000	483024
9.552941000	481636
9.552946000	483024
9.552949000	484412
9.552952000	485800
9.552964000	484412
9.552967000	485800
9.553068000	478860
9.553074000	480248
9.553077000	481636
9.553080000	483024
9.553083000	484412
9.553171000	485800
9.553176000	487188
9.553179000	488576
9.553182000	489964
9.553185000	491352
9.553231000	492740
9.553235000	494128
9.553238000	495516
9.553240000	496904
9.554867000	495516
9.554873000	496904
9.554876000	498292
9.554879000	499680
9.554891000	498292
9.554905000	499680
9.554909000	501068
9.554911000	502456
9.557873000	501068
9.557878000	502456
9.557881000	503844
9.557884000	505232
9.557895000	503844
9.557918000	499680
9.557921000	501068
9.557923000	502456
9.557926000	503844
9.557975000	502456
9.557978000	503844
9.557981000	505232
9.557984000	506620
9.557986000	508008
9.558024000	509396
9.558027000	510784
9.558029000	512172
9.558032000	513560
9.558076000	514948
9.558079000	516336
9.560565000	514948
9.560570000	516336
9.560573000	517724
9.560584000	516336
9.560587000	517724
9.562921000	516336
9.562926000	517724
9.562952000	516336
9.562955000	517724
9.562964000	516336
9.562967000	517724
9.562987000	495516
9.563010000	487188
9.563013000	488576
9.563016000	489964
9.563019000	491352
9.563022000	492740
9.563057000	494128
9.563060000	495516
9.563063000	496904
9.563066000	498292
9.563069000	499195
