1.127325000	1388
1.127335000	2776
1.127407000	4164
1.127416000	5552
1.127487000	6940
1.127494000	8328
1.127569000	9716
1.127574000	11104
1.127649000	12492
1.127655000	13880
1.187137000	13880
1.187141000	15268
1.187267000	15268
1.187270000	16656
1.187321000	9716
1.187324000	11104
1.187375000	9716
1.187385000	11104
1.187441000	12492
1.187443000	13880
1.187516000	15268
1.187522000	16656
1.187615000	18044
1.187618000	19432
1.187648000	20820
1.187652000	22208
1.187708000	23596
1.187711000	24984
1.187754000	26372
1.187758000	27760
1.237210000	27760
1.237215000	29148
1.238087000	29148
1.238093000	30536
1.238251000	29148
1.238254000	30536
1.238301000	31924
1.238304000	33312
1.238852000	33312
1.238854000	34700
1.238886000	34700
1.238888000	36088
1.241917000	36088
1.241920000	37476
1.241959000	36088
1.241961000	37476
1.242025000	37476
1.242027000	38864
1.242121000	37476
1.242124000	38864
1.242147000	40252
1.242149000	41640
1.242200000	43028
1.242203000	44416
1.243875000	44416
1.243878000	45804
1.246898000	45804
1.246902000	47192
1.246938000	45804
1.246940000	47192
1.246995000	47192
1.246997000	48580
1.247063000	47192
1.247066000	48580
1.247095000	48580
1.247097000	49968
1.247167000	51356
1.247175000	52744
1.247201000	54132
1.247204000	55520
1.278896000	55520
1.278904000	55520
1.279948000	55520
1.279960000	55520
1.281906000	55520
1.281913000	55520
1.282005000	55520
1.283918000	55520
1.291969000	55520
1.291977000	55520
1.292016000	54132
1.292019000	55520
1.296946000	55520
1.296963000	55520
1.297012000	54132
1.297016000	55520
1.297067000	55520
1.297123000	55520
1.297134000	55520
1.297172000	51356
1.297176000	52744
1.297252000	52744
1.297255000	54132
1.297377000	52744
1.297386000	51356
1.297440000	49968
1.297443000	51356
1.297530000	51356
1.297535000	52744
1.297566000	51356
1.297570000	52744
1.297681000	51356
1.297684000	52744
1.297758000	48580
1.297761000	49968
1.297811000	51356
1.297814000	52744
1.297864000	54132
1.297867000	55520
1.297918000	56908
1.312005000	55520
1.312007000	56908
1.312020000	58296
1.318854000	56908
1.318857000	58296
1.321893000	56908
1.321896000	58296
1.321915000	56908
1.321918000	58296
1.338906000	56908
1.338910000	58296
1.338942000	58296
1.341897000	56908
1.341902000	58296
1.343934000	56908
1.343940000	58296
1.344052000	56908
1.344057000	58296
1.346889000	56908
1.346893000	58296
1.346916000	56908
1.346919000	58296
1.346981000	56908
1.346984000	58296
1.347027000	59684
1.351901000	58296
1.351904000	59684
1.351923000	55520
1.352046000	54132
1.352049000	55520
1.353901000	54132
1.353906000	55520
1.353978000	54132
1.353982000	55520
1.354064000	56908
1.354067000	58296
1.354099000	59684
1.356934000	58296
1.356939000	59684
1.356991000	55520
1.356993000	56908
1.357079000	58296
1.357085000	59684
1.357174000	61072
1.381910000	59684
1.381913000	61072
1.387015000	59684
1.387018000	61072
1.387040000	59684
1.387044000	61072
1.388922000	59684
1.388925000	61072
1.396937000	59684
1.396940000	61072
1.396959000	59684
1.396962000	61072
1.401999000	59684
1.402003000	61072
1.406903000	59684
1.406908000	61072
1.406960000	59684
1.406963000	61072
1.408897000	59684
1.408901000	61072
1.408935000	56908
1.408938000	58296
1.409023000	59684
1.409029000	61072
1.409104000	62460
1.411915000	61072
1.411917000	62460
1.412030000	61072
1.412033000	62460
1.413901000	61072
1.413906000	62460
1.413938000	61072
1.413941000	62460
1.416877000	61072
1.416882000	62460
1.416915000	61072
1.416918000	62460
1.421907000	61072
1.421912000	62460
1.421944000	61072
1.421948000	62460
1.422013000	63848
1.423867000	62460
1.423871000	63848
1.426947000	62460
1.426950000	63848
1.443903000	62460
1.443907000	63848
1.448885000	62460
1.448887000	63848
1.451901000	62460
1.451906000	63848
1.451953000	62460
1.451956000	63848
1.509018000	62460
1.509021000	63848
1.509051000	62460
1.509054000	63848
1.509154000	62460
1.509159000	63848
1.509310000	56908
1.509314000	58296
1.509392000	59684
1.509396000	61072
1.509437000	62460
1.509441000	63848
1.509500000	65236
1.510149000	63848
1.510152000	65236
1.510204000	63848
1.510207000	65236
1.510252000	63848
1.510255000	65236
1.510304000	63848
1.510307000	65236
1.510368000	58296
1.510372000	59684
1.510424000	58296
1.510427000	59684
1.510464000	61072
1.510466000	62460
1.510530000	63848
1.510533000	65236
1.510572000	63848
1.510575000	65236
1.510630000	61072
1.510632000	62460
1.510677000	63848
1.510679000	65236
1.510734000	66624
1.512305000	65236
1.512308000	66624
1.512413000	65236
1.512415000	66624
1.513010000	65236
1.513013000	66624
1.513139000	65236
1.513143000	66624
1.514192000	65236
1.514196000	66624
1.514253000	65236
1.514256000	66624
1.556941000	65236
1.556945000	66624
1.556999000	62460
1.557001000	63848
1.557083000	65236
1.557097000	66624
1.557139000	68012
1.558904000	66624
1.558907000	68012
1.561882000	66624
1.561885000	68012
1.561906000	66624
1.561958000	68012
1.566945000	66624
1.566948000	68012
1.566968000	66624
1.566971000	68012
1.568881000	66624
1.568886000	68012
1.568930000	66624
1.568933000	68012
1.572122000	66624
1.572126000	68012
1.572278000	63848
1.572283000	65236
1.572365000	66624
1.572368000	68012
1.572410000	69400
1.573875000	68012
1.573878000	69400
1.576985000	68012
1.576989000	69400
1.577020000	68012
1.577023000	69400
1.577067000	68012
1.577070000	69400
1.577118000	68012
1.577121000	69400
1.578926000	68012
1.578931000	69400
1.581942000	68012
1.581945000	69400
1.586913000	68012
1.586916000	69400
1.586965000	68012
1.586968000	69400
1.587006000	70788
1.597086000	69400
1.597089000	70788
1.597111000	69400
1.597114000	70788
1.598890000	69400
1.598893000	70788
1.601923000	69400
1.601926000	70788
1.601944000	69400
1.602029000	68012
1.602032000	69400
1.602115000	70788
1.607930000	69400
1.607933000	70788
1.608069000	68012
1.608073000	69400
1.608134000	70788
1.613841000	70788
1.613848000	72176
1.613876000	72176
1.617955000	72176
1.617967000	72176
1.617991000	69400
1.617995000	70788
1.618063000	72176
1.618854000	72176
1.618879000	72176
1.623970000	72176
1.626955000	72176
1.626963000	72176
1.626981000	72176
1.627035000	72176
1.627042000	72176
1.627154000	72176
1.627162000	72176
1.627898000	72176
1.627910000	72176
1.627979000	72176
1.628833000	72176
1.628836000	73564
1.628873000	73564
1.631908000	73564
1.631917000	73564
1.631947000	73564
1.632009000	73564
1.632061000	73564
1.633876000	73564
1.637957000	73564
1.645973000	73564
1.646032000	72176
1.646035000	73564
1.646182000	72176
1.646186000	73564
1.651968000	72176
1.651971000	73564
1.652005000	72176
1.652008000	73564
1.657933000	72176
1.657936000	73564
1.658859000	72176
1.658861000	73564
1.658896000	74952
1.663874000	73564
1.663878000	74952
1.663921000	73564
1.663924000	74952
1.668754000	73564
1.668757000	74952
1.670081000	73564
1.670084000	74952
1.671973000	73564
1.671977000	74952
1.672018000	68012
1.672021000	69400
1.672109000	70788
1.672116000	72176
1.672189000	73564
1.672196000	74952
1.673836000	73564
1.673841000	74952
1.676899000	73564
1.676905000	74952
1.676953000	76340
1.677007000	74952
1.677011000	76340
1.677949000	74952
1.677953000	76340
1.678040000	74952
1.678043000	76340
1.683913000	74952
1.683918000	76340
1.683951000	74952
1.683954000	76340
1.686860000	74952
1.686867000	76340
1.687906000	74952
1.687910000	76340
1.687961000	74952
1.687965000	76340
1.688010000	74952
1.688013000	76340
1.696905000	74952
1.696908000	76340
1.696923000	77728
1.698807000	76340
1.698810000	77728
1.703906000	76340
1.703909000	77728
1.727916000	76340
1.727921000	77728
1.727972000	76340
1.727975000	77728
1.728862000	76340
1.728866000	77728
1.737952000	76340
1.737955000	77728
1.738023000	73564
1.738026000	74952
1.738070000	76340
1.738073000	77728
1.738912000	76340
1.738917000	77728
1.747988000	76340
1.747993000	77728
1.748156000	76340
1.748159000	77728
1.748218000	79116
1.748904000	77728
1.748907000	79116
1.753873000	77728
1.753878000	79116
1.753908000	77728
1.753911000	79116
1.757928000	77728
1.757933000	79116
1.757981000	77728
1.757984000	79116
1.758921000	77728
1.758926000	79116
1.758993000	77728
1.758997000	79116
1.766944000	77728
1.766949000	79116
1.766992000	77728
1.766995000	79116
1.767080000	80504
1.767922000	79116
1.767925000	80504
1.767981000	79116
1.767984000	80504
1.768875000	79116
1.768878000	80504
1.776950000	79116
1.776955000	80504
1.776991000	79116
1.776994000	80504
1.777968000	79116
1.777971000	80504
1.778868000	79116
1.778871000	80504
1.783862000	79116
1.783866000	80504
1.787868000	79116
1.787873000	80504
1.787915000	79116
1.787918000	80504
1.788031000	81892
1.807946000	80504
1.807949000	81892
1.808853000	80504
1.808855000	81892
1.813859000	80504
1.813862000	81892
1.817918000	80504
1.817921000	81892
1.817953000	80504
1.817955000	81892
1.818010000	80504
1.818013000	81892
1.818866000	80504
1.818869000	81892
1.823918000	80504
1.823921000	81892
1.826894000	80504
1.826898000	81892
1.828024000	80504
1.828029000	81892
1.828061000	80504
1.828064000	81892
1.828154000	83280
1.828900000	81892
1.828903000	83280
1.831916000	81892
1.831919000	83280
1.831943000	81892
1.831946000	83280
1.833891000	81892
1.833896000	83280
1.833930000	81892
1.833933000	83280
1.837905000	81892
1.837908000	83280
1.838062000	79116
1.838065000	80504
1.838124000	81892
1.838127000	83280
1.838868000	81892
1.838871000	83280
1.838897000	81892
1.838901000	83280
1.838940000	84668
1.841882000	83280
1.841885000	84668
1.846989000	83280
1.846993000	84668
1.847056000	83280
1.847060000	84668
1.848004000	83280
1.848007000	84668
1.848899000	83280
1.848903000	84668
1.852173000	83280
1.852177000	84668
1.858879000	83280
1.858884000	84668
1.858917000	83280
1.858920000	84668
1.877125000	83280
1.877129000	84668
1.877167000	83280
1.877170000	84668
1.877218000	86056
1.877928000	84668
1.877931000	86056
1.881926000	84668
1.881929000	86056
1.881951000	81892
1.881954000	83280
1.882016000	81892
1.882018000	83280
1.882056000	84668
1.882059000	86056
1.886962000	84668
1.886966000	86056
1.887868000	84668
1.887871000	86056
1.887968000	81892
1.887971000	83280
1.888030000	84668
1.888034000	86056
1.888093000	87444
1.888904000	86056
1.888907000	87444
1.893902000	86056
1.893905000	87444
1.897937000	69400
1.897940000	70788
1.897962000	72176
1.897965000	73564
1.898017000	74952
1.898020000	76340
1.898064000	77728
1.898067000	79116
1.898122000	80504
1.898125000	81892
1.898168000	83280
1.898171000	84668
1.898223000	86056
1.898226000	87444
1.903908000	86056
1.903910000	87444
1.903924000	88832
1.907925000	87444
1.907928000	88832
1.907951000	87444
1.907954000	88832
1.913916000	87444
1.913919000	88832
1.916935000	87444
1.916940000	88832
1.916998000	84668
1.917001000	86056
1.917085000	87444
1.917091000	88832
1.917879000	87444
1.917882000	88832
1.928006000	87444
1.928010000	88832
1.928855000	87444
1.928860000	88832
1.943845000	87444
1.943848000	88832
1.943885000	90220
1.947914000	88832
1.947919000	90220
1.947975000	86056
1.947978000	87444
1.948057000	88832
1.948063000	90220
1.957954000	88832
1.957958000	90220
1.958021000	86056
1.958024000	87444
1.958071000	86056
1.958074000	87444
1.958124000	88832
1.958128000	90220
1.966961000	88832
1.966964000	90220
1.968055000	88832
1.968058000	90220
1.968077000	88832
1.968081000	90220
1.968178000	91608
1.968936000	90220
1.968942000	91608
1.972104000	90220
1.972109000	91608
1.973928000	90220
1.973931000	91608
1.977944000	90220
1.977948000	91608
1.977984000	90220
1.977988000	91608
1.978856000	90220
1.978860000	91608
1.978899000	90220
1.978903000	91608
1.981896000	90220
1.981901000	91608
1.983875000	90220
1.983879000	91608
1.983914000	90220
1.983917000	91608
1.984008000	92996
1.987314000	91608
1.987318000	92996
1.987924000	91608
1.987929000	92996
1.987979000	88832
1.987981000	90220
1.988089000	91608
1.988093000	92996
1.991855000	91608
1.991862000	92996
1.996901000	91608
1.996906000	92996
1.997927000	91608
1.997930000	92996
1.997953000	91608
1.997956000	92996
2.001956000	91608
2.001958000	92996
2.007914000	91608
2.007918000	92996
2.007932000	94384
2.012056000	92996
2.012061000	94384
2.027966000	92996
2.027969000	94384
2.028896000	92996
2.028899000	94384
2.033910000	92996
2.033914000	94384
2.033949000	92996
2.033952000	94384
2.038024000	92996
2.038027000	94384
2.038851000	92996
2.038870000	94384
2.038939000	92996
2.038943000	94384
2.041854000	92996
2.041859000	94384
2.047935000	92996
2.047939000	94384
2.048002000	92996
2.048005000	94384
2.048078000	95772
2.048815000	94384
2.048818000	95772
2.048861000	94384
2.048864000	95772
2.051951000	94384
2.051954000	95772
2.051978000	94384
2.051982000	95772
2.053893000	94384
2.053896000	95772
2.057011000	94384
2.057016000	95772
2.058921000	94384
2.058924000	95772
2.063845000	94384
2.063850000	95772
2.063879000	94384
2.063882000	95772
2.063930000	97160
2.067942000	95772
2.067945000	97160
2.067973000	92996
2.067976000	94384
2.068064000	95772
2.068070000	97160
2.068874000	95772
2.068876000	97160
2.071930000	95772
2.071933000	97160
2.071960000	92996
2.071963000	94384
2.072122000	92996
2.072125000	94384
2.073879000	90220
2.073884000	91608
2.073918000	90220
2.073922000	91608
2.073973000	92996
2.073977000	94384
2.074027000	95772
2.074031000	97160
2.074082000	98548
2.078034000	97160
2.078037000	98548
2.081925000	97160
2.081934000	98548
2.083861000	97160
2.083864000	98548
2.087902000	97160
2.087905000	98548
2.111899000	97160
2.111902000	98548
2.116972000	97160
2.116975000	98548
2.117141000	97160
2.117144000	98548
2.117183000	97160
2.117188000	98548
2.118897000	97160
2.118901000	98548
2.118915000	99936
2.123891000	98548
2.123896000	99936
2.123923000	95772
2.123926000	97160
2.124011000	98548
2.124018000	99936
2.134006000	98548
2.134009000	99936
2.137866000	98548
2.137871000	99936
2.137899000	98548
2.137902000	99936
2.138912000	98063
