53.427295000	1408
53.427309000	2816
53.427328000	4224
53.427333000	5632
53.427384000	7040
53.427388000	8448
53.427429000	9856
53.427433000	11264
53.427483000	12672
53.427486000	14080
53.499814000	14080
53.499819000	15488
53.499912000	12672
53.499915000	14080
53.499966000	15488
53.499969000	16896
53.500063000	18304
53.500069000	19712
53.506578000	19712
53.506583000	21120
53.506696000	15488
53.506699000	16896
53.506746000	18304
53.506749000	19712
53.506847000	21120
53.506852000	22528
53.506938000	23936
53.506944000	25344
53.507027000	26752
53.507033000	28160
53.559483000	28160
53.559621000	28160
53.566517000	28160
53.566532000	28160
53.566610000	14080
53.566613000	15488
53.566685000	12672
53.566692000	14080
53.566719000	15488
53.566723000	16896
53.566764000	18304
53.566767000	19712
53.566816000	21120
53.566819000	22528
53.566869000	23936
53.566872000	25344
53.566923000	26752
53.566926000	28160
53.566974000	29568
53.566976000	30976
53.567027000	32384
53.567030000	33792
53.567080000	35200
53.567082000	36608
53.567147000	38016
53.567151000	39424
53.567201000	40832
53.567205000	42240
53.567303000	43648
53.567308000	45056
53.579513000	45056
53.579521000	46464
53.579668000	43648
53.579673000	45056
53.579721000	46464
53.579724000	47872
53.579820000	49280
53.579826000	50688
53.599665000	50688
53.599670000	52096
53.606470000	52096
53.606475000	53504
53.606504000	53504
53.606506000	54912
53.614620000	54912
53.614631000	56320
53.621583000	56320
53.621591000	57728
53.621773000	52096
53.621777000	53504
53.621814000	54912
53.621817000	56320
53.621913000	57728
53.621919000	59136
53.622002000	60544
53.622008000	61952
53.622089000	63360
53.622094000	64768
53.629554000	64768
53.629562000	66176
53.636614000	66176
53.636619000	67584
53.636683000	56320
53.636686000	57728
53.636781000	59136
53.636786000	60544
53.636868000	61952
53.636874000	63360
53.636950000	64768
53.636956000	66176
53.637038000	67584
53.637044000	68992
53.637079000	70400
53.637082000	71808
53.637132000	73216
53.637135000	74624
53.637186000	76032
53.637189000	77440
53.637240000	78848
53.637243000	80256
53.645663000	80256
53.645668000	81664
53.652528000	81664
53.652532000	83072
53.652661000	73216
53.652663000	74624
53.652729000	74624
53.652731000	76032
53.652782000	77440
53.652784000	78848
53.652834000	80256
53.652837000	81664
53.652886000	83072
53.652888000	84480
53.652939000	85888
53.652941000	87296
53.652991000	88704
53.652993000	90112
53.653043000	91520
53.653046000	92928
53.653097000	94336
53.653099000	95744
53.668559000	95744
53.668562000	97152
53.675582000	97152
53.675587000	98560
53.675774000	80256
53.675779000	81664
53.675820000	83072
53.675823000	84480
53.675876000	85888
53.675879000	87296
53.675930000	88704
53.675934000	90112
53.675985000	91520
53.675988000	92928
53.676040000	94336
53.676043000	95744
53.676095000	97152
53.676099000	98560
53.676149000	99968
53.676152000	101376
53.676202000	102784
53.676205000	104192
53.676254000	105600
53.676257000	107008
53.676306000	108416
53.676308000	109824
53.676360000	111232
53.676362000	112640
53.676413000	114048
53.676415000	115456
53.676466000	116864
53.676473000	118272
53.682597000	118272
53.682601000	119680
53.682646000	108416
53.682648000	109824
53.682767000	111232
53.682771000	112640
53.682870000	114048
53.682874000	115456
53.682975000	116864
53.682979000	118272
53.683078000	119680
53.683083000	121088
53.683176000	122496
53.683180000	123904
53.690492000	123904
53.697590000	123904
53.697599000	123904
53.697629000	114048
53.697631000	115456
53.697719000	116864
53.697723000	118272
53.697807000	119680
53.697811000	121088
53.697845000	122496
53.697847000	123904
53.698479000	123904
53.698489000	123904
53.698559000	123904
53.706498000	123904
53.713613000	123904
53.713624000	123904
53.713647000	122496
53.713649000	123904
53.713705000	123904
53.713713000	123904
53.713756000	123904
53.736604000	122496
53.736608000	123904
53.736735000	108416
53.736738000	109824
53.736773000	111232
53.736775000	112640
53.736868000	114048
53.736872000	115456
53.736950000	116864
53.736954000	118272
53.737031000	119680
53.737035000	121088
53.737115000	122496
53.737119000	123904
53.751494000	122496
53.751498000	123904
53.751525000	111232
53.751527000	112640
53.751614000	114048
53.751619000	115456
53.751695000	116864
53.751699000	118272
53.751735000	119680
53.751737000	121088
53.751787000	122496
53.751789000	123904
53.759502000	122496
53.759506000	123904
53.766539000	122496
53.766543000	123904
53.766618000	122496
53.766622000	123904
53.767588000	123904
53.767596000	123904
53.767625000	118272
53.767627000	119680
53.767678000	121088
53.767681000	122496
53.767730000	123904
53.775518000	122496
53.775521000	123904
53.775597000	122496
53.775601000	123904
53.782551000	122496
53.782554000	123904
53.782595000	116864
53.782598000	118272
53.782716000	119680
53.782720000	121088
53.782746000	122496
53.782748000	123904
53.790518000	122496
53.790522000	123904
53.797627000	122496
53.797631000	123904
53.797658000	111232
53.797660000	112640
53.797747000	114048
53.797751000	115456
53.797831000	116864
53.797835000	118272
53.797914000	119680
53.797918000	121088
53.798012000	122496
53.798017000	123904
53.819475000	122496
53.819479000	123904
53.819515000	119680
53.819518000	121088
53.819605000	122496
53.819610000	123904
53.826603000	122496
53.826609000	123904
53.826785000	105600
53.826788000	107008
53.826833000	108416
53.826836000	109824
53.826888000	111232
53.826891000	112640
53.826942000	114048
53.826945000	115456
53.826997000	116864
53.827000000	118272
53.827085000	119680
53.827089000	121088
53.827167000	122496
53.827171000	123904
53.841493000	122496
53.841497000	123904
53.841535000	114048
53.841538000	115456
53.841580000	116864
53.841583000	118272
53.841677000	116864
53.841680000	118272
53.841753000	119680
53.841757000	121088
53.841838000	122496
53.841842000	123904
53.859587000	122496
53.859590000	123904
53.859630000	116864
53.859633000	118272
53.859718000	119680
53.859722000	121088
53.859800000	122496
53.859804000	123904
53.866461000	122496
53.866465000	123904
53.866539000	122496
53.866543000	123904
53.874557000	123904
53.881653000	123904
53.881662000	123904
53.881701000	109824
53.881703000	111232
53.881821000	112640
53.881825000	114048
53.881892000	115456
53.881909000	116864
53.881942000	118272
53.881944000	119680
53.881995000	121088
53.881997000	122496
53.882048000	123904
53.882441000	123904
53.882449000	123904
53.882484000	123904
53.882594000	123904
53.890514000	123904
53.897514000	123904
53.897534000	123904
53.897598000	123904
53.905454000	123904
53.912502000	123904
53.912511000	123904
53.912537000	114048
53.912539000	115456
53.913536000	105600
53.913541000	107008
53.913602000	108416
53.913605000	109824
53.913677000	111232
53.913681000	112640
53.913728000	114048
53.913734000	115456
53.913815000	116864
53.913819000	118272
53.913897000	119680
53.913901000	121088
53.913941000	122496
53.913943000	123904
53.939611000	122496
53.939615000	123904
53.939723000	122496
53.939727000	123904
53.939827000	125312
53.954636000	123904
53.954640000	125312
53.954684000	95744
53.954686000	97152
53.954773000	98560
53.954777000	99968
53.954857000	101376
53.954862000	102784
53.954903000	104192
53.954906000	105600
53.954958000	107008
53.954961000	108416
53.955014000	109824
53.955017000	111232
53.955067000	112640
53.955070000	114048
53.955121000	115456
53.955124000	116864
53.955174000	118272
53.955177000	119680
53.955226000	121088
53.955228000	122496
53.955278000	123904
53.955280000	125312
53.979596000	123904
53.979600000	125312
53.979627000	121088
53.979630000	122496
53.979679000	123904
53.979681000	125312
53.986495000	123904
53.986499000	125312
53.986535000	121088
53.986538000	122496
53.986632000	121088
53.986641000	122496
53.986670000	115456
53.986673000	116864
53.986725000	118272
53.986729000	119680
53.986779000	121088
53.986782000	122496
53.986830000	123904
53.986833000	125312
53.987517000	123904
53.987520000	125312
53.987553000	118272
53.987555000	119680
53.987632000	121088
53.987634000	122496
53.987688000	123904
53.987705000	125312
53.995616000	123904
53.995620000	125312
53.995660000	118272
53.995662000	119680
53.995747000	121088
53.995751000	122496
53.995828000	123904
53.995832000	125312
54.002477000	123904
54.002480000	125312
54.010479000	123904
54.010483000	125312
54.017539000	123904
54.017547000	125312
54.017607000	115456
54.017609000	116864
54.017635000	118272
54.017638000	119680
54.017688000	121088
54.017690000	122496
54.017741000	123904
54.017743000	125312
54.025550000	123904
54.025554000	125312
54.025614000	121088
54.025617000	122496
54.025648000	123904
54.025651000	125312
54.032556000	123904
54.032560000	125312
54.040614000	123904
54.040619000	125312
54.040650000	121088
54.040653000	122496
54.040702000	123904
54.040704000	125312
54.055538000	123904
54.055541000	125312
54.055606000	123904
54.055608000	125312
54.055710000	123904
54.055713000	125312
54.055780000	121088
54.055783000	122496
54.055880000	123904
54.055884000	125312
54.070560000	123904
54.070564000	125312
54.070587000	118272
54.070589000	119680
54.070638000	107008
54.070640000	108416
54.070718000	109824
54.070723000	111232
54.070787000	112640
54.070791000	114048
54.070871000	115456
54.070876000	116864
54.070951000	118272
54.070955000	119680
54.071033000	121088
54.071037000	122496
54.071114000	123904
54.071119000	125312
54.078455000	123904
54.078458000	125312
54.085602000	123904
54.085606000	125312
54.085633000	118272
54.085636000	119680
54.085684000	121088
54.085686000	122496
54.085736000	123904
54.085738000	125312
54.101480000	123904
54.101483000	125312
54.108571000	123904
54.108575000	125312
54.108607000	121088
54.108609000	122496
54.108658000	123904
54.108660000	125312
54.115561000	123904
54.115564000	125312
54.115644000	121088
54.115648000	122496
54.115689000	112640
54.115692000	114048
54.115776000	115456
54.115782000	116864
54.115821000	118272
54.115824000	119680
54.115913000	121088
54.115917000	122496
54.115989000	123904
54.115993000	125312
54.123482000	123904
54.123485000	125312
54.123558000	123904
54.123562000	125312
54.123640000	126720
54.130529000	125312
54.130533000	126720
54.130606000	125312
54.130609000	126720
54.138530000	125312
54.138533000	126720
54.153675000	125312
54.153678000	126720
54.153706000	114048
54.153708000	115456
54.153828000	116864
54.153832000	118272
54.153932000	119680
54.153936000	121088
54.154036000	122496
54.154040000	123904
54.154139000	125312
54.154144000	126720
54.168540000	125312
54.168544000	126720
54.168574000	114048
54.168577000	115456
54.168681000	116864
54.168686000	118272
54.168751000	119680
54.168755000	121088
54.168832000	122496
54.168838000	123904
54.168878000	125312
54.168881000	126720
54.184676000	125312
54.184680000	126720
54.184717000	122496
54.184719000	123904
54.184804000	125312
54.184808000	126720
54.191425000	125312
54.191428000	126720
54.191577000	125312
54.191580000	126720
54.191623000	125312
54.191625000	126720
54.198572000	125312
54.198576000	126720
54.198604000	114048
54.198606000	115456
54.198657000	116864
54.198660000	118272
54.198710000	119680
54.198713000	121088
54.198761000	122496
54.198764000	123904
54.198813000	125312
54.198815000	126720
54.205559000	125312
54.205563000	126720
54.205625000	122496
54.205627000	123904
54.205697000	125312
54.205701000	126720
54.213592000	125312
54.213595000	126720
54.213629000	125312
54.213632000	126720
54.220535000	125312
54.220539000	126720
54.220615000	122496
54.220619000	123904
54.220709000	125312
54.220714000	126720
54.228645000	125312
54.228649000	126720
54.235453000	125312
54.235457000	126720
54.235490000	119680
54.235493000	121088
54.235542000	122496
54.235544000	123904
54.235594000	125312
54.235596000	126720
54.243496000	125312
54.243501000	126720
54.250544000	125312
54.250547000	126720
54.250583000	114048
54.250585000	115456
54.250666000	116864
54.250668000	118272
54.250697000	119680
54.250699000	121088
54.250787000	122496
54.250791000	123904
54.250869000	125312
54.250873000	126720
54.258460000	125312
54.258463000	126720
54.265516000	125312
54.265519000	126720
54.265589000	122496
54.265592000	123904
54.265624000	125312
54.265626000	126720
54.279620000	125312
54.279623000	126720
54.279663000	119680
54.279665000	121088
54.279755000	122496
54.279759000	123904
54.279839000	125312
54.279843000	126720
54.286479000	125312
54.286482000	126720
54.286559000	122496
54.286563000	123904
54.286640000	125312
54.286644000	126720
54.301448000	125312
54.301452000	126720
54.301479000	122496
54.301481000	123904
54.301575000	125312
54.301578000	126720
54.309555000	125312
54.309560000	126720
54.316489000	125312
54.316494000	126720
54.316527000	125312
54.316531000	126720
54.316627000	125312
54.316629000	126720
54.316665000	116864
54.316668000	118272
54.316757000	119680
54.316763000	121088
54.316802000	122496
54.316806000	123904
54.316853000	125312
54.316855000	126720
54.339510000	125312
54.339514000	126720
54.339550000	122496
54.339552000	123904
54.339643000	114048
54.339646000	115456
54.340543000	108416
54.340546000	109824
54.340624000	111232
54.340628000	112640
54.340705000	114048
54.340710000	115456
54.340793000	116864
54.340797000	118272
54.340875000	119680
54.340879000	121088
54.340919000	122496
54.340921000	123904
54.340971000	125312
54.340974000	126720
54.346582000	125312
54.346586000	126720
54.346621000	105600
54.346623000	107008
54.346673000	108416
54.346675000	109824
54.346725000	111232
54.346727000	112640
54.346778000	114048
54.346780000	115456
54.346870000	116864
54.346874000	118272
54.346951000	119680
54.346955000	121088
54.347035000	122496
54.347039000	123904
54.347117000	125312
54.347121000	126720
54.347510000	125312
54.347514000	126720
54.362461000	125312
54.362464000	126720
54.362492000	122496
54.362495000	123904
54.362543000	119680
54.362545000	121088
54.362595000	122496
54.362597000	123904
54.362647000	125312
54.362649000	126720
54.370491000	125312
54.370495000	126720
54.370532000	125312
54.370535000	126720
54.370585000	128128
54.385545000	126720
54.385550000	128128
54.385640000	101376
54.385642000	102784
54.385673000	104192
54.385676000	105600
54.385763000	107008
54.385767000	108416
54.385850000	109824
54.385854000	111232
54.385889000	112640
54.385891000	114048
54.385944000	115456
54.385947000	116864
54.385994000	118272
54.385996000	119680
54.386045000	121088
54.386047000	122496
54.386098000	123904
54.386100000	125312
54.386152000	126720
54.386155000	128128
54.393459000	126720
54.393462000	128128
54.393494000	123904
54.393497000	125312
54.393580000	126720
54.393582000	128128
54.400558000	126720
54.400562000	128128
54.400596000	107008
54.400598000	108416
54.400687000	109824
54.400689000	111232
54.400792000	112640
54.400796000	114048
54.400877000	115456
54.400879000	116864
54.400912000	118272
54.400915000	119680
54.400966000	121088
54.400968000	122496
54.401019000	123904
54.401021000	125195
