7.240388000	1408
7.240400000	2816
7.240428000	4224
7.240432000	5632
7.240483000	7040
7.240489000	8448
7.240529000	9856
7.240533000	11264
7.240593000	12672
7.240597000	14080
7.279720000	14080
7.282787000	11264
7.282792000	12672
7.285851000	14080
7.285856000	15488
7.288812000	16896
7.288816000	18304
7.291839000	19712
7.292600000	19712
7.294898000	19712
7.294903000	21120
7.297894000	22528
7.307561000	22528
7.309082000	19712
7.309115000	21120
7.312114000	22528
7.312116000	23936
7.315170000	25344
7.315175000	26752
7.318198000	28160
7.319622000	28160
7.321094000	26752
7.321098000	28160
7.323704000	29568
7.323708000	30976
7.326307000	32384
7.328609000	32384
7.329952000	33792
7.335548000	33792
7.336859000	32384
7.336862000	33792
7.336938000	35200
7.339494000	36608
7.339498000	38016
7.343558000	38016
7.343563000	39424
7.350509000	39424
7.350512000	40832
7.351824000	33792
7.351827000	35200
7.354425000	36608
7.354428000	38016
7.357026000	39424
7.357030000	40832
7.359623000	40832
7.359624000	42240
7.362260000	43648
7.362264000	45056
7.364861000	46464
7.364865000	47872
7.367462000	40832
7.367470000	42240
7.369038000	39424
7.369039000	40832
7.370661000	42240
7.370665000	43648
7.372171000	45056
7.372172000	46464
7.373762000	47872
7.373767000	49280
7.375289000	50688
7.375290000	52096
7.376887000	53504
7.376892000	54912
7.378418000	56320
7.378420000	57728
7.382645000	57728
7.382649000	59136
7.382790000	53504
7.383571000	52096
7.383574000	53504
7.384948000	54912
7.384950000	56320
7.386397000	57728
7.386401000	59136
7.387805000	60544
7.387810000	61952
7.389189000	63360
7.389193000	64768
7.390600000	66176
7.390622000	67584
7.392003000	67584
7.392005000	68992
7.393420000	70400
7.398501000	70400
7.399211000	70400
7.399213000	71808
7.400620000	68992
7.400622000	70400
7.402092000	71808
7.402097000	73216
7.403474000	74624
7.403479000	76032
7.404853000	77440
7.407524000	77440
7.408237000	78848
7.420526000	78848
7.421242000	66176
7.421245000	67584
7.422499000	68992
7.422503000	70400
7.423784000	70400
7.423790000	71808
7.425070000	73216
7.425075000	74624
7.426299000	76032
7.426304000	77440
7.426379000	78848
7.427558000	80256
7.427563000	81664
7.428793000	83072
7.428799000	84480
7.430076000	74624
7.430081000	76032
7.431329000	77440
7.431334000	78848
7.432587000	80256
7.432593000	81664
7.433850000	83072
7.433855000	84480
7.435101000	85888
7.435107000	87296
7.436330000	88704
7.436335000	90112
7.437585000	85888
7.437587000	87296
7.438873000	88704
7.438878000	90112
7.440143000	91520
7.440149000	92928
7.441358000	94336
7.441362000	95744
7.444668000	94336
7.444673000	95744
7.452592000	94336
7.452597000	95744
7.453233000	94336
7.453238000	95744
7.454429000	97152
7.454434000	98560
7.455631000	99968
7.455636000	101376
7.459671000	99968
7.459676000	101376
7.459875000	94336
7.460495000	95744
7.460498000	97152
7.461707000	95744
7.461712000	97152
7.462857000	98560
7.462863000	99968
7.464036000	101376
7.468520000	99968
7.469145000	101376
7.475590000	99968
7.476185000	101376
7.490562000	99968
7.491186000	88704
7.491262000	90112
7.492239000	85888
7.492241000	87296
7.493151000	88704
7.493152000	90112
7.494062000	91520
7.494064000	92928
7.494975000	94336
7.494976000	95744
7.495921000	97152
7.495927000	98560
7.496833000	99968
7.496838000	101376
7.497723000	102784
7.497729000	104192
7.498627000	105600
7.498629000	107008
7.499577000	102784
7.499580000	104192
7.500470000	105600
7.500475000	107008
7.501395000	108416
7.501400000	109824
7.501458000	111232
7.502305000	112640
7.502310000	114048
7.503196000	115456
7.512587000	114048
7.513079000	112640
7.513084000	114048
7.513991000	115456
7.513996000	116864
7.514882000	118272
7.514888000	119680
7.515816000	121088
7.519555000	119680
7.520052000	109824
7.520057000	111232
7.520938000	111232
7.520944000	112640
7.521846000	114048
7.521850000	115456
7.522783000	116864
7.522788000	118272
7.523696000	119680
7.523701000	121088
7.524591000	122496
7.524593000	123904
7.525520000	125312
7.525525000	126720
7.526412000	128128
7.526417000	129536
7.543669000	129536
7.543688000	129536
7.544152000	123904
7.544156000	125312
7.545068000	123904
7.545071000	125312
7.545977000	126720
7.545980000	128128
7.546890000	129536
7.550567000	129536
7.550579000	129536
7.551042000	123904
7.551044000	125312
7.551978000	116864
7.551982000	118272
7.552886000	115456
7.552890000	116864
7.553781000	116864
7.553784000	118272
7.554700000	119680
7.554706000	121088
7.555602000	122496
7.555604000	123904
7.556518000	125312
7.556522000	126720
7.557431000	128128
7.557435000	129536
7.560480000	129536
7.567630000	129536
7.568132000	121088
7.568138000	122496
7.569034000	123904
7.569039000	125312
7.569946000	126720
7.569951000	128128
7.570861000	129536
7.577544000	129536
7.584694000	129536
7.584706000	129536
7.585169000	122496
7.585172000	123904
7.586114000	111232
7.586119000	112640
7.586999000	114048
7.587003000	115456
7.587937000	116864
7.587942000	118272
7.587986000	119680
7.588849000	121088
7.588856000	122496
7.589732000	123904
7.589736000	125312
7.590648000	126720
7.590652000	128128
7.591558000	129536
7.602605000	128128
7.603098000	129536
7.609574000	128128
7.610035000	115456
7.610065000	116864
7.610893000	118272
7.610897000	119680
7.611773000	121088
7.611778000	122496
7.612594000	123904
7.612600000	125312
7.613443000	126720
7.613448000	128128
7.614318000	129536
7.614326000	130944
7.615168000	132352
7.625522000	132352
7.625956000	133760
7.632513000	133760
7.632963000	129536
7.632967000	130944
7.633795000	132352
7.633799000	133760
7.634681000	135168
7.634686000	136576
7.635502000	137984
7.635508000	139392
7.636349000	140800
7.639501000	139392
7.639943000	129536
7.639946000	130944
7.639990000	132352
7.640785000	133760
7.640788000	135168
7.641629000	136576
7.641631000	137984
7.642542000	139392
7.642547000	140800
7.647621000	139392
7.647628000	140800
7.648065000	139392
7.648067000	140800
7.654628000	139392
7.654635000	140800
7.655098000	136576
7.655103000	137984
7.655957000	139392
7.655962000	140800
7.662591000	139392
7.662598000	140800
7.663033000	139392
7.663036000	140800
7.669557000	139392
7.669564000	140800
7.670002000	133760
7.670007000	135168
7.670852000	136576
7.670857000	137984
7.671715000	139392
7.671720000	140800
7.684551000	139392
7.684557000	140800
7.685010000	133760
7.685015000	135168
7.685876000	136576
7.685881000	137984
7.686693000	139392
7.686698000	140800
7.692589000	139392
7.693024000	140800
7.712597000	139392
7.713031000	135168
7.713034000	136576
7.713908000	137984
7.713913000	139392
7.714750000	140800
7.719567000	139392
7.720003000	132352
7.720007000	133760
7.720869000	135168
7.720873000	136576
7.721708000	137984
7.721714000	139392
7.722610000	140800
7.735549000	139392
7.736000000	132352
7.736002000	133760
7.736835000	132352
7.736840000	133760
7.737683000	135168
7.737687000	136576
7.738538000	137984
7.738545000	139392
7.739385000	140800
7.751679000	139392
7.752115000	135168
7.752181000	136576
7.752967000	137984
7.752971000	139392
7.753812000	140800
7.766544000	139392
7.766980000	129536
7.766985000	130944
7.767845000	126720
7.767849000	128128
7.768736000	129536
7.768740000	130944
7.768867000	132352
7.769593000	133760
7.769598000	135168
7.770407000	136576
7.770412000	137984
7.771257000	139392
7.771262000	140800
7.782619000	139392
7.782624000	140800
7.783087000	133760
7.783092000	135168
7.783938000	136576
7.783943000	137984
7.784766000	139392
7.784772000	140800
7.798505000	139392
7.798513000	140800
7.798946000	122496
7.798950000	123904
7.799797000	122496
7.799802000	123904
7.800647000	125312
7.800650000	126720
7.801534000	128128
7.801539000	129536
7.802353000	130944
7.802359000	132352
7.803220000	133760
7.803223000	135168
7.804112000	136576
7.804118000	137984
7.804933000	139392
7.804939000	140800
7.807471000	139392
7.807476000	140800
7.814539000	139392
7.814544000	140800
7.814577000	139392
7.815069000	140800
7.830605000	139392
7.831040000	140800
7.837644000	139392
7.838138000	126720
7.838143000	128128
7.838947000	123904
7.838951000	125312
7.839783000	126720
7.839787000	128128
7.840659000	129536
7.840664000	130944
7.841528000	132352
7.841533000	133760
7.842359000	135168
7.842360000	136576
7.843214000	137984
7.843219000	139392
7.844058000	140800
7.844650000	139392
7.845111000	132352
7.845116000	133760
7.845951000	135168
7.845956000	136576
7.846811000	137984
7.846816000	139392
7.847634000	140800
7.860567000	139392
7.861043000	140800
7.867509000	139392
7.867958000	137984
7.867963000	139392
7.868791000	137984
7.868794000	139392
7.869640000	137984
7.869643000	139392
7.869717000	140800
7.874563000	139392
7.874571000	140800
7.875010000	130944
7.875014000	132352
7.875871000	122496
7.875874000	123904
7.876705000	122496
7.876709000	123904
7.877554000	125312
7.877558000	126720
7.878434000	128128
7.878439000	129536
7.879285000	130944
7.879290000	132352
7.880114000	133760
7.880119000	135168
7.880986000	136576
7.880991000	137984
7.881809000	139392
7.881814000	140800
7.884519000	139392
7.884524000	140800
7.884965000	139392
7.884971000	140800
7.891633000	139392
7.891638000	140800
7.892068000	133760
7.892069000	135168
7.892933000	136576
7.892938000	137984
7.893802000	139392
7.893807000	140800
7.912633000	139392
7.912641000	140800
7.913077000	139392
7.913080000	140800
7.919545000	139392
7.919550000	140800
7.919609000	133760
7.920047000	135168
7.920051000	136576
7.920909000	126720
7.920912000	128128
7.928040000	129536
7.928046000	130944
7.935181000	123904
7.935187000	125312
7.942321000	115456
7.942327000	116864
7.949484000	118272
7.949489000	119680
7.956614000	118272
7.956619000	119680
7.963770000	98560
7.963776000	99968
7.970877000	90112
7.970882000	91520
7.978049000	92928
7.978054000	94336
7.985161000	95744
7.985166000	97152
7.992302000	98560
7.992307000	99968
7.999487000	101376
7.999492000	102784
8.006613000	98560
8.006618000	99968
8.013754000	61952
8.013759000	63360
8.020895000	59136
8.020900000	60544
8.028035000	61952
8.028040000	63360
8.035176000	59136
8.035181000	60544
8.035254000	61952
8.042292000	42240
8.042297000	43648
8.044806000	45056
8.044811000	46464
8.047228000	47872
8.047233000	49280
8.049660000	50688
8.049665000	52096
8.052117000	53504
8.052122000	54912
8.054562000	56320
8.054566000	57728
8.057024000	47872
8.057031000	49280
8.059508000	50688
8.059514000	52096
8.061961000	53504
8.061967000	54912
8.064382000	56320
8.064387000	57728
8.066894000	56320
8.066899000	57728
8.069320000	59136
8.069325000	60544
8.071744000	47872
8.071748000	49280
8.074229000	50688
8.074235000	52096
8.076673000	53504
8.076678000	54912
8.079167000	56320
8.079172000	57728
8.081567000	59136
8.081569000	60544
8.084020000	61952
8.084025000	63360
8.086472000	64768
8.086476000	66176
8.086512000	67584
8.088946000	57728
8.088951000	59136
8.091397000	60544
8.091399000	61952
8.093841000	63360
8.093846000	64768
8.096294000	66176
8.096300000	67584
8.098776000	68992
8.098781000	70400
8.101231000	71808
8.101236000	73216
8.103652000	74624
8.103654000	76032
8.106146000	77440
8.106151000	78848
8.108583000	80256
8.108588000	81664
8.111024000	83072
8.111029000	84480
8.113521000	83072
8.113526000	84480
8.115970000	85888
8.115975000	87296
8.118420000	88704
8.118425000	90112
8.120856000	71808
8.120860000	73216
8.123323000	74624
8.123328000	76032
8.125745000	77440
8.125746000	78848
8.128204000	80256
8.128208000	81664
8.130693000	83072
8.130698000	84480
8.130780000	85888
8.133141000	87296
8.133146000	88704
8.135596000	90112
8.135601000	91520
8.138057000	90112
8.138062000	91520
8.140478000	92928
8.140484000	94336
8.142959000	95744
8.142964000	97152
8.145383000	84480
8.145385000	85888
8.147902000	87296
8.147907000	88704
8.150298000	90112
8.150303000	91520
8.152755000	73216
8.152760000	74624
8.155239000	76032
8.155245000	77440
8.157689000	78848
8.157695000	80256
8.160159000	81664
8.160165000	83072
8.162599000	84480
8.162604000	85888
8.165053000	87296
8.165058000	88704
8.167496000	73216
8.167501000	74624
8.169964000	76032
8.169969000	77440
8.172389000	78848
8.172394000	80256
8.174877000	81664
8.174882000	83072
8.177331000	84480
8.177337000	85888
8.177410000	87296
8.179753000	88704
8.179758000	90112
8.182265000	85888
8.182270000	87296
8.184691000	88704
8.184696000	90112
8.187119000	91520
8.187123000	92928
8.189599000	94336
8.189604000	95744
8.192054000	97152
8.192059000	98560
8.194509000	97152
8.194514000	98560
8.199659000	97152
8.199668000	98560
8.200908000	88704
8.200912000	90112
8.203387000	91520
8.203392000	92928
8.205874000	94336
8.205879000	95744
8.208270000	97152
8.208276000	98560
8.210756000	94336
8.210761000	95744
8.213205000	97152
8.213210000	98560
8.215629000	85888
8.215631000	87296
8.218115000	88704
8.218120000	90112
8.220545000	91520
8.220551000	92928
8.223024000	94336
8.223029000	95744
8.223103000	97152
8.225478000	98560
8.231610000	97152
8.232843000	98560
8.238588000	97152
8.239883000	90112
8.239888000	91520
8.242306000	92928
8.242311000	94336
8.244737000	95744
8.244741000	97152
8.247214000	87296
8.247219000	88704
8.249659000	90112
8.249660000	91520
8.252143000	92928
8.252149000	94336
8.254587000	95744
8.254593000	97152
8.257034000	98560
8.269596000	97152
8.270860000	95744
8.270865000	97152
8.273291000	98560
8.276659000	97152
8.277674000	73216
8.277678000	74624
8.279647000	76032
8.279652000	77440
8.281605000	78848
8.281609000	80256
8.283576000	81664
8.283581000	83072
8.285564000	84480
8.285569000	85888
8.287496000	87296
8.287501000	88704
8.287576000	90112
8.289439000	91520
8.289445000	92928
8.291423000	94336
8.291428000	95744
8.293389000	94336
8.293394000	95744
8.295351000	97152
8.295356000	98560
8.307589000	97152
8.307594000	98560
8.308585000	80256
8.308588000	81664
8.310578000	83072
8.310583000	84480
8.312513000	85888
8.312518000	87296
8.314473000	88704
8.314475000	90112
8.316438000	91520
8.316445000	92928
8.318401000	94336
8.318403000	95744
8.320366000	97035
