3.527321000	1388
3.527333000	2776
3.527360000	4164
3.527363000	5552
3.527459000	6940
3.527463000	8328
3.527545000	9716
3.527548000	11104
3.527581000	12492
3.527583000	13880
3.714876000	13880
3.714878000	15268
3.714983000	15268
3.714988000	16656
3.715079000	13880
3.715082000	15268
3.715130000	16656
3.715137000	18044
3.715210000	18044
3.715213000	19432
3.715313000	18044
3.715317000	19432
3.715382000	18044
3.715385000	19432
3.715440000	20820
3.715443000	22208
3.715537000	23596
3.715543000	24984
3.715579000	26372
3.715582000	27760
3.851792000	27760
3.851797000	29148
3.859752000	29148
3.859759000	30536
3.859798000	30536
3.859802000	31924
3.859940000	27760
3.859945000	29148
3.859966000	27760
3.859969000	29148
3.860035000	29148
3.860039000	30536
3.860089000	30536
3.860093000	31924
3.860258000	31924
3.860264000	33312
3.860322000	34700
3.860326000	36088
3.860376000	37476
3.860380000	38864
3.860432000	40252
3.860435000	41640
3.860487000	43028
3.860491000	44416
3.861939000	44416
3.861944000	45804
3.861980000	45804
3.861983000	47192
3.866745000	47192
3.866748000	48580
3.866865000	47192
3.866870000	48580
3.866912000	48580
3.866916000	49968
3.866968000	51356
3.866972000	52744
3.867770000	52744
3.867775000	54132
3.867812000	54132
3.867816000	55520
4.071692000	55520
4.071696000	56908
4.076840000	56908
4.076843000	58296
4.076937000	55520
4.076940000	56908
4.077070000	56908
4.077074000	58296
4.077168000	59684
4.077172000	61072
4.077273000	62460
4.077277000	63848
4.079836000	63848
4.079839000	65236
4.079883000	65236
4.079886000	66624
4.079942000	66624
4.079945000	68012
4.079992000	63848
4.079994000	65236
4.080047000	63848
4.080049000	65236
4.080141000	63848
4.080144000	65236
4.080219000	66624
4.080222000	68012
4.080257000	69400
4.080261000	70788
4.080311000	72176
4.080313000	73564
4.080364000	74952
4.080367000	76340
4.080417000	77728
4.080420000	79116
4.081739000	79116
4.081741000	80504
4.081782000	80504
4.081784000	81892
4.084762000	81892
4.084765000	83280
4.084803000	80504
4.084806000	81892
4.084923000	81892
4.084926000	83280
4.085000000	76340
4.085003000	77728
4.085111000	76340
4.085114000	77728
4.085189000	79116
4.085192000	80504
4.085233000	81892
4.085235000	83280
4.085286000	84668
4.085288000	86056
4.085339000	87444
4.085341000	88832
4.085392000	90220
4.085394000	91608
4.085445000	92996
4.085447000	94384
4.085498000	95772
4.085500000	97160
4.085551000	98548
4.085552000	99936
4.086704000	99936
4.086706000	101324
4.086753000	98548
4.086756000	99936
4.086800000	98548
4.086801000	99936
4.086855000	98548
4.086857000	99936
4.086905000	101324
4.086906000	102712
4.086957000	104100
4.086959000	105488
4.087009000	106876
4.087011000	108264
4.087062000	109652
4.087064000	111040
4.236846000	109652
4.236849000	111040
4.236883000	112428
4.236885000	113816
4.239739000	102712
4.239742000	104100
4.239776000	77728
4.239778000	79116
4.239862000	80504
4.239865000	81892
4.239925000	83280
4.239928000	84668
4.239954000	86056
4.239956000	87444
4.240007000	88832
4.240009000	90220
4.240060000	91608
4.240063000	92996
4.240114000	94384
4.240116000	95772
4.240174000	97160
4.240177000	98548
4.240221000	99936
4.240223000	101324
4.240273000	102712
4.240275000	104100
4.240326000	105488
4.240328000	106876
4.240379000	108264
4.240382000	109652
4.240432000	111040
4.240434000	112428
4.240485000	113816
4.240487000	115204
4.240538000	116592
4.240541000	117980
4.240592000	119368
4.240594000	120756
4.240644000	122144
4.240646000	123532
4.240699000	124920
4.240704000	126308
4.240755000	127696
4.240758000	129084
4.240807000	130472
4.240810000	131860
4.240861000	133248
4.240864000	134636
4.240914000	136024
4.240917000	137412
4.240968000	138800
4.240971000	140188
4.241022000	141576
4.241025000	142964
4.241075000	144352
4.241078000	145740
4.241126000	147128
4.241128000	148516
4.241179000	149904
4.241181000	151292
4.241232000	152680
4.241234000	154068
4.241667000	154068
4.241669000	155456
4.241717000	155456
4.241718000	156844
4.246723000	156844
4.246727000	158232
4.246767000	156844
4.246770000	158232
4.246821000	156844
4.246824000	158232
4.246873000	159620
4.246877000	161008
4.246927000	162396
4.246930000	163784
4.251746000	163784
4.251750000	165172
4.251811000	165172
4.251813000	166560
4.254855000	166560
4.254858000	167948
4.254949000	163784
4.254952000	165172
4.255038000	162396
4.255041000	163784
4.255082000	158232
4.255084000	159620
4.255176000	159620
4.255179000	161008
4.255215000	156844
4.255217000	158232
4.255268000	158232
4.255269000	159620
4.255325000	159620
4.255328000	161008
4.255515000	156844
4.255519000	158232
4.255548000	137412
4.255551000	138800
4.255602000	140188
4.255604000	141576
4.255655000	142964
4.255658000	144352
4.255707000	145740
4.255710000	147128
4.255760000	148516
4.255762000	149904
4.255813000	151292
4.255814000	152680
4.255866000	154068
4.255868000	155456
4.255919000	156844
4.255921000	158232
4.255972000	159620
4.255974000	161008
4.256025000	162396
4.256027000	163784
4.256078000	165172
4.256080000	166560
4.256132000	167948
4.256134000	169336
4.256204000	170724
4.256207000	172112
4.256252000	173500
4.256254000	174888
4.256305000	176276
4.256307000	177664
4.256358000	179052
4.256360000	180440
4.256411000	181828
4.256413000	183216
4.256465000	184604
4.256466000	185992
4.256517000	187380
4.256519000	188768
4.256571000	190156
4.256575000	191544
4.256624000	192932
4.256626000	194320
4.256677000	195708
4.256679000	197096
4.256730000	198484
4.256732000	199872
4.256783000	201260
4.256785000	202648
4.256836000	204036
4.256838000	205424
4.256889000	206812
4.256891000	208200
4.256942000	209588
4.256944000	210976
4.256995000	212364
4.256997000	213752
4.257048000	215140
4.257050000	216528
4.257102000	217916
4.257104000	219304
4.257156000	220692
4.257158000	222080
4.416871000	222080
4.416875000	223468
4.416914000	223468
4.416918000	224856
4.421706000	224856
4.421711000	226244
4.421743000	226244
4.421747000	227632
4.424819000	227632
4.424824000	229020
4.424859000	227632
4.424866000	229020
4.424950000	230408
4.424956000	231796
4.426752000	231796
4.426757000	233184
4.426787000	230408
4.426790000	231796
4.426842000	231796
4.426845000	233184
4.426901000	234572
4.426904000	235960
4.426943000	237348
4.426946000	238736
4.431708000	238736
4.431713000	240124
4.431742000	240124
4.431744000	241512
4.434797000	241512
4.434802000	242900
4.434840000	240124
4.434843000	241512
4.434944000	240124
4.434949000	241512
4.434991000	241512
4.434995000	242900
4.435088000	244288
4.435094000	245676
4.435155000	247064
4.435160000	248452
4.435232000	249840
4.435236000	251228
4.436709000	251228
4.436713000	252616
4.436746000	251228
4.436749000	252616
4.436797000	251228
4.436801000	252616
4.436987000	254004
4.436995000	255392
4.437026000	256780
4.437030000	258168
4.439903000	258168
4.439907000	259556
4.439940000	255392
4.439943000	256780
4.439993000	255392
4.439996000	256780
4.440048000	251228
4.440055000	252616
4.440099000	248452
4.440102000	249840
4.440154000	249840
4.440157000	251228
4.440236000	247064
4.440239000	248452
4.440284000	248452
4.440288000	249840
4.440335000	251228
4.440340000	252616
4.440389000	254004
4.440394000	255392
4.440444000	256780
4.440448000	258168
4.440499000	259556
4.440503000	260944
4.440553000	262332
4.440558000	263720
4.440607000	265108
4.440612000	266496
4.440664000	267884
4.440669000	269272
4.440717000	270660
4.440721000	272048
4.440771000	273436
4.440775000	274824
4.440826000	276212
4.440830000	277600
4.440879000	278988
4.440881000	280376
4.440932000	281764
4.440935000	283152
4.440986000	284540
4.440988000	285928
4.441039000	287316
4.441042000	288704
4.441703000	288704
4.441706000	290092
4.441754000	290092
4.441757000	291480
4.444780000	291480
4.444784000	292868
4.444915000	291480
4.444920000	292868
4.451729000	198484
4.451733000	199872
4.451755000	195708
4.451758000	197096
4.451835000	198484
4.451838000	199872
4.451908000	201260
4.451911000	202648
4.451959000	204036
4.451962000	205424
4.452013000	206812
4.452016000	208200
4.452067000	209588
4.452069000	210976
4.452120000	212364
4.452123000	213752
4.452186000	215140
4.452190000	216528
4.452237000	217916
4.452239000	219304
4.452290000	220692
4.452293000	222080
4.452344000	223468
4.452346000	224856
4.452397000	226244
4.452399000	227632
4.452451000	229020
4.452454000	230408
4.452505000	231796
4.452508000	233184
4.452559000	234572
4.452561000	235960
4.452612000	237348
4.452615000	238736
4.452666000	240124
4.452669000	241512
4.452721000	242900
4.452724000	244288
4.452774000	245676
4.452777000	247064
4.452828000	248452
4.452831000	249840
4.452882000	251228
4.452884000	252616
4.452936000	254004
4.452939000	255392
4.452989000	256780
4.452992000	258168
4.453043000	259556
4.453046000	260944
4.453097000	262332
4.453099000	263720
4.453151000	265108
4.453153000	266496
4.453204000	267884
4.453207000	269272
4.453258000	270660
4.453261000	272048
4.453311000	273436
4.453314000	274824
4.453366000	276212
4.453369000	277600
4.453420000	278988
4.453422000	280376
4.453473000	281764
4.453476000	283152
4.453527000	284540
4.453529000	285928
4.453581000	287316
4.453584000	288704
4.453635000	290092
4.453637000	291480
4.453691000	292868
4.453694000	294256
4.453742000	295644
4.453745000	297032
4.453796000	298420
4.453799000	299808
4.453850000	301196
4.453852000	302584
4.453904000	303972
4.453906000	305360
4.453957000	306748
4.453960000	308136
4.454011000	309524
4.454014000	310912
4.454065000	312300
4.454067000	313688
4.454118000	315076
4.454120000	316464
4.454171000	317852
4.454174000	319240
4.454225000	320628
4.454228000	322016
4.454279000	323404
4.454282000	324792
4.454334000	326180
4.454336000	327568
4.454389000	328956
4.454391000	330344
4.454440000	331732
4.454443000	333120
4.454493000	334508
4.454496000	335896
4.454546000	337284
4.454548000	338672
4.454600000	340060
4.454603000	341448
4.454653000	342836
4.454656000	344224
4.454707000	345612
4.454709000	347000
4.454761000	348388
4.454763000	349776
4.454815000	351164
4.454817000	352552
4.454868000	353940
4.454871000	355328
4.454922000	356716
4.454925000	358104
4.454976000	359492
4.454979000	360880
4.455030000	362268
4.455032000	363656
4.455083000	365044
4.455087000	366432
4.455137000	367820
4.455140000	369208
4.455191000	370596
4.455194000	371984
4.455249000	373372
4.455253000	374760
4.455303000	376148
4.455307000	377536
4.455356000	378924
4.455360000	380312
4.455411000	381700
4.455415000	383088
4.455465000	384476
4.455469000	385864
4.455520000	387252
4.455524000	388640
4.455575000	390028
4.455579000	391416
4.455629000	392804
4.455633000	394192
4.455684000	395580
4.455688000	396968
4.456734000	395580
4.456739000	396968
4.456774000	353940
4.456777000	355328
4.456811000	356716
4.456814000	358104
4.456865000	359492
4.456867000	360880
4.456919000	362268
4.456921000	363656
4.456972000	365044
4.456975000	366432
4.457026000	367820
4.457028000	369208
4.457079000	370596
4.457082000	371984
4.457134000	373372
4.457137000	374760
4.457187000	376148
4.457190000	377536
4.457241000	378924
4.457243000	380312
4.457295000	381700
4.457297000	383088
4.457349000	384476
4.457352000	385864
4.457402000	387252
4.457405000	388640
4.457456000	390028
4.457459000	391416
4.457510000	392804
4.457512000	394192
4.457564000	395580
4.457566000	396968
4.457618000	398356
4.457620000	399744
4.457672000	401132
4.457674000	402520
4.457725000	403908
4.457728000	405296
4.457779000	406684
4.566831000	406684
4.566834000	408072
4.566923000	409460
4.566930000	410848
4.567012000	412236
4.567019000	413624
4.567078000	415012
4.567081000	416400
4.567153000	417788
4.567156000	419176
4.567204000	420564
4.567208000	421952
4.567258000	423340
4.567261000	424728
4.567312000	426116
4.567315000	427504
4.567365000	428892
4.567368000	430280
4.567419000	431668
4.567422000	433056
4.567473000	434444
4.567484000	435832
4.567527000	437220
4.567530000	438608
4.567580000	439996
4.567583000	441384
4.567632000	442772
4.567635000	444160
4.567685000	445548
4.569709000	445548
4.569712000	446936
4.569760000	446936
4.569763000	448324
4.571698000	448324
4.571704000	449712
4.575133000	449712
4.575139000	451100
4.575152000	451100
4.575429000	444160
4.575434000	445548
4.575438000	446936
4.581790000	435832
4.581795000	437220
4.581798000	438608
4.581872000	438608
4.581876000	439996
4.581879000	441384
4.581909000	442772
4.581912000	444160
4.581914000	445548
4.581962000	446936
4.581965000	448324
4.581967000	449712
4.582015000	451100
4.582018000	452488
4.582021000	453876
4.582072000	455264
4.582075000	456652
4.582079000	458040
4.582126000	459428
4.582130000	460816
4.582133000	462204
4.582180000	463592
4.582184000	464980
4.582187000	466368
4.582235000	467756
4.582239000	469144
4.582242000	470532
4.582286000	471920
4.582289000	473308
4.582292000	474696
4.586759000	474696
4.586764000	476084
4.586777000	476084
4.586805000	477472
4.589851000	477472
4.589855000	478860
4.589866000	478860
4.589899000	478860
4.589903000	480248
4.589907000	481636
4.589963000	481636
4.589968000	483024
4.589977000	483024
4.590007000	481636
4.590011000	483024
4.590015000	484412
4.590064000	484412
4.590068000	485800
4.590072000	487188
4.590118000	481636
4.590122000	483024
4.590126000	484412
4.590176000	484412
4.590180000	485800
4.590183000	487188
4.590227000	485800
4.590231000	487188
4.590235000	488576
4.590281000	485800
4.590286000	487188
4.590289000	488576
4.590333000	487188
4.590337000	488576
4.590341000	489964
4.590394000	489964
4.590398000	491352
4.590401000	492740
4.590441000	489964
4.590444000	491352
4.590448000	492740
4.590499000	492740
4.590504000	494128
4.590507000	495516
4.590550000	494128
4.590553000	495516
4.590557000	496904
4.590606000	498292
4.590610000	499680
4.590612000	501068
4.590656000	502456
4.590658000	503844
4.590661000	505232
4.590710000	506620
4.590712000	508008
4.590714000	509396
4.590763000	510784
4.590765000	512172
4.590768000	513560
4.590817000	514948
4.590819000	516336
4.591731000	516336
4.591736000	517724
4.594765000	517724
4.594770000	519112
4.594779000	519112
4.594796000	519112
4.594799000	520500
4.594802000	521888
4.594874000	520500
4.594876000	521888
4.594879000	523276
4.594950000	521888
4.594953000	523276
4.594956000	524664
4.595026000	524664
4.595028000	526052
4.595031000	527440
4.595107000	520500
4.595110000	521888
4.595113000	523276
4.595156000	521888
4.595159000	522791
