13.616596000	1388
13.616607000	2776
13.616638000	4164
13.616642000	5552
13.616695000	6940
13.616701000	8328
13.616739000	9716
13.616742000	11104
13.616792000	12492
13.616795000	13880
13.651185000	13880
13.651190000	15268
13.651224000	15268
13.651227000	16656
13.656177000	16656
13.656181000	18044
13.656248000	18044
13.656251000	19432
13.661096000	19432
13.661103000	20820
13.661142000	20820
13.661146000	22208
13.664173000	22208
13.664177000	23596
13.664225000	20820
13.664228000	22208
13.664274000	23596
13.664277000	24984
13.664334000	26372
13.664337000	27760
13.690211000	27760
13.690217000	29148
13.690249000	26372
13.690252000	27760
13.691153000	26372
13.691158000	27760
13.691192000	27760
13.691196000	29148
13.691283000	30536
13.691289000	31924
13.691364000	33312
13.691370000	34700
13.691445000	36088
13.691451000	37476
13.696157000	37476
13.696162000	38864
13.696202000	38864
13.696206000	40252
13.701142000	40252
13.701147000	41640
13.701264000	40252
13.701268000	41640
13.701314000	43028
13.701317000	44416
13.714142000	44416
13.714147000	45804
13.714185000	41640
13.714188000	43028
13.714297000	43028
13.714302000	44416
13.726362000	41640
13.726369000	43028
13.726501000	43028
13.726507000	44416
13.726564000	45804
13.726569000	47192
13.726618000	48580
13.726622000	49968
13.726761000	51356
13.726766000	52744
13.726800000	54132
13.726804000	55520
13.726855000	56908
13.726859000	58296
13.730176000	58296
13.730182000	59684
13.730229000	56908
13.730233000	58296
13.730297000	58296
13.730300000	59684
13.730335000	61072
13.730338000	62460
13.730390000	63848
13.730392000	65236
13.731126000	65236
13.731131000	66624
13.731172000	66624
13.731176000	68012
13.734153000	68012
13.734157000	69400
13.734189000	66624
13.734191000	68012
13.734295000	68012
13.734300000	69400
13.734333000	70788
13.734337000	72176
13.734424000	73564
13.734428000	74952
13.736151000	74952
13.736156000	76340
13.736194000	76340
13.736198000	77728
13.739185000	77728
13.739190000	79116
13.741175000	79116
13.741181000	80504
13.741210000	80504
13.741214000	81892
13.743427000	81892
13.743432000	83280
13.743467000	79116
13.743470000	80504
13.743589000	81892
13.743595000	83280
13.743706000	84668
13.743712000	86056
13.743794000	87444
13.743800000	88832
13.751170000	88832
13.751175000	90220
13.751210000	90220
13.751216000	91608
13.755249000	91608
13.755253000	92996
13.755277000	90220
13.755305000	91608
13.755308000	92996
13.755311000	94384
13.755405000	95772
13.755408000	97160
13.761143000	97160
13.761148000	98548
13.761161000	98548
13.761176000	99936
13.765252000	99936
13.765257000	101324
13.765275000	90220
13.765296000	88832
13.765299000	90220
13.765302000	91608
13.765432000	90220
13.765436000	91608
13.765439000	92996
13.765474000	91608
13.765477000	92996
13.765479000	94384
13.765597000	95772
13.765604000	97160
13.765607000	98548
13.765718000	99936
13.765724000	101324
13.765726000	102712
13.765847000	104100
13.765853000	105488
13.765856000	106876
13.765938000	108264
13.765944000	109652
13.765947000	111040
13.765980000	112428
13.765983000	113816
13.765986000	115204
13.766034000	116592
13.766038000	117980
13.766042000	119368
13.766087000	120756
13.766089000	122144
13.766157000	120756
13.766160000	122144
13.766162000	123532
13.766193000	122144
13.766196000	123532
13.766199000	124920
13.766327000	126308
13.766335000	127696
13.771322000	127696
13.771326000	129084
13.771337000	129084
13.771355000	129084
13.771358000	130472
13.771361000	131860
13.774294000	131860
13.774298000	133248
13.774311000	133248
13.774340000	131860
13.774344000	133248
13.774347000	134636
13.774393000	136024
13.774396000	137412
13.776183000	137412
13.776188000	138800
13.776252000	138800
13.776255000	140188
13.779291000	140188
13.779296000	141576
13.779308000	141576
13.779343000	136024
13.779346000	137412
13.779349000	138800
13.779447000	137412
13.779452000	138800
13.779455000	140188
13.779465000	140188
13.779610000	134636
13.779615000	136024
13.779618000	137412
13.779621000	138800
13.779660000	140188
13.779663000	141576
13.779673000	142964
13.779676000	144352
13.779708000	145740
13.779710000	147128
13.779713000	148516
13.779716000	149904
13.779761000	151292
13.779763000	152680
13.779766000	154068
13.779769000	155456
13.779812000	156844
13.779815000	158232
13.779818000	159620
13.779821000	161008
13.780244000	161008
13.780249000	162396
13.780267000	162396
13.780270000	163784
13.780321000	161008
13.780325000	162396
13.780329000	163784
13.780333000	165172
13.780444000	166560
13.780452000	167948
13.781285000	167948
13.781290000	169336
13.781305000	169336
13.781309000	170724
13.786166000	170724
13.786171000	172112
13.786183000	172112
13.786186000	173500
13.787235000	173500
13.787240000	174888
13.787252000	174888
13.787255000	176276
13.787277000	174888
13.787279000	176276
13.787282000	177664
13.787285000	179052
13.790227000	177664
13.790232000	179052
13.790235000	180440
13.790238000	181828
13.790262000	174888
13.790281000	173500
13.790283000	174888
13.790286000	176276
13.790289000	177664
13.790291000	179052
13.790362000	180440
13.790365000	181828
13.790368000	183216
13.790371000	184604
13.790373000	185992
13.790412000	187380
13.790414000	188768
13.790417000	190156
13.790419000	191544
13.790422000	192932
13.796229000	191544
13.796233000	192932
13.796236000	194320
13.796239000	195708
13.796252000	194320
13.796277000	195708
13.796280000	197096
13.796283000	198484
13.810271000	197096
13.810276000	198484
13.810278000	199872
13.810281000	201260
13.810295000	199872
13.810523000	192932
13.810526000	194320
13.810529000	195708
13.810532000	197096
13.810535000	198484
13.810584000	199872
13.810587000	201260
13.810590000	202648
13.810593000	204036
13.810598000	205424
13.810637000	206812
13.810640000	208200
13.810643000	209588
13.810663000	210976
13.810667000	212364
13.811240000	210976
13.811245000	212364
13.811247000	213752
13.811250000	215140
13.811265000	209588
13.811279000	210976
13.811282000	212364
13.811285000	213752
13.811287000	215140
13.811370000	216528
13.811376000	217916
13.811379000	219304
13.811382000	220692
13.811385000	222080
13.816183000	217916
13.816188000	219304
13.816190000	220692
13.816192000	222080
13.816195000	223468
13.816229000	222080
13.816232000	223468
13.816235000	224856
13.816238000	226244
13.816327000	227632
13.816333000	229020
13.816336000	230408
13.818191000	226244
13.818197000	227632
13.818201000	229020
13.818205000	230408
13.818209000	231796
13.818248000	227632
13.818253000	229020
13.818256000	230408
13.818259000	231796
13.818263000	233184
13.818304000	234572
13.818308000	235960
13.818311000	237348
13.818315000	238736
13.818319000	240124
13.818356000	241512
13.820162000	240124
13.820167000	241512
13.820171000	242900
13.820174000	244288
13.820190000	242900
13.820215000	241512
13.820218000	242900
13.820222000	244288
13.820225000	245676
13.820229000	247064
13.820279000	245676
13.820283000	247064
13.820286000	248452
13.820290000	249840
13.820293000	251228
13.820330000	249840
13.820333000	251228
13.820336000	252616
13.820338000	254004
13.820340000	255392
13.821124000	254004
13.821126000	255392
13.821129000	256780
13.821131000	258168
13.821141000	256780
13.821213000	258168
13.821219000	259556
13.821222000	260944
13.824161000	230408
13.824165000	231796
13.824168000	233184
13.824171000	234572
13.824173000	235960
13.824193000	229020
13.824206000	230408
13.824215000	231796
13.824219000	233184
13.824222000	234572
13.824380000	235960
13.824387000	237348
13.824390000	238736
13.824393000	240124
13.824395000	241512
13.824398000	242900
13.824502000	244288
13.824505000	245676
13.824508000	247064
13.824511000	248452
13.824514000	249840
13.824517000	251228
13.824544000	252616
13.824550000	254004
13.824554000	255392
13.824557000	256780
13.824592000	258168
13.824596000	259556
13.824600000	260944
13.824604000	262332
13.824645000	263720
13.824649000	265108
13.824653000	266496
13.824657000	267884
13.824698000	269272
13.824702000	270660
13.826160000	266496
13.826163000	267884
13.826166000	269272
13.826169000	270660
13.826171000	272048
13.826201000	266496
13.826203000	267884
13.826206000	269272
13.826208000	270660
13.826249000	266496
13.826252000	267884
13.826255000	269272
13.826257000	270660
13.826260000	272048
13.826299000	273436
13.829267000	269272
13.829271000	270660
13.829274000	272048
13.829277000	273436
13.829279000	274824
13.829282000	276212
13.829322000	266496
13.829325000	267884
13.829328000	269272
13.829331000	270660
13.829333000	272048
13.829336000	273436
13.829424000	274824
13.829430000	276212
13.829433000	277600
13.829436000	278988
13.829438000	280376
13.829441000	281764
13.829474000	283152
13.829478000	284540
13.831211000	283152
13.831216000	284540
13.831228000	283152
13.831231000	284540
13.836151000	283152
13.836158000	284540
13.836174000	283152
13.836178000	284540
13.839271000	283152
13.839276000	284540
13.839292000	283152
13.839299000	284540
13.839308000	283152
13.839311000	284540
13.839319000	283152
13.839358000	270660
13.839361000	272048
13.839364000	273436
13.839367000	274824
13.839370000	276212
13.839372000	277600
13.839375000	278988
13.839417000	277600
13.839420000	278988
13.839423000	280376
13.839426000	281764
13.839429000	283152
13.839694000	284540
13.841201000	283152
13.841205000	284540
13.841217000	283152
13.841220000	284540
13.844167000	283152
13.844172000	284540
13.844183000	283152
13.844189000	284540
13.844201000	283152
13.844204000	284540
13.844214000	283152
13.844229000	284540
13.849197000	280376
13.849205000	281764
13.849208000	283152
13.849212000	284540
13.856315000	284540
13.856319000	285928
13.856322000	287316
13.856334000	287316
13.856337000	288704
13.856340000	290092
13.859456000	290092
13.859461000	291480
13.859464000	292868
13.859476000	292868
13.859479000	294256
13.859481000	295644
13.859491000	295644
13.859517000	294256
13.859520000	295644
13.859523000	297032
13.859614000	298420
13.859620000	299808
13.859623000	301196
13.859625000	302584
13.859628000	303972
13.859711000	305360
13.861148000	305360
13.861153000	306748
13.861156000	308136
13.861165000	308136
13.861167000	309524
13.861193000	310912
13.864332000	310912
13.864337000	312300
13.864340000	313688
13.864348000	313688
13.864351000	315076
13.864394000	303972
13.864397000	305360
13.864400000	306748
13.864402000	308136
13.864529000	306748
13.864534000	308136
13.864537000	309524
13.864539000	310912
13.864695000	303972
13.864699000	305360
13.864702000	306748
13.864705000	308136
13.864738000	302584
13.864741000	303972
13.864744000	305360
13.864746000	306748
13.864848000	306748
13.864852000	308136
13.864855000	309524
13.864858000	310912
13.864983000	308136
13.864989000	309524
13.864999000	310912
13.865003000	312300
13.865025000	313688
13.865028000	315076
13.865031000	316464
13.865034000	317852
13.865077000	319240
13.865081000	320628
13.865083000	322016
13.865086000	323404
13.865129000	324792
13.865132000	326180
13.865134000	327568
13.865137000	328956
13.865184000	330344
13.865188000	331732
13.865190000	333120
13.865193000	334508
13.865236000	335896
13.865239000	337284
13.865242000	338672
13.865245000	340060
13.865288000	341448
13.865291000	342836
13.865294000	344224
13.865297000	345612
13.865341000	347000
13.865343000	348388
13.865346000	349776
13.865348000	351164
13.865393000	352552
13.865396000	353940
13.865399000	355328
13.865401000	356716
13.865445000	358104
13.865448000	359492
13.865451000	360880
13.865453000	362268
13.865497000	363656
13.865500000	365044
13.865503000	366432
13.865505000	367820
13.865549000	369208
13.865552000	370596
13.865555000	371984
13.865558000	373372
13.865602000	374760
13.865605000	376148
13.865607000	377536
13.865610000	378924
13.865654000	380312
13.865657000	381700
13.865660000	383088
13.865662000	384476
13.865706000	385864
13.865709000	387252
13.865712000	388640
13.865715000	390028
13.865762000	391416
13.866159000	391416
13.866162000	392804
13.866164000	394192
13.866172000	394192
13.866175000	395580
13.866203000	396968
13.869151000	396968
13.869156000	398356
13.869160000	399744
13.869171000	399744
13.869197000	398356
13.869200000	399744
13.869204000	401132
13.869207000	402520
13.869250000	402520
13.869255000	403908
13.869258000	405296
13.871167000	405296
13.871179000	405296
13.871187000	405296
13.874214000	405296
13.874227000	405296
13.874234000	405296
13.874242000	405296
13.876185000	405296
13.876196000	405296
13.879269000	405296
13.879280000	405296
13.879288000	405296
13.879295000	405296
13.879319000	402520
13.879322000	403908
13.879324000	405296
13.879428000	405296
13.879439000	405296
13.879446000	405296
13.879453000	405296
13.879470000	405296
13.879472000	406684
13.879580000	406684
13.879591000	406684
13.879598000	406684
13.879605000	406684
13.879626000	405296
13.879629000	406684
13.879736000	406684
13.879747000	406684
13.879754000	406684
13.879761000	406684
13.879782000	403908
13.879786000	405296
13.879788000	406684
13.879795000	406684
13.879896000	406684
13.879907000	406684
13.879990000	406684
13.880000000	406684
13.880007000	406684
13.880010000	408072
13.880039000	403908
13.880042000	405296
13.880045000	406684
13.880048000	408072
13.909177000	408072
13.909189000	408072
13.909198000	408072
13.909222000	406684
13.909225000	408072
13.911176000	408072
13.911193000	408072
13.916158000	408072
13.916169000	408072
13.919185000	408072
13.919197000	408072
13.919204000	408072
13.919224000	406684
13.919227000	408072
13.919234000	408072
13.921151000	408072
13.921157000	409460
13.921170000	409460
13.924187000	409460
13.924198000	409460
13.924205000	409460
13.924222000	409460
13.926145000	409460
13.926156000	409460
13.926164000	409460
13.929240000	409460
13.929252000	409460
13.929260000	409460
13.929286000	405296
13.929289000	406684
13.929292000	408072
13.929419000	406684
13.929424000	408072
13.929427000	409460
13.929594000	402520
13.929599000	403908
13.929602000	405296
13.929634000	399744
13.929645000	401132
13.929648000	402520
13.929684000	403908
13.929687000	405296
13.929690000	406684
13.929737000	408072
13.929739000	409460
13.929742000	410848
13.931185000	410848
13.931197000	410848
13.934173000	410848
13.934184000	410848
13.934205000	409460
13.934208000	410848
13.934261000	410848
13.934310000	410848
13.934317000	410848
13.934363000	409460
13.934366000	410848
13.934416000	409460
13.934419000	410848
13.934468000	409460
13.934471000	410848
13.934521000	409460
13.934524000	410848
13.934573000	412236
13.936128000	412236
13.936137000	412236
13.939210000	412236
13.939221000	412236
13.939245000	409460
13.939248000	410848
13.939342000	412236
13.941163000	412236
13.941175000	412236
13.941193000	412236
13.944284000	412236
13.944294000	412236
13.944316000	409460
13.944319000	410848
13.944423000	410848
13.944428000	412236
13.944454000	409460
13.944457000	410848
13.944563000	410848
13.944568000	412236
13.944708000	399744
13.944712000	401132
13.944746000	396968
13.944749000	398356
13.944797000	399744
13.944800000	401132
13.944851000	402520
13.944854000	403908
13.944905000	405296
13.944908000	406684
13.944959000	408072
13.944962000	409460
13.945013000	410848
13.945016000	411751
