5.255410000	1408
5.255421000	2816
5.255457000	4224
5.255460000	5632
5.255501000	7040
5.255504000	8448
5.255594000	9856
5.255601000	11264
5.255675000	12672
5.255681000	14080
5.306569000	14080
5.306574000	15488
5.306711000	11264
5.310221000	5632
5.310226000	7040
5.313650000	14080
5.313652000	15488
5.317120000	16896
5.317123000	18304
5.320590000	19712
5.320595000	21120
5.324082000	22528
5.324087000	23936
5.327520000	25344
5.327523000	26752
5.330994000	28160
5.330999000	29568
5.334496000	30976
5.334501000	32384
5.346600000	25344
5.346606000	26752
5.348349000	23936
5.348354000	25344
5.351690000	26752
5.351693000	28160
5.355058000	29568
5.355063000	30976
5.358378000	30976
5.358383000	32384
5.362616000	33792
5.362629000	33792
5.365063000	26752
5.365068000	28160
5.368148000	29568
5.368155000	30976
5.371271000	32384
5.371283000	33792
5.374365000	35200
5.374370000	36608
5.374444000	38016
5.377486000	39424
5.377491000	40832
5.380523000	36608
5.380528000	38016
5.383523000	39424
5.383528000	40832
5.386553000	42240
5.386558000	43648
5.393638000	43648
5.393643000	45056
5.395181000	36608
5.395186000	38016
5.396764000	39424
5.396769000	40832
5.398395000	42240
5.398397000	43648
5.400023000	45056
5.400028000	46464
5.401635000	47872
5.401640000	49280
5.403219000	50688
5.403225000	52096
5.404844000	53504
5.419565000	53504
5.420403000	53504
5.420416000	54912
5.422026000	56320
5.426489000	56320
5.427304000	50688
5.427339000	52096
5.428914000	40832
5.428917000	42240
5.430527000	43648
5.430530000	45056
5.432202000	46464
5.432207000	47872
5.432248000	49280
5.433747000	50688
5.433750000	52096
5.435394000	53504
5.435399000	54912
5.436968000	56320
5.436971000	57728
5.438609000	59136
5.438614000	60544
5.440220000	61952
5.440225000	63360
5.441799000	64768
5.441801000	66176
5.443477000	67584
5.443482000	68992
5.445055000	61952
5.445060000	63360
5.446565000	64768
5.446570000	66176
5.448048000	67584
5.448053000	68992
5.449557000	70400
5.449560000	71808
5.451067000	73216
5.451070000	74624
5.452576000	76032
5.452577000	77440
5.454091000	78848
5.454096000	80256
5.455597000	81664
5.459581000	81664
5.460342000	73216
5.460346000	74624
5.461822000	71808
5.461825000	73216
5.463215000	74624
5.463218000	76032
5.464609000	77440
5.464613000	78848
5.464691000	80256
5.466034000	81664
5.466039000	83072
5.467466000	84480
5.467471000	85888
5.468792000	87296
5.479539000	85888
5.480251000	84480
5.480257000	85888
5.481645000	87296
5.481651000	88704
5.483035000	90112
5.486526000	90112
5.487179000	87296
5.487183000	88704
5.488440000	88704
5.488445000	90112
5.489704000	88704
5.489709000	90112
5.490878000	91520
5.490879000	92928
5.492151000	94336
5.492157000	95744
5.493351000	97152
5.493353000	98560
5.494590000	99968
5.496482000	99968
5.497108000	101376
5.503494000	101376
5.504144000	94336
5.504148000	95744
5.505359000	94336
5.505363000	95744
5.506592000	97152
5.506596000	98560
5.507827000	99968
5.507832000	101376
5.512534000	101376
5.519489000	101376
5.519498000	101376
5.520142000	99968
5.520146000	101376
5.527510000	94336
5.527518000	95744
5.528147000	97152
5.528151000	98560
5.529406000	99968
5.529411000	101376
5.542479000	99968
5.542484000	101376
5.543115000	85888
5.543119000	87296
5.544350000	88704
5.544356000	90112
5.545641000	91520
5.545646000	92928
5.546809000	94336
5.546811000	95744
5.548055000	97152
5.548061000	98560
5.549319000	99968
5.549324000	101376
5.565602000	99968
5.565607000	101376
5.566268000	91520
5.566274000	92928
5.567472000	94336
5.567476000	95744
5.568704000	97152
5.568708000	98560
5.569933000	99968
5.569936000	101376
5.573467000	99968
5.573471000	101376
5.580618000	99968
5.580622000	101376
5.580660000	91520
5.581234000	92928
5.581238000	94336
5.582406000	91520
5.582411000	92928
5.583423000	94336
5.583428000	95744
5.584469000	97152
5.584472000	98560
5.585519000	99968
5.585522000	101376
5.586569000	102784
5.586572000	104192
5.587623000	105600
5.587627000	107008
5.588668000	108416
5.588671000	109824
5.589719000	111232
5.596530000	111232
5.597092000	101376
5.597097000	102784
5.598137000	98560
5.598142000	99968
5.599150000	101376
5.599155000	102784
5.600129000	104192
5.600131000	105600
5.601160000	107008
5.601166000	108416
5.602145000	109824
5.602147000	111232
5.603188000	112640
5.603193000	114048
5.604198000	115456
5.604203000	116864
5.605212000	118272
5.619478000	118272
5.619483000	119680
5.620025000	119680
5.620030000	121088
5.626631000	121088
5.626640000	121088
5.627158000	115456
5.627163000	116864
5.628179000	111232
5.628185000	112640
5.629212000	114048
5.629217000	115456
5.630217000	116864
5.630222000	118272
5.631226000	119680
5.631231000	121088
5.644537000	121088
5.651556000	121088
5.652066000	111232
5.652070000	112640
5.653095000	108416
5.653098000	109824
5.654083000	111232
5.654085000	112640
5.655131000	114048
5.655136000	115456
5.656114000	116864
5.656120000	118272
5.657152000	119680
5.657157000	121088
5.658577000	121088
5.658588000	121088
5.659170000	118272
5.659175000	119680
5.660178000	115456
5.660183000	116864
5.661148000	118272
5.661149000	119680
5.661222000	121088
5.667608000	119680
5.667613000	121088
5.668165000	119680
5.668170000	121088
5.674527000	119680
5.674531000	121088
5.697653000	119680
5.697656000	121088
5.698204000	102784
5.698209000	104192
5.699175000	105600
5.699177000	107008
5.700217000	108416
5.700222000	109824
5.701200000	111232
5.701205000	112640
5.702241000	114048
5.702247000	115456
5.703275000	116864
5.703280000	118272
5.704254000	119680
5.704259000	121088
5.712537000	119680
5.712541000	121088
5.713090000	111232
5.713095000	112640
5.714062000	108416
5.714064000	109824
5.715130000	111232
5.715136000	112640
5.716090000	114048
5.716096000	115456
5.717116000	116864
5.717122000	118272
5.718114000	119680
5.718119000	121088
5.728528000	119680
5.728531000	121088
5.728550000	119680
5.729092000	109824
5.729096000	111232
5.730051000	109824
5.730053000	111232
5.731076000	112640
5.731081000	114048
5.732059000	115456
5.732064000	116864
5.733016000	118272
5.733019000	119680
5.734013000	121088
5.734018000	122496
5.734962000	123904
5.745624000	122496
5.746121000	109824
5.746193000	111232
5.747099000	112640
5.747100000	114048
5.748085000	115456
5.748105000	116864
5.749093000	118272
5.749099000	119680
5.750073000	121088
5.750078000	122496
5.751053000	123904
5.766559000	122496
5.767079000	118272
5.767160000	119680
5.768073000	121088
5.768079000	122496
5.769022000	123904
5.797576000	122496
5.798110000	101376
5.798115000	102784
5.799052000	104192
5.799054000	105600
5.799132000	107008
5.800072000	108416
5.800077000	109824
5.801052000	111232
5.801057000	112640
5.801996000	114048
5.801998000	115456
5.803004000	116864
5.803009000	118272
5.804018000	119680
5.804023000	121088
5.804975000	114048
5.804980000	115456
5.805962000	116864
5.805967000	118272
5.806936000	119680
5.806942000	121088
5.807918000	122496
5.807923000	123904
5.811610000	122496
5.811615000	123904
5.812148000	114048
5.812154000	115456
5.813102000	116864
5.813108000	118272
5.814111000	119680
5.814116000	121088
5.815123000	122496
5.815128000	123904
5.819476000	122496
5.819481000	123904
5.819978000	119680
5.819982000	121088
5.820958000	122496
5.820962000	123904
5.826613000	122496
5.826617000	123904
5.827165000	122496
5.827170000	123904
5.827567000	122496
5.828092000	121088
5.828094000	122496
5.829081000	121088
5.829086000	122496
5.830087000	123904
5.836554000	122496
5.837091000	121088
5.837096000	122496
5.838089000	123904
5.843549000	122496
5.844083000	121088
5.844088000	122496
5.845024000	123904
5.858600000	122496
5.859126000	112640
5.859131000	114048
5.860139000	112640
5.860144000	114048
5.861107000	115456
5.861113000	116864
5.862069000	118272
5.862074000	119680
5.863053000	121088
5.863059000	122496
5.864029000	123904
5.874479000	122496
5.874982000	112640
5.874987000	114048
5.875956000	112640
5.875958000	114048
5.876938000	115456
5.876942000	116864
5.877949000	118272
5.877954000	119680
5.878915000	121088
5.878917000	122496
5.878995000	123904
5.898589000	122496
5.898592000	123904
5.899090000	119680
5.899093000	121088
5.900066000	116864
5.900068000	118272
5.901051000	119680
5.901054000	121088
5.902030000	122496
5.902033000	123904
5.913612000	122496
5.913615000	123904
5.914143000	111232
5.914148000	112640
5.915117000	114048
5.915124000	115456
5.916089000	116864
5.916092000	118272
5.917113000	119680
5.917118000	121088
5.918038000	122496
5.918043000	123904
5.928577000	122496
5.928580000	123904
5.929080000	108416
5.929084000	109824
5.930033000	108416
5.930037000	109824
5.930989000	111232
5.930992000	112640
5.931941000	114048
5.931942000	115456
5.932935000	116864
5.932940000	118272
5.933886000	119680
5.933891000	121088
5.934840000	122496
5.934845000	123904
5.934926000	125312
5.935768000	126720
5.937527000	125312
5.938038000	126720
5.944492000	125312
5.944992000	121088
5.944996000	122496
5.945966000	121088
5.945971000	122496
5.946921000	123904
5.946925000	125312
5.947869000	126720
5.960646000	125312
5.961169000	112640
5.961174000	114048
5.962146000	115456
5.962151000	116864
5.963081000	118272
5.963086000	119680
5.964034000	121088
5.964039000	122496
5.964988000	123904
5.964994000	125312
5.965912000	126720
5.979549000	125312
5.980069000	123904
5.980074000	125312
5.981026000	126720
5.986491000	125312
5.986982000	112640
5.986987000	114048
5.987939000	115456
5.987945000	116864
5.988907000	118272
5.988909000	119680
5.989873000	121088
5.989878000	122496
5.989960000	123904
5.990828000	125312
5.990833000	126720
5.995620000	125312
5.995625000	126720
6.002555000	125312
6.002559000	126720
6.003060000	119680
6.003064000	121088
6.003996000	119680
6.003997000	121088
6.004964000	122496
6.004971000	123904
6.005930000	125312
6.005935000	126720
6.011481000	125312
6.011487000	126720
6.018567000	125312
6.018570000	126720
6.019094000	119680
6.019099000	121088
6.020008000	122496
6.020010000	123904
6.021003000	125312
6.021008000	126720
6.027577000	125312
6.027583000	126720
6.028087000	122496
6.028090000	123904
6.029015000	125312
6.029020000	126720
6.030005000	128128
6.030010000	129536
6.034501000	128128
6.034505000	129536
6.035008000	125312
6.035013000	126720
6.035084000	128128
6.035944000	129536
6.057635000	128128
6.058144000	118272
6.058149000	119680
6.059056000	115456
6.059058000	116864
6.060029000	118272
6.060034000	119680
6.060952000	121088
6.060957000	122496
6.061880000	123904
6.061882000	125312
6.062883000	126720
6.062888000	128128
6.063803000	129536
6.064567000	128128
6.065066000	118272
6.065070000	119680
6.065984000	121088
6.065986000	122496
6.066966000	123904
6.066971000	125312
6.067879000	126720
6.067883000	128128
6.068813000	129536
6.087616000	128128
6.088125000	121088
6.088130000	122496
6.089033000	123904
6.089035000	125312
6.089978000	126720
6.089982000	128128
6.090922000	129536
6.094652000	128128
6.095156000	121088
6.095159000	122496
6.096070000	118272
6.096072000	119680
6.096144000	121088
6.097073000	116864
6.097078000	118272
6.097993000	119680
6.097998000	121088
6.098897000	122496
6.098899000	123904
6.099882000	125312
6.099887000	126720
6.100810000	128128
6.100815000	129536
6.119585000	128128
6.119589000	129536
6.120075000	128128
6.120081000	129536
6.126642000	128128
6.126645000	129536
6.127124000	119680
6.127128000	121088
6.128065000	114048
6.128070000	115456
6.129039000	116864
6.129044000	118272
6.130013000	119680
6.130018000	121088
6.130891000	122496
6.130892000	123904
6.131874000	125312
6.131879000	126720
6.132796000	128128
6.132802000	129536
6.150486000	128128
6.150490000	129536
6.150987000	119680
6.150992000	121088
6.151907000	122496
6.151909000	123904
6.151977000	125312
6.152855000	126720
6.152882000	128128
6.153832000	129536
6.157619000	128128
6.158097000	121088
6.158131000	122496
6.159041000	121088
6.159045000	122496
6.159987000	123904
6.159991000	125312
6.160927000	126720
6.160930000	128128
6.161868000	129536
6.166442000	128128
6.166924000	129536
6.173501000	128128
6.174015000	126720
6.174020000	128128
6.174979000	129536
6.181583000	128128
6.182088000	129536
6.188672000	128128
6.189158000	109824
6.189162000	111232
6.190090000	112640
6.190092000	114048
6.191038000	115456
6.191043000	116864
6.191977000	118272
6.191981000	119680
6.192916000	121088
6.192918000	122496
6.193893000	123904
6.193898000	125312
6.194835000	126720
6.194840000	128128
6.195749000	129536
6.219588000	128128
6.219593000	129536
6.220134000	128128
6.220139000	129536
6.226566000	128128
6.226569000	129536
6.227078000	116864
6.227083000	118272
6.234965000	102784
6.234970000	104192
6.242934000	105600
6.242939000	107008
6.250827000	94336
6.250832000	95744
6.258704000	97152
6.258709000	98560
6.266617000	80256
6.266619000	81664
6.274534000	77440
6.274539000	78848
6.282478000	80256
6.282483000	81664
6.290364000	74624
6.290369000	76032
6.298310000	77440
6.298316000	78848
6.306207000	68992
6.306211000	70400
6.314105000	57728
6.314111000	59136
6.322016000	60544
6.322018000	61952
6.329961000	63360
6.329966000	64768
6.337838000	40832
6.337841000	42240
6.340561000	43648
6.340567000	45056
6.340647000	46464
6.343315000	42240
6.343321000	43648
6.346049000	45056
6.346054000	46464
6.348726000	47872
6.348732000	49280
6.351470000	50688
6.351475000	52096
6.354191000	53504
6.354196000	54912
6.356891000	56320
6.356896000	57728
6.359604000	56320
6.359608000	57728
6.362351000	59136
6.362356000	60544
6.365051000	61952
6.365057000	63360
6.367798000	56320
6.367803000	57728
6.370523000	59136
6.370528000	60544
6.373239000	61952
6.373244000	63360
6.375931000	64768
6.375937000	66176
6.378680000	67584
6.378685000	68992
6.381399000	70400
6.381404000	71808
6.384120000	73216
6.384125000	74624
6.386832000	76032
6.386837000	77440
6.389542000	78848
6.389543000	80256
6.392278000	76032
6.392283000	77440
6.392325000	78848
6.394966000	80256
6.394969000	81664
6.397683000	66176
6.397685000	67584
6.400489000	68992
6.400495000	70400
6.403129000	71808
6.403134000	73216
6.405857000	74624
6.405864000	76032
6.408569000	77440
6.408575000	78848
6.411323000	80256
6.411329000	81547
