12.872556000	1388
12.872565000	2776
12.872594000	4164
12.872596000	5552
12.872648000	6940
12.872652000	8328
12.872696000	9716
12.872698000	11104
12.872748000	12492
12.872751000	13880
12.909096000	13880
12.912271000	15268
12.914117000	15268
12.915746000	13880
12.915750000	15268
12.918853000	8328
12.918858000	9716
12.922000000	11104
12.922004000	12492
12.925155000	13880
12.925158000	15268
12.928250000	16656
12.928255000	18044
12.931387000	19432
12.931392000	20820
12.934577000	22208
12.934581000	23596
12.934684000	24984
12.937691000	26372
12.937696000	27760
12.944176000	27760
12.944180000	29148
12.945550000	29148
12.945554000	30536
12.948104000	30536
12.948109000	31924
12.950359000	30536
12.950362000	31924
12.952781000	33312
12.952785000	34700
12.955255000	33312
12.955260000	34700
12.957657000	36088
12.957661000	37476
12.960079000	36088
12.960083000	37476
12.962529000	36088
12.962533000	37476
12.964886000	36088
12.964890000	37476
12.967337000	38864
12.967341000	40252
12.967413000	41640
12.969763000	40252
12.969767000	41640
12.972206000	43028
12.972210000	44416
12.974603000	38864
12.974607000	40252
12.976829000	41640
12.976833000	43028
12.979111000	44416
12.979115000	45804
12.981403000	44416
12.981407000	45804
12.982597000	47192
12.982601000	48580
12.983787000	49968
12.983792000	51356
12.985031000	45804
12.985036000	47192
12.986143000	48580
12.986147000	49968
12.987317000	51356
12.987321000	52744
12.988465000	54132
12.988470000	55520
12.988521000	56908
12.989572000	55520
12.989576000	56908
12.990746000	58296
12.990750000	59684
12.991912000	61072
12.994225000	61072
12.994803000	55520
12.994874000	56908
12.995918000	58296
12.995922000	59684
12.997001000	61072
12.997005000	62460
12.998085000	63848
12.998089000	65236
12.999138000	63848
12.999141000	65236
13.000216000	66624
13.000220000	68012
13.001290000	69400
13.001294000	70788
13.002313000	72176
13.004127000	72176
13.004657000	72176
13.004660000	73564
13.005705000	74952
13.006153000	74952
13.006157000	76340
13.006785000	70788
13.006789000	72176
13.007747000	73564
13.007751000	74952
13.008677000	76340
13.008682000	77728
13.009675000	76340
13.009679000	77728
13.010631000	79116
13.010635000	80504
13.011563000	81892
13.011567000	83280
13.012478000	84668
13.012483000	86056
13.014074000	86056
13.014079000	87444
13.014557000	87444
13.014560000	88832
13.016095000	88832
13.016098000	90220
13.016576000	86056
13.016578000	87444
13.017453000	88832
13.017457000	90220
13.017537000	91608
13.018300000	92996
13.018303000	94384
13.019122000	95772
13.019146000	92996
13.019995000	91608
13.019999000	92996
13.020760000	94384
13.020764000	95772
13.021516000	97160
13.021520000	98548
13.022336000	99936
13.022341000	101324
13.023126000	102712
13.024109000	101324
13.024498000	99936
13.024502000	101324
13.025297000	102712
13.025301000	104100
13.026070000	105488
13.026074000	106876
13.026831000	108264
13.039159000	106876
13.039566000	102712
13.039571000	104100
13.039614000	105488
13.040347000	106876
13.040351000	108264
13.041116000	109652
13.041120000	111040
13.041880000	112428
13.041884000	113816
13.042615000	115204
13.042618000	116592
13.044097000	70788
13.044102000	72176
13.044353000	68012
13.044355000	69400
13.044840000	70788
13.044843000	72176
13.045322000	73564
13.045324000	74952
13.045806000	76340
13.045807000	77728
13.046289000	76340
13.046290000	77728
13.046777000	79116
13.046779000	80504
13.047258000	81892
13.047259000	83280
13.047260000	84668
13.047742000	86056
13.047743000	87444
13.048227000	88832
13.048228000	90220
13.048712000	91608
13.048713000	92996
13.049196000	88832
13.049197000	90220
13.049671000	91608
13.049673000	92996
13.050147000	94384
13.050148000	95772
13.050626000	97160
13.050628000	98548
13.051102000	99936
13.051104000	101324
13.051619000	102712
13.051622000	104100
13.052057000	105488
13.052061000	106876
13.052530000	108264
13.052533000	109652
13.053005000	111040
13.053007000	112428
13.053009000	113816
13.053483000	115204
13.053485000	116592
13.053991000	117980
13.053996000	119368
13.054458000	108264
13.054461000	109652
13.054864000	111040
13.054867000	112428
13.055275000	113816
13.055276000	115204
13.055686000	116592
13.055689000	117980
13.056097000	119368
13.056099000	120756
13.056487000	122144
13.056490000	123532
13.056918000	124920
13.056920000	126308
13.057328000	127696
13.057330000	129084
13.057764000	130472
13.057766000	131860
13.058175000	133248
13.058177000	134636
13.058178000	136024
13.058586000	137412
13.058588000	138800
13.058972000	140188
13.058974000	141576
13.059383000	142964
13.059385000	144352
13.059795000	145740
13.059796000	147128
13.060183000	148516
13.060186000	149904
13.060593000	151292
13.060596000	152680
13.061005000	154068
13.061008000	155456
13.061417000	156844
13.061419000	158232
13.061827000	159620
13.061831000	161008
13.062238000	162396
13.062242000	163784
13.062648000	165172
13.062651000	166560
13.063061000	167948
13.063063000	169336
13.063064000	170724
13.063490000	172112
13.063492000	173500
13.063900000	174888
13.063902000	176276
13.064289000	167948
13.064290000	169336
13.064699000	170724
13.064701000	172112
13.065131000	173500
13.065133000	174888
13.065526000	176276
13.065528000	177664
13.065933000	179052
13.065936000	180440
13.066345000	181828
13.066347000	183216
13.068092000	179052
13.068097000	180440
13.068308000	170724
13.068309000	172112
13.068740000	173500
13.068742000	174888
13.069150000	176276
13.069152000	177664
13.069153000	179052
13.069563000	180440
13.069566000	181828
13.069970000	183216
13.069972000	184604
13.074123000	183216
13.074127000	184604
13.078151000	181828
13.078155000	183216
13.078415000	172112
13.078417000	173500
13.078798000	174888
13.078800000	176276
13.079189000	174888
13.079192000	176276
13.079624000	177664
13.079634000	179052
13.080008000	180440
13.080010000	181828
13.080457000	183216
13.080459000	184604
13.080833000	185992
13.080837000	187380
13.081241000	188768
13.081243000	190156
13.081245000	191544
13.081651000	192932
13.081653000	194320
13.082061000	195708
13.084039000	195708
13.084247000	195708
13.084249000	197096
13.084658000	198484
13.084660000	199872
13.085070000	201260
13.088148000	201260
13.088358000	195708
13.088360000	197096
13.088790000	198484
13.088792000	199872
13.089178000	201260
13.089179000	202648
13.089588000	201260
13.089589000	202648
13.090021000	204036
13.090023000	205424
13.090428000	206812
13.090430000	208200
13.090827000	209588
13.090830000	210976
13.091237000	212364
13.091240000	213752
13.091241000	215140
13.091648000	216528
13.091651000	217916
13.092075000	219304
13.092077000	220692
13.092471000	199872
13.092472000	201260
13.092874000	191544
13.092875000	192932
13.093281000	194320
13.093282000	195708
13.093689000	197096
13.093690000	198484
13.094098000	197096
13.094099000	198484
13.094528000	199872
13.094530000	201260
13.094929000	202648
13.094931000	204036
13.095345000	205424
13.095347000	206812
13.095752000	208200
13.095754000	209588
13.096185000	210976
13.096187000	212364
13.096188000	213752
13.096546000	215140
13.096548000	216528
13.097006000	217916
13.097010000	219304
13.097386000	220692
13.097388000	222080
13.097793000	223468
13.097795000	224856
13.098204000	226244
13.098206000	227632
13.098609000	222080
13.098611000	223468
13.099022000	224856
13.099024000	226244
13.099428000	223468
13.099430000	224856
13.099813000	226244
13.099816000	227632
13.100246000	216528
13.100249000	217916
13.100603000	212364
13.100605000	213752
13.100965000	215140
13.100968000	216528
13.100970000	217916
13.101326000	219304
13.101328000	220692
13.101708000	222080
13.101710000	223468
13.102071000	224856
13.102073000	226244
13.102433000	227632
13.102435000	229020
13.102795000	230408
13.102796000	231796
13.103157000	233184
13.103159000	234572
13.103521000	235960
13.103523000	237348
13.103864000	238736
13.103866000	240124
13.104224000	238736
13.104226000	240124
13.104584000	241512
13.104586000	242900
13.104952000	244288
13.104955000	245676
13.105314000	247064
13.105317000	248452
13.105319000	249840
13.105719000	251228
13.105722000	252616
13.106033000	254004
13.106034000	255392
13.106403000	244288
13.106404000	245676
13.106759000	242900
13.106761000	244288
13.107113000	245676
13.107114000	247064
13.107470000	248452
13.107471000	249840
13.107851000	251228
13.107852000	252616
13.108185000	249840
13.108186000	251228
13.108539000	248452
13.108542000	249840
13.108887000	251228
13.108888000	252616
13.109235000	251228
13.109236000	252616
13.109585000	254004
13.109587000	255392
13.109588000	256780
13.109933000	258168
13.109935000	259556
13.110281000	260944
13.110282000	262332
13.110631000	263720
13.110633000	265108
13.110976000	266496
13.110977000	267884
13.111325000	269272
13.111327000	270660
13.111672000	272048
13.111673000	273436
13.112043000	274824
13.112045000	276212
13.112391000	277600
13.112393000	278988
13.112746000	280376
13.112748000	281764
13.113089000	283152
13.113091000	284540
13.113437000	285928
13.114107000	285928
13.114284000	285928
13.118103000	285928
13.118275000	285928
13.118447000	283152
13.118449000	284540
13.118795000	285928
13.119087000	285928
13.119266000	284540
13.119268000	285928
13.122193000	285928
13.122205000	285928
13.122388000	278988
13.122390000	280376
13.122724000	262332
13.122726000	263720
13.123024000	224856
13.123027000	226244
13.123247000	227632
13.123249000	229020
13.123471000	230408
13.123473000	231796
13.123698000	233184
13.123700000	234572
13.123922000	235960
13.123923000	237348
13.124148000	238736
13.124149000	240124
13.124150000	241512
13.124374000	242900
13.124376000	244288
13.124600000	245676
13.124601000	247064
13.124825000	248452
13.124827000	249840
13.125051000	251228
13.125053000	252616
13.125277000	254004
13.125278000	255392
13.125502000	256780
13.125504000	258168
13.125727000	259556
13.125728000	260944
13.125952000	262332
13.125953000	263720
13.126182000	265108
13.126185000	266496
13.126408000	267884
13.126411000	269272
13.126633000	270660
13.126636000	272048
13.126857000	273436
13.126859000	274824
13.126860000	276212
13.127082000	277600
13.127085000	278988
13.127307000	280376
13.127309000	281764
13.127532000	283152
13.127534000	284540
13.127758000	285928
13.127760000	287316
13.127983000	288704
13.127985000	290092
13.128210000	285928
13.128212000	287316
13.128435000	283152
13.128438000	284540
13.128652000	285928
13.128654000	287316
13.128870000	288704
13.128872000	290092
13.129087000	285928
13.129089000	287316
13.129300000	288704
13.129301000	290092
13.129514000	291480
13.129515000	292868
13.129728000	294256
13.129729000	295644
13.129730000	297032
13.129942000	298420
13.129943000	299808
13.130155000	301196
13.130156000	302584
13.130369000	303972
13.130370000	305360
13.130583000	306748
13.130584000	308136
13.130797000	309524
13.130798000	310912
13.131011000	312300
13.131012000	313688
13.131224000	315076
13.131225000	316464
13.131438000	317852
13.131439000	319240
13.131652000	320628
13.131653000	322016
13.131865000	323404
13.131867000	324792
13.132079000	326180
13.132080000	327568
13.132293000	328956
13.132294000	330344
13.132295000	331732
13.132509000	333120
13.132511000	334508
13.132723000	335896
13.132725000	337284
13.132938000	338672
13.132939000	340060
13.133149000	341448
13.133150000	342836
13.133363000	344224
13.133364000	345612
13.133577000	347000
13.133578000	348388
13.133790000	349776
13.133791000	351164
13.134005000	352552
13.134007000	353940
13.134219000	349776
13.134220000	351164
13.134432000	352552
13.134433000	353940
13.134646000	355328
13.134647000	356716
13.134860000	358104
13.134861000	359492
13.134862000	360880
13.135073000	362268
13.135074000	363656
13.135288000	365044
13.135290000	366432
13.135502000	367820
13.135503000	369208
13.135715000	370596
13.136112000	369208
13.136223000	340060
13.136224000	341448
13.136457000	342836
13.136458000	344224
13.136649000	345612
13.136650000	347000
13.136861000	348388
13.136863000	349776
13.137076000	351164
13.137078000	352552
13.137290000	353940
13.137292000	355328
13.137503000	356716
13.137505000	358104
13.137719000	359492
13.137721000	360880
13.137722000	362268
13.137932000	363656
13.137934000	365044
13.138146000	366432
13.138150000	367820
13.138358000	348388
13.138360000	349776
13.138560000	351164
13.138562000	352552
13.138761000	353940
13.138763000	355328
13.138961000	356716
13.138963000	358104
13.139168000	359492
13.139169000	360880
13.139363000	362268
13.139364000	363656
13.139564000	365044
13.139566000	366432
13.139765000	367820
13.139766000	369208
13.139969000	370596
13.139971000	371984
13.140170000	373372
13.140172000	374760
13.140174000	376148
13.140369000	377536
13.140371000	378924
13.140570000	380312
13.140572000	381700
13.140771000	383088
13.140772000	384476
13.140972000	385864
13.140973000	387252
13.141172000	388640
13.141174000	390028
13.141373000	391416
13.141375000	392804
13.141575000	394192
13.141576000	395580
13.141777000	396968
13.141778000	398356
13.141977000	399744
13.141978000	401132
13.142182000	402520
13.142183000	403908
13.142380000	405296
13.142381000	406684
13.142582000	408072
13.142583000	409460
13.142584000	410848
13.142782000	412236
13.142784000	413624
13.142983000	415012
13.142985000	416400
13.143184000	417788
13.143186000	419176
13.143386000	420564
13.143387000	421952
13.143586000	423340
13.143588000	424728
13.144219000	423340
13.144223000	424728
13.144328000	426116
13.144329000	427504
13.148177000	426116
13.148181000	427504
13.148290000	415012
13.148293000	416400
13.148489000	417788
13.148491000	419176
13.148687000	420564
13.148688000	421952
13.148888000	423340
13.148889000	424728
13.148890000	426116
13.149089000	421952
13.149090000	423340
13.149290000	424728
13.149291000	426116
13.149491000	427504
13.149492000	428892
13.149692000	430280
13.149693000	431668
13.149893000	433056
13.149894000	434444
13.150095000	435832
13.150096000	437220
13.150296000	438608
13.150298000	439996
13.150497000	441384
13.150499000	442772
13.150699000	444160
13.150700000	445548
13.150900000	446936
13.150901000	448324
13.151101000	449712
13.152087000	448324
13.152192000	383088
13.152194000	384476
13.152195000	385864
13.152377000	387252
13.152378000	388640
13.152563000	390028
13.152564000	391416
13.152749000	392804
13.152750000	394192
13.152936000	395580
13.152937000	396968
13.153122000	398356
13.153123000	399744
13.153309000	401132
13.153310000	402520
13.153496000	403908
13.153497000	405296
13.153683000	406684
13.153684000	408072
13.153870000	409460
13.153871000	410848
13.154059000	412236
13.154060000	413624
13.154243000	378924
13.154245000	380312
13.154420000	381700
13.154421000	383088
13.154422000	384476
13.154596000	385864
13.154597000	387252
13.154773000	388640
13.154774000	390028
13.154949000	391416
13.154950000	392804
13.155126000	394192
13.155127000	395580
13.155302000	396968
13.155303000	398356
13.155478000	399744
13.155479000	401132
13.155655000	402520
13.155656000	403908
13.155831000	405296
13.155832000	406684
13.156008000	408072
13.156009000	409460
13.156184000	410848
13.156185000	412236
13.156360000	413624
13.156361000	414527
