4.600218000	1388
4.600225000	2776
4.600283000	4164
4.600287000	5552
4.600332000	6940
4.600335000	8328
4.600422000	9716
4.600426000	11104
4.600505000	12492
4.600510000	13880
4.639181000	13880
4.641791000	2776
4.641793000	4164
4.644402000	5552
4.644404000	6940
4.647005000	8328
4.647007000	9716
4.649648000	11104
4.649650000	12492
4.652220000	13880
4.652223000	15268
4.654823000	16656
4.654825000	18044
4.657450000	19432
4.657452000	20820
4.660041000	22208
4.660044000	23596
4.660081000	24984
4.662641000	26372
4.662643000	27760
4.678135000	27760
4.678139000	29148
4.679816000	29148
4.679818000	30536
4.682056000	30536
4.682058000	31924
4.689806000	31924
4.689810000	33312
4.691120000	30536
4.691122000	31924
4.693727000	33312
4.693729000	34700
4.696329000	29148
4.696331000	30536
4.698938000	29148
4.698941000	30536
4.701544000	23596
4.701546000	24984
4.703715000	26372
4.703717000	27760
4.705884000	29148
4.705885000	30536
4.705957000	31924
4.708056000	33312
4.708057000	34700
4.710227000	36088
4.710228000	37476
4.712425000	38864
4.712428000	40252
4.714570000	41640
4.714572000	43028
4.716742000	41640
4.716743000	43028
4.718093000	41640
4.718094000	43028
4.719442000	44416
4.719444000	45804
4.720809000	44416
4.720810000	45804
4.722069000	47192
4.722070000	48580
4.723357000	49968
4.723358000	51356
4.724641000	52744
4.724642000	54132
4.725928000	55520
4.725931000	56908
4.726007000	58296
4.730841000	58296
4.730844000	59684
4.731491000	59684
4.731493000	61072
4.734006000	61072
4.734010000	62460
4.734690000	62460
4.734694000	63848
4.735943000	63848
4.735945000	65236
4.738843000	65236
4.738847000	66624
4.739493000	62460
4.739494000	63848
4.740780000	62460
4.740781000	63848
4.742063000	65236
4.742064000	66624
4.743348000	68012
4.743350000	69400
4.744642000	63848
4.744648000	65236
4.745922000	66624
4.745923000	68012
4.747205000	69400
4.747207000	70788
4.747261000	72176
4.748520000	73564
4.748522000	74952
4.749775000	70788
4.749777000	72176
4.751063000	70788
4.751065000	72176
4.752344000	73564
4.752346000	74952
4.753637000	76340
4.753640000	77728
4.754916000	79116
4.754921000	80504
4.756234000	81892
4.756237000	83280
4.757486000	84668
4.757488000	86056
4.758861000	86056
4.758868000	86056
4.760058000	83280
4.760060000	84668
4.761060000	83280
4.761062000	84668
4.762061000	86056
4.762063000	87444
4.762092000	88832
4.763061000	90220
4.768871000	87444
4.769373000	83280
4.769374000	84668
4.770344000	80504
4.770347000	81892
4.771228000	83280
4.771230000	84668
4.772113000	86056
4.772114000	87444
4.773004000	88832
4.773006000	90220
4.773891000	91608
4.773893000	92996
4.774783000	83280
4.774786000	84668
4.775528000	86056
4.775545000	87444
4.776215000	86056
4.776217000	87444
4.776914000	88832
4.776915000	90220
4.777620000	91608
4.777621000	92996
4.777654000	94384
4.778327000	95772
4.778328000	97160
4.779036000	98548
4.779038000	99936
4.779741000	101324
4.779743000	102712
4.780473000	99936
4.780475000	101324
4.781182000	99936
4.781190000	101324
4.781826000	102712
4.781828000	104100
4.782501000	105488
4.782504000	106876
4.783171000	108264
4.783173000	109652
4.783839000	111040
4.783841000	112428
4.784511000	113816
4.784513000	115204
4.785183000	116592
4.785186000	117980
4.785853000	119368
4.785855000	120756
4.785905000	122144
4.786548000	123532
4.786550000	124920
4.787218000	126308
4.796839000	126308
4.797179000	117980
4.797182000	119368
4.797849000	95772
4.797853000	97160
4.798430000	97160
4.798432000	98548
4.799002000	94384
4.799008000	95772
4.799544000	94384
4.799547000	95772
4.800065000	91608
4.800067000	92996
4.800562000	94384
4.800563000	95772
4.801059000	95772
4.801060000	97160
4.801556000	98548
4.801557000	99936
4.802053000	101324
4.802055000	102712
4.802057000	104100
4.802549000	105488
4.802551000	106876
4.803047000	108264
4.803049000	109652
4.803544000	111040
4.803545000	112428
4.804041000	113816
4.804042000	115204
4.804563000	116592
4.804567000	117980
4.805040000	119368
4.805043000	120756
4.805533000	122144
4.805535000	123532
4.806029000	123532
4.806030000	124920
4.806526000	126308
4.806527000	127696
4.807030000	129084
4.807034000	130472
4.807528000	131860
4.807549000	133248
4.808018000	134636
4.808020000	136024
4.808022000	137412
4.808515000	138800
4.808517000	140188
4.809011000	141576
4.809013000	142964
4.809511000	144352
4.809514000	145740
4.810029000	147128
4.810034000	148516
4.810507000	149904
4.810511000	151292
4.811001000	152680
4.811004000	154068
4.811496000	155456
4.811498000	156844
4.811991000	158232
4.811993000	159620
4.812492000	161008
4.812495000	162396
4.812987000	163784
4.812989000	165172
4.813484000	166560
4.813486000	167948
4.813981000	169336
4.813982000	170724
4.813984000	172112
4.814481000	170724
4.814483000	172112
4.814992000	173500
4.814995000	174888
4.815496000	176276
4.815498000	177664
4.815969000	173500
4.815971000	174888
4.816467000	176276
4.816469000	177664
4.816962000	179052
4.816967000	180440
4.817460000	181828
4.817462000	183216
4.817956000	184604
4.817958000	185992
4.818485000	187380
4.818487000	188768
4.819029000	187380
4.819034000	188768
4.819447000	179052
4.819449000	180440
4.819972000	181828
4.819974000	183216
4.819975000	184604
4.820466000	185992
4.820471000	187380
4.820938000	188768
4.820939000	190156
4.821437000	191544
4.821440000	192932
4.821931000	194320
4.821933000	195708
4.822432000	197096
4.822433000	198484
4.822928000	199872
4.822930000	201260
4.823424000	202648
4.835850000	155456
4.836302000	156844
4.836305000	158232
4.836530000	159620
4.836532000	161008
4.836996000	162396
4.837000000	163784
4.837425000	165172
4.837427000	166560
4.837865000	167948
4.837867000	169336
4.837869000	170724
4.838309000	172112
4.838311000	173500
4.838760000	174888
4.838764000	176276
4.839200000	177664
4.839202000	179052
4.839644000	180440
4.839647000	181828
4.840108000	183216
4.840111000	184604
4.840534000	185992
4.840536000	187380
4.840978000	188768
4.840979000	190156
4.841423000	191544
4.841425000	192932
4.841878000	194320
4.841880000	195708
4.842315000	197096
4.842316000	198484
4.842758000	199872
4.842760000	201260
4.843211000	202648
4.843214000	204036
4.843668000	205424
4.843670000	206812
4.843672000	208200
4.844093000	206812
4.844095000	208200
4.844541000	209588
4.844544000	210976
4.844985000	212364
4.844987000	213752
4.845431000	215140
4.845433000	216528
4.845875000	212364
4.845876000	213752
4.846316000	215140
4.846317000	216528
4.846754000	217916
4.846755000	219304
4.847197000	220692
4.847200000	222080
4.847634000	223468
4.847636000	224856
4.848098000	226244
4.848102000	227632
4.848513000	229020
4.848515000	230408
4.848953000	226244
4.848954000	227632
4.848956000	229020
4.849400000	230408
4.849402000	231796
4.849849000	216528
4.849851000	217916
4.850274000	216528
4.850276000	217916
4.850713000	219304
4.850714000	220692
4.851156000	219304
4.851159000	220692
4.851592000	222080
4.851593000	223468
4.852032000	224856
4.852034000	226244
4.852506000	227632
4.852508000	229020
4.852959000	230408
4.852961000	231796
4.853356000	233184
4.853359000	234572
4.853791000	235960
4.853793000	237348
4.854239000	238736
4.854243000	240124
4.854244000	241512
4.854690000	242900
4.854693000	244288
4.855111000	245676
4.855112000	247064
4.855551000	248452
4.855552000	249840
4.856011000	251228
4.858820000	242900
4.859043000	244288
4.859045000	245676
4.859483000	247064
4.859485000	248452
4.859921000	249840
4.859923000	251228
4.865834000	249840
4.865840000	251228
4.869888000	249840
4.869894000	251228
4.870119000	247064
4.870121000	248452
4.870575000	249840
4.870577000	251228
4.870996000	249840
4.870998000	251228
4.873893000	249840
4.874117000	233184
4.874119000	234572
4.874556000	235960
4.874558000	237348
4.875042000	238736
4.875045000	240124
4.875436000	241512
4.875438000	242900
4.875880000	241512
4.875882000	242900
4.876347000	244288
4.876348000	245676
4.876753000	247064
4.876755000	248452
4.877195000	249840
4.877198000	251228
4.879888000	249840
4.879895000	251228
4.880118000	247064
4.880120000	248452
4.880574000	249840
4.880576000	251228
4.881001000	247064
4.881004000	248452
4.881006000	249840
4.881438000	251228
4.885855000	249840
4.886078000	251228
4.888875000	249840
4.889099000	237348
4.889101000	238736
4.889512000	240124
4.889514000	241512
4.889929000	237348
4.889932000	238736
4.890336000	240124
4.890340000	241512
4.890759000	242900
4.890762000	244288
4.891142000	233184
4.891143000	234572
4.891537000	235960
4.891538000	237348
4.891932000	238736
4.891934000	240124
4.892329000	241512
4.892331000	242900
4.892726000	244288
4.892728000	245676
4.892729000	247064
4.893120000	248452
4.893121000	249840
4.893517000	251228
4.893519000	252616
4.893912000	248452
4.893914000	249840
4.894326000	242900
4.894330000	244288
4.894710000	245676
4.894712000	247064
4.895078000	248452
4.895079000	249840
4.895486000	251228
4.895489000	252616
4.895848000	254004
4.895851000	255392
4.896231000	254004
4.896233000	255392
4.896638000	256780
4.896642000	258168
4.897000000	259556
4.897002000	260944
4.897390000	262332
4.897392000	263720
4.897397000	265108
4.897801000	266496
4.897841000	267884
4.898154000	269272
4.898156000	270660
4.898558000	272048
4.898560000	273436
4.898924000	272048
4.898926000	273436
4.899308000	274824
4.899310000	276212
4.899710000	277600
4.910880000	276212
4.911079000	277600
4.913873000	276212
4.914069000	270660
4.914071000	272048
4.914451000	273436
4.914453000	274824
4.914854000	276212
4.914856000	277600
4.915873000	277600
4.919905000	277600
4.920102000	273436
4.920104000	274824
4.920106000	276212
4.920514000	277600
4.920831000	277600
4.923816000	277600
4.923834000	277600
4.924034000	273436
4.924037000	274824
4.924415000	270660
4.924417000	272048
4.924800000	273436
4.924802000	274824
4.925184000	276212
4.925186000	277600
4.925846000	277600
4.925859000	277600
4.928887000	277600
4.928900000	277600
4.929316000	272048
4.929320000	273436
4.929511000	265108
4.929514000	266496
4.929900000	263720
4.929903000	265108
4.930297000	265108
4.930300000	266496
4.930681000	267884
4.930683000	269272
4.930685000	270660
4.931047000	272048
4.931049000	273436
4.931431000	274824
4.931432000	276212
4.931816000	277600
4.938836000	277600
4.939033000	276212
4.939043000	277600
4.939871000	277600
4.939920000	277600
4.940119000	276212
4.940122000	277600
4.940785000	277600
4.940795000	277600
4.943837000	277600
4.943850000	277600
4.944069000	270660
4.944072000	272048
4.944436000	259556
4.944439000	260944
4.944821000	262332
4.944824000	263720
4.945201000	265108
4.945202000	266496
4.945204000	267884
4.945585000	269272
4.945587000	270660
4.945970000	270660
4.945971000	272048
4.946354000	273436
4.946355000	274824
4.946738000	276212
4.946739000	277600
4.948774000	277600
4.948823000	277600
4.949022000	270660
4.949023000	272048
4.949404000	262332
4.949406000	263720
4.949787000	263720
4.949789000	265108
4.950171000	262332
4.950173000	263720
4.950556000	265108
4.950557000	266496
4.950941000	266496
4.950942000	267884
4.951328000	269272
4.951330000	270660
4.951331000	272048
4.951710000	273436
4.951712000	274824
4.952094000	276212
4.952096000	277600
4.953859000	277600
4.953982000	277600
4.955784000	277600
4.955795000	277600
4.958843000	277600
4.958863000	277600
4.959064000	276212
4.959067000	277600
4.959450000	276212
4.959453000	277600
4.959823000	278988
4.959827000	280376
4.960879000	280376
4.960885000	281764
4.963796000	281764
4.963801000	283152
4.963992000	278988
4.963994000	280376
4.964358000	281764
4.964360000	283152
4.964361000	284540
4.964725000	285928
4.964726000	287316
4.965092000	288704
4.965758000	288704
4.965948000	288704
4.968941000	288704
4.969130000	277600
4.969132000	278988
4.969497000	274824
4.969498000	276212
4.969864000	274824
4.969872000	276212
4.970234000	276212
4.970237000	277600
4.970604000	278988
4.970607000	280376
4.970973000	281764
4.970976000	283152
4.971341000	284540
4.971344000	285928
4.971707000	287316
4.971709000	288704
4.973887000	288704
4.973899000	288704
4.973907000	288704
4.975845000	288704
4.975862000	288704
4.978937000	288704
4.978950000	288704
4.979140000	278988
4.979142000	280376
4.979501000	273436
4.979503000	274824
4.979864000	276212
4.979866000	277600
4.980227000	278988
4.980229000	280376
4.980610000	281764
4.980612000	283152
4.980955000	283152
4.980957000	284540
4.981317000	285928
4.981319000	287316
4.981683000	288704
4.981686000	290092
4.982047000	291480
4.982049000	292868
4.982407000	294256
4.984048000	294256
4.984061000	294256
4.984248000	281764
4.984249000	283152
4.984609000	276212
4.984610000	277600
4.984971000	278988
4.984973000	280376
4.985335000	281764
4.985336000	283152
4.985698000	284540
4.985700000	285928
4.986061000	284540
4.986063000	285928
4.986425000	287316
4.986427000	288704
4.986788000	290092
4.986790000	291480
4.987153000	292868
4.987155000	294256
4.988902000	294256
4.988912000	294256
4.989098000	288704
4.989099000	290092
4.989462000	291480
4.989464000	292868
4.989465000	294256
4.989923000	294256
4.989937000	294256
4.990206000	294256
4.990784000	294256
4.990969000	294256
4.995810000	294256
4.999873000	294256
4.999886000	294256
5.000077000	294256
5.000089000	294256
5.000846000	294256
5.000859000	294256
5.003847000	294256
5.003861000	294256
5.004058000	287316
5.004059000	288704
5.004410000	288704
5.004412000	290092
5.004779000	291480
5.004782000	292868
5.005141000	294256
5.008985000	294256
5.009169000	294256
5.009171000	295644
5.009179000	297032
5.010009000	297032
5.010015000	298420
5.010199000	297032
5.010201000	298420
5.010545000	299808
5.010546000	301196
5.013831000	301196
5.013837000	302584
5.014019000	298420
5.014022000	299808
5.014368000	292868
5.014370000	294256
5.014706000	295644
5.014707000	297032
5.015046000	298420
5.015047000	299808
5.015386000	301196
5.015387000	302584
5.015727000	303972
5.015730000	305360
5.016067000	303972
5.016069000	305360
5.016406000	306748
5.016409000	308136
5.016411000	309524
5.016743000	310912
5.016746000	312300
5.017074000	313688
5.019871000	313688
5.020042000	306748
5.020044000	308136
5.020377000	309524
5.020379000	310912
5.020728000	312300
5.020730000	313688
5.021045000	312300
5.021047000	313688
5.021400000	315076
5.021402000	316464
5.021721000	317852
5.023882000	316464
5.024054000	298420
5.024056000	299808
5.024387000	301196
5.024388000	302584
5.024727000	303972
5.024730000	304875
