38.647489000	1408
38.647500000	2816
38.647573000	4224
38.647581000	5632
38.647661000	7040
38.647666000	8448
38.647754000	9856
38.647759000	11264
38.647839000	12672
38.647845000	14080
38.699841000	14080
38.699848000	15488
38.699957000	14080
38.699963000	15488
38.700022000	16896
38.700027000	18304
38.706914000	18304
38.706918000	19712
38.707000000	12672
38.707004000	14080
38.707052000	15488
38.707055000	16896
38.707115000	18304
38.707117000	19712
38.707207000	21120
38.707213000	22528
38.707287000	23936
38.707293000	25344
38.707378000	26752
38.739953000	26752
38.739959000	28160
38.740087000	25344
38.740091000	26752
38.740138000	28160
38.740141000	29568
38.740230000	30976
38.740236000	32384
38.746833000	32384
38.746838000	33792
38.746999000	28160
38.747003000	29568
38.747092000	29568
38.747099000	30976
38.747131000	32384
38.747134000	33792
38.747205000	35200
38.747208000	36608
38.747257000	38016
38.747259000	39424
38.747311000	40832
38.747313000	42240
38.759921000	42240
38.759928000	43648
38.759975000	40832
38.759979000	42240
38.760029000	43648
38.760033000	45056
38.760084000	46464
38.760088000	47872
38.766978000	47872
38.766984000	49280
38.767021000	46464
38.767024000	47872
38.767112000	49280
38.767118000	50688
38.767201000	52096
38.767208000	53504
38.779923000	53504
38.779929000	54912
38.780075000	53504
38.780081000	54912
38.780139000	56320
38.780143000	57728
38.786848000	57728
38.786853000	59136
38.787008000	47872
38.787011000	49280
38.787039000	50688
38.787042000	52096
38.787091000	53504
38.787094000	54912
38.787158000	56320
38.787162000	57728
38.787254000	59136
38.787261000	60544
38.787333000	61952
38.787340000	63360
38.787414000	64768
38.787420000	66176
38.787495000	67584
38.787501000	68992
38.787537000	70400
38.787540000	71808
38.794897000	71808
38.794904000	73216
38.801858000	73216
38.801865000	74624
38.801968000	60544
38.801975000	61952
38.802053000	63360
38.802058000	64768
38.802091000	66176
38.802097000	67584
38.802141000	68992
38.802145000	70400
38.802193000	71808
38.802198000	73216
38.802246000	74624
38.802250000	76032
38.802298000	77440
38.802303000	78848
38.802352000	80256
38.802355000	81664
38.802404000	83072
38.802408000	84480
38.802457000	85888
38.802460000	87296
38.802510000	88704
38.802514000	90112
38.802762000	90112
38.802766000	91520
38.802799000	90112
38.802811000	91520
38.802854000	92928
38.802858000	94336
38.810895000	94336
38.810902000	95744
38.817833000	95744
38.817840000	97152
38.818072000	88704
38.818078000	90112
38.818133000	91520
38.818137000	92928
38.818189000	94336
38.818193000	95744
38.818244000	97152
38.818248000	98560
38.818301000	99968
38.818305000	101376
38.818358000	102784
38.818363000	104192
38.818415000	105600
38.818419000	107008
38.819048000	107008
38.819052000	108416
38.819070000	107008
38.819136000	108416
38.819138000	109824
38.819141000	111232
38.826993000	109824
38.827001000	111232
38.827007000	112640
38.827048000	114048
38.833875000	112640
38.833880000	114048
38.833883000	115456
38.833931000	107008
38.833934000	108416
38.833936000	109824
38.834120000	102784
38.834127000	104192
38.834130000	105600
38.834170000	107008
38.834174000	108416
38.834177000	109824
38.834258000	111232
38.834264000	112640
38.834267000	114048
38.834340000	115456
38.834346000	116864
38.834349000	118272
38.834422000	119680
38.834428000	121088
38.834430000	122496
38.834481000	123904
38.834485000	125312
38.834488000	126720
38.834549000	128128
38.834553000	129536
38.834555000	130944
38.834600000	132352
38.834603000	133760
38.834606000	135168
38.834780000	135168
38.834783000	136576
38.842901000	136576
38.842908000	137984
38.849876000	137984
38.849881000	139392
38.849893000	139392
38.849942000	130944
38.849945000	132352
38.849948000	133760
38.850033000	135168
38.850040000	136576
38.850042000	137984
38.850115000	139392
38.850122000	140800
38.850124000	142208
38.850200000	143616
38.850206000	145024
38.850212000	146432
38.850265000	147840
38.850269000	149248
38.850271000	150656
38.850758000	150656
38.850762000	152064
38.858835000	152064
38.858840000	153472
38.865868000	153472
38.865873000	154880
38.865886000	154880
38.865935000	146432
38.865938000	147840
38.865941000	149248
38.866056000	150656
38.866062000	152064
38.866064000	153472
38.866151000	154880
38.866154000	156288
38.866157000	157696
38.866240000	159104
38.866243000	160512
38.866246000	161920
38.866330000	163328
38.866334000	164736
38.866336000	166144
38.866910000	164736
38.866915000	166144
38.866917000	167552
38.867120000	156288
38.867129000	157696
38.867132000	159104
38.867180000	160512
38.867186000	161920
38.867190000	163328
38.867237000	164736
38.867240000	166144
38.867243000	167552
38.867289000	168960
38.867292000	170368
38.867295000	171776
38.867343000	173184
38.867346000	174592
38.867348000	176000
38.867397000	177408
38.867399000	178816
38.867402000	180224
38.867450000	181632
38.874801000	180224
38.874805000	181632
38.874808000	183040
38.874840000	184448
38.889936000	183040
38.889943000	184448
38.889947000	185856
38.890042000	161920
38.890046000	163328
38.890049000	164736
38.890129000	166144
38.890136000	167552
38.890138000	168960
38.890189000	170368
38.890192000	171776
38.890195000	173184
38.890258000	174592
38.890261000	176000
38.890264000	177408
38.890337000	178816
38.890340000	180224
38.890343000	181632
38.890388000	183040
38.890390000	184448
38.890393000	185856
38.890441000	187264
38.890444000	188672
38.890446000	190080
38.890495000	191488
38.890498000	192896
38.890500000	194304
38.890548000	195712
38.890551000	197120
38.890553000	198528
38.890609000	199936
38.890612000	201344
38.890615000	202752
38.890655000	204160
38.890659000	205568
38.890661000	206976
38.890708000	208384
38.890711000	209792
38.890713000	211200
38.890760000	212608
38.899799000	211200
38.899803000	212608
38.899807000	214016
38.899878000	215424
38.900005000	214016
38.900010000	215424
38.900013000	216832
38.900090000	215424
38.900093000	216832
38.900096000	218240
38.900200000	219648
38.900207000	221056
38.906846000	219648
38.906853000	221056
38.906857000	222464
38.907160000	205568
38.907169000	206976
38.907173000	208384
38.907218000	209792
38.907223000	211200
38.907227000	212608
38.907266000	214016
38.907273000	215424
38.907276000	216832
38.907315000	218240
38.907319000	219648
38.907323000	221056
38.907368000	222464
38.907372000	223872
38.907375000	225280
38.907423000	226688
38.907427000	228096
38.907430000	229504
38.907477000	230912
38.907481000	232320
38.907485000	233728
38.907530000	235136
38.907534000	236544
38.907538000	237952
38.907584000	239360
38.907588000	240768
38.907592000	242176
38.907822000	242176
38.907826000	243584
38.907842000	243584
38.907911000	235136
38.907915000	236544
38.907919000	237952
38.907963000	239360
38.907967000	240768
38.907971000	242176
38.908017000	243584
38.908022000	244992
38.908025000	246400
38.908072000	247808
38.908076000	249216
38.908079000	250624
38.908125000	252032
38.908129000	253440
38.908132000	254848
38.923030000	254848
38.923035000	256256
38.923048000	256256
38.923110000	244992
38.923113000	246400
38.923116000	247808
38.923226000	249216
38.923232000	250624
38.923235000	252032
38.923345000	253440
38.923352000	254848
38.923355000	256256
38.923465000	257664
38.923473000	259072
38.923479000	260480
38.923590000	261888
38.923596000	263296
38.923599000	264704
38.923656000	266112
38.923659000	267520
38.923662000	268928
38.923713000	270336
38.923886000	270336
38.923890000	271744
38.923906000	271744
38.923936000	270336
38.923938000	271744
38.923941000	273152
38.923988000	274560
38.923990000	275968
38.931872000	275968
38.931877000	277376
38.938975000	277376
38.938983000	278784
38.939000000	278784
38.939100000	264704
38.939105000	266112
38.939109000	267520
38.939156000	268928
38.939159000	270336
38.939163000	271744
38.939211000	273152
38.939215000	274560
38.939222000	275968
38.939266000	277376
38.939270000	278784
38.939274000	280192
38.939322000	281600
38.939325000	283008
38.939329000	284416
38.939379000	285824
38.939383000	287232
38.939386000	288640
38.939432000	290048
38.939436000	291456
38.939439000	292864
38.939485000	294272
38.939489000	295680
38.939851000	295680
38.939856000	297088
38.939870000	297088
38.940148000	291456
38.940154000	292864
38.940160000	294272
38.940207000	295680
38.940210000	297088
38.940213000	298496
38.940259000	299904
38.940262000	301312
38.940265000	302720
38.940313000	304128
38.940316000	305536
38.948897000	305536
38.948902000	306944
38.955818000	306944
38.955823000	308352
38.955834000	308352
38.955863000	302720
38.955881000	302720
38.955884000	304128
38.955887000	305536
38.955890000	306944
38.955933000	308352
38.955936000	309760
38.955939000	311168
38.955942000	312576
38.955984000	313984
38.955987000	315392
38.955990000	316800
38.955993000	318208
38.963841000	318208
38.963853000	319616
38.978850000	319616
38.978855000	321024
38.978867000	321024
38.978993000	302720
38.978997000	304128
38.978999000	305536
38.979030000	306944
38.979033000	308352
38.979036000	309760
38.979082000	311168
38.979085000	312576
38.979088000	313984
38.979135000	315392
38.979138000	316800
38.979141000	318208
38.979188000	319616
38.979191000	321024
38.979194000	322432
38.979240000	323840
38.979242000	325248
38.979245000	326656
38.979292000	328064
38.979295000	329472
38.979298000	330880
38.979357000	332288
38.979360000	333696
38.979363000	335104
38.979409000	336512
38.979412000	337920
38.979414000	339328
38.979462000	340736
38.979465000	342144
38.979948000	342144
38.979953000	343552
38.979968000	343552
38.980057000	322432
38.980061000	323840
38.980064000	325248
38.980112000	326656
38.980116000	328064
38.980120000	329472
38.980167000	330880
38.980171000	332288
38.980174000	333696
38.980224000	335104
38.980229000	336512
38.980233000	337920
38.980279000	339328
38.980284000	340736
38.980287000	342144
38.980335000	343552
38.980339000	344960
38.980342000	346368
38.980455000	347776
38.980461000	349184
38.980464000	350592
38.980497000	352000
38.980500000	353408
38.980503000	354816
38.980551000	356224
38.980554000	357632
38.980556000	359040
38.980604000	360448
38.980607000	361856
38.980610000	363264
38.980660000	364672
38.980662000	366080
38.980665000	367488
38.999909000	366080
38.999914000	367488
38.999917000	368896
38.999949000	361856
38.999952000	363264
38.999955000	364672
39.000040000	366080
39.000046000	367488
39.000049000	368896
39.000122000	370304
39.000129000	371712
39.000132000	373120
39.000204000	374528
39.000210000	375936
39.000213000	377344
39.000285000	378752
39.006847000	377344
39.006852000	378752
39.006856000	380160
39.007770000	356224
39.007776000	357632
39.007781000	359040
39.007836000	360448
39.007840000	361856
39.007844000	363264
39.007892000	364672
39.007897000	366080
39.007900000	367488
39.007948000	368896
39.007952000	370304
39.007956000	371712
39.008004000	373120
39.008009000	374528
39.008013000	375936
39.008059000	377344
39.008063000	378752
39.008067000	380160
39.008113000	381568
39.008117000	382976
39.008121000	384384
39.008167000	385792
39.008171000	387200
39.008175000	388608
39.008221000	390016
39.008225000	391424
39.008228000	392832
39.008275000	394240
39.008279000	395648
39.008283000	397056
39.008329000	398464
39.008333000	399872
39.008337000	401280
39.008383000	402688
39.008387000	404096
39.008390000	405504
39.008437000	406912
39.015038000	405504
39.015042000	406912
39.015045000	408320
39.015160000	409728
39.021896000	408320
39.021903000	409728
39.021908000	411136
39.021982000	395648
39.021986000	397056
39.021989000	398464
39.022035000	399872
39.022039000	401280
39.022042000	402688
39.022090000	404096
39.022094000	405504
39.022098000	406912
39.022145000	408320
39.022148000	409728
39.022152000	411136
39.022202000	412544
39.022206000	413952
39.022209000	415360
39.022257000	416768
39.022261000	418176
39.022265000	419584
39.022309000	420992
39.022313000	422400
39.022317000	423808
39.022363000	425216
39.022367000	426624
39.022370000	428032
39.022417000	429440
39.028903000	428032
39.028908000	429440
39.028911000	430848
39.028948000	423808
39.028951000	425216
39.028960000	426624
39.028998000	428032
39.029001000	429440
39.029004000	430848
39.029051000	432256
39.029054000	433664
39.029056000	435072
39.029102000	436480
39.029105000	437888
39.029108000	439296
39.029155000	440704
39.043946000	439296
39.043951000	440704
39.043954000	442112
39.044036000	422400
39.044040000	423808
39.044042000	425216
39.044127000	426624
39.044133000	428032
39.044135000	429440
39.044213000	430848
39.044219000	432256
39.044222000	433664
39.044301000	435072
39.044307000	436480
39.044310000	437888
39.044390000	439296
39.044396000	440704
39.044399000	442112
39.044479000	443520
39.044486000	444928
39.044489000	446336
39.044574000	447744
39.044580000	449152
39.044583000	450560
39.044615000	451968
39.044618000	453376
39.044621000	454784
39.044668000	456192
39.044672000	457600
39.044674000	459008
39.044722000	460416
39.044725000	461824
39.044727000	463232
39.044777000	464640
39.044901000	464640
39.044904000	466048
39.044914000	466048
39.044939000	467456
39.052844000	467456
39.052848000	468864
39.059998000	468864
39.060003000	470272
39.060014000	470272
39.060070000	460416
39.060073000	461824
39.060075000	463232
39.060165000	464640
39.060172000	466048
39.060174000	467456
39.060260000	468864
39.060266000	470272
39.060269000	471680
39.060349000	473088
39.060355000	474496
39.060358000	475904
39.060444000	477312
39.060450000	478720
39.060453000	480128
39.060533000	481536
39.060540000	482944
39.060886000	482944
39.060891000	484352
39.060903000	484352
39.060925000	482944
39.060928000	484352
39.060931000	485760
39.060977000	487168
39.060980000	488576
39.061784000	488576
39.061786000	489984
39.069904000	489984
39.069909000	491392
39.084956000	491392
39.084962000	492800
39.084974000	492800
39.085067000	471680
39.085071000	473088
39.085073000	474496
39.085163000	475904
39.085169000	477312
39.085172000	478720
39.085244000	480128
39.085251000	481536
39.085253000	482944
39.085337000	484352
39.085344000	485760
39.085346000	487168
39.085427000	488576
39.085433000	489984
39.085436000	491392
39.085519000	492800
39.085525000	494208
39.085528000	495616
39.085608000	497024
39.085614000	498432
39.085617000	499840
39.085650000	501248
39.085653000	502656
39.085656000	504064
39.085703000	505472
39.085706000	506880
39.085708000	508288
39.085756000	509696
39.085759000	511104
39.085762000	512512
39.085810000	513920
39.085813000	515328
39.085815000	516736
39.099989000	516736
39.099996000	518144
39.100014000	518144
39.100121000	502656
39.100126000	504064
39.100130000	505472
39.100175000	506880
39.100179000	508288
39.100183000	509696
39.100231000	511104
39.100235000	512512
39.100238000	513920
39.100285000	515328
39.100290000	516736
39.100293000	518144
39.100342000	519552
39.100346000	520960
39.100350000	522368
39.100397000	523776
39.100401000	525067
