1.702297000	1408
1.702307000	2816
1.702331000	4224
1.702334000	5632
1.702387000	7040
1.702390000	8448
1.702439000	9856
1.702441000	11264
1.702491000	12672
1.702494000	14080
1.829800000	14080
1.829803000	15488
1.830761000	15488
1.830766000	16896
1.830851000	16896
1.830855000	18304
1.836714000	18304
1.836720000	19712
1.836905000	12672
1.836909000	14080
1.836969000	15488
1.836973000	16896
1.837024000	18304
1.837028000	19712
1.837080000	21120
1.837085000	22528
1.837136000	23936
1.837141000	25344
1.837193000	26752
1.837197000	28160
1.946678000	29568
1.953725000	28160
1.953730000	29568
1.953892000	22528
1.953896000	23936
1.953947000	25344
1.953951000	26752
1.954037000	28160
1.954044000	29568
1.954124000	30976
1.954130000	32384
1.954223000	33792
1.954230000	35200
1.954256000	36608
1.954259000	38016
1.955585000	38016
1.955589000	39424
1.963628000	39424
1.963635000	40832
1.970623000	40832
1.970630000	42240
1.970749000	39424
1.970752000	40832
2.089643000	32384
2.089647000	33792
2.089696000	35200
2.089699000	36608
2.089785000	38016
2.089791000	39424
2.089894000	40832
2.089897000	42240
2.089977000	43648
2.089984000	45056
2.090069000	46464
2.090075000	47872
2.090160000	49280
2.090166000	50688
2.090251000	52096
2.090258000	53504
2.090293000	54912
2.090296000	56320
2.090595000	56320
2.090598000	57728
2.096744000	57728
2.096747000	59136
2.096926000	50688
2.096928000	52096
2.096971000	53504
2.096974000	54912
2.097023000	56320
2.097026000	57728
2.097076000	59136
2.097079000	60544
2.097129000	61952
2.097131000	63360
2.097182000	64768
2.097185000	66176
2.097235000	67584
2.097238000	68992
2.097651000	68992
2.097654000	70400
2.097707000	63360
2.097709000	64768
2.097760000	66176
2.097762000	67584
2.097812000	68992
2.097815000	70400
2.097864000	71808
2.097867000	73216
2.097917000	74624
2.097920000	76032
2.097970000	77440
2.097972000	78848
2.112589000	78848
2.112593000	80256
2.112743000	80256
2.112748000	81664
2.112896000	78848
2.112900000	80256
2.112946000	81664
2.112949000	83072
2.113045000	84480
2.113051000	85888
2.113582000	85888
2.113586000	87296
2.228677000	87296
2.228681000	88704
2.228927000	81664
2.228930000	83072
2.228975000	84480
2.228978000	85888
2.229095000	87296
2.229102000	88704
2.229212000	90112
2.229218000	91520
2.229329000	92928
2.229335000	94336
2.229446000	95744
2.229452000	97152
2.229536000	97152
2.229540000	98560
2.237629000	98560
2.237634000	99968
2.244702000	99968
2.244707000	101376
2.244922000	92928
2.244925000	94336
2.244972000	95744
2.244975000	97152
2.245070000	98560
2.245076000	99968
2.245161000	101376
2.245167000	102784
2.245253000	104192
2.245259000	105600
2.245344000	107008
2.245350000	108416
2.245440000	109824
2.245446000	111232
2.245678000	109824
2.245683000	111232
2.245718000	109824
2.245721000	111232
2.245773000	112640
2.245776000	114048
2.245823000	115456
2.245826000	116864
2.252686000	115456
2.252692000	116864
2.252726000	118272
2.252730000	119680
2.267697000	111232
2.267702000	112640
2.267801000	98560
2.267804000	99968
2.267921000	101376
2.267928000	102784
2.267957000	104192
2.267960000	105600
2.268008000	107008
2.268010000	108416
2.268063000	109824
2.268066000	111232
2.268113000	112640
2.268115000	114048
2.268166000	115456
2.268175000	116864
2.268219000	118272
2.268223000	119680
2.268271000	121088
2.268274000	122496
2.268324000	123904
2.268326000	125312
2.268376000	126720
2.268379000	128128
2.268430000	129536
2.268433000	130944
2.268483000	132352
2.268486000	133760
2.268536000	135168
2.268538000	136576
2.268598000	136576
2.268601000	137984
2.268642000	137984
2.268645000	139392
2.268694000	140800
2.268697000	142208
2.268747000	143616
2.268750000	145024
2.268800000	146432
2.268802000	147840
2.276694000	147840
2.276700000	149248
2.283695000	149248
2.283699000	150656
2.283760000	139392
2.283763000	140800
2.283857000	142208
2.283864000	143616
2.283949000	145024
2.283955000	146432
2.284079000	147840
2.284085000	149248
2.284165000	150656
2.284171000	152064
2.284256000	153472
2.284262000	154880
2.284352000	156288
2.284360000	157696
2.284394000	159104
2.284397000	160512
2.284448000	161920
2.284452000	163328
2.284667000	163328
2.284672000	164736
2.284715000	161920
2.284722000	163328
2.284769000	164736
2.284773000	166144
2.284823000	167552
2.284827000	168960
2.292574000	168960
2.292578000	170368
2.299753000	170368
2.299758000	171776
2.299825000	170368
2.299827000	171776
2.299921000	173184
2.299928000	174592
2.414862000	174592
2.414865000	176000
2.414908000	176000
2.414911000	177408
2.429763000	176000
2.429768000	177408
2.429977000	159104
2.429984000	160512
2.430051000	161920
2.430058000	163328
2.430138000	164736
2.430144000	166144
2.430229000	167552
2.430235000	168960
2.430318000	170368
2.430324000	171776
2.430410000	173184
2.430416000	174592
2.430451000	176000
2.430454000	177408
2.430505000	178816
2.430507000	180224
2.430574000	178816
2.430577000	180224
2.430621000	181632
2.430624000	183040
2.430668000	184448
2.430670000	185856
2.430721000	187264
2.430724000	188672
2.430774000	190080
2.430777000	191488
2.430827000	192896
2.430830000	194304
2.430879000	195712
2.430882000	197120
2.430933000	198528
2.430936000	199936
2.430985000	201344
2.430987000	202752
2.438555000	201344
2.438559000	202752
2.438586000	204160
2.438593000	205568
2.445659000	204160
2.445664000	205568
2.445728000	192896
2.445731000	194304
2.445822000	195712
2.445828000	197120
2.445908000	198528
2.445914000	199936
2.446102000	201344
2.446106000	202752
2.446156000	204160
2.446159000	205568
2.446254000	206976
2.446260000	208384
2.446313000	209792
2.446317000	211200
2.446364000	212608
2.446367000	214016
2.446418000	215424
2.446421000	216832
2.446472000	218240
2.446474000	219648
2.446526000	221056
2.446528000	222464
2.459630000	221056
2.459636000	222464
2.459674000	215424
2.459677000	216832
2.459771000	218240
2.459777000	219648
2.459863000	221056
2.459869000	222464
2.459964000	223872
2.459971000	225280
2.460056000	226688
2.460063000	228096
2.460103000	229504
2.460108000	230912
2.460159000	232320
2.460164000	233728
2.466602000	221056
2.466605000	222464
2.466819000	223872
2.466823000	225280
2.466868000	226688
2.466871000	228096
2.466920000	229504
2.466923000	230912
2.466974000	232320
2.466976000	233728
2.467027000	235136
2.467030000	236544
2.467100000	237952
2.467105000	239360
2.467139000	240768
2.467143000	242176
2.467197000	243584
2.467200000	244992
2.467249000	246400
2.467252000	247808
2.474623000	247808
2.474627000	249216
2.481781000	249216
2.481786000	250624
2.481834000	243584
2.481837000	244992
2.481925000	246400
2.481931000	247808
2.482009000	249216
2.482015000	250624
2.482091000	252032
2.482097000	253440
2.482699000	253440
2.490675000	253440
2.497680000	253440
2.497692000	253440
2.497740000	240768
2.497744000	242176
2.497849000	242176
2.497853000	243584
2.497887000	242176
2.497891000	243584
2.497985000	244992
2.497991000	246400
2.498074000	247808
2.498080000	249216
2.498163000	250624
2.498169000	252032
2.498251000	253440
2.498258000	254848
2.498554000	254848
2.498563000	254848
2.498651000	254848
2.498658000	254848
2.498706000	252032
2.498708000	253440
2.498760000	249216
2.498765000	250624
2.498811000	252032
2.498814000	253440
2.498865000	254848
2.504655000	254848
2.511722000	254848
2.511733000	254848
2.511760000	250624
2.511763000	252032
2.511857000	253440
2.511863000	254848
2.526643000	254848
2.526650000	256256
2.526681000	252032
2.526684000	253440
2.526732000	254848
2.526736000	256256
2.526788000	256256
2.526795000	256256
2.526837000	247808
2.526839000	249216
2.526892000	250624
2.526895000	252032
2.526942000	253440
2.526945000	254848
2.526996000	256256
2.527600000	256256
2.527612000	256256
2.527634000	254848
2.527638000	256256
2.527752000	256256
2.527762000	256256
2.527804000	252032
2.527808000	253440
2.527859000	254848
2.527863000	256256
2.527914000	257664
2.528564000	256256
2.528568000	257664
2.559636000	256256
2.559641000	257664
2.583653000	257664
2.644768000	256256
2.644773000	257664
2.644840000	256256
2.644843000	257664
2.667670000	256256
2.667675000	257664
2.667739000	253440
2.667743000	254848
2.667784000	256256
2.667787000	257664
2.668717000	256256
2.668722000	257664
2.668751000	250624
2.668754000	252032
2.668849000	253440
2.668855000	254848
2.668940000	256256
2.668946000	257664
2.669031000	259072
2.683592000	257664
2.683596000	259072
2.691656000	257664
2.691660000	259072
2.698713000	257664
2.698718000	259072
2.699019000	237952
2.699022000	239360
2.699070000	240768
2.699073000	242176
2.699137000	243584
2.699141000	244992
2.699221000	246400
2.699227000	247808
2.699302000	249216
2.699308000	250624
2.699385000	252032
2.699391000	253440
2.699471000	254848
2.699477000	256256
2.699562000	257664
2.699569000	259072
2.699604000	260480
2.699724000	259072
2.699728000	260480
2.707588000	259072
2.707592000	260480
2.714711000	259072
2.714716000	260480
2.714767000	244992
2.714770000	246400
2.714819000	247808
2.714821000	249216
2.714872000	250624
2.714875000	252032
2.714926000	253440
2.714928000	254848
2.714979000	256256
2.714982000	257664
2.715033000	259072
2.715036000	260480
2.715098000	261888
2.722633000	260480
2.722638000	261888
2.729697000	260480
2.729704000	261888
2.729743000	254848
2.729747000	256256
2.729798000	257664
2.729802000	259072
2.729853000	260480
2.729858000	261888
2.744600000	260480
2.744605000	261888
2.744637000	252032
2.744640000	253440
2.744728000	254848
2.744734000	256256
2.744809000	257664
2.744815000	259072
2.744890000	260480
2.744896000	261888
2.744971000	263296
2.745702000	261888
2.745707000	263296
2.745737000	261888
2.745740000	263296
2.759674000	261888
2.759679000	263296
2.759722000	261888
2.759725000	263296
2.766610000	261888
2.766617000	263296
2.766679000	249216
2.766683000	250624
2.766734000	252032
2.766738000	253440
2.766790000	254848
2.766802000	256256
2.766846000	257664
2.766850000	259072
2.766898000	260480
2.766902000	261888
2.766953000	263296
2.766957000	264704
2.767675000	264704
2.767686000	264704
2.767717000	263296
2.767720000	264704
2.774625000	264704
2.774637000	264704
2.774660000	263296
2.774663000	264704
2.774779000	264704
2.774789000	264704
2.782707000	264704
2.789660000	264704
2.789672000	264704
2.789696000	261888
2.789699000	263296
2.789794000	264704
2.789800000	266112
2.790586000	266112
2.790598000	266112
2.806730000	266112
2.813792000	266112
2.813809000	266112
2.813842000	260480
2.813845000	261888
2.813941000	263296
2.813947000	264704
2.814035000	266112
2.814661000	266112
2.814672000	266112
2.814695000	266112
2.820651000	266112
2.820666000	266112
2.820706000	261888
2.820710000	263296
2.820761000	264704
2.820765000	266112
2.820817000	267520
2.821674000	267520
2.821685000	267520
2.821710000	264704
2.821713000	266112
2.821807000	267520
2.829656000	267520
2.836806000	267520
2.836817000	267520
2.836857000	257664
2.836860000	259072
2.836955000	260480
2.836962000	261888
2.837047000	263296
2.837053000	264704
2.837136000	266112
2.837142000	267520
2.837650000	267520
2.837662000	267520
2.837688000	268928
2.845633000	268928
2.860697000	268928
2.860709000	268928
2.861079000	252032
2.861083000	253440
2.868631000	249216
2.868638000	250624
2.868672000	252032
2.868676000	253440
2.868724000	254848
2.868728000	256256
2.868780000	257664
2.868784000	259072
2.868837000	260480
2.868840000	261888
2.868892000	263296
2.868895000	264704
2.868947000	266112
2.868951000	267520
2.869001000	268928
2.869004000	270336
2.875589000	270336
2.875600000	270336
2.875629000	266112
2.875632000	267520
2.875737000	267520
2.875742000	268928
2.876620000	266112
2.876627000	267520
2.876664000	268928
2.876668000	270336
2.919597000	270336
2.986717000	270336
2.986729000	270336
2.986795000	268928
2.986798000	270336
3.021750000	270336
3.021757000	270336
3.021785000	270336
3.029632000	270336
3.036755000	270336
3.036760000	271744
3.036816000	268928
3.036818000	270336
3.036907000	271744
3.044620000	271744
3.044766000	271744
3.044777000	271744
3.059623000	271744
3.059634000	271744
3.059691000	261888
3.059693000	263296
3.059787000	264704
3.059793000	266112
3.059874000	267520
3.059881000	268928
3.059966000	270336
3.059972000	271744
3.074688000	271744
3.074700000	271744
3.074738000	263296
3.074740000	264704
3.074860000	266112
3.074866000	267520
3.074950000	268928
3.074954000	270336
3.074986000	271744
3.074989000	273152
3.075678000	273152
3.075689000	273152
3.075724000	266112
3.075727000	267520
3.075778000	268928
3.075781000	270336
3.075829000	271744
3.075833000	273152
3.076544000	273152
3.076552000	273152
3.076590000	271744
3.076593000	273152
3.077687000	273152
3.077699000	273152
3.084628000	273152
3.084633000	274560
3.084682000	267520
3.084685000	268928
3.084740000	270336
3.084743000	271744
3.084798000	273152
3.084800000	274560
3.092729000	274560
3.099698000	274560
3.099712000	274560
3.099746000	268928
3.099749000	270336
3.099851000	271744
3.099864000	273152
3.099893000	274560
3.107609000	274560
3.114744000	274560
3.114757000	274560
3.114818000	256256
3.114821000	257664
3.114893000	259072
3.114896000	260480
3.114946000	261888
3.114949000	263296
3.114998000	264704
3.115001000	266112
3.115052000	267520
3.115055000	268928
3.115106000	270336
3.115109000	271744
3.115159000	273152
3.115162000	274560
3.115214000	275968
3.115623000	275968
3.115630000	275968
3.115676000	267520
3.115679000	268928
3.115730000	270336
3.115732000	271744
3.115783000	273152
3.115785000	274560
3.115837000	275968
3.115839000	277376
3.139719000	277376
3.146745000	277376
3.146762000	277376
3.146788000	275968
3.146792000	277376
3.147654000	266112
3.147659000	267520
3.147736000	246400
3.147740000	247808
3.147792000	249216
3.147796000	250624
3.147847000	252032
3.147851000	253440
3.147903000	254848
3.147907000	256256
3.147959000	257664
3.147963000	259072
3.148015000	260480
3.148020000	261888
3.148071000	263296
3.148074000	264704
3.148124000	266112
3.148129000	267520
3.148178000	268928
3.148182000	270336
3.148232000	271744
3.148235000	273152
3.148284000	274560
3.148287000	275968
3.148339000	277376
3.148341000	278784
3.148570000	277376
3.148573000	278784
3.148616000	277376
3.148619000	278784
3.179732000	277376
3.179737000	278667
