6.527457000	1388
6.527468000	2776
6.527498000	4164
6.527502000	5552
6.527556000	6940
6.527562000	8328
6.527600000	9716
6.527602000	11104
6.527653000	12492
6.527656000	13880
6.561952000	13880
6.561957000	15268
6.561986000	15268
6.561989000	16656
6.566936000	16656
6.566940000	18044
6.566975000	18044
6.566978000	19432
6.569984000	19432
6.569989000	20820
6.570138000	15268
6.570142000	16656
6.570181000	18044
6.570184000	19432
6.570278000	20820
6.570283000	22208
6.570368000	23596
6.570374000	24984
6.570410000	26372
6.570413000	27760
6.606987000	27760
6.606992000	29148
6.607013000	29148
6.607016000	30536
6.610123000	30536
6.610128000	31924
6.610241000	27760
6.610244000	29148
6.610282000	30536
6.610285000	31924
6.610381000	33312
6.610387000	34700
6.610472000	36088
6.610478000	37476
6.611996000	37476
6.612001000	38864
6.612033000	38864
6.612036000	40252
6.616918000	40252
6.616923000	41640
6.616948000	40252
6.616951000	41640
6.617040000	43028
6.617046000	44416
6.621965000	44416
6.621970000	45804
6.622024000	45804
6.622027000	47192
6.624975000	47192
6.624980000	48580
6.625008000	45804
6.625010000	47192
6.625063000	47192
6.625066000	48580
6.625158000	48580
6.625164000	49968
6.625239000	51356
6.625245000	52744
6.625320000	54132
6.625326000	55520
6.641881000	55520
6.641886000	56908
6.641915000	56908
6.641918000	58296
6.644989000	58296
6.644994000	59684
6.645022000	56908
6.645025000	58296
6.645113000	59684
6.645119000	61072
6.645194000	62460
6.645200000	63848
6.647036000	63848
6.647040000	65236
6.647065000	63848
6.647067000	65236
6.647179000	66624
6.647185000	68012
6.652009000	68012
6.652013000	69400
6.652046000	69400
6.652049000	70788
6.664121000	70788
6.664126000	72176
6.664289000	58296
6.664293000	59684
6.664340000	61072
6.664343000	62460
6.664443000	63848
6.664450000	65236
6.664536000	66624
6.664542000	68012
6.664622000	69400
6.664628000	70788
6.664714000	72176
6.664720000	73564
6.664802000	74952
6.664808000	76340
6.664893000	77728
6.664908000	79116
6.664935000	80504
6.664938000	81892
6.664988000	83280
6.664991000	84668
6.665040000	86056
6.665043000	87444
6.668051000	87444
6.668054000	88832
6.668169000	88832
6.668172000	90220
6.668217000	88832
6.668219000	90220
6.668271000	91608
6.668274000	92996
6.672957000	92996
6.672961000	94384
6.672989000	91608
6.672992000	92996
6.673080000	94384
6.673086000	95772
6.673161000	97160
6.673167000	98548
6.678540000	98548
6.678545000	99936
6.678714000	87444
6.678718000	88832
6.678764000	90220
6.678767000	91608
6.678856000	92996
6.678862000	94384
6.678947000	95772
6.678953000	97160
6.679041000	98548
6.679048000	99936
6.679140000	101324
6.679147000	102712
6.679232000	104100
6.679240000	105488
6.679324000	106876
6.679332000	108264
6.679364000	109652
6.679367000	111040
6.679417000	112428
6.679420000	113816
6.682212000	94384
6.682215000	95772
6.682218000	97160
6.682248000	97160
6.682251000	98548
6.682253000	99936
6.682301000	101324
6.682304000	102712
6.682306000	104100
6.682354000	105488
6.682356000	106876
6.682359000	108264
6.682407000	109652
6.682410000	111040
6.682412000	112428
6.682461000	113816
6.682463000	115204
6.682466000	116592
6.682514000	117980
6.682517000	119368
6.682519000	120756
6.682568000	122144
6.682570000	123532
6.682572000	124920
6.682621000	126308
6.682624000	127696
6.682626000	129084
6.682675000	130472
6.682677000	131860
6.682679000	133248
6.682729000	134636
6.682731000	136024
6.686964000	136024
6.686969000	137412
6.686980000	137412
6.687126000	138800
6.691996000	138800
6.692001000	140188
6.692011000	140188
6.692025000	141576
6.701955000	141576
6.701960000	142964
6.704058000	142964
6.704063000	144352
6.704073000	144352
6.704079000	144352
6.704104000	141576
6.704107000	142964
6.704110000	144352
6.704112000	145740
6.704154000	147128
6.704156000	148516
6.704159000	149904
6.704161000	151292
6.714941000	151292
6.714946000	152680
6.714954000	152680
6.714957000	154068
6.714988000	151292
6.714991000	152680
6.714994000	154068
6.715029000	155456
6.715032000	156844
6.715035000	158232
6.715086000	158232
6.715089000	159620
6.715106000	133248
6.715109000	134636
6.715136000	112428
6.715148000	113816
6.715150000	115204
6.715153000	116592
6.715156000	117980
6.715292000	119368
6.715300000	120756
6.715303000	122144
6.715306000	123532
6.715309000	124920
6.715364000	126308
6.715367000	127696
6.715370000	129084
6.715373000	130472
6.715383000	131860
6.715389000	133248
6.715395000	134636
6.715446000	136024
6.715451000	137412
6.715455000	138800
6.715459000	140188
6.715462000	141576
6.715501000	142964
6.715505000	144352
6.715509000	145740
6.715512000	147128
6.715516000	148516
6.715555000	149904
6.715559000	151292
6.715562000	152680
6.715566000	154068
6.715569000	155456
6.715612000	156844
6.715616000	158232
6.715620000	159620
6.715624000	161008
6.715627000	162396
6.715668000	163784
6.715671000	165172
6.715675000	166560
6.715679000	167948
6.715682000	169336
6.715724000	170724
6.715728000	172112
6.715732000	173500
6.715736000	174888
6.715780000	176276
6.715784000	177664
6.715788000	179052
6.715792000	180440
6.715796000	181828
6.715834000	183216
6.715838000	184604
6.715848000	185992
6.715853000	187380
6.715857000	188768
6.715886000	190156
6.715891000	191544
6.715894000	192932
6.715898000	194320
6.715939000	195708
6.715943000	197096
6.715947000	198484
6.715950000	199872
6.715991000	201260
6.715995000	202648
6.715999000	204036
6.716002000	205424
6.716006000	206812
6.716044000	208200
6.716048000	209588
6.716051000	210976
6.725004000	183216
6.725009000	184604
6.725011000	185992
6.725014000	187380
6.725017000	188768
6.725046000	155456
6.725320000	156844
6.725323000	158232
6.725326000	159620
6.725329000	161008
6.725332000	162396
6.725335000	163784
6.725380000	165172
6.725383000	166560
6.725385000	167948
6.725388000	169336
6.725390000	170724
6.725502000	172112
6.725508000	173500
6.725511000	174888
6.725513000	176276
6.725516000	177664
6.725519000	179052
6.725584000	180440
6.725587000	181828
6.725590000	183216
6.725592000	184604
6.725596000	185992
6.725598000	187380
6.725657000	188768
6.725661000	190156
6.725663000	191544
6.725666000	192932
6.725669000	194320
6.725671000	195708
6.725756000	197096
6.725759000	198484
6.725762000	199872
6.725765000	201260
6.725767000	202648
6.725770000	204036
6.725793000	205424
6.725795000	206812
6.727354000	205424
6.727357000	206812
6.727359000	208200
6.727362000	209588
6.727370000	208200
6.727372000	209588
6.727398000	210976
6.727401000	212364
6.729969000	210976
6.729974000	212364
6.729978000	213752
6.729982000	215140
6.736964000	215140
6.736969000	216528
6.736972000	217916
6.736975000	219304
6.736978000	220692
6.736980000	222080
6.736989000	222080
6.737003000	223468
6.737006000	224856
6.737009000	226244
6.737012000	227632
6.737100000	229020
6.737106000	230408
6.737109000	231796
6.737112000	233184
6.737114000	234572
6.737117000	235960
6.737120000	237348
6.737154000	238736
6.737157000	240124
6.737160000	241512
6.746954000	241512
6.746959000	242900
6.746962000	244288
6.746970000	244288
6.746973000	245676
6.751914000	244288
6.751919000	245676
6.752162000	244288
6.752165000	245676
6.752935000	244288
6.752939000	245676
6.752946000	244288
6.752949000	245676
6.752957000	244288
6.752959000	245676
6.753004000	241512
6.753006000	242900
6.753009000	244288
6.753011000	245676
6.756931000	244288
6.756936000	245676
6.756945000	244288
6.756947000	245676
6.761974000	244288
6.761979000	245676
6.761988000	244288
6.761991000	245676
6.762947000	242900
6.762951000	244288
6.762953000	245676
6.766887000	244288
6.766891000	245676
6.766899000	244288
6.766902000	245676
6.771990000	244288
6.771995000	245676
6.772005000	244288
6.772008000	245676
6.772960000	242900
6.772965000	244288
6.772968000	245676
6.772988000	223468
6.772992000	224856
6.772995000	226244
6.772999000	227632
6.773540000	223468
6.773546000	224856
6.773549000	226244
6.773552000	227632
6.773555000	229020
6.773558000	230408
6.773620000	231796
6.773624000	233184
6.773628000	234572
6.773631000	235960
6.773635000	237348
6.773639000	238736
6.773886000	240124
6.773891000	241512
6.773895000	242900
6.773899000	244288
6.773903000	245676
6.773907000	247064
6.774149000	248452
6.774153000	249840
6.774157000	251228
6.774161000	252616
6.774165000	254004
6.774168000	255392
6.774412000	256780
6.793002000	256780
6.793014000	258168
6.793017000	259556
6.793027000	259556
6.793030000	260944
6.793033000	262332
6.793093000	259556
6.793096000	260944
6.793099000	262332
6.793102000	263720
6.793105000	265108
6.793165000	266496
6.793168000	267884
6.793170000	269272
6.793173000	270660
6.793176000	272048
6.796950000	272048
6.796954000	273436
6.796957000	274824
6.796966000	274824
6.796969000	276212
6.796993000	277600
6.800914000	277600
6.800919000	278988
6.800921000	280376
6.800930000	280376
6.800933000	281764
6.800959000	283152
6.802028000	283152
6.802033000	284540
6.802035000	285928
6.802045000	285928
6.802047000	287316
6.802199000	288704
6.803046000	288704
6.803051000	290092
6.803053000	291480
6.803062000	291480
6.803064000	292868
6.803083000	291480
6.803086000	292868
6.803089000	294256
6.803091000	295644
6.803172000	297032
6.803178000	298420
6.803181000	299808
6.803184000	301196
6.841949000	301196
6.841954000	302584
6.841956000	303972
6.841965000	303972
6.841987000	305360
6.841990000	306748
6.842889000	306748
6.842892000	308136
6.842895000	309524
6.842902000	309524
6.842932000	309524
6.842934000	310912
6.842937000	312300
6.842940000	313688
6.842982000	313688
6.842985000	315076
6.842987000	316464
6.842990000	317852
6.846915000	317852
6.846920000	319240
6.846923000	320628
6.846931000	320628
6.846948000	320628
6.846951000	322016
6.847039000	323404
6.847045000	324792
6.847048000	326180
6.851964000	326180
6.851968000	327568
6.851971000	328956
6.852014000	328956
6.852018000	330344
6.852020000	331732
6.852103000	333120
6.855029000	333120
6.855034000	334508
6.855037000	335896
6.855066000	331732
6.855069000	333120
6.855071000	334508
6.855165000	333120
6.855169000	334508
6.855172000	335896
6.855298000	331732
6.855303000	333120
6.855306000	334508
6.855338000	328956
6.855341000	330344
6.855344000	331732
6.855439000	331732
6.855444000	333120
6.855447000	334508
6.855534000	327568
6.855537000	328956
6.855540000	330344
6.855587000	328956
6.855590000	330344
6.855593000	331732
6.855640000	333120
6.855642000	334508
6.855645000	335896
6.855693000	337284
6.855695000	338672
6.855698000	340060
6.855747000	341448
6.855750000	342836
6.855752000	344224
6.855800000	345612
6.855803000	347000
6.855805000	348388
6.855853000	349776
6.855856000	351164
6.855859000	352552
6.855907000	353940
6.855909000	355328
6.855912000	356716
6.855963000	356716
6.855965000	358104
6.855968000	359492
6.856015000	358104
6.856018000	359492
6.856021000	360880
6.856068000	362268
6.856070000	363656
6.856073000	365044
6.856121000	366432
6.856124000	367820
6.856126000	369208
6.856175000	370596
6.856177000	371984
6.856180000	373372
6.856228000	374760
6.856230000	376148
6.856233000	377536
6.856283000	378924
6.856286000	380312
6.856289000	381700
6.856335000	383088
6.856338000	384476
6.856341000	385864
6.856389000	387252
6.856392000	388640
6.856395000	390028
6.856442000	391416
6.856445000	392804
6.856447000	394192
6.856496000	395580
6.856499000	396968
6.856501000	398356
6.856549000	399744
6.856552000	401132
6.856554000	402520
6.856602000	403908
6.856605000	405296
6.856608000	406684
6.856656000	408072
6.856658000	409460
6.856661000	410848
6.856717000	412236
6.856721000	413624
6.856894000	413624
6.856898000	415012
6.856901000	416400
6.856942000	416400
6.856945000	417788
6.856948000	419176
6.860008000	419176
6.860012000	420564
6.860016000	421952
6.860058000	420564
6.860062000	421952
6.860066000	423340
6.860112000	419176
6.860116000	420564
6.860119000	421952
6.860168000	420564
6.860172000	421952
6.860176000	423340
6.860222000	421952
6.860226000	423340
6.860230000	424728
6.860276000	423340
6.860280000	424728
6.860283000	426116
6.860331000	424728
6.860336000	426116
6.860339000	427504
6.860381000	427504
6.860385000	428892
6.860389000	430280
6.860435000	431668
6.860439000	433056
6.860443000	434444
6.860497000	434444
6.860501000	435832
6.860505000	437220
6.860545000	437220
6.860549000	438608
6.860553000	439996
6.860605000	439996
6.860610000	441384
6.860613000	442772
6.860655000	442772
6.860659000	444160
6.860663000	445548
6.860708000	446936
6.860712000	448324
6.860716000	449712
6.860768000	449712
6.860772000	451100
6.860775000	452488
6.860816000	452488
6.860820000	453876
6.860824000	455264
6.860874000	455264
6.860878000	456652
6.860882000	458040
6.860885000	459428
6.860926000	459428
6.860930000	460816
6.860934000	462204
6.860938000	463592
6.860979000	464980
6.860983000	466368
6.860987000	467756
6.860991000	469144
6.861037000	469144
6.861040000	470532
6.861044000	471920
6.861048000	473308
6.861087000	473308
6.861091000	474696
6.861094000	476084
6.861098000	477472
6.861143000	478860
6.861146000	480248
6.861150000	481636
6.861950000	481636
6.861954000	483024
6.861962000	483024
6.861964000	484412
6.864974000	484412
6.864978000	485800
6.864988000	485800
6.864992000	487188
6.865017000	487188
6.865021000	488576
6.865073000	488576
6.865077000	489964
6.865086000	489964
6.865090000	491352
6.865127000	491352
6.865131000	492740
6.865141000	492740
6.865145000	494128
6.865176000	492740
6.865180000	494128
6.865183000	495516
6.865187000	496904
6.865233000	496904
6.865236000	498292
6.865244000	498292
6.865246000	499680
6.865279000	498292
6.865282000	499680
6.865285000	501068
6.865288000	502456
6.865334000	502456
6.865337000	503844
6.865344000	503844
6.865347000	505232
6.865385000	502456
6.865388000	503844
6.865391000	505232
6.865393000	506620
6.865439000	505232
6.865441000	506620
6.865444000	508008
6.865446000	509396
6.865489000	509396
6.865491000	510784
6.865494000	512172
6.865497000	513560
6.865543000	513560
6.865546000	514948
6.865553000	514948
6.865556000	516336
6.865596000	513560
6.865598000	514948
6.865601000	516336
6.865604000	517724
6.865646000	517724
6.865649000	519112
6.865651000	520500
6.865654000	521888
6.865701000	521888
6.865703000	523276
6.865711000	523276
6.865714000	524664
6.865752000	521888
6.865755000	523276
6.865758000	524664
6.865760000	526052
6.865804000	526052
6.865807000	527440
6.865809000	528828
6.865812000	530216
6.865857000	527440
6.865860000	528343
