0.719503000	1388
0.719514000	2776
0.719639000	4164
0.719647000	5552
0.719792000	6940
0.719798000	8328
0.719902000	9716
0.719907000	11104
0.719999000	12492
0.720004000	13880
1.267416000	15268
1.331878000	15268
1.331890000	15268
1.331988000	15268
1.331995000	16656
1.332026000	18044
1.333020000	18044
1.333025000	19432
1.333057000	19432
1.333060000	20820
1.337011000	20820
1.337015000	22208
1.337608000	18044
1.337612000	19432
1.337657000	20820
1.337660000	22208
1.337758000	23596
1.337763000	24984
1.337845000	26372
1.337850000	27760
1.597149000	27760
1.597151000	29148
1.598745000	12492
1.598750000	13880
1.598954000	15268
1.598958000	16656
1.598965000	16656
1.599026000	18044
1.599031000	19432
1.678060000	20820
1.678973000	22208
1.679125000	23596
1.679131000	24984
1.687013000	26372
1.687021000	27760
1.687110000	9716
1.687114000	11104
1.687224000	12492
1.687228000	13880
1.687273000	15268
1.687325000	16656
1.687378000	18044
1.687380000	19432
1.687433000	20820
1.687435000	22208
1.687483000	23596
2.003442000	24984
2.018019000	23596
2.018937000	23596
2.018952000	23596
2.018975000	23596
2.019037000	23596
2.027973000	23596
2.027986000	23596
2.028986000	23596
2.029017000	23596
2.029046000	22208
2.029050000	23596
2.032984000	23596
2.032997000	23596
2.033022000	24984
2.038018000	24984
2.038030000	24984
2.038955000	24984
2.325244000	24984
2.345436000	24984
2.347980000	24984
2.347995000	24984
2.348020000	24984
2.348943000	24984
2.351589000	24984
2.351601000	24984
2.351701000	24984
2.352999000	24984
2.353059000	24984
2.357988000	24984
2.358001000	24984
2.359012000	24984
2.359024000	24984
2.359178000	26372
2.366692000	23596
2.366696000	24984
2.367032000	26372
2.488048000	24984
2.488051000	26372
2.489218000	24984
2.489223000	26372
2.489265000	22208
2.489269000	23596
2.489363000	24984
2.489369000	26372
2.492982000	24984
2.492988000	26372
2.497986000	23596
2.497990000	24984
2.498099000	23596
2.498104000	24984
2.498162000	26372
2.499051000	24984
2.499056000	26372
2.499110000	24984
2.499113000	26372
2.499156000	27760
2.626036000	26372
2.626039000	27760
2.626075000	18044
2.626078000	19432
2.626211000	20820
2.626214000	22208
2.626236000	23596
2.626347000	24984
2.626350000	26372
2.626384000	27760
2.627946000	26372
2.627948000	27760
2.627985000	24984
2.627988000	26372
2.628041000	27760
2.632985000	22208
2.632990000	23596
2.633018000	24984
2.633021000	26372
2.633084000	27760
2.633087000	29148
2.769092000	27760
2.769095000	29148
2.773030000	27760
2.773035000	29148
2.778004000	27760
2.778009000	29148
2.778983000	27760
2.778987000	29148
2.779031000	27760
2.779035000	29148
2.782978000	27760
2.782983000	29148
2.786985000	27760
2.786992000	29148
2.787040000	20820
2.787044000	22208
2.787100000	23596
2.787104000	24984
2.787134000	26372
2.787139000	27760
2.787195000	29148
2.787199000	30536
2.918010000	29148
2.918016000	30536
2.919034000	29148
2.919048000	30536
2.923068000	24984
2.923073000	26372
2.923102000	27760
2.923105000	29148
2.923177000	30536
2.926023000	24984
2.926026000	26372
2.926050000	27760
2.926053000	29148
2.926097000	30536
2.929003000	29148
2.929008000	30536
2.929041000	26372
2.929044000	27760
2.929142000	29148
2.929150000	30536
2.937931000	29148
2.937938000	30536
2.937990000	31924
3.061293000	30536
3.061298000	31924
3.061424000	30536
3.061428000	31924
3.067230000	30536
3.067235000	31924
3.067330000	30536
3.067333000	31924
3.067381000	27760
3.067395000	29148
3.067464000	30536
3.067467000	31924
3.068944000	30536
3.068949000	31924
3.068993000	30536
3.068996000	31924
3.069052000	30536
3.069055000	31924
3.078013000	30536
3.078018000	31924
3.079072000	30536
3.079076000	31924
3.079113000	33312
3.129084000	33312
3.168001000	31924
3.168006000	33312
3.182964000	4164
3.182971000	5552
3.183110000	6940
3.183117000	8328
3.183151000	9716
3.183157000	11104
3.183200000	12492
3.183205000	13880
3.183254000	15268
3.183259000	16656
3.183307000	18044
3.183311000	19432
3.183360000	20820
3.183364000	22208
3.183422000	23596
3.183428000	24984
3.183466000	26372
3.183470000	27760
3.183520000	29148
3.183524000	30536
3.183574000	31924
3.183579000	33312
3.183627000	34700
3.197939000	33312
3.197945000	34700
3.217978000	33312
3.217983000	34700
3.222968000	33312
3.222973000	34700
3.223003000	26372
3.223006000	27760
3.223100000	29148
3.223106000	30536
3.223168000	31924
3.223172000	33312
3.223243000	34700
3.257993000	24984
3.257999000	26372
3.258096000	22208
3.258100000	23596
3.258146000	24984
3.258148000	26372
3.258246000	27760
3.258251000	29148
3.258333000	30536
3.258338000	31924
3.258425000	33312
3.258431000	34700
3.258520000	36088
3.262982000	36088
3.266162000	36088
3.266178000	36088
3.266212000	24984
3.266215000	26372
3.266309000	27760
3.266315000	29148
3.266397000	30536
3.266403000	31924
3.266484000	33312
3.266490000	34700
3.266572000	36088
3.293060000	34700
3.293065000	36088
3.297963000	34700
3.297971000	36088
3.298001000	34700
3.298006000	36088
3.302939000	34700
3.302944000	36088
3.302977000	34700
3.302980000	36088
3.307972000	34700
3.307977000	36088
3.308070000	34700
3.308074000	36088
3.312925000	34700
3.312930000	36088
3.312955000	34700
3.312958000	36088
3.313006000	37476
3.315994000	36088
3.315999000	37476
3.316026000	33312
3.316029000	34700
3.316150000	36088
3.316156000	37476
3.318013000	36088
3.318018000	37476
3.327970000	36088
3.327974000	37476
3.328006000	36088
3.328010000	37476
3.332952000	36088
3.332956000	37476
3.332989000	36088
3.332992000	37476
3.335128000	36088
3.335133000	37476
3.342976000	36088
3.342980000	37476
3.343063000	36088
3.343067000	37476
3.345050000	36088
3.345055000	37476
3.345090000	36088
3.345093000	37476
3.345185000	38864
3.347957000	37476
3.347962000	38864
3.347995000	37476
3.347998000	38864
3.353007000	37476
3.353011000	38864
3.353043000	37476
3.353046000	38864
3.368125000	37476
3.368130000	38864
3.368162000	37476
3.368166000	38864
3.370015000	37476
3.370020000	38864
3.373116000	37476
3.373121000	38864
3.373154000	37476
3.373157000	38864
3.377986000	37476
3.377991000	38864
3.378083000	37476
3.378087000	38864
3.380010000	37476
3.380015000	38864
3.380043000	31924
3.380046000	33312
3.380152000	31924
3.380157000	33312
3.380195000	34700
3.380199000	36088
3.380292000	37476
3.380298000	38864
3.380386000	40252
3.382945000	38864
3.382948000	40252
3.382987000	38864
3.382990000	40252
3.402964000	38864
3.402967000	40252
3.403024000	38864
3.403027000	40252
3.406026000	38864
3.406029000	40252
3.406063000	36088
3.406066000	37476
3.406120000	38864
3.406122000	40252
3.407949000	38864
3.407952000	40252
3.412970000	38864
3.412975000	40252
3.413003000	38864
3.413005000	40252
3.423056000	38864
3.423059000	40252
3.423150000	38864
3.423153000	40252
3.427998000	38864
3.428002000	40252
3.428035000	38864
3.428038000	40252
3.428086000	41640
3.430004000	40252
3.430010000	41640
3.430043000	38864
3.430046000	40252
3.430096000	41640
3.432990000	40252
3.432994000	41640
3.437961000	40252
3.437965000	41640
3.447975000	40252
3.447978000	41640
3.448052000	40252
3.448056000	41640
3.449988000	40252
3.449992000	41640
3.450028000	37476
3.450030000	38864
3.450079000	37476
3.450081000	38864
3.450133000	40252
3.450135000	41640
3.457969000	40252
3.457973000	41640
3.458046000	40252
3.458052000	41640
3.460016000	40252
3.460019000	41640
3.460092000	40252
3.460096000	41640
3.460174000	43028
3.463005000	41640
3.463008000	43028
3.463035000	41640
3.463037000	43028
3.467980000	41640
3.467983000	43028
3.468056000	41640
3.468060000	43028
3.472997000	41640
3.473001000	43028
3.477986000	41640
3.477989000	43028
3.483038000	41640
3.483042000	43028
3.483076000	41640
3.483078000	43028
3.485286000	41640
3.485289000	43028
3.485328000	38864
3.485330000	40252
3.485380000	41640
3.485382000	43028
3.492975000	41640
3.492980000	43028
3.493013000	41640
3.493016000	43028
3.495054000	41640
3.495058000	43028
3.503031000	41640
3.503034000	43028
3.503123000	41640
3.503126000	43028
3.503191000	44416
3.505006000	43028
3.505010000	44416
3.505092000	37476
3.505095000	38864
3.505171000	40252
3.505175000	41640
3.505252000	43028
3.505256000	44416
3.507967000	43028
3.507970000	44416
3.517997000	43028
3.518000000	44416
3.518030000	43028
3.518032000	44416
3.521005000	43028
3.521011000	44416
3.521043000	43028
3.521046000	44416
3.521101000	43028
3.521104000	44416
3.522924000	43028
3.522927000	44416
3.527974000	43028
3.527978000	44416
3.537991000	43028
3.537996000	44416
3.538028000	43028
3.538031000	44416
3.543017000	43028
3.543020000	44416
3.543111000	43028
3.543114000	44416
3.543185000	45804
3.545953000	44416
3.545957000	45804
3.546039000	38864
3.546042000	40252
3.546116000	41640
3.546120000	43028
3.546200000	44416
3.546204000	45804
3.547934000	44416
3.547938000	45804
3.557978000	44416
3.557982000	45804
3.558013000	44416
3.558015000	45804
3.563029000	44416
3.563033000	45804
3.563093000	44416
3.563096000	45804
3.565923000	44416
3.565927000	45804
3.565974000	44416
3.565977000	45804
3.566065000	44416
3.566069000	45804
3.572966000	44416
3.572970000	45804
3.573002000	44416
3.573004000	45804
3.576030000	44416
3.576033000	45804
3.576063000	44416
3.576066000	45804
3.576116000	47192
3.577922000	45804
3.577926000	47192
3.583026000	45804
3.583029000	47192
3.583062000	43028
3.583064000	44416
3.583135000	45804
3.583140000	47192
3.586027000	45804
3.586030000	47192
3.592966000	45804
3.592970000	47192
3.593046000	45804
3.593050000	47192
3.597993000	45804
3.597997000	47192
3.598029000	45804
3.598032000	47192
3.600035000	45804
3.600038000	47192
3.600130000	43028
3.600132000	44416
3.600162000	45804
3.600165000	47192
3.602957000	45804
3.602961000	47192
3.602996000	45804
3.602998000	47192
3.608007000	45804
3.608010000	47192
3.608037000	45804
3.608039000	47192
3.609977000	45804
3.609981000	47192
3.610016000	45804
3.610018000	47192
3.610067000	48580
3.612959000	47192
3.612962000	48580
3.617922000	47192
3.617932000	48580
3.617959000	47192
3.617962000	48580
3.620039000	47192
3.620042000	48580
3.623089000	47192
3.623095000	48580
3.627948000	47192
3.627951000	48580
3.627987000	47192
3.627989000	48580
3.629957000	47192
3.629960000	48580
3.632994000	47192
3.632998000	48580
3.633025000	47192
3.633027000	48580
3.637952000	47192
3.637955000	48580
3.642951000	47192
3.642954000	48580
3.643026000	47192
3.643030000	48580
3.647991000	47192
3.647995000	48580
3.648069000	47192
3.648073000	48580
3.651017000	47192
3.651021000	48580
3.651055000	47192
3.651058000	48580
3.652976000	47192
3.652979000	48580
3.653052000	49968
3.657985000	48580
3.657989000	49968
3.658023000	48580
3.658025000	49968
3.661126000	48580
3.661129000	49968
3.661169000	48580
3.661172000	49968
3.667939000	48580
3.667942000	49968
3.667975000	48580
3.667978000	49968
3.670975000	48580
3.670980000	49968
3.671016000	45804
3.671019000	47192
3.671067000	48580
3.671070000	49968
3.671121000	48580
3.671123000	49968
3.672976000	48580
3.672979000	49968
3.678045000	48580
3.678049000	49968
3.678122000	48580
3.678126000	49968
3.681036000	48580
3.681039000	49968
3.682976000	48580
3.682980000	49968
3.683012000	48580
3.683016000	49968
3.688068000	48580
3.688071000	49968
3.688136000	48580
3.688138000	49968
3.688210000	51356
3.691109000	49968
3.691112000	51356
3.697929000	49968
3.697933000	51356
3.697971000	49968
3.697974000	51356
3.701137000	49968
3.701141000	51356
3.701220000	47192
3.701224000	48580
3.701297000	49968
3.701301000	51356
3.703038000	49968
3.703042000	51356
3.708060000	49968
3.708063000	51356
3.708135000	49968
3.708139000	51356
3.711024000	49968
3.711028000	51356
3.711122000	44416
3.711125000	45804
3.711201000	47192
3.711204000	48580
3.711236000	49968
3.711239000	51356
3.713141000	49968
3.713145000	51356
3.713216000	49968
3.713220000	51356
3.717934000	49968
3.717937000	51356
3.722951000	49968
3.722955000	51356
3.722989000	49968
3.722992000	51356
3.723041000	52744
3.725019000	51356
3.725022000	52744
3.728046000	51356
3.728050000	52744
3.732979000	51356
3.732983000	52744
3.736082000	51356
3.736085000	52744
3.736175000	45804
3.736177000	47192
3.736210000	48580
3.736212000	49968
3.736333000	51356
3.736337000	52744
3.737939000	51356
3.737944000	52744
3.742939000	51356
3.742943000	52744
3.742976000	51356
3.742978000	52744
3.747982000	51356
3.747986000	52744
3.748060000	51356
3.748064000	52744
3.750962000	51356
3.750966000	52744
3.751000000	48580
3.751003000	49968
3.751054000	51356
3.751058000	52744
3.752977000	51356
3.752981000	52744
3.757935000	51356
3.757940000	52744
3.757974000	51356
3.757977000	52744
3.762985000	51356
3.762988000	52744
3.763021000	51356
3.763024000	52744
3.763098000	54132
3.763983000	52744
3.763986000	54132
3.764025000	52744
3.764028000	54132
3.767967000	52744
3.767971000	54132
3.774007000	52744
3.774011000	54132
3.774085000	52744
3.774089000	54132
3.774986000	52744
3.774990000	54132
3.775051000	49968
3.775054000	51356
3.775095000	49968
3.775097000	51356
3.775147000	52744
3.775149000	54132
3.778011000	52744
3.778014000	54132
3.782954000	52744
3.782959000	54132
3.782994000	52744
3.782997000	54132
3.785158000	52744
3.785162000	54132
3.785191000	49968
3.785193000	51356
3.785241000	52744
3.785243000	54132
3.787935000	52744
3.787939000	54132
3.793053000	52744
3.793057000	54132
3.793147000	52744
3.793149000	54132
3.795012000	52744
3.795016000	54132
3.797937000	52744
3.797941000	54132
3.797975000	55520
3.802968000	54132
3.802972000	55520
3.803044000	54132
3.803048000	55520
3.804982000	54132
3.804985000	55520
3.808002000	54132
3.808006000	55520
3.808042000	54132
3.808045000	55520
3.812957000	54132
3.812962000	55520
3.812994000	54132
3.812997000	55520
3.814996000	54132
3.815000000	55520
3.815061000	48580
3.815064000	49968
3.815133000	51356
3.815136000	52744
3.815184000	54132
3.815187000	55520
3.817983000	54132
3.817987000	55035
