5.717426000	1
5.717434000	1
5.717438000	1
5.717448000	1
5.717453000	1
5.718433000	1
5.718450000	1
5.718465000	1
5.718472000	1
5.718476000	1
5.718480000	1
5.718483000	1
5.719292000	1
5.734477000	1
5.734515000	1
5.734523000	1
5.734527000	1
5.734531000	1
5.734535000	1
5.734538000	1
5.734542000	1
5.734545000	1
5.734549000	1
5.734553000	1
5.743401000	1
5.743438000	1
5.743443000	1
5.743451000	1
5.743455000	1
5.743459000	1
5.743463000	1
5.743467000	1
5.743470000	1
5.751461000	1
5.751497000	1
5.758500000	1
5.758527000	1
5.758544000	1
5.758552000	1
5.758557000	1
5.758561000	1
5.758565000	1
5.758568000	1
5.758572000	1
5.758577000	1
5.758581000	1
5.759366000	1
5.759396000	1
5.759405000	1
5.759409000	1
5.759414000	1
5.759419000	1
5.759423000	1
5.760333000	1
5.760364000	1
5.775478000	1
5.775508000	1
5.775528000	1
5.775537000	1
5.775542000	1
5.775546000	1
5.775550000	1
5.775555000	1
5.775559000	1
5.775564000	1
5.775568000	1
5.775572000	1
5.776431000	1
5.776462000	1
5.776468000	1
5.776477000	1
5.776482000	1
5.784357000	1
5.791390000	1
5.791436000	1
5.791446000	1
5.791452000	1
5.791457000	1
5.791462000	1
5.791467000	1
5.791472000	1
5.791477000	1
5.791483000	1
5.791488000	1
5.791493000	1
5.791498000	1
5.792443000	1
5.792482000	1
5.792494000	1
5.792499000	1
5.792505000	1
5.792510000	1
5.792515000	1
5.792521000	1
5.792526000	1
5.793295000	1
5.793317000	1
5.793437000	1
5.793451000	1
5.793457000	1
5.793466000	1
5.793472000	1
5.800451000	1
5.808401000	1
5.808438000	1
5.815326000	1
5.815351000	1
5.815423000	1
5.815446000	1
5.815510000	1
5.815534000	1
5.815542000	1
5.815546000	1
5.815551000	1
5.815555000	1
5.815559000	1
5.816390000	1
5.816413000	1
5.816421000	1
5.816425000	1
5.816430000	1
5.816434000	1
5.816438000	1
5.816443000	1
5.816447000	1
5.817294000	1
5.817310000	1
5.817319000	1
5.825354000	1
5.825384000	1
5.832480000	1
5.832514000	1
5.832520000	1
5.832527000	1
5.832532000	1
5.832536000	1
5.832541000	1
5.832545000	1
5.832550000	1
5.832554000	1
5.832559000	1
5.832563000	1
5.832568000	1
5.833419000	1
5.833459000	1
5.833467000	1
5.833472000	1
5.833477000	1
5.833481000	1
5.833486000	1
5.833491000	1
5.833495000	1
5.859464000	1
5.859513000	1
5.859526000	1
5.866423000	1
5.866451000	1
5.866465000	1
5.866473000	1
5.866480000	1
5.866485000	1
5.866490000	1
5.866495000	1
5.866500000	1
5.867382000	1
5.867394000	1
5.867405000	1
5.867413000	1
5.867420000	1
5.868333000	1
5.868360000	1
5.868369000	1
5.868376000	1
5.868381000	1
5.868393000	1
5.869338000	1
5.869361000	1
5.876458000	1
5.876483000	1
5.876492000	1
5.876503000	1
5.877261000	1
5.877386000	1
5.892409000	1
5.892456000	1
5.892489000	1
5.892496000	1
5.908512000	1
5.916322000	1
5.923365000	1
5.923397000	1
5.924358000	1
5.939330000	1
5.939410000	1
5.954470000	1
5.954519000	1
5.954527000	1
5.954536000	1
5.954542000	1
5.954548000	1
5.954553000	1
5.954559000	1
5.954564000	1
5.954570000	1
5.954576000	1
5.954582000	1
5.954587000	1
5.977478000	1
5.977542000	1
5.977555000	1
5.977570000	1
5.977577000	1
5.977584000	1
5.977590000	1
5.977596000	1
5.977602000	1
5.977608000	1
5.978427000	1
5.978455000	1
5.978464000	1
5.978473000	1
5.978479000	1
5.978485000	1
5.978492000	1
5.978498000	1
5.978505000	1
5.978511000	1
5.978518000	1
5.979443000	1
5.979463000	1
5.979477000	1
5.979486000	1
5.979493000	1
5.979500000	1
5.979507000	1
5.979513000	1
5.979520000	1
5.979527000	1
5.980421000	1
5.980437000	1
5.980448000	1
5.980458000	1
5.980465000	1
5.980472000	1
5.980478000	1
5.981269000	1
5.981287000	1
5.981301000	1
5.981446000	1
5.981457000	1
5.981467000	1
5.992437000	1
5.992477000	1
5.992496000	1
5.992507000	1
5.992515000	1
5.992523000	1
5.992530000	1
5.992538000	1
5.992545000	1
5.992553000	1
6.019333000	1
6.019381000	1
6.019391000	1
6.026467000	1
6.026513000	1
6.026528000	1
6.026536000	1
6.026542000	1
6.026548000	1
6.026553000	1
6.026559000	1
6.026565000	1
6.026571000	1
6.026577000	1
6.027394000	1
6.027420000	1
6.027430000	1
6.027437000	1
6.027443000	1
6.027449000	1
6.027456000	1
6.027463000	1
6.027470000	1
6.027476000	1
6.027482000	1
6.027488000	1
6.028431000	1
6.028444000	1
6.028453000	1
6.028523000	1
6.028541000	1
6.028545000	1
6.028548000	1
6.029447000	1
6.029488000	1
6.029494000	1
6.029498000	1
6.029502000	1
6.029505000	1
6.029508000	1
6.029512000	1
6.029523000	1
6.029526000	1
6.029530000	1
6.030391000	1
6.030471000	1
6.030490000	1
6.030497000	1
6.030501000	1
6.030505000	1
6.030509000	1
6.030512000	1
6.030516000	1
6.030520000	1
6.036420000	1
6.036442000	1
6.036449000	1
6.036453000	1
6.044292000	1
6.051370000	1
6.051402000	1
6.051409000	1
6.051413000	1
6.051417000	1
6.051421000	1
6.074511000	1
6.074548000	1
6.074556000	1
6.074560000	1
6.074564000	1
6.074568000	1
6.074572000	1
6.074576000	1
6.074580000	1
6.074584000	1
6.074588000	1
6.074592000	1
6.074596000	1
6.074600000	1
6.074604000	1
6.074608000	1
6.074613000	1
6.074617000	1
6.074621000	1
6.074625000	1
6.074629000	1
6.074633000	1
6.074637000	1
6.074641000	1
6.074645000	1
6.074649000	1
6.074653000	1
6.097399000	1
6.097431000	1
6.097437000	1
6.097442000	1
6.097445000	1
6.097449000	1
6.097453000	1
6.097457000	1
6.097460000	1
6.097464000	1
6.097468000	1
6.097471000	1
6.098428000	1
6.098445000	1
6.098451000	1
6.098456000	1
6.098461000	1
6.098466000	1
6.098471000	1
6.098476000	1
6.098481000	1
6.098486000	1
6.099304000	1
6.099321000	1
6.099327000	1
6.099330000	1
6.104381000	1
6.104402000	1
6.104408000	1
6.104412000	1
6.104415000	1
6.104419000	1
6.104422000	1
6.104425000	1
6.104429000	1
6.104432000	1
6.105305000	1
6.105323000	1
6.105333000	1
6.105338000	1
6.105344000	1
6.105349000	1
6.113475000	1
6.128531000	1
6.128553000	1
6.128558000	1
6.128562000	1
6.128565000	1
6.128569000	1
6.128572000	1
6.128576000	1
14.044476000	1
14.044480000	1
14.045379000	1
14.060454000	1
14.060474000	1
14.060477000	1
14.060478000	1
14.060480000	1
14.060481000	1
14.060491000	1
14.060496000	1
14.060498000	1
14.061463000	1
14.061474000	1
14.061477000	1
14.061479000	1
14.069315000	1
14.069338000	1
14.076460000	1
14.076469000	1
14.076475000	1
14.076478000	1
14.076479000	1
14.076480000	1
14.076481000	1
14.077293000	1
14.077298000	1
14.077302000	1
14.086303000	1
14.086321000	1
14.086333000	1
14.086438000	1
14.086444000	1
14.086449000	1
14.086453000	1
14.087521000	1
14.095348000	1
14.102285000	1
14.102311000	1
14.102315000	1
14.102319000	1
14.102447000	1
14.102453000	1
14.102458000	1
14.102463000	1
14.102466000	1
14.102468000	1
14.102471000	1
14.103238000	1
14.103326000	1
14.103431000	1
14.119374000	1
14.126395000	1
14.126413000	1
14.126418000	1
14.126420000	1
14.126422000	1
14.126424000	1
14.126427000	1
14.126429000	1
14.126431000	1
14.135384000	1
14.135392000	1
14.135400000	1
14.135403000	1
14.135405000	1
14.135407000	1
14.135409000	1
14.135468000	1
14.135484000	1
14.135488000	1
14.135490000	1
14.135492000	1
14.135494000	1
14.150374000	1
14.150398000	1
14.150498000	1
14.150503000	1
14.174451000	1
14.174465000	1
14.189500000	1
14.190389000	1
14.190470000	1
14.190475000	1
14.191396000	1
14.192352000	1
14.366475000	1
14.366491000	1
14.366494000	1
14.366496000	1
14.382392000	1
14.382409000	1
14.382411000	1
14.382414000	1
14.383337000	1
14.391360000	1
14.398403000	1
14.398419000	1
14.398422000	1
14.398423000	1
14.398425000	1
14.398427000	1
14.399417000	1
14.407339000	1
14.414329000	1
14.414340000	1
14.414347000	1
14.414350000	1
14.414404000	1
14.414411000	1
14.414414000	1
14.414415000	1
14.414417000	1
14.414419000	1
14.415355000	1
14.415360000	1
14.415460000	1
14.415468000	1
14.415473000	1
14.415475000	1
14.415477000	1
14.415480000	1
14.416305000	1
14.416314000	1
14.421343000	1
14.428353000	1
14.428422000	1
14.428431000	1
14.428434000	1
14.428436000	1
14.428443000	1
14.428445000	1
14.429309000	1
14.437363000	1
14.452414000	1
14.452433000	1
14.452440000	1
14.452444000	1
14.452446000	1
14.452448000	1
14.452450000	1
14.452451000	1
14.452453000	1
14.452455000	1
14.452457000	1
14.452459000	1
14.452461000	1
14.452463000	1
14.452464000	1
14.452466000	1
14.452468000	1
14.460284000	1
14.467339000	1
14.467420000	1
14.467429000	1
14.467432000	1
14.467435000	1
14.467437000	1
14.467439000	1
14.467441000	1
14.467443000	1
14.468376000	1
14.468383000	1
14.468388000	1
14.468455000	1
14.468462000	1
14.468467000	1
14.468471000	1
14.468473000	1
14.468476000	1
14.469304000	1
14.469313000	1
14.469315000	1
14.469320000	1
14.469323000	1
14.469325000	1
14.470346000	1
14.470376000	1
14.470386000	1
14.477344000	1
14.477362000	1
14.477366000	1
14.477369000	1
14.477371000	1
14.477373000	1
14.477393000	1
14.477398000	1
14.478293000	1
14.478300000	1
14.478376000	1
14.478386000	1
14.499331000	1
14.499411000	1
14.499422000	1
14.506385000	1
14.506402000	1
14.506409000	1
14.506413000	1
14.506416000	1
14.506418000	1
14.506421000	1
14.506423000	1
14.506425000	1
14.506427000	1
14.506430000	1
14.507454000	1
14.507464000	1
14.507469000	1
14.507471000	1
14.507474000	1
14.507476000	1
14.507478000	1
14.507481000	1
14.507537000	1
14.507547000	1
14.507551000	1
14.507553000	1
14.508405000	1
14.508411000	1
14.508414000	1
14.508416000	1
14.508418000	1
14.508421000	1
14.508423000	1
14.508425000	1
14.509279000	1
14.509283000	1
14.509286000	1
14.509460000	1
14.509464000	1
14.524417000	1
14.524453000	1
14.524456000	1
14.524459000	1
14.524461000	1
14.524464000	1
14.524466000	1
14.524495000	1
14.524515000	1
14.524518000	1
14.524520000	1
14.524523000	1
14.532528000	1
14.532548000	1
14.532552000	1
14.539493000	1
14.539514000	1
14.539518000	1
14.539522000	1
14.539525000	1
14.539529000	1
14.539533000	1
14.539536000	1
14.539540000	1
14.539543000	1
14.539547000	1
14.540339000	1
14.540348000	1
14.540351000	1
14.540354000	1
14.540357000	1
14.540360000	1
14.540362000	1
14.540365000	1
14.540522000	1
14.540529000	1
14.540533000	1
14.541287000	1
14.541296000	1
14.541300000	1
14.541304000	1
14.541309000	1
14.541394000	1
14.541401000	1
14.542333000	1
14.549296000	1
14.549317000	1
14.549320000	1
14.549324000	1
14.557428000	1
14.564468000	1
14.564493000	1
14.564496000	1
14.564500000	1
14.564502000	1
14.564506000	1
14.564509000	1
14.564512000	1
14.564515000	1
14.564518000	1
14.564521000	1
14.565316000	1
14.565325000	1
14.565329000	1
14.565332000	1
14.565335000	1
14.565478000	1
14.565481000	1
14.565484000	1
14.566380000	1
14.566467000	1
14.566475000	1
14.566479000	1
18.020338000	1
18.020428000	1
18.020436000	1
18.035438000	1
18.035469000	1
18.035473000	1
18.035480000	1
18.035484000	1
18.035487000	1
18.035491000	1
18.035494000	1
18.035497000	1
18.035500000	1
18.035505000	1
18.036361000	1
18.036378000	1
18.036393000	1
18.036401000	1
18.037421000	1
18.037449000	1
18.037458000	1
18.037462000	1
18.037466000	1
18.037469000	1
18.037474000	1
18.038328000	1
18.045317000	1
18.045349000	1
18.045354000	1
18.045476000	1
18.045484000	1
18.045488000	1
18.045495000	1
18.046340000	1
18.046351000	1
18.046355000	1
18.046362000	1
18.046365000	1
18.054299000	1
18.054336000	1
18.061332000	1
18.061351000	1
18.062359000	1
18.062390000	1
18.062403000	1
18.062410000	1
18.062416000	1
18.063342000	1
18.063362000	1
18.071445000	1
18.071477000	1
18.078319000	1
18.078370000	1
18.078381000	1
18.078390000	1
18.078394000	1
18.078398000	1
18.078402000	1
18.079365000	1
18.079396000	1
18.079403000	1
18.079408000	1
18.079413000	1
18.079417000	1
18.079422000	1
18.079426000	1
18.080442000	1
18.080473000	1
18.080478000	1
18.080487000	1
18.080492000	1
18.080497000	1
18.081331000	1
18.081362000	1
18.081372000	1
18.081379000	1
18.081384000	1
18.081389000	1
18.082370000	1
18.082402000	1
18.082413000	1
18.082418000	1
18.088328000	1
18.088361000	1
18.103489000	1
18.103515000	1
18.103532000	1
18.103542000	1
18.103548000	1
18.103553000	1
18.103558000	1
18.103563000	1
18.103569000	1
18.104313000	1
18.104342000	1
18.104351000	1
18.104368000	1
18.104377000	1
18.104384000	1
18.104392000	1
18.104399000	1
18.105284000	1
18.105336000	1
18.105349000	1
18.105358000	1
18.105364000	1
18.106341000	1
18.106375000	1
18.106382000	1
18.106391000	1
18.113440000	1
18.113465000	1
18.113483000	1
18.113493000	1
18.113499000	1
18.113505000	1
18.113511000	1
18.113533000	1
18.113542000	1
18.113551000	1
18.113561000	1
18.114370000	1
18.114404000	1
18.114415000	1
18.114422000	1
18.122447000	1
18.122483000	1
18.129398000	1
18.129410000	1
18.129429000	1
18.129440000	1
18.129452000	1
18.129460000	1
18.129466000	1
18.130440000	1
18.130452000	1
18.139321000	1
18.146521000	1
18.146534000	1
18.146544000	1
18.147458000	1
18.147471000	1
18.147481000	1
18.147491000	1
18.148486000	1
18.148522000	1
18.148534000	1
18.148542000	1
18.148549000	1
18.148555000	1
18.148563000	1
18.149367000	1
18.179380000	1
18.179432000	1
18.186432000	1
18.186468000	1
18.186480000	1
18.186487000	1
18.186495000	1
18.187462000	1
18.187485000	1
18.196491000	1
18.196533000	1
18.196552000	1
18.196564000	1
18.196642000	1
18.196651000	1
18.229578000	1
18.229605000	1
18.229617000	1
18.230459000	1
18.230482000	1
18.231390000	1
18.231410000	1
18.231419000	1
18.246420000	1
18.246464000	1
18.247435000	1
18.247450000	1
18.270526000	1
18.270559000	1
18.270572000	1
18.270583000	1
18.270591000	1
18.271365000	1
18.271422000	1
18.271440000	1
18.271452000	1
18.271460000	1
18.271468000	1
18.271476000	1
18.271484000	1
18.272346000	1
18.272542000	1
18.272569000	1
18.272590000	1
18.272604000	1
18.272615000	1
18.277473000	1
18.277521000	1
18.277546000	1
18.277563000	1
18.277578000	1
18.277590000	1
18.277601000	1
18.277610000	1
18.277618000	1
18.277627000	1
18.277635000	1
18.277643000	1
18.278321000	1
18.299365000	1
18.299422000	1
18.306348000	1
18.306382000	1
18.306404000	1
18.306418000	1
18.306528000	1
18.306558000	1
18.306579000	1
18.306593000	1
18.306602000	1
18.306611000	1
18.306620000	1
18.307478000	1
18.307526000	1
18.307554000	1
18.307568000	1
18.307581000	1
18.307593000	1
18.307606000	1
18.307618000	1
18.307632000	1
18.307645000	1
18.307657000	1
18.307671000	1
18.308321000	1
18.308358000	1
18.308373000	1
18.308391000	1
18.308406000	1
18.308420000	1
18.308433000	1
18.308445000	1
18.308457000	1
18.308470000	1
18.309437000	1
18.309466000	1
18.309477000	1
18.309490000	1
18.309501000	1
18.309511000	1
18.309540000	1
18.309555000	1
18.310318000	1
18.310349000	1
18.310364000	1
18.310375000	1
18.316494000	1
18.316539000	1
18.316557000	1
18.316567000	1
18.316578000	1
18.331321000	1
18.331504000	1
18.331550000	1
18.331575000	1
18.331593000	1
18.331609000	1
18.331625000	1
18.331640000	1
18.331655000	1
18.331671000	1
18.331685000	1
18.332338000	1
18.332382000	1
18.332400000	1
18.332411000	1
18.332421000	1
18.332432000	1
18.332442000	1
18.332452000	1
18.333296000	1
18.333328000	1
18.341353000	1
18.349424000	1
18.349461000	1
18.357347000	1
18.364306000	1
18.364481000	1
18.364518000	1
18.364531000	1
18.364539000	1
18.364546000	1
18.364554000	1
18.364560000	1
18.364568000	1
18.364575000	1
18.364582000	1
18.365410000	1
18.365453000	1
18.365468000	1
18.365476000	1
18.365484000	1
18.365492000	1
18.365499000	1
18.365507000	1
18.366379000	1
18.366418000	1
18.366433000	1
18.374322000	1
18.381365000	1
18.381509000	1
18.381540000	1
18.381558000	1
18.381570000	1
18.382526000	1
18.382565000	1
18.382579000	1
18.382588000	1
18.382596000	1
18.382604000	1
18.382611000	1
18.382619000	1
18.383367000	1
18.383406000	1
18.383420000	1
18.383429000	1
18.384444000	1
18.391468000	1
18.391510000	1
18.391525000	1
18.391534000	1
18.391542000	1
18.391550000	1
18.391558000	1
18.391566000	1
18.392337000	1
18.392378000	1
18.392392000	1
18.392402000	1
18.392410000	1
18.393282000	1
18.409323000	1
18.409372000	1
18.409447000	1
18.416369000	1
18.416414000	1
18.416430000	1
18.416439000	1
18.416448000	1
18.416456000	1
18.416465000	1
18.416571000	1
18.416615000	1
18.416631000	1
18.417400000	1
18.417440000	1
18.417456000	1
18.417466000	1
18.417475000	1
18.417484000	1
18.417492000	1
18.417501000	1
18.418398000	1
18.418438000	1
18.423312000	1
18.423394000	1
22.179503000	1
22.179509000	1
22.186397000	1
22.186431000	1
22.186446000	1
22.186452000	1
22.186457000	1
22.186463000	1
22.186468000	1
22.186474000	1
22.186479000	1
22.186484000	1
22.186489000	1
22.186495000	1
22.187445000	1
22.187467000	1
22.187487000	1
22.187499000	1
22.187505000	1
22.187511000	1
22.188335000	1
22.188353000	1
22.196451000	1
22.203405000	1
22.203435000	1
22.203440000	1
22.203447000	1
22.203451000	1
22.203455000	1
22.203459000	1
22.203462000	1
22.203466000	1
22.203470000	1
22.203474000	1
22.204454000	1
22.204473000	1
22.204488000	1
22.204496000	1
22.204501000	1
22.204505000	1
22.204509000	1
22.204513000	1
22.212376000	1
22.219297000	1
22.219327000	1
22.219332000	1
22.219340000	1
22.219345000	1
22.219349000	1
22.219353000	1
22.219470000	1
22.219479000	1
22.219487000	1
22.219494000	1
22.220342000	1
22.220358000	1
22.220371000	1
22.228423000	1
22.235440000	1
22.235473000	1
22.235483000	1
22.235488000	1
22.235493000	1
22.235497000	1
22.235502000	1
22.235507000	1
22.235514000	1
22.236291000	1
22.236312000	1
22.236432000	1
22.236448000	1
22.236454000	1
22.236462000	1
22.237313000	1
22.237334000	1
22.252462000	1
22.252496000	1
22.252507000	1
22.252512000	1
22.252518000	1
22.252524000	1
22.252529000	1
22.252534000	1
22.252540000	1
22.252545000	1
22.253363000	1
22.253396000	1
22.253407000	1
22.253413000	1
22.253418000	1
22.253424000	1
22.254309000	1
22.277448000	1
22.277493000	1
22.277540000	1
22.277558000	1
22.277567000	1
22.277575000	1
22.277600000	1
22.277609000	1
22.277617000	1
22.277626000	1
22.277634000	1
22.277642000	1
22.278386000	1
22.278414000	1
22.284373000	1
22.284409000	1
22.284418000	1
22.284432000	1
22.284438000	1
22.284573000	1
22.284607000	1
22.285309000	1
22.285333000	1
22.285351000	1
22.285362000	1
22.286396000	1
22.286419000	1
22.301390000	1
22.301429000	1
22.301439000	1
22.301449000	1
22.301457000	1
22.301463000	1
22.301470000	1
22.301477000	1
22.301483000	1
22.301489000	1
22.302372000	1
22.302408000	1
22.302418000	1
22.302428000	1
22.302437000	1
22.302443000	1
22.302450000	1
22.310366000	1
22.317420000	1
22.317457000	1
22.317471000	1
22.317478000	1
22.317486000	1
22.317493000	1
22.317500000	1
22.317507000	1
22.317527000	1
22.317541000	1
22.317554000	1
22.317564000	1
22.318485000	1
22.318522000	1
22.318532000	1
22.318544000	1
22.318552000	1
22.318559000	1
22.318567000	1
22.319314000	1
22.327350000	1
22.334357000	1
22.334397000	1
22.334416000	1
22.334426000	1
22.334434000	1
22.334442000	1
22.334450000	1
22.334458000	1
22.334466000	1
22.335432000	1
22.335469000	1
22.335483000	1
22.335492000	1
22.350343000	1
22.350503000	1
22.350549000	1
22.350565000	1
22.350584000	1
22.350596000	1
22.350608000	1
22.350619000	1
22.350631000	1
22.350639000	1
22.351330000	1
22.351358000	1
22.351372000	1
22.351380000	1
22.351389000	1
22.351397000	1
22.351406000	1
22.351528000	1
22.352288000	1
22.352316000	1
22.352328000	1
22.352340000	1
22.352349000	1
22.360342000	1
22.360386000	1
22.360402000	1
22.360511000	1
22.360550000	1
22.368353000	1
22.383454000	1
22.383508000	1
22.383528000	1
22.383539000	1
22.383552000	1
22.383567000	1
22.383580000	1
22.383603000	1
22.383613000	1
22.383623000	1
22.383634000	1
22.383644000	1
22.383653000	1
22.383663000	1
22.383672000	1
22.383682000	1
22.399299000	1
22.399354000	1
22.406358000	1
22.406412000	1
22.406432000	1
22.406444000	1
22.406455000	1
22.406465000	1
22.406475000	1
22.406485000	1
22.406494000	1
22.406505000	1
22.406515000	1
22.406525000	1
22.407416000	1
22.407457000	1
22.407474000	1
22.407486000	1
22.407497000	1
22.407507000	1
22.407519000	1
22.407529000	1
22.408494000	1
22.409319000	1
22.413305000	1
22.413368000	1
22.413389000	1
22.413403000	1
22.413413000	1
22.413422000	1
22.413431000	1
22.413440000	1
22.413450000	1
22.413460000	1
22.414467000	1
22.414503000	1
22.414516000	1
22.414525000	1
22.414532000	1
22.414540000	1
22.414548000	1
22.414556000	1
22.439334000	1
22.439396000	1
22.446305000	1
22.446356000	1
22.446500000	1
22.446526000	1
22.446542000	1
22.446554000	1
22.446564000	1
22.446575000	1
22.446585000	1
22.446596000	1
22.446606000	1
22.446616000	1
22.447340000	1
22.447372000	1
22.447388000	1
22.447398000	1
22.447529000	1
22.447551000	1
22.447567000	1
22.447576000	1
22.447586000	1
22.447597000	1
22.447606000	1
22.448482000	1
22.448515000	1
22.448532000	1
22.448543000	1
22.448554000	1
22.448565000	1
22.448576000	1
22.448586000	1
22.448597000	1
22.448607000	1
22.448618000	1
22.449332000	1
22.449363000	1
22.449379000	1
22.449390000	1
22.449400000	1
22.449576000	1
22.449601000	1
22.450372000	1
22.450398000	1
22.450415000	1
22.464349000	1
22.464398000	1
22.464422000	1
22.464448000	1
22.464463000	1
22.464476000	1
22.464548000	1
22.464561000	1
22.479395000	1
22.479406000	1
22.479414000	1
22.479420000	1
22.479426000	1
22.479432000	1
22.479437000	1
22.479444000	1
22.479450000	1
22.479456000	1
22.479462000	1
22.479468000	1
22.479474000	1
22.479480000	1
22.480396000	1
22.480429000	1
22.480443000	1
22.480452000	1
22.480461000	1
22.480469000	1
22.480478000	1
22.480486000	1
22.480495000	1
22.481293000	1
22.481327000	1
22.481340000	1
22.496426000	1
22.496485000	1
22.496503000	1
22.496514000	1
22.496524000	1
22.496535000	1
22.496550000	1
22.496560000	1
22.496569000	1
22.496579000	1
22.496589000	1
22.496599000	1
22.497456000	1
22.497490000	1
22.497505000	1
22.497527000	1
22.497538000	1
22.497549000	1
22.497559000	1
22.498412000	1
22.498436000	1
22.498452000	1
22.498464000	1
22.498474000	1
22.513292000	1
22.513322000	1
22.513332000	1
22.513338000	1
22.513464000	1
22.513474000	1
22.513483000	1
22.513489000	1
22.513495000	1
22.515392000	1
26.005509000	1
26.005530000	1
26.006345000	1
26.006368000	1
26.006377000	1
26.006380000	1
26.021315000	1
26.021353000	1
26.021365000	1
26.021371000	1
26.021377000	1
26.021381000	1
26.021386000	1
26.021392000	1
26.021528000	1
26.022418000	1
26.022436000	1
26.022454000	1
26.022463000	1
26.022467000	1
26.023379000	1
26.039426000	1
26.039453000	1
26.046415000	1
26.046445000	1
26.046453000	1
26.046457000	1
26.046461000	1
26.046464000	1
26.046468000	1
26.046472000	1
26.047368000	1
26.063290000	1
26.070344000	1
26.070374000	1
26.070378000	1
26.070386000	1
26.070390000	1
26.070394000	1
26.071364000	1
26.071401000	1
26.071414000	1
26.077483000	1
26.077523000	1
26.077536000	1
26.077540000	1
26.077544000	1
26.077549000	1
26.077553000	1
26.078464000	1
26.078493000	1
26.078503000	1
26.078507000	1
26.086449000	1
26.093405000	1
26.093454000	1
26.109391000	1
26.116355000	1
26.116379000	1
26.116400000	1
26.116414000	1
26.116422000	1
26.116429000	1
26.116436000	1
26.117308000	1
26.117326000	1
26.117344000	1
26.123378000	1
26.123400000	1
26.123417000	1
26.123426000	1
26.123431000	1
26.123436000	1
26.123441000	1
26.124371000	1
26.124397000	1
26.124418000	1
26.124430000	1
26.125422000	1
26.125447000	1
26.133250000	1
26.140331000	1
26.140363000	1
26.140374000	1
26.140482000	1
26.140503000	1
26.140520000	1
26.140529000	1
26.140535000	1
26.141286000	1
26.141417000	1
26.141425000	1
26.141435000	1
26.149278000	1
26.156296000	1
26.156320000	1
26.156338000	1
26.156347000	1
26.156353000	1
26.156359000	1
26.156569000	1
26.156591000	1
26.157504000	1
26.157550000	1
26.157562000	1
26.157572000	1
26.157579000	1
26.157585000	1
26.166404000	1
26.173461000	1
26.173490000	1
26.173504000	1
26.173531000	1
26.173543000	1
26.173552000	1
26.173561000	1
26.173571000	1
26.173590000	1
26.173599000	1
26.173605000	1
26.173611000	1
26.174359000	1
26.174393000	1
26.174405000	1
26.174412000	1
26.174419000	1
26.174425000	1
26.174435000	1
26.175420000	1
26.183283000	1
26.183326000	1
26.190479000	1
26.190516000	1
26.190528000	1
26.190535000	1
26.190542000	1
26.190548000	1
26.190554000	1
26.191421000	1
26.191456000	1
26.191469000	1
26.191476000	1
26.191483000	1
26.191490000	1
26.191497000	1
26.192387000	1
26.215430000	1
26.215465000	1
26.215485000	1
26.215497000	1
26.215504000	1
26.215511000	1
26.215519000	1
26.216313000	1
26.216338000	1
26.216357000	1
26.216472000	1
26.222483000	1
26.222524000	1
26.222538000	1
26.222546000	1
26.222553000	1
26.222560000	1
26.222567000	1
26.222575000	1
26.222582000	1
26.222589000	1
26.223449000	1
26.223487000	1
26.223500000	1
26.223508000	1
26.223516000	1
26.223523000	1
26.223530000	1
26.223539000	1
26.224331000	1
26.224368000	1
26.224378000	1
26.224389000	1
26.224523000	1
26.224550000	1
26.239429000	1
26.239482000	1
26.239496000	1
26.239513000	1
26.239524000	1
26.239536000	1
26.239547000	1
26.239558000	1
26.240379000	1
26.240415000	1
26.240432000	1
26.248419000	1
26.248459000	1
26.255420000	1
26.255460000	1
26.255475000	1
26.255484000	1
26.255492000	1
26.255500000	1
26.255508000	1
26.255516000	1
26.255524000	1
26.256339000	1
26.272241000	1
26.279511000	1
26.279548000	1
26.279565000	1
26.279576000	1
26.279587000	1
26.280505000	1
26.280511000	1
26.280517000	1
26.280523000	1
26.280529000	1
26.280536000	1
26.280542000	1
26.281321000	1
26.281355000	1
26.286357000	1
26.286392000	1
26.286403000	1
26.286410000	1
26.286415000	1
26.286421000	1
26.286428000	1
26.286433000	1
26.294290000	1
26.294326000	1
26.294338000	1
26.301503000	1
26.301554000	1
26.301572000	1
26.301581000	1
26.301588000	1
26.301594000	1
26.301600000	1
26.301606000	1
26.301612000	1
26.301619000	1
26.302485000	1
26.302519000	1
26.302531000	1
26.302538000	1
26.302545000	1
26.302553000	1
26.302560000	1
26.302566000	1
26.303327000	1
26.303362000	1
26.303375000	1
26.303382000	1
26.319334000	1
26.319384000	1
26.319401000	1
26.326405000	1
26.326451000	1
26.326464000	1
26.326472000	1
26.326479000	1
26.326486000	1
26.326493000	1
26.326500000	1
26.326506000	1
26.326513000	1
26.326520000	1
26.326527000	1
26.327316000	1
26.327352000	1
26.327370000	1
26.327378000	1
26.335465000	1
26.342418000	1
26.342456000	1
26.342565000	1
26.342569000	1
26.342572000	1
26.343459000	1
26.343486000	1
26.343494000	1
26.343498000	1
26.343502000	1
26.343505000	1
26.343508000	1
26.343512000	1
26.343515000	1
26.351358000	1
26.358458000	1
26.358485000	1
26.358493000	1
26.358497000	1
26.358501000	1
26.358504000	1
26.358507000	1
26.359315000	1
26.359343000	1
26.359446000	1
26.359479000	1
26.359492000	1
26.360306000	1
26.360332000	1
26.368441000	1
26.368470000	1
26.375407000	1
26.375436000	1
26.375445000	1
26.375449000	1
26.375452000	1
26.375456000	1
26.375459000	1
26.375463000	1
26.375467000	1
26.376352000	1
26.376381000	1
26.384365000	1
26.391416000	1
26.391448000	1
26.391457000	1
26.391461000	1
26.391465000	1
26.391469000	1
26.391473000	1
26.391477000	1
26.391481000	1
26.391485000	1
26.392315000	1
26.392502000	1
26.392532000	1
26.392541000	1
26.392546000	1
26.392550000	1
26.408529000	1
26.408546000	1
26.408555000	1
26.408560000	1
26.409409000	1
26.409433000	1
26.417435000	1
26.424322000	1
26.424355000	1
26.424365000	1
26.424370000	1
26.424374000	1
26.424381000	1
26.424387000	1
26.424391000	1
26.425394000	1
26.425425000	1
26.425435000	1
26.425440000	1
26.425445000	1
26.425450000	1
26.425455000	1
26.426394000	1
26.434336000	1
26.434372000	1
26.434382000	1
26.441360000	1
26.441394000	1
26.441405000	1
26.441410000	1
26.441416000	1
26.441422000	1
26.441426000	1
26.441431000	1
26.441437000	1
26.442330000	1
