2.374321000	1
4.576291000	1
4.581389000	1
4.581402000	1
4.600427000	1
4.621457000	1
4.621473000	1
4.621480000	1
4.621490000	1
4.621496000	1
4.621501000	1
4.639252000	1
4.639275000	1
4.639280000	1
4.646271000	1
4.646288000	1
4.646301000	1
4.646305000	1
4.646312000	1
4.646316000	1
4.646320000	1
4.646323000	1
4.646327000	1
4.646390000	1
4.646397000	1
4.646401000	1
4.647220000	1
4.647226000	1
4.647233000	1
4.647237000	1
4.647243000	1
4.647247000	1
4.647326000	1
4.647332000	1
4.662303000	1
4.662326000	1
4.662342000	1
4.662347000	1
4.662355000	1
4.662359000	1
4.679180000	1
4.679206000	1
4.686264000	1
4.686287000	1
4.686303000	1
4.686308000	1
4.686410000	1
4.686429000	1
4.686445000	1
4.686449000	1
4.686457000	1
4.687183000	1
4.687212000	1
4.687218000	1
4.695217000	1
4.695237000	1
4.695253000	1
4.702322000	1
4.702355000	1
4.702361000	1
4.702369000	1
4.702374000	1
4.725376000	1
4.725393000	1
