0.186544000	1
3.350498000	1
3.350502000	1
3.350505000	1
3.350525000	1
3.351381000	1
3.351402000	1
3.357425000	1
3.357441000	1
3.357446000	1
3.357449000	1
3.357452000	1
3.357455000	1
3.357460000	1
3.357463000	1
3.365523000	1
3.372470000	1
3.372490000	1
3.372563000	1
3.372581000	1
3.372584000	1
3.380435000	1
3.380453000	1
3.387454000	1
3.387473000	1
3.387478000	1
3.387481000	1
3.387484000	1
3.387487000	1
3.388368000	1
3.388385000	1
3.388526000	1
3.388543000	1
3.396409000	1
3.396431000	1
3.403362000	1
3.403381000	1
3.403385000	1
3.403528000	1
3.403534000	1
3.403537000	1
3.403540000	1
3.403543000	1
3.403547000	1
3.403550000	1
3.403553000	1
3.404492000	1
3.412393000	1
3.419537000	1
3.419557000	1
3.419562000	1
3.419566000	1
3.419570000	1
3.419574000	1
3.419577000	1
3.420434000	1
3.428358000	1
3.435413000	1
3.435435000	1
3.435444000	1
3.435449000	1
3.435453000	1
3.435457000	1
3.435461000	1
3.435465000	1
3.435469000	1
3.443435000	1
3.443455000	1
3.450465000	1
3.450485000	1
3.450491000	1
3.450495000	1
3.450499000	1
3.450504000	1
3.450508000	1
3.451402000	1
3.451424000	1
3.451429000	1
3.459430000	1
3.466603000	1
3.466624000	1
3.466629000	1
3.466634000	1
3.466639000	1
3.466643000	1
3.466648000	1
3.466653000	1
3.466657000	1
3.466662000	1
3.466667000	1
3.467523000	1
3.467544000	1
3.467550000	1
3.467555000	1
3.467560000	1
3.467565000	1
3.499468000	1
3.499500000	1
3.506440000	1
3.506465000	1
3.506486000	1
3.506492000	1
3.506611000	1
3.506632000	1
3.506639000	1
3.506644000	1
3.506649000	1
3.506654000	1
3.506660000	1
3.506665000	1
3.506670000	1
3.507514000	1
3.507538000	1
3.507546000	1
3.507551000	1
3.507557000	1
3.507563000	1
3.507568000	1
3.507574000	1
3.507580000	1
3.507585000	1
3.507590000	1
3.507595000	1
3.507601000	1
3.507606000	1
3.508459000	1
3.508482000	1
3.508489000	1
3.508495000	1
3.508500000	1
3.516363000	1
3.523505000	1
3.523529000	1
3.523536000	1
3.523542000	1
3.523548000	1
3.523554000	1
3.523560000	1
3.523566000	1
3.523572000	1
3.524399000	1
3.524423000	1
3.539480000	1
3.539508000	1
3.539515000	1
3.546531000	1
3.546555000	1
3.546562000	1
3.546568000	1
3.546575000	1
3.546581000	1
3.546587000	1
3.548466000	1
3.556535000	1
3.563419000	1
3.563449000	1
3.563460000	1
3.563469000	1
3.571403000	1
3.578552000	1
3.578579000	1
3.578587000	1
3.578593000	1
3.578600000	1
3.578606000	1
3.578612000	1
3.578619000	1
3.578625000	1
3.578632000	1
3.578638000	1
3.579488000	1
3.579513000	1
3.579521000	1
3.579528000	1
3.579534000	1
3.579541000	1
3.587407000	1
3.594414000	1
3.594440000	1
3.594449000	1
3.594456000	1
3.594463000	1
3.594470000	1
3.594477000	1
3.594484000	1
3.594491000	1
3.594497000	1
3.594504000	1
3.595415000	1
3.595434000	1
3.595441000	1
3.595448000	1
3.595455000	1
3.595462000	1
3.603428000	1
3.610431000	1
3.610459000	1
3.610467000	1
3.610475000	1
3.633522000	1
3.633559000	1
3.633568000	1
3.633576000	1
3.633584000	1
3.633591000	1
3.633598000	1
3.633605000	1
3.633613000	1
3.633620000	1
3.633627000	1
3.633635000	1
3.633642000	1
3.633650000	1
3.633658000	1
3.633666000	1
3.633675000	1
3.633683000	1
3.633691000	1
3.641387000	1
3.648367000	1
3.648396000	1
3.648406000	1
3.648415000	1
3.648540000	1
3.648554000	1
3.648562000	1
3.671399000	1
3.671443000	1
3.671457000	1
3.671467000	1
3.671477000	1
3.671487000	1
3.671496000	1
3.679466000	1
3.694434000	1
3.694476000	1
3.694494000	1
3.694508000	1
3.694522000	1
3.694535000	1
3.694547000	1
3.694559000	1
3.694570000	1
3.694580000	1
3.694591000	1
3.694602000	1
3.694614000	1
3.695516000	1
3.695543000	1
3.695555000	1
3.695566000	1
3.695576000	1
3.695586000	1
3.695596000	1
3.695607000	1
3.695618000	1
3.695628000	1
3.695639000	1
3.695649000	1
3.710452000	1
3.710488000	1
3.710499000	1
3.710508000	1
3.710519000	1
3.710529000	1
3.710538000	1
3.710547000	1
3.710557000	1
3.710566000	1
3.710575000	1
3.711437000	1
3.711468000	1
3.711479000	1
3.711489000	1
3.711498000	1
3.711508000	1
3.711517000	1
3.712526000	1
3.712557000	1
3.712569000	1
3.712580000	1
3.712590000	1
3.747485000	1
3.747535000	1
3.754436000	1
3.754504000	1
3.754526000	1
3.754541000	1
3.754553000	1
3.754565000	1
3.754577000	1
3.754589000	1
3.754601000	1
3.754613000	1
3.754627000	1
3.755415000	1
3.755447000	1
3.755460000	1
3.755485000	1
3.755498000	1
3.755509000	1
3.755520000	1
3.755530000	1
3.761520000	1
3.761555000	1
3.761569000	1
3.761580000	1
3.761591000	1
3.761602000	1
3.761613000	1
3.761624000	1
3.762442000	1
3.779423000	1
3.779468000	1
3.786606000	1
3.786650000	1
3.786668000	1
3.786687000	1
3.786703000	1
3.786719000	1
3.787491000	1
3.787525000	1
3.787539000	1
3.787551000	1
3.799511000	1
3.799552000	1
3.806573000	1
3.806609000	1
3.806623000	1
3.806634000	1
3.806646000	1
3.806657000	1
3.806668000	1
3.806679000	1
3.806691000	1
3.806702000	1
3.806714000	1
3.827391000	1
3.827446000	1
3.834396000	1
3.834436000	1
3.834555000	1
3.834590000	1
3.834604000	1
3.834619000	1
3.834631000	1
3.841460000	1
3.841496000	1
3.856522000	1
3.856565000	1
3.856581000	1
3.856594000	1
3.856606000	1
3.857418000	1
3.857453000	1
3.857469000	1
3.857481000	1
3.857493000	1
3.880537000	1
3.880589000	1
3.880605000	1
3.880617000	1
3.880629000	1
3.880642000	1
3.880654000	1
3.880667000	1
3.895413000	1
3.895464000	1
3.895570000	1
3.895606000	1
3.895622000	1
3.895636000	1
3.895649000	1
3.895662000	1
3.895674000	1
3.896427000	1
3.896464000	1
3.896481000	1
3.896495000	1
3.896508000	1
3.919448000	1
3.919500000	1
3.919516000	1
3.926392000	1
3.926431000	1
3.926447000	1
3.926461000	1
3.926475000	1
3.926488000	1
3.926502000	1
3.926516000	1
3.927483000	1
3.927520000	1
3.927544000	1
3.927567000	1
3.927589000	1
3.928418000	1
3.951475000	1
3.951532000	1
3.951550000	1
3.951568000	1
3.951583000	1
3.951597000	1
3.951612000	1
3.951626000	1
3.951640000	1
3.952484000	1
3.952522000	1
3.952541000	1
3.958450000	1
3.958490000	1
3.958508000	1
3.958523000	1
3.958538000	1
3.958553000	1
3.959356000	1
3.959394000	1
3.974510000	1
3.974561000	1
3.974579000	1
3.974595000	1
3.974610000	1
3.974625000	1
3.974640000	1
3.974655000	1
3.974670000	1
3.975424000	1
3.983377000	1
3.983426000	1
3.990490000	1
3.990537000	1
3.990557000	1
3.990574000	1
3.999539000	1
4.006404000	1
4.006453000	1
4.006479000	1
4.006501000	1
4.014523000	1
4.021458000	1
4.021509000	1
4.021536000	1
4.021557000	1
4.021580000	1
4.021607000	1
4.029395000	1
4.036446000	1
4.036491000	1
4.036512000	1
4.036529000	1
4.036546000	1
4.044452000	1
4.044498000	1
4.044519000	1
4.052412000	1
4.059387000	1
4.059435000	1
4.059456000	1
4.059475000	1
4.059528000	1
4.060488000	1
4.075435000	1
4.075488000	1
4.075509000	1
4.075528000	1
4.090457000	1
4.090514000	1
4.090542000	1
4.090569000	1
4.090594000	1
4.099477000	1
4.099525000	1
4.099547000	1
4.106516000	1
4.106568000	1
4.106599000	1
4.106627000	1
4.106655000	1
4.106682000	1
4.107435000	1
4.107475000	1
4.122485000	1
4.122544000	1
4.122573000	1
4.122593000	1
4.122613000	1
4.122632000	1
4.122651000	1
4.130493000	1
4.137467000	1
4.137519000	1
4.137542000	1
4.137562000	1
4.137581000	1
4.145525000	1
4.152506000	1
4.152571000	1
4.152597000	1
4.179382000	1
4.179447000	1
4.186554000	1
4.186607000	1
4.186631000	1
4.186652000	1
4.186672000	1
4.186692000	1
4.186711000	1
4.186732000	1
4.186752000	1
4.186772000	1
4.186792000	1
4.187480000	1
4.187525000	1
4.187550000	1
4.187571000	1
4.187591000	1
4.187612000	1
4.187632000	1
4.187653000	1
4.187673000	1
4.188406000	1
4.188451000	1
4.199416000	1
4.199467000	1
4.206539000	1
4.206585000	1
4.221590000	1
4.221649000	1
4.221674000	1
4.221696000	1
4.221718000	1
4.221739000	1
4.221761000	1
4.221783000	1
4.222524000	1
4.222570000	1
4.230396000	1
4.237502000	1
4.237552000	1
4.237579000	1
4.237602000	1
4.237625000	1
4.237648000	1
4.237670000	1
4.238413000	1
4.238460000	1
4.238486000	1
4.238579000	1
4.247477000	1
4.254547000	1
4.254600000	1
4.254628000	1
4.254652000	1
4.254676000	1
4.254699000	1
4.254723000	1
4.254747000	1
4.254770000	1
4.255469000	1
4.255517000	1
4.263445000	1
4.270451000	1
4.270512000	1
4.270540000	1
4.270565000	1
4.285426000	1
4.285487000	1
4.285515000	1
4.285541000	1
4.285566000	1
4.285590000	1
4.285615000	1
4.286463000	1
4.286524000	1
4.301520000	1
4.301580000	1
4.301609000	1
4.301635000	1
4.301660000	1
4.301685000	1
4.301710000	1
4.301736000	1
4.302373000	1
4.302422000	1
4.317416000	1
4.317477000	1
4.317506000	1
4.317533000	1
4.317558000	1
4.317584000	1
4.317610000	1
4.318497000	1
4.318547000	1
4.333390000	1
4.333453000	1
4.333498000	1
4.333529000	1
4.333556000	1
4.333593000	1
4.334476000	1
4.334525000	1
4.334555000	1
4.340357000	1
4.340486000	1
4.340523000	1
4.359351000	1
4.359472000	1
4.366497000	1
4.366550000	1
4.366581000	1
4.366609000	1
4.366636000	1
4.366664000	1
4.366691000	1
4.366718000	1
4.366745000	1
4.366773000	1
4.367422000	1
4.367473000	1
4.375487000	1
4.382350000	1
4.382430000	1
4.382502000	1
4.382541000	1
4.382577000	1
4.382614000	1
4.382652000	1
4.383363000	1
4.383413000	1
4.383449000	1
4.398403000	1
4.398462000	1
4.398494000	1
4.398523000	1
4.398551000	1
4.398579000	1
4.398608000	1
4.398636000	1
4.398665000	1
4.413395000	1
4.413465000	1
4.413498000	1
4.413527000	1
4.413556000	1
4.413585000	1
4.413613000	1
4.413643000	1
4.414394000	1
4.414447000	1
4.429448000	1
4.429512000	1
4.429545000	1
4.429577000	1
4.429606000	1
4.429635000	1
4.429665000	1
4.430461000	1
4.445586000	1
4.445662000	1
4.445696000	1
4.445727000	1
4.445756000	1
4.445786000	1
4.445816000	1
4.445846000	1
4.445876000	1
4.445906000	1
4.446510000	1
4.446564000	1
4.446598000	1
4.446628000	1
4.446659000	1
4.446689000	1
4.461482000	1
4.461550000	1
4.461603000	1
4.461641000	1
4.461672000	1
4.461704000	1
4.461735000	1
4.461766000	1
4.462584000	1
4.462638000	1
4.470379000	1
4.477527000	1
4.477584000	1
4.477620000	1
4.477653000	1
4.477684000	1
4.484529000	1
4.484586000	1
4.484622000	1
4.484654000	1
4.484686000	1
4.499455000	1
4.499521000	1
4.514512000	1
4.514585000	1
4.514622000	1
4.514655000	1
4.514688000	1
4.514720000	1
4.514752000	1
4.514784000	1
4.514816000	1
4.514849000	1
4.529578000	1
4.529647000	1
4.529683000	1
4.529717000	1
4.529750000	1
4.529783000	1
4.529816000	1
4.529849000	1
4.529883000	1
4.529918000	1
4.530473000	1
4.530529000	1
4.530566000	1
4.530600000	1
4.530633000	1
4.530666000	1
4.538449000	1
4.545511000	1
4.545572000	1
4.545609000	1
4.545644000	1
4.545677000	1
4.545711000	1
4.545744000	1
4.560486000	1
4.560557000	1
4.560595000	1
4.568466000	1
4.583589000	1
4.583667000	1
4.583705000	1
4.583739000	1
4.583774000	1
4.583807000	1
4.583841000	1
4.583875000	1
4.583910000	1
4.583944000	1
4.583978000	1
4.584012000	1
4.584046000	1
4.584079000	1
4.584113000	1
4.584147000	1
4.598468000	1
4.598541000	1
4.598579000	1
4.598615000	1
4.598650000	1
4.598685000	1
4.598720000	1
4.599389000	1
4.599448000	1
4.599486000	1
4.607560000	1
4.614522000	1
4.614586000	1
4.614625000	1
4.614661000	1
4.614696000	1
4.614731000	1
4.629397000	1
4.629474000	1
4.629516000	1
4.629552000	1
4.629587000	1
4.629623000	1
4.629658000	1
4.629693000	1
4.630508000	1
4.653441000	1
4.653531000	1
4.653574000	1
4.653611000	1
4.653647000	1
4.653683000	1
4.653718000	1
4.661491000	1
4.668442000	1
4.668510000	1
4.668550000	1
4.668587000	1
4.668623000	1
4.668659000	1
4.668695000	1
4.668732000	1
4.668769000	1
4.668822000	1
4.668863000	1
4.669376000	1
4.669425000	1
4.677481000	1
4.684463000	1
4.684532000	1
4.684575000	1
4.684613000	1
4.684650000	1
4.684687000	1
4.684724000	1
4.692490000	1
4.699494000	1
4.699560000	1
4.699601000	1
4.707471000	1
4.707538000	1
4.714446000	1
4.714509000	1
4.714550000	1
4.714589000	1
4.714627000	1
4.714665000	1
4.714703000	1
4.714741000	1
4.714778000	1
4.715375000	1
4.715435000	1
4.747380000	1
4.747485000	1
4.754429000	1
4.754494000	1
4.754536000	1
4.754575000	1
4.754614000	1
4.754653000	1
4.754692000	1
4.754731000	1
4.754770000	1
4.754809000	1
4.755344000	1
4.755513000	1
4.755560000	1
4.755600000	1
4.761517000	1
4.761583000	1
4.761626000	1
4.761666000	1
4.761707000	1
4.761747000	1
4.761788000	1
4.761828000	1
4.762435000	1
4.777484000	1
4.777563000	1
4.777609000	1
4.792498000	1
4.792585000	1
4.792629000	1
4.792671000	1
4.792712000	1
4.792752000	1
4.792793000	1
4.792834000	1
4.792874000	1
4.793421000	1
4.793468000	1
4.793510000	1
4.793551000	1
4.793592000	1
4.808396000	1
4.808484000	1
4.808540000	1
4.808585000	1
4.808628000	1
4.808669000	1
4.809507000	1
4.809571000	1
4.839434000	1
4.839567000	1
4.854572000	1
4.854662000	1
4.854707000	1
4.854750000	1
4.854792000	1
4.854835000	1
4.854877000	1
4.854920000	1
4.854978000	1
4.855031000	1
4.855075000	1
4.855117000	1
4.855160000	1
4.855202000	1
4.855244000	1
4.855287000	1
4.855334000	1
4.855376000	1
4.855435000	1
4.869439000	1
4.869517000	1
4.869566000	1
4.869610000	1
4.869654000	1
4.869698000	1
4.869741000	1
4.877453000	1
4.892521000	1
4.892615000	1
4.892674000	1
4.892725000	1
4.892777000	1
4.892830000	1
4.892882000	1
4.892934000	1
4.892987000	1
4.893040000	1
4.893094000	1
4.900487000	1
4.900555000	1
4.907591000	1
4.907660000	1
4.907708000	1
4.907754000	1
4.907799000	1
4.907844000	1
4.907890000	1
4.908504000	1
4.908570000	1
4.908618000	1
4.908664000	1
4.909407000	1
4.909473000	1
4.925462000	1
4.932482000	1
4.932569000	1
4.932618000	1
4.932665000	1
4.932711000	1
4.933588000	1
4.933655000	1
4.939456000	1
4.939525000	1
4.939574000	1
4.939621000	1
4.939667000	1
4.940535000	1
4.940602000	1
4.940650000	1
4.940697000	1
4.940743000	1
4.941467000	1
4.941535000	1
4.959378000	1
4.959469000	1
4.966424000	1
4.966498000	1
4.966548000	1
4.966595000	1
4.966642000	1
4.966689000	1
4.966736000	1
4.966782000	1
4.966829000	1
4.966875000	1
4.966922000	1
4.966986000	1
4.967456000	1
4.967527000	1
4.967577000	1
4.999381000	1
4.999501000	1
5.014418000	1
5.014508000	1
5.014558000	1
5.014606000	1
5.014654000	1
5.014703000	1
5.014750000	1
5.014798000	1
5.014846000	1
5.014895000	1
5.014957000	1
5.015015000	1
5.015430000	1
5.015499000	1
5.015550000	1
5.015599000	1
5.015647000	1
5.015696000	1
5.015744000	1
5.015793000	1
5.015842000	1
5.015891000	1
5.030393000	1
5.030554000	1
5.030628000	1
5.030694000	1
5.039354000	1
5.039441000	1
5.046519000	1
5.046594000	1
5.046647000	1
5.046701000	1
5.046756000	1
5.046813000	1
5.046870000	1
5.046926000	1
5.046996000	1
5.047417000	1
5.047485000	1
5.047541000	1
5.047597000	1
5.048541000	1
5.056522000	1
5.063456000	1
5.063534000	1
5.063590000	1
5.063639000	1
5.063689000	1
5.064388000	1
5.079489000	1
5.079582000	1
5.079639000	1
5.079690000	1
5.079741000	1
5.079792000	1
5.079843000	1
5.079895000	1
5.080420000	1
5.088457000	1
5.103512000	1
5.103611000	1
5.103670000	1
5.103721000	1
5.103772000	1
5.103823000	1
5.103874000	1
5.103925000	1
5.111409000	1
5.118548000	1
5.118626000	1
5.118680000	1
5.118732000	1
5.118783000	1
5.118836000	1
5.119467000	1
5.119541000	1
5.119595000	1
5.119646000	1
5.119698000	1
5.136428000	1
5.143499000	1
5.143595000	1
5.143651000	1
5.143704000	1
5.143757000	1
5.143810000	1
5.143862000	1
5.143915000	1
5.143968000	1
5.144486000	1
5.144558000	1
5.144618000	1
5.144677000	1
5.144737000	1
5.144792000	1
5.144843000	1
5.144895000	1
5.144946000	1
5.145361000	1
5.145435000	1
5.145490000	1
5.145544000	1
5.145597000	1
5.145650000	1
5.145703000	1
5.150455000	1
5.150531000	1
5.150587000	1
5.150641000	1
5.150695000	1
5.150749000	1
5.150803000	1
5.150857000	1
5.150910000	1
5.150983000	1
5.151044000	1
5.151467000	1
5.151528000	1
5.151582000	1
5.151635000	1
5.151687000	1
5.159403000	1
5.166455000	1
5.166547000	1
5.166619000	1
5.166676000	1
5.166731000	1
5.166786000	1
5.167548000	1
5.176373000	1
5.176455000	1
5.183434000	1
5.183513000	1
5.183570000	1
5.183625000	1
5.183679000	1
5.183734000	1
5.183789000	1
5.183844000	1
5.183898000	1
5.184420000	1
5.184505000	1
5.184571000	1
5.184635000	1
5.184700000	1
5.184763000	1
5.184825000	1
5.184882000	1
5.184937000	1
5.184992000	1
5.185047000	1
5.185532000	1
5.185609000	1
5.185668000	1
5.185725000	1
5.185782000	1
5.185839000	1
5.185895000	1
5.186455000	1
5.186532000	1
5.186590000	1
5.193409000	1
5.193488000	1
5.201482000	1
5.208535000	1
5.208626000	1
5.208686000	1
5.208742000	1
5.208797000	1
5.208853000	1
5.208908000	1
5.208963000	1
5.209018000	1
5.209077000	1
5.209132000	1
5.209464000	1
5.209533000	1
5.209590000	1
5.209646000	1
5.209702000	1
5.209758000	1
5.209814000	1
5.209870000	1
5.224540000	1
5.224640000	1
5.224703000	1
5.224761000	1
5.224822000	1
5.224880000	1
5.224938000	1
5.224996000	1
5.225426000	1
5.225511000	1
5.225575000	1
5.225635000	1
5.225695000	1
5.234437000	1
5.241505000	1
5.241592000	1
5.241653000	1
5.241712000	1
5.241771000	1
5.241830000	1
5.241889000	1
5.241948000	1
5.242007000	1
5.242065000	1
5.242434000	1
5.242513000	1
5.242573000	1
5.242632000	1
5.242691000	1
5.242750000	1
5.242808000	1
5.242867000	1
5.242926000	1
5.243451000	1
5.243532000	1
5.243594000	1
5.259524000	1
5.259628000	1
5.266641000	1
5.266731000	1
5.266808000	1
5.266870000	1
5.266930000	1
5.267011000	1
5.267073000	1
5.267132000	1
5.267192000	1
5.267251000	1
5.267376000	1
5.267444000	1
5.267569000	1
5.267650000	1
5.267711000	1
5.267772000	1
5.267833000	1
5.267894000	1
5.267955000	1
5.268022000	1
5.268090000	1
5.268415000	1
5.268496000	1
5.268560000	1
5.268621000	1
5.268682000	1
5.268743000	1
5.268804000	1
5.269503000	1
5.276400000	1
5.276487000	1
5.276551000	1
5.276613000	1
5.276674000	1
5.276736000	1
5.276798000	1
5.277405000	1
5.277487000	1
5.277550000	1
5.299506000	1
5.299636000	1
5.306564000	1
5.306654000	1
5.306718000	1
5.306781000	1
5.306844000	1
5.306906000	1
5.306986000	1
5.307055000	1
5.307118000	1
5.307179000	1
5.307480000	1
5.307564000	1
5.307633000	1
5.307703000	1
5.307773000	1
5.307846000	1
5.307916000	1
5.307987000	1
5.308058000	1
5.308382000	1
5.308462000	1
5.308531000	1
5.308600000	1
5.308668000	1
5.309510000	1
5.324549000	1
5.324665000	1
5.324739000	1
5.324803000	1
5.324866000	1
5.324930000	1
5.324994000	1
5.325058000	1
5.325121000	1
5.339429000	1
5.339532000	1
5.339602000	1
5.339667000	1
5.339731000	1
5.339795000	1
5.339859000	1
5.339923000	1
5.339987000	1
5.340051000	1
5.340115000	1
5.340493000	1
5.340579000	1
5.340647000	1
5.340711000	1
5.340775000	1
5.340840000	1
5.340904000	1
5.341443000	1
5.349543000	1
5.356484000	1
5.356582000	1
5.356648000	1
5.356713000	1
5.356779000	1
5.356844000	1
5.356923000	1
5.356989000	1
5.357055000	1
5.357120000	1
5.357185000	1
5.357400000	1
5.357485000	1
5.357552000	1
5.357618000	1
5.357683000	1
5.357749000	1
5.357814000	1
5.357887000	1
5.357962000	1
5.358482000	1
5.358567000	1
5.358634000	1
5.358700000	1
5.358765000	1
5.366498000	1
5.366592000	1
5.366664000	1
5.366731000	1
5.366797000	1
5.366863000	1
5.366929000	1
5.374468000	1
5.381495000	1
5.381593000	1
5.381663000	1
5.381729000	1
5.381796000	1
5.382343000	1
5.382432000	1
5.397419000	1
5.397527000	1
5.397599000	1
5.397666000	1
5.397733000	1
5.397800000	1
5.397867000	1
5.397933000	1
5.398000000	1
5.398067000	1
5.398400000	1
5.398482000	1
5.398550000	1
5.398618000	1
5.398685000	1
5.398759000	1
5.398832000	1
5.398908000	1
5.399321000	1
5.399483000	1
5.399568000	1
5.399640000	1
5.430505000	1
5.430672000	1
5.430757000	1
5.430825000	1
5.430893000	1
5.430977000	1
5.431052000	1
5.431119000	1
5.431185000	1
5.431440000	1
5.431536000	1
5.431605000	1
5.431672000	1
5.431740000	1
5.431807000	1
5.437520000	1
5.437615000	1
5.437687000	1
5.437756000	1
5.437824000	1
5.437892000	1
5.437960000	1
5.438029000	1
5.438406000	1
5.438494000	1
5.438567000	1
5.438636000	1
5.438703000	1
5.438770000	1
5.439367000	1
5.444456000	1
5.444548000	1
5.444620000	1
5.444690000	1
5.444761000	1
5.445384000	1
5.445477000	1
5.460456000	1
5.460580000	1
5.460661000	1
5.460738000	1
5.460818000	1
5.460894000	1
5.460987000	1
5.461065000	1
5.461141000	1
5.461212000	1
5.461281000	1
5.461508000	1
5.461581000	1
5.461651000	1
5.461720000	1
5.461789000	1
5.461858000	1
5.461927000	1
5.461996000	1
5.462067000	1
5.462362000	1
5.462438000	1
5.477431000	1
5.477547000	1
5.477623000	1
5.477695000	1
5.477766000	1
5.477839000	1
5.477910000	1
5.477981000	1
5.478518000	1
5.478614000	1
5.478693000	1
5.478772000	1
5.478851000	1
5.478928000	1
5.501528000	1
5.501686000	1
5.501786000	1
5.501863000	1
5.501939000	1
5.502016000	1
7.348479000	1
7.348488000	1
7.348492000	1
7.348494000	1
7.348503000	1
7.348508000	1
7.348512000	1
7.348515000	1
7.348518000	1
7.348521000	1
7.349408000	1
7.349425000	1
7.349439000	1
7.357511000	1
7.364544000	1
7.364564000	1
7.364578000	1
7.364582000	1
7.364589000	1
7.364593000	1
7.364596000	1
7.364600000	1
7.364603000	1
7.365384000	1
7.365411000	1
7.365416000	1
7.373337000	1
7.380498000	1
7.380527000	1
7.380531000	1
7.380539000	1
7.380542000	1
7.380546000	1
7.380550000	1
7.380554000	1
7.380558000	1
7.381426000	1
7.396404000	1
7.396436000	1
7.396441000	1
7.396448000	1
7.396452000	1
7.396456000	1
7.396562000	1
7.396591000	1
7.396596000	1
7.396604000	1
7.396608000	1
7.397408000	1
7.397427000	1
7.397442000	1
7.398494000	1
7.413492000	1
7.413513000	1
7.413528000	1
7.413533000	1
7.413541000	1
7.413546000	1
7.413550000	1
7.413554000	1
7.413559000	1
7.413564000	1
7.413569000	1
7.414454000	1
7.414484000	1
7.429390000	1
7.429431000	1
7.429440000	1
7.429452000	1
7.429458000	1
7.429465000	1
7.429472000	1
7.429479000	1
7.429552000	1
7.437527000	1
7.452536000	1
7.452574000	1
7.452580000	1
7.452589000	1
7.452594000	1
7.452599000	1
7.452604000	1
7.452609000	1
7.452614000	1
7.452619000	1
7.452624000	1
7.452629000	1
7.453460000	1
7.453492000	1
7.453498000	1
7.453507000	1
7.453512000	1
7.453517000	1
7.453523000	1
7.453528000	1
7.453534000	1
7.454551000	1
7.454574000	1
7.454590000	1
7.454596000	1
7.454606000	1
7.454612000	1
7.469458000	1
7.469483000	1
7.469503000	1
7.469509000	1
7.469519000	1
7.469526000	1
7.470332000	1
7.477383000	1
7.477417000	1
7.477490000	1
7.485368000	1
7.485393000	1
7.492554000	1
7.492579000	1
7.492596000	1
7.492603000	1
7.492613000	1
7.492619000	1
7.492625000	1
7.492631000	1
7.492637000	1
7.492643000	1
7.492649000	1
7.493462000	1
7.493496000	1
7.493505000	1
7.493515000	1
7.493522000	1
7.493528000	1
7.493534000	1
7.493540000	1
7.494392000	1
7.494427000	1
7.509437000	1
7.509477000	1
7.509485000	1
7.509496000	1
7.509503000	1
7.509509000	1
7.517417000	1
7.517452000	1
7.524393000	1
7.524431000	1
7.524439000	1
7.524571000	1
7.524596000	1
7.524614000	1
7.524621000	1
7.524631000	1
7.524638000	1
7.524645000	1
7.525516000	1
7.525552000	1
7.525561000	1
7.525572000	1
7.525579000	1
7.525586000	1
7.525593000	1
7.525600000	1
7.533386000	1
7.540424000	1
7.540451000	1
7.540473000	1
7.540481000	1
7.540492000	1
7.540499000	1
7.540507000	1
7.540514000	1
7.540522000	1
7.541369000	1
7.541407000	1
7.541417000	1
7.541428000	1
7.541436000	1
7.541444000	1
7.549440000	1
7.556385000	1
7.556415000	1
7.556435000	1
7.556445000	1
7.556579000	1
7.556607000	1
7.556626000	1
7.556636000	1
7.556647000	1
7.556655000	1
7.556664000	1
7.556672000	1
7.557506000	1
7.557534000	1
7.557554000	1
7.557563000	1
7.557575000	1
7.557584000	1
7.557593000	1
7.557601000	1
7.579452000	1
7.579490000	1
7.586508000	1
7.586539000	1
7.586563000	1
7.586574000	1
7.586587000	1
7.586597000	1
7.586606000	1
7.586615000	1
7.586623000	1
7.586632000	1
7.587437000	1
7.587467000	1
7.587487000	1
7.587498000	1
7.587510000	1
7.587519000	1
7.587528000	1
7.587537000	1
7.587546000	1
7.588525000	1
7.588565000	1
7.588578000	1
7.588590000	1
7.588600000	1
7.588610000	1
7.588619000	1
7.588631000	1
7.589361000	1
7.589404000	1
7.589417000	1
7.589521000	1
7.589539000	1
7.590439000	1
7.590470000	1
7.603454000	1
7.603492000	1
7.603520000	1
7.603537000	1
7.611383000	1
7.626484000	1
7.626532000	1
7.626547000	1
7.626561000	1
7.626573000	1
7.626583000	1
7.626594000	1
7.626604000	1
7.626614000	1
7.626625000	1
7.626635000	1
7.626645000	1
7.626656000	1
7.626670000	1
7.626681000	1
7.626691000	1
7.634436000	1
7.634481000	1
7.641609000	1
7.641653000	1
7.641668000	1
7.641683000	1
7.641695000	1
7.641706000	1
7.641717000	1
7.641728000	1
7.641739000	1
7.642474000	1
7.642507000	1
7.642530000	1
7.642544000	1
7.642559000	1
7.642571000	1
7.642582000	1
7.642593000	1
7.642605000	1
7.643402000	1
7.643445000	1
7.643461000	1
7.643477000	1
7.643489000	1
7.643501000	1
7.643605000	1
7.644506000	1
7.644539000	1
7.644563000	1
7.644577000	1
7.645418000	1
7.651393000	1
7.651444000	1
7.651466000	1
7.651492000	1
7.651512000	1
7.651529000	1
7.652364000	1
7.679351000	1
7.679400000	1
7.686500000	1
7.686539000	1
7.686565000	1
7.686580000	1
7.686597000	1
7.686610000	1
7.686631000	1
7.686645000	1
7.686658000	1
7.686670000	1
7.687533000	1
7.687568000	1
7.687593000	1
7.687608000	1
7.687625000	1
7.687639000	1
7.687653000	1
7.687666000	1
7.687680000	1
7.687693000	1
7.687707000	1
7.688456000	1
7.688502000	1
7.688519000	1
7.688537000	1
7.688552000	1
7.688566000	1
7.688579000	1
7.688594000	1
7.688608000	1
7.688621000	1
7.688635000	1
7.689464000	1
7.689500000	1
7.689526000	1
7.689543000	1
7.689560000	1
7.689575000	1
7.689589000	1
7.690442000	1
7.690489000	1
7.696501000	1
7.696552000	1
7.696571000	1
7.696589000	1
7.696605000	1
7.696619000	1
7.696634000	1
7.696648000	1
7.697411000	1
7.697458000	1
7.697476000	1
7.697495000	1
7.705524000	1
7.705574000	1
7.712415000	1
7.712465000	1
7.712484000	1
7.712503000	1
7.712518000	1
7.712534000	1
7.727432000	1
7.727494000	1
7.727519000	1
7.727539000	1
7.727555000	1
7.727571000	1
7.727586000	1
7.727602000	1
7.727618000	1
7.727634000	1
7.728379000	1
7.728435000	1
7.728463000	1
7.728490000	1
7.728513000	1
7.728535000	1
7.737415000	1
7.744523000	1
7.744566000	1
7.744595000	1
7.744614000	1
7.744634000	1
7.744651000	1
7.744668000	1
7.744684000	1
7.744700000	1
7.744716000	1
7.745443000	1
7.745483000	1
7.745511000	1
7.745530000	1
7.745550000	1
7.745568000	1
7.745584000	1
7.745601000	1
7.745618000	1
7.746509000	1
7.746558000	1
7.746579000	1
7.746600000	1
7.746619000	1
7.746636000	1
7.746654000	1
7.769372000	1
7.769431000	1
7.769472000	1
7.769494000	1
7.769516000	1
7.769535000	1
7.769554000	1
7.769571000	1
7.769589000	1
7.769606000	1
7.769624000	1
7.769642000	1
7.784517000	1
7.784553000	1
7.784570000	1
7.784582000	1
7.784594000	1
7.784604000	1
7.784614000	1
7.784623000	1
7.784633000	1
7.784642000	1
7.785530000	1
7.785553000	1
7.785569000	1
7.785581000	1
7.785592000	1
7.785603000	1
7.785613000	1
7.785623000	1
7.785632000	1
7.785642000	1
7.785652000	1
7.785662000	1
7.786474000	1
7.786510000	1
7.786527000	1
7.786539000	1
7.786551000	1
7.786562000	1
7.786572000	1
7.787517000	1
7.794518000	1
7.794545000	1
7.794563000	1
7.794574000	1
7.794587000	1
7.794598000	1
7.794608000	1
7.794619000	1
7.794629000	1
7.794639000	1
7.795443000	1
7.803431000	1
7.810488000	1
7.810519000	1
7.810537000	1
7.810549000	1
7.839537000	1
7.839588000	1
7.846539000	1
7.846571000	1
7.846589000	1
7.846602000	1
7.846615000	1
7.846627000	1
7.846638000	1
7.846649000	1
7.846660000	1
7.846671000	1
7.846682000	1
7.847468000	1
7.847497000	1
7.847510000	1
7.847524000	1
7.847536000	1
7.847547000	1
7.847558000	1
7.847570000	1
7.847582000	1
7.847593000	1
7.848397000	1
7.848484000	1
7.848567000	1
7.848596000	1
7.848611000	1
7.848625000	1
7.848638000	1
7.848653000	1
7.848666000	1
7.848678000	1
7.849408000	1
7.849437000	1
7.849540000	1
7.849557000	1
7.849570000	1
7.849584000	1
7.849596000	1
7.849608000	1
7.849620000	1
7.849632000	1
7.849644000	1
7.850463000	1
7.850477000	1
7.850491000	1
7.851554000	1
7.851585000	1
7.851599000	1
7.851614000	1
7.859507000	1
7.859555000	1
7.866464000	1
7.866501000	1
7.866515000	1
7.866530000	1
7.866543000	1
7.866556000	1
7.866568000	1
7.866580000	1
7.881487000	1
7.881556000	1
7.881572000	1
7.881587000	1
7.881600000	1
7.881613000	1
7.881626000	1
7.881638000	1
7.881650000	1
7.881663000	1
7.881675000	1
7.882421000	1
7.882446000	1
7.882468000	1
7.882482000	1
7.882497000	1
7.882510000	1
7.882522000	1
7.882535000	1
7.882547000	1
7.883363000	1
7.883398000	1
7.898441000	1
7.898492000	1
7.898509000	1
7.898525000	1
7.898538000	1
7.898552000	1
7.898565000	1
7.898578000	1
7.898591000	1
7.898603000	1
7.898616000	1
7.899486000	1
7.899512000	1
7.899533000	1
7.899548000	1
7.899563000	1
7.899577000	1
7.899590000	1
7.899604000	1
7.899617000	1
7.900389000	1
7.900421000	1
7.916471000	1
7.923532000	1
7.923580000	1
7.923601000	1
7.923616000	1
7.923632000	1
7.923646000	1
7.923660000	1
7.923674000	1
7.923687000	1
7.924468000	1
7.930427000	1
7.930460000	1
7.930486000	1
7.930504000	1
7.930524000	1
7.930541000	1
7.930558000	1
7.930574000	1
7.930591000	1
7.930607000	1
7.930624000	1
7.930641000	1
7.931427000	1
7.931460000	1
7.931488000	1
7.931507000	1
7.931528000	1
7.931546000	1
7.931572000	1
7.931595000	1
7.931614000	1
7.932443000	1
7.959419000	1
7.959487000	1
7.966560000	1
7.966604000	1
7.966630000	1
7.966649000	1
7.966670000	1
7.966688000	1
7.966706000	1
7.966725000	1
7.966748000	1
7.966769000	1
7.966788000	1
7.966806000	1
7.967460000	1
7.967493000	1
7.967519000	1
7.967539000	1
7.967560000	1
7.967580000	1
7.967598000	1
7.967616000	1
7.967634000	1
7.967652000	1
7.967669000	1
7.968375000	1
7.968403000	1
7.968463000	1
7.968485000	1
7.968503000	1
7.968521000	1
7.968540000	1
7.968558000	1
7.968576000	1
7.968594000	1
7.969512000	1
7.969545000	1
7.969565000	1
7.969584000	1
7.969603000	1
7.969622000	1
7.970345000	1
7.970379000	1
7.976482000	1
7.976517000	1
7.976537000	1
7.976556000	1
7.991501000	1
7.991556000	1
7.991578000	1
7.991598000	1
7.991617000	1
7.991636000	1
7.991655000	1
7.991674000	1
7.991693000	1
7.992453000	1
7.992489000	1
8.007405000	1
8.007462000	1
8.007486000	1
8.007506000	1
8.007525000	1
8.007544000	1
8.007564000	1
8.007584000	1
8.007603000	1
8.007623000	1
8.008512000	1
8.008546000	1
8.008568000	1
8.008588000	1
8.008608000	1
8.008628000	1
8.008648000	1
8.008668000	1
8.008688000	1
8.009427000	1
8.009461000	1
8.009484000	1
8.024469000	1
8.024523000	1
8.024544000	1
8.024565000	1
8.024585000	1
8.024605000	1
8.024625000	1
8.024656000	1
8.024679000	1
8.025456000	1
8.025522000	1
8.025551000	1
8.025572000	1
8.025593000	1
8.025614000	1
8.025634000	1
8.025654000	1
8.040439000	1
8.040498000	1
8.040521000	1
8.040542000	1
8.040566000	1
8.040593000	1
8.040617000	1
8.040642000	1
8.040667000	1
8.040694000	1
8.040720000	1
8.041481000	1
8.041515000	1
8.041538000	1
8.041560000	1
8.041581000	1
8.059434000	1
8.059496000	1
8.066489000	1
8.066534000	1
8.066557000	1
8.066579000	1
8.066600000	1
8.066621000	1
8.066643000	1
8.066664000	1
8.066685000	1
8.066707000	1
8.066728000	1
8.066749000	1
8.067585000	1
8.067622000	1
8.067645000	1
8.067667000	1
8.067691000	1
8.067718000	1
8.067744000	1
8.067770000	1
8.067801000	1
8.067830000	1
8.067856000	1
8.067879000	1
8.068427000	1
8.068463000	1
8.068487000	1
8.068510000	1
8.068532000	1
8.068554000	1
8.068576000	1
8.068598000	1
8.068621000	1
8.068643000	1
8.076493000	1
8.083396000	1
8.083443000	1
8.083468000	1
8.083491000	1
8.083513000	1
8.083536000	1
8.083559000	1
8.091348000	1
8.106421000	1
8.106486000	1
8.106513000	1
8.106592000	1
8.106629000	1
8.106655000	1
8.106678000	1
8.106700000	1
8.106724000	1
8.106747000	1
8.106770000	1
8.106793000	1
8.106816000	1
8.106840000	1
8.106863000	1
8.106887000	1
8.106910000	1
8.106941000	1
8.106971000	1
8.106998000	1
8.114453000	1
8.129417000	1
8.129478000	1
8.129505000	1
8.129529000	1
8.129552000	1
8.129575000	1
8.129598000	1
8.129633000	1
8.129658000	1
8.129681000	1
8.129705000	1
8.129728000	1
8.129751000	1
8.129775000	1
8.129798000	1
8.129822000	1
8.129848000	1
8.129872000	1
8.129896000	1
8.129920000	1
8.129943000	1
8.129967000	1
8.129991000	1
8.130014000	1
8.130038000	1
8.137491000	1
8.152469000	1
8.152539000	1
8.152574000	1
8.152606000	1
8.152634000	1
8.152660000	1
8.152684000	1
8.152708000	1
8.152733000	1
8.152757000	1
8.152782000	1
8.152806000	1
8.152831000	1
8.153367000	1
8.153399000	1
8.153426000	1
8.153451000	1
8.153476000	1
8.153500000	1
8.161560000	1
8.168418000	1
8.168466000	1
8.168494000	1
8.168520000	1
8.168546000	1
8.168571000	1
8.168597000	1
8.168623000	1
8.168648000	1
8.168674000	1
8.169531000	1
8.169570000	1
8.169598000	1
8.169624000	1
8.169650000	1
8.169676000	1
8.169702000	1
8.169729000	1
8.169755000	1
8.169781000	1
8.169807000	1
8.170540000	1
8.170579000	1
8.170608000	1
8.170635000	1
8.170662000	1
8.170688000	1
8.170715000	1
8.170741000	1
8.170768000	1
8.171469000	1
8.171510000	1
8.171539000	1
8.171567000	1
8.171594000	1
8.171620000	1
8.171647000	1
8.172403000	1
8.172445000	1
8.199460000	1
8.199547000	1
8.206495000	1
8.206539000	1
8.206568000	1
8.206595000	1
8.206622000	1
8.206648000	1
8.206675000	1
8.206704000	1
8.206732000	1
8.206758000	1
8.206785000	1
8.207496000	1
8.207537000	1
8.207567000	1
8.207594000	1
8.207622000	1
8.207651000	1
8.207679000	1
8.207706000	1
8.207746000	1
8.207776000	1
8.208420000	1
8.208455000	1
8.208485000	1
8.208512000	1
8.208540000	1
8.208570000	1
8.208598000	1
8.208626000	1
8.208655000	1
8.208683000	1
8.209375000	1
8.209416000	1
8.209542000	1
8.209583000	1
8.209613000	1
8.209642000	1
8.209671000	1
8.209700000	1
8.210467000	1
8.219434000	1
8.219483000	1
8.226450000	1
8.226498000	1
8.226531000	1
8.226564000	1
8.226596000	1
8.226630000	1
8.226664000	1
8.226698000	1
8.226731000	1
8.227385000	1
8.227427000	1
8.242472000	1
8.242581000	1
8.242619000	1
8.242654000	1
8.242684000	1
8.242713000	1
8.242742000	1
8.242771000	1
8.242800000	1
8.243386000	1
8.243423000	1
8.243453000	1
8.243482000	1
8.243512000	1
8.243541000	1
8.243570000	1
8.243599000	1
8.243628000	1
8.244503000	1
8.244545000	1
8.244577000	1
8.244607000	1
8.244637000	1
8.244668000	1
8.244698000	1
8.244731000	1
8.259502000	1
8.259594000	1
8.259628000	1
8.259659000	1
8.259690000	1
8.259720000	1
8.259751000	1
8.259781000	1
8.259812000	1
8.259843000	1
8.259873000	1
8.260402000	1
8.260451000	1
8.279393000	1
8.279474000	1
8.286495000	1
8.286550000	1
8.286583000	1
8.286614000	1
8.286645000	1
8.286675000	1
8.286705000	1
8.286737000	1
8.286768000	1
8.286799000	1
8.286830000	1
8.286860000	1
8.295515000	1
8.295570000	1
8.295603000	1
8.295635000	1
8.295667000	1
8.295698000	1
8.295730000	1
8.295761000	1
8.295793000	1
8.295824000	1
8.295856000	1
8.295888000	1
8.295930000	1
8.295963000	1
8.295995000	1
8.296028000	1
8.296061000	1
8.296093000	1
8.296125000	1
8.296158000	1
8.296190000	1
8.296223000	1
8.296255000	1
8.296452000	1
8.296498000	1
8.296532000	1
8.296565000	1
8.296597000	1
8.319474000	1
8.319566000	1
8.319602000	1
8.319635000	1
8.319668000	1
8.319701000	1
8.319735000	1
8.319769000	1
8.319802000	1
8.319835000	1
8.319868000	1
8.319901000	1
8.319934000	1
8.319966000	1
8.319999000	1
8.320032000	1
8.320066000	1
8.320101000	1
8.320135000	1
8.320168000	1
8.320201000	1
8.320235000	1
8.320268000	1
8.320301000	1
8.320335000	1
8.320368000	1
8.350411000	1
8.350531000	1
8.350568000	1
8.350602000	1
8.350636000	1
8.350670000	1
8.350704000	1
8.350738000	1
8.350772000	1
8.350806000	1
8.350840000	1
8.350874000	1
8.350908000	1
8.350950000	1
8.350988000	1
8.351024000	1
8.351059000	1
8.351092000	1
8.351125000	1
8.351159000	1
8.351192000	1
8.351226000	1
8.351259000	1
8.359404000	1
8.359464000	1
8.366460000	1
8.366511000	1
8.366547000	1
8.366582000	1
8.366617000	1
8.366651000	1
8.366686000	1
8.366721000	1
8.366755000	1
8.367436000	1
8.367484000	1
8.367520000	1
8.367626000	1
8.367659000	1
8.367691000	1
8.368392000	1
8.368435000	1
8.376429000	1
8.383442000	1
8.383501000	1
8.383537000	1
8.383573000	1
8.383609000	1
8.383646000	1
8.383678000	1
8.383710000	1
8.383741000	1
8.383774000	1
8.384340000	1
8.384564000	1
8.384608000	1
8.384652000	1
8.399416000	1
8.399488000	1
8.399535000	1
8.399568000	1
8.399600000	1
8.399633000	1
8.399666000	1
8.399698000	1
8.399730000	1
8.399763000	1
8.400455000	1
8.400499000	1
8.400533000	1
8.400565000	1
8.400598000	1
8.400631000	1
8.400663000	1
8.400696000	1
8.400729000	1
8.400761000	1
8.401503000	1
8.401548000	1
8.424450000	1
8.424563000	1
8.424598000	1
8.424631000	1
8.424664000	1
8.424698000	1
8.424821000	1
8.424856000	1
8.424886000	1
8.424915000	1
8.424943000	1
8.424971000	1
8.425000000	1
8.425029000	1
8.425058000	1
8.425088000	1
8.447573000	1
8.447674000	1
8.447721000	1
8.447756000	1
8.447792000	1
8.447825000	1
8.447855000	1
8.447884000	1
8.447913000	1
8.447942000	1
8.447971000	1
8.448000000	1
8.448029000	1
8.448059000	1
8.448088000	1
8.448117000	1
8.448147000	1
8.448177000	1
8.448206000	1
8.448235000	1
8.448264000	1
8.448294000	1
8.448323000	1
8.448352000	1
8.448382000	1
8.448412000	1
8.448441000	1
8.448473000	1
8.448505000	1
8.448536000	1
8.449421000	1
8.449471000	1
8.449507000	1
8.449538000	1
8.449570000	1
8.449602000	1
8.457396000	1
8.464542000	1
8.464693000	1
8.464727000	1
8.464756000	1
8.464783000	1
8.464809000	1
8.464836000	1
8.464862000	1
8.465468000	1
8.465514000	1
8.465546000	1
8.465575000	1
8.473364000	1
8.480394000	1
8.480451000	1
8.480485000	1
8.480513000	1
8.480542000	1
8.480570000	1
8.480598000	1
8.480626000	1
8.480654000	1
8.480682000	1
8.481517000	1
8.481565000	1
8.481598000	1
8.481627000	1
8.481655000	1
8.481683000	1
8.481711000	1
8.481739000	1
8.481767000	1
8.482442000	1
8.482489000	1
8.490340000	1
8.490393000	1
8.497499000	1
8.497575000	1
8.497626000	1
8.497671000	1
8.497715000	1
8.497759000	1
8.497802000	1
8.497846000	1
8.497889000	1
8.497933000	1
8.498417000	1
8.498491000	1
8.498542000	1
8.498685000	1
8.499575000	1
8.507469000	1
8.522469000	1
8.522557000	1
8.522604000	1
8.522644000	1
8.522684000	1
8.522724000	1
8.522762000	1
8.522801000	1
8.522840000	1
8.522879000	1
8.522918000	1
8.522973000	1
8.523020000	1
8.523351000	1
8.523408000	1
8.523451000	1
8.523490000	1
8.523528000	1
8.531447000	1
8.531519000	1
8.538538000	1
8.538610000	1
8.538658000	1
8.538700000	1
8.538740000	1
8.538780000	1
8.538820000	1
8.538860000	1
8.538900000	1
8.538952000	1
8.539525000	1
8.539595000	1
8.539643000	1
8.539686000	1
8.539726000	1
8.539767000	1
8.539807000	1
8.539847000	1
8.539888000	1
8.539928000	1
8.540444000	1
8.540515000	1
8.540648000	1
8.541326000	1
8.548451000	1
8.548518000	1
8.556579000	1
8.563444000	1
8.563526000	1
8.563579000	1
8.563625000	1
8.563669000	1
8.563713000	1
8.563757000	1
8.563803000	1
8.563848000	1
8.564367000	1
8.564426000	1
8.564478000	1
8.564521000	1
8.564564000	1
8.564608000	1
8.572353000	1
8.579416000	1
8.579489000	1
8.579534000	1
8.579580000	1
8.579619000	1
8.579657000	1
8.579694000	1
8.595479000	1
8.595557000	1
8.595600000	1
8.595640000	1
8.596498000	1
8.596566000	1
8.596617000	1
8.596662000	1
8.596707000	1
8.596752000	1
8.596799000	1
8.605501000	1
8.612440000	1
8.612522000	1
8.612766000	1
8.612807000	1
8.612848000	1
8.612891000	1
8.612928000	1
8.613393000	1
8.613458000	1
8.621382000	1
8.628465000	1
8.628532000	1
8.628574000	1
8.628609000	1
8.628643000	1
8.628676000	1
8.628710000	1
8.629514000	1
8.629578000	1
8.629620000	1
8.629656000	1
8.629691000	1
8.630421000	1
8.630484000	1
8.638435000	1
8.645389000	1
8.645465000	1
8.645513000	1
8.645553000	1
8.645591000	1
8.645629000	1
8.645666000	1
8.645704000	1
8.645742000	1
8.646402000	1
8.646461000	1
8.646511000	1
8.646553000	1
8.646593000	1
8.646634000	1
8.646676000	1
8.646720000	1
8.646762000	1
8.647423000	1
8.647488000	1
8.647531000	1
8.647569000	1
8.647604000	1
8.647641000	1
8.662615000	1
8.662655000	1
8.662693000	1
8.662731000	1
8.662769000	1
8.662806000	1
8.662852000	1
8.663455000	1
8.694602000	1
8.694617000	1
8.694626000	1
8.694634000	1
8.694642000	1
8.694651000	1
8.694659000	1
8.694667000	1
8.694683000	1
8.694699000	1
8.694716000	1
8.694741000	1
8.694750000	1
8.702427000	1
8.709465000	1
8.709498000	1
8.709506000	1
8.709515000	1
8.709521000	1
8.709528000	1
8.709533000	1
8.709542000	1
8.709548000	1
8.709554000	1
8.710393000	1
8.710426000	1
8.710435000	1
8.710445000	1
8.710451000	1
8.710543000	1
8.710555000	1
8.710565000	1
8.710571000	1
8.711488000	1
8.711512000	1
8.726444000	1
8.726472000	1
8.726489000	1
8.726496000	1
8.726506000	1
8.726512000	1
8.726521000	1
8.726527000	1
8.726533000	1
8.726540000	1
8.727559000	1
8.727584000	1
8.727601000	1
8.727609000	1
8.727618000	1
8.727625000	1
8.728455000	1
8.728480000	1
8.743479000	1
8.743511000	1
8.743535000	1
8.743545000	1
8.768430000	1
8.768482000	1
8.768518000	1
8.776447000	1
8.791455000	1
8.791489000	1
8.791499000	1
8.791510000	1
8.791517000	1
8.791527000	1
8.791534000	1
8.791540000	1
8.791547000	1
8.791554000	1
8.791561000	1
8.791567000	1
8.791574000	1
8.791581000	1
8.791588000	1
8.791595000	1
8.791603000	1
8.791611000	1
8.791617000	1
8.799364000	1
8.799388000	1
8.799405000	1
8.806458000	1
8.806493000	1
8.806500000	1
8.806509000	1
8.806515000	1
8.806523000	1
8.806529000	1
8.806535000	1
8.806540000	1
8.806546000	1
8.806551000	1
8.807465000	1
8.807488000	1
8.807505000	1
8.807511000	1
8.807521000	1
8.807527000	1
8.807535000	1
8.808363000	1
8.816482000	1
8.823529000	1
8.823564000	1
8.823573000	1
8.823583000	1
8.823591000	1
8.823600000	1
8.823607000	1
8.823613000	1
8.823619000	1
8.823625000	1
8.823631000	1
8.824450000	1
8.832483000	1
8.839390000	1
8.839415000	1
8.839433000	1
8.839448000	1
8.839458000	1
8.839465000	1
8.839476000	1
8.839483000	1
8.839492000	1
8.839499000	1
8.839506000	1
8.840403000	1
8.840438000	1
8.840447000	1
8.840457000	1
8.840464000	1
8.840474000	1
8.840481000	1
8.841473000	1
8.841498000	1
8.841517000	1
8.841525000	1
8.841536000	1
8.856385000	1
8.856424000	1
8.856434000	1
8.856544000	1
8.856569000	1
8.856589000	1
8.856597000	1
8.871505000	1
8.871535000	1
8.871553000	1
8.871562000	1
8.871573000	1
8.871581000	1
8.871592000	1
8.871600000	1
8.871618000	1
8.871626000	1
8.871635000	1
8.872540000	1
8.872576000	1
8.872587000	1
8.880427000	1
8.887472000	1
8.887510000	1
8.887521000	1
8.887540000	1
8.888482000	1
8.888519000	1
8.888530000	1
8.888543000	1
8.903439000	1
8.903488000	1
8.903503000	1
8.903520000	1
8.903533000	1
8.903545000	1
8.903554000	1
8.903562000	1
8.912431000	1
8.912472000	1
8.920415000	1
8.927589000	1
8.927619000	1
8.927639000	1
8.927650000	1
8.927670000	1
8.927680000	1
8.927689000	1
8.927698000	1
8.927706000	1
8.927715000	1
8.928492000	1
8.928520000	1
8.928540000	1
8.951513000	1
8.951564000	1
8.951576000	1
8.951590000	1
8.951600000	1
8.951609000	1
8.951617000	1
8.951627000	1
8.951637000	1
8.951646000	1
8.951655000	1
8.951664000	1
8.951674000	1
8.951683000	1
8.951693000	1
8.959425000	1
8.959458000	1
8.966480000	1
8.966510000	1
8.966531000	1
8.966543000	1
8.966556000	1
8.966566000	1
8.966576000	1
8.966585000	1
8.966595000	1
8.966605000	1
8.967402000	1
8.967434000	1
8.967455000	1
8.967467000	1
8.967481000	1
8.967491000	1
8.967602000	1
8.976361000	1
8.983566000	1
8.983597000	1
8.983619000	1
8.983632000	1
8.983645000	1
8.983656000	1
8.983667000	1
8.983677000	1
8.983687000	1
8.983699000	1
8.983709000	1
8.984434000	1
8.984475000	1
8.984489000	1
8.984504000	1
8.984516000	1
8.984527000	1
8.992345000	1
8.999479000	1
8.999516000	1
8.999544000	1
8.999561000	1
8.999584000	1
8.999602000	1
8.999618000	1
8.999644000	1
8.999660000	1
8.999677000	1
9.000437000	1
9.000470000	1
9.000494000	1
9.000508000	1
9.000523000	1
9.019511000	1
9.019561000	1
9.026461000	1
9.026515000	1
9.026537000	1
9.026561000	1
9.026580000	1
9.026599000	1
9.026617000	1
9.026634000	1
9.026652000	1
9.026670000	1
9.026689000	1
9.027439000	1
9.027472000	1
9.027498000	1
9.027513000	1
9.027530000	1
9.027544000	1
9.027558000	1
9.027571000	1
9.027585000	1
9.028395000	1
9.028468000	1
9.028494000	1
9.028518000	1
9.028537000	1
9.028561000	1
9.028581000	1
9.029437000	1
9.029473000	1
9.029499000	1
9.036494000	1
9.036542000	1
9.036560000	1
9.036580000	1
9.036595000	1
9.036609000	1
9.037407000	1
9.045463000	1
9.052460000	1
9.052507000	1
9.052525000	1
9.052545000	1
9.052560000	1
9.052575000	1
9.052588000	1
9.053488000	1
9.053524000	1
9.053550000	1
9.068510000	1
9.068563000	1
9.068583000	1
9.068601000	1
9.068618000	1
9.068632000	1
9.068646000	1
9.068661000	1
9.068674000	1
9.068688000	1
9.068703000	1
9.069434000	1
9.069470000	1
9.069497000	1
9.069516000	1
9.069534000	1
9.069549000	1
9.069565000	1
9.069579000	1
9.069593000	1
9.070327000	1
9.070445000	1
9.070498000	1
9.070521000	1
9.070537000	1
9.078434000	1
9.085411000	1
9.085460000	1
9.085479000	1
9.085499000	1
9.085515000	1
9.085530000	1
9.094481000	1
9.094531000	1
9.117460000	1
9.117524000	1
9.117544000	1
9.117564000	1
9.117580000	1
9.117596000	1
9.117611000	1
9.117634000	1
9.117651000	1
9.117667000	1
9.117684000	1
9.117700000	1
9.117715000	1
9.117731000	1
9.118436000	1
9.118485000	1
9.118505000	1
9.118526000	1
9.118543000	1
9.118559000	1
9.118575000	1
9.118590000	1
9.118607000	1
9.118623000	1
9.118639000	1
9.118655000	1
9.118671000	1
9.118687000	1
9.118704000	1
9.133580000	1
9.133594000	1
9.133603000	1
9.133613000	1
9.133622000	1
9.133631000	1
9.133641000	1
9.133650000	1
9.133659000	1
9.134366000	1
9.134450000	1
9.134465000	1
9.134476000	1
9.134488000	1
9.134498000	1
9.134507000	1
9.134516000	1
9.135468000	1
9.135493000	1
9.135511000	1
9.135522000	1
9.135535000	1
9.136385000	1
9.143405000	1
9.143437000	1
9.143459000	1
9.143570000	1
9.143612000	1
9.143629000	1
9.143651000	1
9.144469000	1
9.144511000	1
9.159421000	1
9.159470000	1
9.159485000	1
9.159499000	1
9.159511000	1
9.159522000	1
9.159533000	1
9.159543000	1
9.160547000	1
9.160591000	1
9.160605000	1
9.160622000	1
9.160633000	1
9.160644000	1
9.161435000	1
9.161478000	1
9.169342000	1
9.169395000	1
9.176434000	1
9.176479000	1
9.176494000	1
9.176509000	1
9.176521000	1
9.176533000	1
9.176544000	1
9.176556000	1
9.177517000	1
9.177561000	1
9.177579000	1
9.177594000	1
9.177607000	1
9.177619000	1
9.178527000	1
9.178571000	1
9.178587000	1
9.178602000	1
9.186402000	1
9.193461000	1
9.193500000	1
9.193527000	1
9.193542000	1
9.193564000	1
9.193578000	1
9.193591000	1
9.193604000	1
9.193617000	1
9.194398000	1
9.194451000	1
9.194474000	1
9.194496000	1
9.194511000	1
9.194524000	1
9.194539000	1
9.217445000	1
9.217496000	1
9.217525000	1
9.217540000	1
9.217557000	1
9.217571000	1
9.217584000	1
9.217597000	1
9.217610000	1
9.217623000	1
9.217636000	1
9.217649000	1
9.217662000	1
9.217675000	1
9.225438000	1
9.225477000	1
9.232456000	1
9.232500000	1
9.232534000	1
9.232555000	1
9.232582000	1
9.232602000	1
9.232622000	1
9.232640000	1
9.232657000	1
9.232676000	1
9.232694000	1
9.233406000	1
9.233453000	1
9.233472000	1
9.233492000	1
9.233509000	1
9.233524000	1
9.233538000	1
9.234472000	1
9.234509000	1
9.234538000	1
9.234555000	1
9.234573000	1
9.234589000	1
9.235432000	1
9.242403000	1
9.242461000	1
9.242481000	1
9.242501000	1
9.242517000	1
9.242532000	1
9.243385000	1
9.251487000	1
9.258542000	1
9.258584000	1
9.258613000	1
9.258634000	1
9.258652000	1
9.258668000	1
9.258684000	1
9.258699000	1
9.259467000	1
9.259516000	1
9.274547000	1
9.274603000	1
9.274627000	1
9.274646000	1
9.274662000	1
9.274679000	1
9.274695000	1
9.274711000	1
9.274728000	1
9.274744000	1
9.274761000	1
9.275532000	1
9.275582000	1
9.275607000	1
9.275626000	1
9.275643000	1
9.275659000	1
9.275676000	1
9.275693000	1
9.276443000	1
9.276493000	1
9.276518000	1
9.276537000	1
9.276555000	1
9.276572000	1
9.276589000	1
9.281490000	1
9.281542000	1
9.281568000	1
9.281587000	1
9.297616000	1
9.297664000	1
9.322526000	1
9.322589000	1
9.323432000	1
9.330370000	1
9.330424000	1
9.330450000	1
9.330469000	1
9.345447000	1
9.345508000	1
9.345534000	1
9.345555000	1
9.345574000	1
9.345593000	1
9.345612000	1
9.345631000	1
9.345650000	1
9.346462000	1
9.346518000	1
9.346545000	1
9.346566000	1
9.346586000	1
9.346605000	1
9.346625000	1
9.346644000	1
9.346663000	1
9.347352000	1
9.362424000	1
9.362486000	1
9.362513000	1
9.362535000	1
9.362555000	1
9.362575000	1
9.362594000	1
9.362614000	1
9.362633000	1
9.362652000	1
9.363442000	1
9.363494000	1
9.363521000	1
9.363543000	1
9.363563000	1
9.363582000	1
9.363602000	1
9.363621000	1
9.363641000	1
9.364528000	1
9.364727000	1
9.387595000	1
9.387662000	1
9.387684000	1
9.387701000	1
9.387716000	1
9.387730000	1
9.387744000	1
9.387759000	1
9.387774000	1
9.387789000	1
9.387803000	1
9.395376000	1
9.402481000	1
9.402533000	1
9.402556000	1
9.402573000	1
9.402589000	1
9.402604000	1
9.402619000	1
9.402634000	1
9.402648000	1
9.402663000	1
9.403444000	1
9.403494000	1
9.403517000	1
9.403535000	1
9.403550000	1
9.403565000	1
9.403580000	1
9.403595000	1
9.404542000	1
9.404592000	1
9.404615000	1
9.404632000	1
9.404650000	1
9.404665000	1
9.412409000	1
9.412467000	1
9.412498000	1
9.412521000	1
9.412544000	1
9.420502000	1
9.427446000	1
9.427564000	1
9.427626000	1
9.427638000	1
9.427649000	1
9.428368000	1
9.428403000	1
9.428421000	1
9.428435000	1
9.428447000	1
9.428572000	1
9.428600000	1
9.428617000	1
9.428630000	1
9.429375000	1
9.437375000	1
9.437430000	1
9.444486000	1
9.444534000	1
9.444555000	1
9.444570000	1
9.444583000	1
9.444595000	1
9.444608000	1
9.444621000	1
9.445467000	1
9.445512000	1
9.445535000	1
9.445551000	1
9.445564000	1
9.445578000	1
9.445591000	1
9.445603000	1
9.460391000	1
9.460446000	1
9.460469000	1
9.460484000	1
9.460499000	1
9.460512000	1
9.460525000	1
9.460539000	1
9.460553000	1
9.460566000	1
9.461476000	1
9.461512000	1
9.469516000	1
9.469539000	1
9.469554000	1
9.477402000	1
9.492418000	1
9.492472000	1
9.492497000	1
9.492513000	1
9.492527000	1
9.492541000	1
9.492554000	1
9.492567000	1
9.492580000	1
9.492593000	1
9.492607000	1
9.492619000	1
9.507436000	1
9.507486000	1
9.507503000	1
9.507515000	1
9.507525000	1
9.507537000	1
9.507546000	1
9.507556000	1
9.507566000	1
9.507576000	1
9.507587000	1
9.507597000	1
9.507607000	1
9.507618000	1
9.507627000	1
9.508542000	1
9.508585000	1
9.508602000	1
9.508614000	1
9.508624000	1
9.508636000	1
9.508648000	1
9.508659000	1
9.508669000	1
9.508679000	1
9.508690000	1
9.508700000	1
9.508710000	1
9.509417000	1
9.509460000	1
9.509478000	1
20.398407000	1
20.398436000	1
20.398444000	1
20.398557000	1
20.399472000	1
20.414440000	1
20.414474000	1
20.414481000	1
20.414491000	1
20.414496000	1
20.415380000	1
20.415398000	1
20.423451000	1
20.430427000	1
20.430457000	1
20.430462000	1
20.430469000	1
20.431361000	1
20.439420000	1
20.439438000	1
20.446535000	1
20.446558000	1
20.446578000	1
20.446584000	1
20.446595000	1
20.446615000	1
20.447432000	1
20.447450000	1
20.447464000	1
20.447468000	1
20.447475000	1
20.462525000	1
20.462557000	1
20.462562000	1
20.462568000	1
20.462572000	1
20.462576000	1
20.462580000	1
20.462583000	1
20.463458000	1
20.463488000	1
20.487506000	1
20.487542000	1
20.487547000	1
20.494460000	1
20.494482000	1
20.494496000	1
20.494501000	1
20.494509000	1
20.494513000	1
20.494517000	1
20.494521000	1
20.495390000	1
20.495410000	1
20.495425000	1
20.495430000	1
20.495437000	1
20.495442000	1
20.501441000	1
20.501463000	1
20.501478000	1
20.501483000	1
20.501490000	1
20.501495000	1
20.501500000	1
20.509426000	1
20.516405000	1
20.516426000	1
20.516441000	1
20.516447000	1
20.516455000	1
20.516460000	1
20.517491000	1
20.532435000	1
20.532477000	1
20.532488000	1
20.532501000	1
20.532509000	1
20.532516000	1
20.532523000	1
20.532530000	1
20.532537000	1
20.532543000	1
20.532551000	1
20.541366000	1
20.541389000	1
20.541405000	1
20.541411000	1
20.541419000	1
20.541425000	1
20.557408000	1
20.564564000	1
20.564602000	1
20.564608000	1
20.564618000	1
20.564624000	1
20.564629000	1
20.564635000	1
20.565374000	1
20.565397000	1
20.565433000	1
20.565440000	1
20.566374000	1
20.571449000	1
20.571482000	1
20.571489000	1
20.571498000	1
20.571504000	1
20.571510000	1
20.571516000	1
20.572474000	1
20.587424000	1
20.587462000	1
20.587469000	1
20.587478000	1
20.596546000	1
20.603536000	1
20.603569000	1
20.603594000	1
20.603602000	1
20.603615000	1
20.603624000	1
20.619472000	1
20.619503000	1
20.626551000	1
20.626577000	1
20.626595000	1
20.626603000	1
20.626612000	1
20.626619000	1
20.626625000	1
20.626631000	1
20.627477000	1
20.627492000	1
20.627504000	1
20.627511000	1
20.627520000	1
20.627527000	1
20.643395000	1
20.650379000	1
20.650417000	1
20.650426000	1
20.650436000	1
20.650443000	1
20.650450000	1
20.650457000	1
20.657399000	1
20.657425000	1
20.657567000	1
20.657580000	1
20.657593000	1
20.657600000	1
20.657611000	1
20.658446000	1
20.658481000	1
20.658491000	1
20.658502000	1
20.659537000	1
20.659573000	1
20.674502000	1
20.674548000	1
20.674561000	1
20.674578000	1
20.674588000	1
20.674598000	1
20.674608000	1
20.674618000	1
20.675412000	1
20.675448000	1
20.675458000	1
20.675469000	1
20.675477000	1
20.683501000	1
20.690387000	1
20.690426000	1
20.690439000	1
20.690554000	1
20.690581000	1
20.690599000	1
20.690608000	1
20.690620000	1
20.691399000	1
20.691436000	1
20.691447000	1
20.691458000	1
20.707368000	1
20.707409000	1
20.722520000	1
20.722564000	1
20.722576000	1
20.722591000	1
20.722600000	1
20.722615000	1
20.722625000	1
20.722633000	1
20.722642000	1
20.722651000	1
20.729384000	1
20.729424000	1
20.729437000	1
20.729450000	1
20.729460000	1
20.729470000	1
20.729479000	1
20.730397000	1
20.730425000	1
20.730447000	1
20.736438000	1
20.736477000	1
20.736489000	1
20.736502000	1
20.736513000	1
20.736523000	1
20.737392000	1
20.737431000	1
20.737444000	1
20.737458000	1
20.745375000	1
20.752503000	1
20.752534000	1
20.752557000	1
20.752568000	1
20.752582000	1
20.752593000	1
20.752603000	1
20.752614000	1
20.753421000	1
20.753451000	1
20.753474000	1
20.753486000	1
20.753501000	1
20.761456000	1
20.768405000	1
20.768437000	1
20.768460000	1
20.768473000	1
20.768489000	1
20.768501000	1
20.769357000	1
20.769390000	1
20.769419000	1
20.769436000	1
20.769458000	1
20.778464000	1
20.785449000	1
20.785481000	1
20.785505000	1
20.785518000	1
20.785534000	1
20.786360000	1
20.794410000	1
20.809563000	1
20.809613000	1
20.809628000	1
20.809646000	1
20.809659000	1
20.809671000	1
20.809684000	1
20.810403000	1
20.810434000	1
20.810458000	1
20.810472000	1
20.810488000	1
20.810502000	1
20.817373000	1
20.824428000	1
20.824473000	1
20.824489000	1
20.825481000	1
20.834357000	1
20.841475000	1
20.841514000	1
20.841545000	1
20.842325000	1
20.866468000	1
20.866513000	1
20.866539000	1
20.866553000	1
20.945382000	1
20.952553000	1
21.031530000	1
21.094447000	1
21.094527000	1
21.102464000	1
21.102510000	1
21.117403000	1
21.117461000	1
21.117484000	1
21.117509000	1
21.117527000	1
21.117545000	1
21.117562000	1
21.117583000	1
21.117601000	1
21.125594000	1
21.132545000	1
21.132585000	1
21.132602000	1
21.132615000	1
21.132626000	1
21.132637000	1
21.132648000	1
21.132659000	1
21.133450000	1
21.133490000	1
21.133507000	1
21.133519000	1
21.133531000	1
21.133544000	1
21.133555000	1
21.133567000	1
21.134480000	1
21.134519000	1
21.134536000	1
21.134549000	1
21.134561000	1
21.134573000	1
21.134586000	1
21.134598000	1
21.135435000	1
21.135473000	1
21.135491000	1
21.135504000	1
21.135516000	1
21.136368000	1
21.136407000	1
21.136524000	1
21.142360000	1
21.142406000	1
21.142429000	1
21.142445000	1
21.151347000	1
21.158544000	1
21.158585000	1
21.158603000	1
21.158616000	1
21.158628000	1
21.158702000	1
21.159492000	1
21.159500000	1
21.159507000	1
21.159514000	1
21.159530000	1
21.166396000	1
21.166439000	1
21.166457000	1
21.166468000	1
21.166477000	1
21.166486000	1
21.166495000	1
21.167503000	1
21.167531000	1
21.175416000	1
21.182448000	1
21.182491000	1
21.182510000	1
21.182524000	1
21.182535000	1
21.182547000	1
21.182559000	1
21.182570000	1
21.182581000	1
21.183403000	1
21.183439000	1
21.183453000	1
21.183465000	1
21.183473000	1
21.183481000	1
21.198451000	1
21.198495000	1
21.198510000	1
21.198519000	1
21.198527000	1
21.198537000	1
21.198545000	1
21.198553000	1
21.198561000	1
21.199379000	1
21.199416000	1
21.199430000	1
21.199440000	1
21.215571000	1
21.215577000	1
21.215584000	1
21.215589000	1
21.215592000	1
21.215596000	1
21.215600000	1
21.215604000	1
21.215607000	1
21.215612000	1
21.215615000	1
21.216458000	1
21.216488000	1
21.216493000	1
21.216501000	1
21.216506000	1
21.231365000	1
21.231392000	1
21.231413000	1
21.231420000	1
21.231431000	1
21.231439000	1
21.232457000	1
21.240386000	1
21.240417000	1
21.247519000	1
21.247551000	1
21.247558000	1
21.247566000	1
21.247571000	1
21.247576000	1
21.247581000	1
21.247586000	1
21.247590000	1
21.247595000	1
21.247602000	1
21.247607000	1
21.248442000	1
21.248474000	1
21.248484000	1
21.248492000	1
21.248498000	1
21.249372000	1
21.249404000	1
21.249415000	1
21.249422000	1
21.249427000	1
21.249433000	1
21.259396000	1
21.259434000	1
21.266526000	1
21.266559000	1
21.266570000	1
21.266576000	1
21.266581000	1
21.266587000	1
21.266593000	1
21.266599000	1
21.266605000	1
21.267540000	1
21.267575000	1
21.267588000	1
21.267594000	1
21.267600000	1
21.267606000	1
21.268456000	1
21.283388000	1
21.283424000	1
21.283440000	1
21.283448000	1
21.283454000	1
21.283582000	1
21.283593000	1
21.298449000	1
21.298501000	1
21.298506000	1
21.298512000	1
21.298517000	1
21.298522000	1
21.298527000	1
21.299352000	1
21.299515000	1
21.299536000	1
21.299546000	1
21.299551000	1
21.299557000	1
21.299562000	1
21.299567000	1
21.299638000	1
21.299653000	1
21.300443000	1
21.300469000	1
21.300481000	1
21.300488000	1
21.300494000	1
21.301364000	1
21.309472000	1
21.313339000	1
21.313377000	1
21.313386000	1
21.313390000	1
21.313394000	1
21.321414000	1
21.328465000	1
21.328495000	1
21.328503000	1
21.328508000	1
21.328512000	1
21.328516000	1
21.328520000	1
21.328525000	1
21.328529000	1
21.328534000	1
21.328538000	1
21.328542000	1
21.328546000	1
31.214379000	1
31.214387000	1
31.221479000	1
31.221505000	1
31.221516000	1
31.221521000	1
31.221525000	1
31.221528000	1
31.221532000	1
31.221535000	1
31.222409000	1
31.228388000	1
31.228416000	1
31.228421000	1
31.228428000	1
31.239454000	1
31.239489000	1
31.239495000	1
31.246424000	1
31.246501000	1
31.246524000	1
31.246530000	1
31.246541000	1
31.246547000	1
31.246552000	1
31.246558000	1
31.259402000	1
31.259421000	1
31.266449000	1
31.266467000	1
31.266482000	1
31.266486000	1
31.266493000	1
31.281406000	1
31.281439000	1
31.281444000	1
31.281458000	1
31.281463000	1
31.281467000	1
31.281471000	1
31.281475000	1
31.281479000	1
31.282340000	1
31.282361000	1
31.282394000	1
31.298473000	1
31.305373000	1
31.305393000	1
31.305409000	1
31.306334000	1
31.306363000	1
31.313430000	1
31.313460000	1
31.313466000	1
31.313474000	1
31.313478000	1
31.313482000	1
31.313487000	1
31.313491000	1
31.314623000	1
31.314654000	1
31.314661000	1
31.314669000	1
31.315359000	1
31.315419000	1
31.339414000	1
31.346355000	1
31.346376000	1
31.346392000	1
31.346508000	1
31.346522000	1
31.346527000	1
31.346535000	1
31.346540000	1
31.346545000	1
31.346550000	1
31.347449000	1
31.347463000	1
31.347474000	1
31.347479000	1
31.347487000	1
31.359471000	1
31.359513000	1
31.359524000	1
31.366392000	1
31.366415000	1
31.366430000	1
31.366436000	1
31.366444000	1
31.366450000	1
31.366556000	1
31.366577000	1
31.366593000	1
31.366599000	1
31.366608000	1
31.367389000	1
31.367421000	1
31.367428000	1
31.367437000	1
31.367442000	1
31.367449000	1
31.367455000	1
31.368368000	1
31.376382000	1
31.419319000	1
31.419357000	1
31.419383000	1
31.426450000	1
31.426493000	1
31.426504000	1
31.426517000	1
31.426624000	1
31.426628000	1
31.426632000	1
31.426636000	1
31.426639000	1
31.427371000	1
31.427381000	1
31.427385000	1
31.427389000	1
31.427392000	1
31.427396000	1
31.427400000	1
36.326448000	1
36.326453000	1
36.326456000	1
36.326459000	1
36.326471000	1
36.327361000	1
36.339354000	1
36.339373000	1
36.339389000	1
36.346510000	1
36.346533000	1
36.346536000	1
36.346541000	1
36.346544000	1
36.346547000	1
36.346550000	1
36.346552000	1
36.346555000	1
36.346557000	1
36.347425000	1
36.347446000	1
36.347449000	1
36.347454000	1
36.347457000	1
36.347460000	1
36.347463000	1
36.348439000	1
36.359494000	1
36.359516000	1
36.366358000	1
36.366384000	1
36.366388000	1
36.366393000	1
36.367350000	1
36.367371000	1
36.383405000	1
36.390389000	1
36.390404000	1
36.390416000	1
36.390419000	1
36.390424000	1
36.391482000	1
36.391505000	1
36.391509000	1
36.397328000	1
36.397343000	1
36.397354000	1
36.397358000	1
36.397432000	1
36.397438000	1
36.397444000	1
36.398461000	1
36.419381000	1
36.419402000	1
36.426520000	1
36.426536000	1
36.426550000	1
36.426557000	1
36.426563000	1
36.426566000	1
36.426570000	1
36.426573000	1
36.426577000	1
36.426580000	1
36.428478000	1
36.428488000	1
36.428494000	1
36.428497000	1
36.430356000	1
36.430380000	1
36.430387000	1
36.437477000	1
36.437502000	1
36.437509000	1
