18770				    1.5	
18781				    1.5	
18793				    1.5	
18804				    1.5	
18815				    2.2	
18827				    2.5	
18838				    2.5	
18850				    2.8	
18861				    3.7	
18873				    4.7	
18884				    4.7	
18895				    5.1
18906				    5.1
18917				    5.1
18929				    4.6
18941				    4.6
18953				    4.6
18965				    4.6
18976				    4.9
18988				    4.9
18999				    4.9
19010				    4.9
19022				    4.9
19033				    4.9
19045				    5.0
19056				    4.9
19067				    4.6
19079				    4.9
19090				    4.9
19101				    5.2
19113				    5.4
19125				    5.3
19136				    5.0
19147				    5.1
19158				    5.2
19169				    5.3
19180				    5.9
19192				    6.1
19203				    6.1
19214				    6.5
19225				    6.4
19236				    6.2
19247				    6.2
19259				    6.0
19270				    6.1
19281				    6.0
19293				    5.9
19304				    6.1
19315				    6.1
19327				    6.1
19338				    6.1
19350				    5.9
19361				    5.8
19373				    5.9
19384				    5.9
19395				    6.1
19407				    6.1
19418				    5.9
19429				    5.9
19440				    6.5
19452				    6.7
19463				    6.8
19474				    6.3
19485				    6.2
19497				    6.1
19508				    6.2
19519				    6.2
19530				    6.5
19541				    6.5
19552				    6.2
19564				    6.3
19576				    6.9
19587				    6.9
19598				    6.7
19610				    6.7
19621				    6.7
19632				    6.0
19643				    6.8
19654				    6.8
19665				    6.8
19677				    6.9
19688				    6.9
19699				    6.7
19710				    6.7
19722				    6.9
19733				    6.7
19745				    6.5
19756				    5.8
19767				    5.8
19778				    5.5
19789				    5.9
19800				    5.9
19811				    6.0
19823				    5.8
19834				    5.8
19845				    5.8
19856				    5.8
19867				    5.2
19879				    5.4
19890				    5.4
19901				    5.3
19913				    5.2
19924				    5.7
19936				    5.8
19948				    6.2
19959				    6.2
19970				    6.2
19982				    6.0
19993				    6.0
20005				    5.7
20016				    5.5
20028				    5.1
20040				    4.8
20052				    4.5
20063				    4.3
20075				    4.1
20086				    4.1
20097				    4.0
20109				    4.0
20120				    3.8
20131				    3.9
20143				    3.9
20154				    3.9
20165				    3.9
20176				    3.9
20188				    3.9
20199				    4.0
20210				    4.0
20222				    4.1
20233				    4.1
20245				    4.7
20256				    5.1
20267				    5.2
20279				    5.2
20290				    5.2
20301				    5.0
20313				    4.9
20325				    4.9
20336				    4.9
20348				    4.8
20359				    4.7
20370				    4.7
20381				    5.0
20392				    5.1
20404				    5.0
20415				    4.9
20426				    4.5
20437				    4.3
20449				    4.3
