38391				    66.97
38396				    66.97
38402				    66.97
38407				    66.97
38413				    66.97
38418				    66.97
38424				    66.97
38429				    66.97
38434				    66.97
38439				    66.97
38445				    61.004
38450				    60.173
38456				    60.173
38461				    60.173
38467				    60.173
38472				    60.173
38477				    60.173
38483				    51.818
38488				    51.818
38493				    45.19
38499				    46.039
38504				    46.039
38509				    46.039
38514				    46.039
38520				    46.039
38525				    44.003
38530				    42.05
38535				    42.05
38540				    42.05
38546				    42.05
38551				    42.05
38557				    56.748
38563				    49.816
38568				    49.816
38574				    43.418
38579				    43.418
38585				    43.418
38590				    43.418
38595				    55.314
38600				    50.053
38606				    50.053
38611				    50.053
38617				    50.053
38622				    50.053
38627				    56.077
38632				    61.154
38637				    61.154
38642				    61.154
38647				    62.346
38652				    62.346
38658				    61
38663				    61
38668				    61
38673				    62.931
38678				    81.908
38683				    80.446
38688				    82.911
38694				    82.911
38699				    82.911
38705				    85.017
38710				    85.547
38715				    85.104
38721				    85.104
38726				    86.117
38731				    93.855
38736				    93.855
38742				    93.855
38747				    96.646
38752				    96.646
38758				    96.646
38763				    121.188
38768				    122.494
38773				    117.227
38779				    118.031
38784				    118.031
38789				    118.031
38795				    117.024
38800				    117.024
38805				    117.857
38810				    127.276
38815				    127.276
38821				    127.276
38826				    142.636
38832				    142.636
38837				    142.636
38842				    150.511
38847				    150.511
38853				    150.511
38858				    150.425
38863				    150.425
38869				    154.537
38874				    154.537
38879				    167.165
38885				    167.165
38890				    169.883
38895				    181.862
38901				    181.862
38906				    181.862
38911				    195.493
38917				    196.313
38922				    194.289
38927				    194.289
38932				    194.751
38937				    177.99
38943				    177.99
38948				    177.99
38953				    177.99
38959				    177.99
38964				    185.534
38969				    204.755
38975				    203.853
38980				    208.796
38985				    209.233
38990				    209.233
38996				    209.233
39001				    209.233
39007				    228.544
39012				    241.799
39017				    242.279
39023				    242.279
39028				    242.279
39033				    242.279
39038				    242.279
39043				    254.553
39049				    254.553
39054				    257.026
39059				    257.25
39064				    257.25
39070				    257.25
39075				    258.464
39080				    258.464
39086				    270.548
39091				    278.553
39097				    278.553
39102				    278.553
