6559				    60.091
6567				    60.091
6575				    60.091
6584				    60.091
6592				    60.091
6600				    47.762
6609				    47.762
6617				    50.162
6625				    50.162
6634				    50.162
6642				    49.868
6650				    48.447
6659				    48.286
6668				    49.004
6676				    49.004
6684				    54.532
6693				    54.532
6701				    53.504
6709				    54.423
6717				    57.292
6726				    58.854
6734				    59.886
6742				    59.886
6751				    61.899
6759				    61.899
6767				    66.459
6776				    67.068
6784				    67.819
6792				    67.819
6801				    76.018
6809				    77.609
6817				    79.962
6826				    84.528
6834				    85.645
6842				    88.908
6850				    88.479
6859				    90.437
6867				    90.42
6875				    91.719
6883				    91.719
6891				    91.719
6900				    98.861
6908				    101.723
6917				    107.877
6925				    107.877
6934				    116.351
6942				    116.351
6950				    116.664
6959				    116.19
6967				    116.779
6975				    116.779
6984				    117.202
6992				    117.448
7000				    117.448
7008				    118.642
7016				    118.642
7025				    116.974
7033				    115.389
7041				    114.269
7049				    112.973
7057				    112.973
7066				    112.939
7074				    112.46
7083				    111.69
7091				    111.69
7099				    111.69
7107				    116.713
7116				    116.713
7124				    122.595
7133				    122.595
7141				    122.595
7149				    121.942
7158				    120.895
7166				    121.452
7174				    125.905
7183				    125.332
7191				    125.161
7200				    125.161
7208				    125.5
7216				    117.683
7225				    117.683
7233				    112.189
7241				    110.91
7250				    111.183
7258				    111.183
7266				    113.58
7274				    119.45
7282				    119.45
7291				    119.45
7299				    121.414
7307				    122.659
7315				    123.573
7324				    126.327
7332				    126.327
7340				    126.795
7349				    126.795
7357				    128.572
7366				    128.572
7374				    126.397
7382				    126.397
7391				    125.515
7399				    120.969
7408				    118.848
7416				    107.335
7424				    107.335
7433				    105.632
7441				    96.979
7449				    96.081
7457				    95.935
7465				    98.645
7474				    98.645
7482				    99.637
7490				    99.672
7499				    100.224
7507				    100.224
7515				    100.224
7523				    107.632
7532				    107.632
7540				    109.232
7548				    109.58
7557				    111.183
7565				    112.294
7573				    112.294
7581				    111.079
7590				    111.079
7598				    111.079
7606				    112.049
7615				    106.699
7623				    106.699
7631				    106.229
7640				    105.698
7648				    105.59
7656				    105.122
7664				    105.827
7673				    105.827
7681				    105.827
7689				    105.827
7697				    112.467
7706				    111.259
7714				    109.342
7722				    108.674
7731				    107.39
7739				    107.39
7747				    111.279
7755				    111.686
7764				    111.686
7772				    111.602
7780				    111.602
7789				    107.968
7797				    106.836
7805				    104.641
7813				    104.641
7821				    104.533
7830				    104.533
7838				    97.393
7846				    96.225
7855				    96.042
7863				    97.714
7871				    96.423
7880				    96.423
7888				    96.423
7896				    98.748
7905				    98.748
7913				    98.207
7923				    98.207
