14871				    1.9	
14883				    1.9	
14894				    1.9	
14905				    1.9	
14916				    1.9	
14927				    1.9	
14938				    2.3	
14949				    2.3	
14961				    2.3	
14972				    2.3	
14983				    2.3	
14994				    2.3	
15005				    3.4	
15017				    3.9	
15029				    3.9	
15040				    3.9	
15051				    5.4	
15062				    7.7	
15074				    8.2	
15084				    10.3	
15095				    13.4	
15107				    13.4	
15118				    14.4	
15129				    17.4	
15141				    17.4	
15152				    17.3	
15163				    17.0	
15174				    17.9	
15186				    18.8	
15197				    18.4
15208				    16.9
15219				    16.9
15230				    15.6
15242				    15.8
15253				    14.0
15264				    14.0
15275				    12.9
15286				    12.7
15298				    12.3
15309				    10.6
15320				    10.6
15331				    10.1
15342				    11.9
15354				    11.9
15365				    11.9
15376				    12.8
15387				    12.8
15398				    13.6
15410				    13.6
15421				    12.6
15432				    13.9
15443				    13.9
15454				    12.4
15466				    13.7
15477				    13.3
15488				    13.2
15499				    12.3
15510				    12.7
15521				    13.3
15532				    13.2
15543				    12.5
15555				    12.3
15566				    11.4
15577				    11.9
15588				    11.9
15599				    10.9
15610				    10.8
15622				    10.6
15633				    10.7
15644				    10.5
15655				    10.5
15666				    10.2
15677				    10.2
15688				    10.7
15699				    11.0
15710				    10.7
15721				    11.3
15733				    11.8
15744				    11.9
15755				    12.3
15766				    12.3
15777				    12.9
15788				    13.9
