13577				    2.6	
13588				    2.6	
13599				    2.6	
13610				    3.3	
13621				    4.3	
13631				    5.1	
13642				    5.1	
13653				    8.3	
13664				    9.0	
13675				    9.6	
13686				    10.6	
13697				    15.2	
13707				    16.9	
13718				    20.3	
13730				    27.3	
13740				    34.9	
13751				    39.8	
13762				    41.2	
13773				    41.3	
13784				    52.4	
13795				    56.3	
13806				    62.9	
13817				    65.8
13828				    61.4
13839				    55.2
13850				    55.2
13861				    55.2
13871				    43.1
13882				    34.8
13893				    31.2
13905				    30.9
13916				    30.3
13926				    30.4
13937				    29.8
13948				    27.3
13959				    26.0
13970				    25.5
13981				    24.5
13992				    22.7
14003				    23.5
14014				    26.6
14025				    26.3
14036				    25.3
14046				    24.2
14057				    23.9
