5509				    80.087
5520				    80.087
5531				    80.087
5542				    80.087
5553				    80.087
5565				    80.087
5576				    72.336
5588				    72.336
5599				    72.336
5610				    72.336
5621				    72.336
5632				    72.336
5644				    72.336
5655				    72.336
5666				    85.059
5677				    92.341
5688				    92.341
5699				    92.341
5710				    92.341
5722				    92.341
5733				    92.341
5745				    92.341
5756				    92.341
5767				    92.954
5779				    92.954
5791				    92.954
5802				    92.954
5813				    92.954
5824				    92.954
5835				    92.954
5847				    86.608
5858				    91.042
5869				    91.042
5880				    91.042
5892				    91.042
5903				    96.748
5914				    96.748
5925				    96.748
5937				    96.135
5949				    96.043
5960				    106.817
5972				    109.108
5983				    109.108
5994				    109.108
6005				    109.108
6016				    109.108
6027				    109.108
6038				    111.001
6050				    105.959
6061				    103.242
6072				    102.698
6084				    102.698
6095				    102.698
6106				    102.698
6118				    102.698
6129				    102.698
6140				    102.698
6151				    104.724
6163				    109.634
6174				    108.058
6185				    108.058
6197				    108.058
6208				    108.058
6219				    108.058
6230				    108.058
6242				    108.058
6253				    101.467
6264				    101.001
6275				    101.001
6286				    101.001
6298				    101.001
6309				    101.001
6320				    101.001
6331				    101.001
6343				    101.001
6354				    103.153
6366				    107.741
6376				    113.148
6384				    115.102
6392				    115.102
6401				    115.102
6409				    115.102
6418				    115.102
6426				    115.102
6434				    115.102
6442				    115.102
6450				    115.102
6459				    115.102
6471				    115.102
6482				    115.102
6493				    126.753
6504				    127.164
6515				    127.164
6527				    127.164
6539				    127.164
6550				    119.638
6561				    94.028
6572				    73.429
6583				    73.094
6595				    73.094
6606				    73.094
6617				    73.094
6629				    73.094
6640				    73.094
6651				    73.094
6662				    73.094
6673				    73.094
6685				    73.094
6696				    82.094
6707				    116.877
6718				    146.901
