29549				    2.9	
29560				    2.9	
29571				    2.9	
29582				    2.9	
29593				    2.9	
29604				    3.5
29615				    4.2
29626				    4.2
29637				    4.2
29648				    4.2
29659				    5.6
29670				    5.9
29681				    6.5
29692				    6.5
29702				    9.5
29714				    9.5
29725				    10.7
29736				    10.7
29747				    9.9
29758				    9.8
29769				    12.2
29780				    12.2
29791				    12.7
29802				    12.7
29813				    10.9
29824				    10.9
29835				    10.9
29845				    9.7
29856				    9.7
29867				    8.8
29878				    8.8
29889				    8.2
29900				    7.3
29911				    7.1
29922				    6.4
29933				    6.3
29944				    5.8
29955				    5.4
29966				    5.4
29977				    5.4
29988				    5.4
29999				    5.4
30010				    5.4
30021				    5.4
30032				    5.7
30043				    5.7
30054				    5.7
30065				    5.9
30076				    5.9
30087				    5.9
30098				    5.9
30110				    5.6
30121				    5.6
30132				    5.5
30143				    5.7
30154				    5.7
30165				    5.5
30175				    5.8
30187				    5.9
30197				    5.9
30208				    5.8
30219				    5.6
30230				    5.6
30241				    5.6
30252				    5.9
30263				    5.9
30274				    5.9
30285				    4.3
30295				    4.3
30306				    4.3
30317				    4.3
30328				    4.3
30339				    4.3
30350				    4.3
30362				    4.3
30373				    4.7
30384				    4.9
30395				    4.9
30406				    5.4
30417				    5.4
30428				    5.4
30439				    5.3
30450				    5.2
30461				    5.2
30472				    5.1
30483				    5.0
30494				    5.0
30505				    4.8
30516				    4.8
30527				    4.7
30538				    4.7
30549				    4.8
30560				    4.8
30570				    4.8
30581				    4.8
30592				    4.6
30603				    4.6
30614				    4.6
30625				    4.6
30636				    4.6
30647				    4.6
30658				    4.6
30669				    4.6
30680				    4.4
30691				    4.4
30702				    4.6
30713				    4.6
30724				    4.6
30735				    4.6
30746				    4.6
30757				    4.8
30768				    4.9
30779				    4.9
30790				    5.0
30801				    5.0
30812				    4.8
30823				    4.7
30834				    4.7
30845				    4.8
30856				    4.8
30867				    4.8
30878				    4.8
30889				    4.8
30900				    4.6
30911				    4.6
30922				    4.7
30933				    4.8
30944				    4.8
30955				    4.8
30966				    4.8
30977				    4.6
30988				    4.7
30999				    5.0
31011				    5.0
31022				    5.0
31033				    5.0
31043				    4.9
31055				    4.9
31066				    4.9
31077				    4.6
31088				    4.7
31099				    4.7
31110				    4.6
31121				    4.9
31132				    4.9
31142				    5.1
31153				    5.1
31165				    5.9
31176				    6.4
31186				    6.6
31197				    6.6
31209				    7.2
31220				    7.2
31231				    7.4
31242				    7.9
31253				    7.9
31264				    7.5
