10694				    2.2	
10705				    2.2	
10716				    2.2	
10727				    2.2	
10738				    3.6	
10749				    4.3	
10761				    4.3	
10772				    4.7	
10784				    9.0	
10795				    10.2	
10806				    10.2	
10817				    11.2	
10828				    11.8	
10839				    11.3	
10850				    8.5
10861				    8.2
10872				    8.2
10883				    8.7
10894				    8.7
10905				    8.6
10917				    8.6
10927				    8.6
10939				    8.2
10950				    8.2
10960				    7.9
10972				    7.8
10983				    7.8
10994				    7.5
11005				    7.5
11016				    7.5
11027				    7.5
11038				    7.8
11049				    7.8
11060				    7.8
11071				    7.8
11082				    7.8
11093				    9.1
11104				    9.1
11116				    9.0
11127				    9.5
11138				    9.7
11149				    9.7
11160				    9.7
11171				    9.7
11182				    9.7
11193				    7.8
11204				    6.6
11215				    6.1
11226				    6.1
11237				    6.2
11248				    6.2
11258				    7.9
11270				    8.4
11281				    8.4
11292				    8.9
11303				    10.4
11314				    10.4
11325				    10.4
11336				    11.2
11347				    12.2
11358				    12.2
11369				    12.2
11380				    12.6
11391				    12.6
11402				    12.6
11413				    12.8
11424				    12.8
11435				    12.9
11446				    14.4
11457				    15.4
11468				    15.4
11479				    15.4
11490				    20.5
11501				    18.5
11512				    16.0
11523				    17.3
11534				    17.3
11545				    15.5
11556				    16.9
11567				    16.9
11578				    16.9
11590				    16.8
11601				    16.8
11612				    16.8
11623				    15.5
11634				    15.5
11645				    15.5
11656				    15.5
11667				    15.5
11678				    15.5
11689				    15.5
11700				    15.5
11711				    15.5
11722				    15.5
11733				    15.5
11744				    15.5
11755				    15.5
