1135				    295.347
1146				    295.347
1157				    295.347
1168				    234.615
1179				    108.507
1190				    108.507
1201				    108.507
1212				    108.507
1223				    108.507
1234				    108.507
1245				    108.507
1256				    108.507
1268				    108.507
1278				    108.507
1289				    108.507
1300				    108.507
1311				    108.507
1322				    108.507
1333				    108.507
1344				    108.507
1355				    108.507
1366				    108.507
1377				    108.507
1387				    122.937
1398				    215.285
1410				    215.285
1421				    215.285
1432				    215.285
1443				    215.285
1454				    215.285
1465				    215.285
1476				    215.285
1487				    215.285
1498				    215.285
1510				    215.285
1520				    215.285
1531				    215.285
1543				    215.285
1554				    193.145
1565				    173.742
1576				    176.789
1587				    181.156
1598				    181.156
1609				    181.156
1620				    181.156
1631				    181.156
1642				    181.156
1653				    181.156
1664				    181.156
1675				    181.156
1686				    181.156
1697				    181.156
1708				    181.156
1719				    181.156
1730				    181.156
1741				    181.156
1752				    181.156
1763				    181.156
1774				    190.954
1785				    195.847
1796				    209.003
1807				    214.607
1817				    232.47
1828				    232.47
1839				    232.47
1850				    232.47
1861				    238.316
1872				    238.316
1883				    238.316
1894				    238.316
1905				    238.316
1916				    238.316
1927				    238.316
1938				    238.316
1949				    238.316
1960				    238.316
1971				    238.316
1982				    238.316
1993				    238.316
2004				    237.056
2015				    228.252
2026				    233.518
2037				    244.495
2048				    239.285
2059				    241.012
2070				    241.012
2081				    241.012
2092				    241.012
2103				    241.012
2113				    241.012
2124				    241.012
2136				    241.012
2147				    241.012
2158				    247.298
2169				    247.298
2180				    247.298
2192				    247.298
2202				    247.298
2213				    247.298
2224				    231.494
2235				    220.651
2246				    229.256
2257				    231.502
2268				    233.267
2279				    232.057
2290				    234.887
2301				    237.309
2312				    237.309
2323				    237.309
2334				    237.309
2344				    237.309
2355				    232.862
2366				    232.862
2377				    232.862
2388				    232.862
2398				    232.862
2409				    232.862
2420				    203.005
2431				    197.066
2442				    199.973
2452				    203.13
2463				    212.15
2474				    212.15
2485				    212.15
2496				    212.15
2507				    212.15
2518				    212.15
