36501				    67.048
36512				    67.048
36523				    67.048
36535				    67.048
36546				    62.157
36557				    60.403
36568				    60.403
36580				    60.403
36592				    47.066
36603				    46.778
36615				    46.778
36626				    43.996
36637				    42.363
36649				    49.878
36660				    51.397
36671				    52.455
36682				    48.072
36694				    49.342
36705				    49.984
36716				    51.404
36728				    53.737
36739				    62.854
36750				    63.558
36762				    73.049
36773				    76.643
36784				    84.865
36796				    96.911
36808				    98.204
36819				    95.029
36830				    93.218
36842				    98.825
36853				    98.825
36864				    109.917
36876				    109.917
36887				    127.47
36898				    122.465
36910				    122.465
36921				    132.69
36932				    134.145
36944				    135.244
36955				    155.733
36966				    156.415
36978				    156.415
36989				    162.693
37000				    171.111
37012				    174.937
37023				    191.27
37035				    191.27
37046				    202.782
37057				    202.782
37068				    217.749
37080				    202.163
37091				    202.436
37102				    211.024
37114				    224.367
37125				    224.367
37136				    230.875
37147				    247.238
37159				    248.392
37170				    262.049
37181				    266.591
37192				    266.591
37204				    285.844
37215				    289.269
37226				    292.356
37237				    288.872
37248				    289.234
37259				    299.139
37271				    306.579
37282				    306.579
37293				    317.676
37305				    329.625
37316				    337.257
37327				    334.524
37339				    335.162
37350				    338.596
