0				    60.212
11				    60.212
22				    60.212
34				    60.212
46				    58.104
57				    58.104
69				    67.519
80				    67.519
92				    59.128
104				    59.128
115				    52.716
127				    53.683
138				    64.039
150				    64.039
162				    64.727
173				    62.782
185				    64.573
196				    64.573
208				    71.944
220				    82.882
232				    90.546
243				    91.18
255				    93.742
266				    116.743
278				    116.743
289				    122.555
301				    122.555
312				    125.104
324				    140.703
335				    140.703
346				    140.703
357				    148.373
368				    150.201
380				    153.444
391				    153.444
402				    156.409
414				    155.81
425				    155.12
436				    155.12
448				    155.12
459				    154.742
470				    151.065
482				    151.065
493				    159.94
505				    158.568
516				    158.236
527				    160.43
538				    159.518
550				    155.933
561				    146.161
573				    146.161
584				    146.161
595				    138.938
607				    138.442
618				    135.783
629				    134.567
640				    129.278
652				    122.12
663				    122.12
674				    118.828
685				    119.35
697				    119.35
708				    119.35
720				    123.266
731				    124.73
742				    121.239
754				    121.239
765				    101.143
776				    101.143
788				    101.859
799				    95.637
811				    95.914
822				    95.914
834				    99.05
845				    100.991
857				    100.991
868				    100.553
880				    100.553
891				    104.47
903				    104.631
914				    104.631
926				    105.916
937				    104.773
949				    105.613
960				    105.613
972				    104.059
983				    104.059
995				    105.269
1006				    105.269
1018				    105.917
1029				    105.917
1041				    106.225
1052				    106.225
1064				    107.469
1075				    108.502
1087				    111.391
1098				    107.77
1110				    110.118
1121				    110.118
1133				    111.572
1144				    109.389
1156				    108.704
1167				    109.169
1178				    110.078
1190				    105.995
1201				    105.995
1213				    108.096
1224				    110.854
1236				    110.854
1248				    110.854
1260				    112.59
1271				    112.759
1283				    114.893
1294				    114.893
1306				    122.088
1317				    114.389
1329				    113.676
1340				    113.676
1352				    111.885
1363				    111.502
1375				    110.075
1386				    103.56
1398				    101.056
1409				    101.688
1421				    105.53
1433				    105.53
1444				    114.227
1456				    121.544
1467				    119.833
1479				    119.833
1491				    115.289
1502				    114.093
1514				    114.326
1526				    114.326
1537				    117.05
1549				    107.738
1560				    108.036
1572				    109.341
1583				    113.021
1595				    114.111
1606				    116.9
1618				    116.9
1630				    118.786
1641				    118.786
1653				    116.143
1665				    116.143
1676				    116.143
1688				    127.292
1700				    124.695
1711				    124.695
1723				    125.355
1734				    125.878
1746				    123.98
1757				    123.98
1769				    123.537
1780				    120.319
1792				    120.319
1803				    121.778
1815				    122.651
1826				    122.651
1838				    122.651
