7643				    10
7654				    10
7665				    10
7676				    14
7688				    20
7699				    20
7710				    27
7721				    40
7732				    40
7743				    47
7755				    64
7766				    68
7777				    70
7788				    96
7799				    129
7811				    136
7822				    158
7833				    166
7844				    232
7855				    284
7866				    320
7878				    346
7889				    389
7900				    432
7912				    492
7923				    536
7934				    565
7945				    586
7956				    586
7967				    586
7978				    586
7989				    586
8000				    586
