17871				    30.152
17882				    30.152
17893				    30.152
17905				    30.152
17916				    30.152
17927				    30.152
17938				    4.375
17949				    4.375
17960				    4.375
17971				    6.135
17982				    6.291
17993				    2.433
18004				    2.433
18015				    2.153
18026				    2.153
18038				    2.153
18049				    2.339
18060				    2.494
18071				    1.349
18082				    1.349
18093				    3.921
18104				    2.947
18115				    6.832
18126				    6.832
18137				    14.11
18148				    4.921
18159				    7.187
18170				    10.37
18181				    8.601
18193				    9.106
18204				    5.396
18215				    4.42
18226				    3.111
18237				    10.986
18248				    10.986
18259				    1.706
18270				    0.992
18281				    0.992
18292				    5.663
18303				    7.275
18314				    1.499
18326				    0.943
18337				    0.943
18348				    5.83
18359				    3.755
18370				    4.883
18381				    6.435
18392				    5.584
18403				    5.236
18415				    6.078
18426				    6.078
18437				    4.206
18448				    4.206
18459				    12.043
18470				    7.709
18481				    7.709
18492				    13.021
18503				    5.494
18514				    6.69
18525				    7.865
18536				    10.489
18547				    11.549
18559				    14.71
18570				    14.241
18581				    15.036
18592				    17.967
18603				    8.834
18614				    9.475
18625				    5.634
18636				    8.836
18647				    11.329
18658				    11.329
18670				    9.281
18681				    5.387
18692				    11.35
18703				    8.94
18714				    2.673
