3581				    76.941
3588				    76.941
3597				    76.941
3605				    76.941
3613				    76.941
3621				    76.941
3629				    76.941
3637				    76.941
3645				    73.844
3653				    74.022
3662				    78.504
3670				    78.504
3678				    78.504
3686				    78.504
3694				    78.504
3702				    78.504
3710				    78.504
3718				    77.673
3726				    78.301
3734				    77.398
3743				    79.788
3751				    80.494
3759				    80.494
3767				    80.494
3775				    80.494
3783				    80.494
3794				    78.128
3806				    77.09
3817				    77.09
3828				    77.09
3839				    82.47
3850				    111.447
3863				    116.813
3874				    116.813
3885				    116.813
3896				    114.008
3907				    114.008
3918				    114.083
3929				    116.701
3940				    118.952
3951				    122.321
3963				    113.643
3973				    120.599
3984				    120.599
3995				    126.049
4006				    136.525
4017				    139.636
4028				    143.611
4039				    143.611
4050				    143.611
4061				    143.611
4072				    160.198
4083				    160.198
4094				    168.111
4105				    167.82
4116				    166.514
4127				    165.848
4139				    169.533
4149				    172.01
4160				    172.175
4171				    170.602
4182				    171.737
4194				    180.317
4205				    180.653
4216				    180.653
4227				    180.653
4238				    177.412
4249				    176.088
4260				    174.649
4271				    174.649
4281				    182.306
4293				    184.17
4304				    184.17
4315				    187.737
4326				    187.011
4337				    187.011
4348				    191.038
4359				    191.068
4370				    191.068
4381				    191.965
4392				    194.153
4403				    198.065
4414				    198.065
4425				    198.065
4436				    198.065
4447				    198.065
4458				    198.065
4469				    198.065
4481				    214.941
4492				    216.708
4503				    217.719
4515				    220.245
4526				    231.414
4537				    234.335
4549				    232.04
4560				    232.776
4572				    232.793
4583				    232.793
4594				    233.549
4602				    233.836
4610				    232.344
4618				    227.695
4627				    227.695
4635				    227.695
4643				    227.695
4651				    229.729
4660				    218.137
4668				    210.129
4676				    204.971
4684				    202.341
4693				    202.341
4701				    195.687
4709				    195.687
4717				    194.227
4726				    187.918
4734				    187.918
4742				    187.918
4750				    187.918
4759				    193.088
4767				    192.124
4775				    191.787
4783				    190.692
4792				    190.737
4800				    192.383
4808				    194.025
4816				    196.271
4825				    196.271
4833				    205.546
4841				    207.466
4850				    207.466
4858				    207.466
4866				    207.466
4875				    207.466
4883				    207.466
4891				    214.873
4900				    220.734
4908				    220.734
4916				    228.109
4924				    233.511
4932				    233.511
4941				    237.048
4949				    245.396
4957				    245.472
4966				    245.962
4974				    246.223
4982				    246.223
4991				    246.223
4999				    249.446
5007				    252.863
5015				    252.863
5024				    252.863
5032				    255.267
5041				    263.242
5049				    261.843
5057				    261.715
5065				    261.62
5073				    258.84
5082				    256.291
5090				    255.075
5098				    255.075
5106				    255.075
5115				    255.075
5123				    252.443
5131				    252.443
5139				    250.886
5147				    250.393
5156				    245.282
5165				    245.282
5173				    245.282
5182				    237.133
5190				    237.133
5198				    234.992
5207				    234.992
5215				    239.033
5223				    234.81
5232				    234.81
5240				    233.175
5248				    234.357
5257				    234.357
5265				    234.878
5273				    234.402
5282				    235.063
5290				    236.63
5298				    240.905
5307				    244.199
5315				    245.553
5324				    245.553
5332				    250.194
5341				    253.138
5350				    253.138
5358				    257.71
5366				    257.71
5375				    257.71
5383				    257.71
5391				    257.71
5400				    259.875
5408				    259.875
5417				    259.875
5425				    259.875
5433				    259.875
5441				    266.911
5450				    272.403
5458				    277.455
5466				    286.494
5474				    286.494
5483				    286.494
5491				    286.494
5499				    301.167
5507				    301.167
5516				    311.354
5524				    311.354
5532				    318.284
5541				    320.264
5549				    320.264
5557				    322.103
5565				    322.103
5573				    322.103
5581				    330.864
5590				    333.486
5598				    334.35
5606				    334.35
5614				    336.972
5623				    339.08
5631				    344.917
5640				    346.67
5648				    346.67
