10				    20.037
21				    24.007
31				    20.037
42				    24.007
53				    20.037
63				    24.007
74				    4.221
84				    20.58
94				    4.221
105				    2.236
115				    4.221
126				    2.236
136				    4.013
147				    2.584
158				    3.108
169				    2.713
181				    7.462
192				    2.713
204				    9.17
215				    2.494
227				    5.444
238				    2.494
250				    2.131
261				    2.234
273				    1.421
284				    2.234
295				    1.421
307				    1.584
318				    3.097
329				    0.605
341				    1.495
352				    1.234
364				    4.442
375				    1.234
387				    2.611
399				    2.629
410				    2.611
421				    3.952
433				    1.677
444				    0.211
455				    1.367
467				    0.467
478				    2.487
490				    1.052
502				    4.466
513				    0.945
525				    4.788
536				    3.647
547				    0.98
559				    3.337
570				    5.466
582				    3.337
593				    0.229
605				    5.037
616				    1.939
627				    5.037
				    1.245
				    5.037
				    3.752
				    0.399
				    1.116
				    3.094
				    0.974
				    3.575
				    2.279
				    1.647
				    2.187
				    1.647
				    2.187
				    1.68
				    4.379
				    0.679
				    2.016
				    0.679
				    2.742
				    1.465
				    4.41
				    3.463
				    3.364
				    10.567
				    0.094
				    6.51
				    0.094
				    2.269
				    3.842
				    2.387
				    2.506
				    1.759
				    1.481
				    3.375
				    0.586
				    3.375
				    2.076
				    3.366
				    5.25
				    4.247
				    6.07
				    2.308
				    3.172
				    3.953
				    2.017
				    7.393
				    2.312
				    7.393
				    2.312
				    7.393
				    16.846
				    15.732
				    1.103
				    22.694
				    3.317
				    6.614
