58249				    1.7	
58260				    1.7	
58272				    1.7	
58283				    1.7	
58295				    1.7	
58307				    2.1	
58319				    2.7	
58330				    2.9	
58341				    4.3	
58351				    4.3	
58359				    4.3	
58368				    5.0	
58376				    5.0	
58384				    5.1	
58393				    5.7	
58401				    8.9	
58410				    9.5	
58418				    11.2
58427				    11.2
58435				    11.2
58443				    11.2
58451				    9.4
58459				    8.7
58468				    8.7
58476				    8.7
58484				    7.7
58493				    6.9
58501				    6.8
58509				    7.9
58518				    7.9
58526				    8.0
58535				    8.0
58544				    7.6
58552				    7.5
58560				    7.6
58569				    7.4
58577				    7.2
58585				    6.5
58594				    6.3
58602				    6.2
58611				    6.2
58619				    6.2
58628				    5.8
58636				    6.0
58644				    6.0
58652				    6.0
58661				    5.7
58669				    5.7
58677				    5.7
58685				    5.6
58693				    5.5
58702				    5.4
58710				    5.3
58718				    5.4
58727				    5.4
58735				    5.4
58743				    5.1
58751				    4.9
58759				    4.9
58767				    4.9
58775				    4.9
58783				    4.8
58791				    4.9
58800				    4.9
58808				    4.9
58816				    5.0
58824				    5.5
58832				    5.5
58840				    5.9
58848				    5.9
58856				    6.2
58864				    6.3
58872				    7.1
58880				    7.1
58888				    7.1
58896				    7.1
58904				    6.9
58912				    6.9
58920				    6.9
58928				    7.0
58936				    7.3
58944				    7.3
58953				    7.3
58961				    6.9
58969				    7.8
58977				    7.8
58986				    7.7
58994				    7.7
59002				    7.7
59010				    7.7
59018				    7.6
59026				    7.1
59035				    8.2
59043				    8.2
59051				    8.0
59059				    7.8
59067				    7.8
59075				    7.8
59083				    7.3
59092				    7.2
59100				    7.4
59108				    7.7
59116				    7.7
59125				    7.2
59133				    7.3
59141				    7.3
59149				    7.3
59157				    7.2
59166				    7.6
59175				    7.6
59183				    7.5
59191				    7.5
59199				    7.5
59207				    7.6
59215				    7.5
59223				    8.1
59231				    8.1
59239				    8.1
59247				    7.7
59255				    8.3
59263				    8.3
59271				    8.1
59279				    7.9
59288				    7.9
59296				    7.8
59304				    7.8
59312				    7.8
59320				    7.8
59328				    7.4
59336				    7.4
59344				    7.2
59353				    7.2
59361				    7.2
59369				    7.2
59377				    7.2
59385				    6.8
59394				    7.1
59402				    7.1
59410				    7.1
59418				    7.1
59426				    7.2
59434				    7.2
59443				    7.0
59451				    7.4
59459				    7.6
59467				    7.6
59475				    7.6
59483				    7.6
59491				    7.6
59499				    7.6
59507				    7.6
59515				    7.3
59523				    7.4
59531				    7.4
59540				    7.4
59548				    7.3
59556				    7.3
59565				    7.3
59573				    6.7
59582				    6.9
59590				    6.9
59599				    6.9
