0				    10
11				    10
22				    10
33				    10
44				    10
55				    11
66				    17
77				    17
88				    17
100				    17
111				    31
122				    32
133				    34
144				    34
155				    34
167				    38
178				    45
189				    46
200				    66
212				    66
223				    75
234				    79
245				    79
256				    79
268				    79
279				    79
290				    79
301				    79
312				    79
323				    79
334				    79
345				    79
357				    79
368				    79
379				    79
390				    79
401				    79
412				    80
423				    80
434				    80
445				    80
456				    80
467				    80
478				    80
489				    80
501				    80
512				    80
523				    80
534				    80
545				    80
556				    80
567				    80
578				    81
589				    81
600				    81
611				    81
622				    81
633				    81
644				    81
655				    81
667				    81
678				    81
689				    81
700				    81
711				    81
722				    81
733				    82
744				    82
755				    82
766				    82
777				    82
788				    82
800				    82
811				    82
821				    82
832				    82
843				    82
855				    82
866				    82
877				    82
888				    83
899				    83
910				    83
921				    83
932				    83
943				    83
954				    83
