34201				    10
34212				    10
34223				    10
34233				    10
34244				    13
34255				    15
34266				    15
34277				    15
34288				    18
34299				    28
34310				    30
34321				    30
34332				    32
34342				    37
34354				    37
34364				    64
34375				    64
34386				    66
34397				    85
34408				    98
34419				    99
34430				    113
34441				    130
34452				    130
34463				    144
34474				    175
34485				    178
34496				    202
34507				    203
34518				    209
34529				    209
34540				    209
34550				    209
34561				    209
34572				    209
34583				    209
34594				    209
34605				    209
34616				    209
34626				    209
34637				    209
34648				    209
34659				    209
34670				    209
34681				    209
34692				    209
34703				    209
34714				    209
34725				    209
34735				    209
34746				    209
34757				    209
34768				    209
34779				    209
34789				    209
34800				    209
34811				    209
34822				    209
34833				    209
34844				    209
34854				    209
34865				    209
34876				    209
34887				    209
34898				    210
34909				    210
34920				    210
34930				    210
34941				    210
34952				    210
34963				    210
34974				    210
34985				    210
34996				    210
35006				    210
