12962				    2.4	
12972				    2.4	
12983				    2.4	
12994				    2.4	
13005				    2.4	
13016				    2.7
13027				    2.7
13038				    3.1
13049				    3.1
13060				    3.7
13072				    3.7
13082				    5.2
13093				    7.2
13104				    7.2
13115				    8.0
13126				    8.0
13137				    8.0
13148				    8.8
13159				    9.8
13170				    9.9
13181				    9.3
13192				    9.3
13203				    9.1
13213				    9.3
13224				    10.6
13235				    11.8
13246				    11.8
13257				    11.8
13268				    11.3
13279				    11.3
13290				    11.3
13301				    10.5
13312				    10.3
13323				    9.8
13334				    9.4
13344				    9.3
13355				    8.8
13366				    9.4
13378				    9.7
13388				    9.7
13399				    9.0
13410				    9.6
13421				    9.6
13432				    9.8
13443				    9.7
13454				    9.7
13465				    9.1
13475				    8.9
13486				    8.7
13497				    8.6
13508				    8.5
13519				    8.4
13530				    8.7
13541				    8.7
13552				    8.7
13562				    8.7
13573				    8.0
13584				    7.9
13595				    8.0
13606				    8.3
13617				    8.3
13628				    8.2
13638				    8.2
13649				    8.2
13660				    7.9
13671				    7.9
13682				    7.9
13693				    7.4
13704				    7.4
13714				    7.4
13725				    7.4
13736				    7.3
13747				    7.3
13758				    7.2
13769				    7.2
13780				    6.6
13791				    6.5
13802				    6.5
13813				    6.5
13824				    6.2
13834				    5.9
13845				    5.9
13856				    5.8
13867				    5.8
13878				    5.8
13889				    5.8
13900				    5.8
13911				    6.2
13921				    6.2
13932				    6.2
13943				    6.1
13954				    6.5
13965				    6.5
13975				    7.0
13986				    7.2
13997				    7.3
14008				    7.3
14019				    7.2
14030				    7.2
14041				    7.1
14052				    7.1
14063				    5.3
14074				    5.4
14085				    5.6
14095				    5.7
14106				    5.9
14117				    6.1
14128				    6.1
14139				    6.1
14150				    6.5
14161				    6.5
14172				    6.6
14183				    6.8
14194				    6.9
14205				    6.9
14215				    6.9
14226				    6.9
14237				    6.2
14248				    6.0
14259				    6.0
14269				    6.0
14280				    5.6
14292				    5.7
14302				    5.7
14313				    5.9
14324				    5.9
14335				    5.8
14346				    6.0
14357				    6.2
14368				    6.2
