16341				    19.022
16352				    19.022
16363				    19.022
16375				    12.094
16386				    3.842
16397				    3.842
16408				    3.914
16419				    2.328
16430				    1.422
16442				    2.467
16453				    1.722
16464				    2.363
16475				    1.445
16486				    4.81
16498				    4.81
16509				    4.81
16520				    14.027
16531				    15.082
16543				    9.041
16554				    9.041
16566				    9.791
16577				    2.814
16588				    1.365
16599				    0.891
16610				    1.165
16622				    0.627
16633				    0.891
16644				    1.137
16655				    1.872
16667				    5.63
16678				    3.096
16690				    0.602
16701				    1.647
16712				    0.727
16723				    1.506
