16736				    10
16744				    10
16752				    10
16759				    10
16767				    12
16775				    20
16784				    20
16792				    20
16800				    22
16808				    24
16816				    27
16824				    40
16832				    42
16840				    50
16848				    54
16856				    63
16864				    70
16872				    90
16880				    109
16888				    116
16896				    126
16904				    152
16912				    182
16920				    208
16928				    232
16936				    236
16944				    236
16952				    238
16960				    254
16969				    268
16976				    278
16985				    332
16993				    334
17001				    338
17009				    346
17017				    346
17025				    346
17033				    346
17041				    347
17049				    348
17057				    349
17065				    350
17074				    351
17082				    352
17090				    353
17098				    354
17106				    355
17114				    357
17122				    357
17130				    358
17138				    358
17146				    359
17154				    360
17162				    362
17171				    363
17179				    364
17187				    365
17195				    366
