6717				    38.064
6728				    38.064
6739				    38.064
6750				    38.064
6761				    39.574
6772				    47.652
6784				    47.652
6795				    44.687
6806				    37.952
6817				    42.367
6828				    40.639
6840				    39.293
6851				    45.59
6862				    45.506
6874				    45.506
6885				    51.703
6896				    49.281
6908				    48.743
6919				    45.524
6930				    37.935
6942				    42.15
6953				    53.912
6965				    44.481
6977				    40.643
6988				    41.604
7000				    47.226
7011				    57.302
7023				    69.246
7034				    71.897
7045				    76.134
7057				    81.113
7068				    77.028
7079				    83.494
7090				    82.404
