32274				    1.9	
32285				    1.9	
32296				    1.9	
32307				    1.9	
32319				    3.1	
32329				    2.6
32340				    3.1	
32352				    3.8	
32363				    3.8	
32374				    6.3	
32385				    7.0	
32396				    8.5	
32407				    8.5	
32418				    10.8	
32430				    10.8	
32441				    16.8	
32452				    17.9	
32463				    18.1	
32474				    21.3	
32485				    21.2	
32496				    20.3
32507				    20.3
32518				    19.0
32530				    19.5
32541				    20.2
32552				    18.4
32563				    14.9
32574				    16.2
32585				    15.4
32597				    13.4
32608				    13.4
32619				    10.6
32630				    12.9
32641				    12.9
32652				    12.6
32663				    12.6
32675				    12.0
32686				    12.0
32697				    13.6
32708				    13.6
32718				    13.3
32730				    12.5
32741				    11.7
32752				    11.7
32763				    13.8
32774				    13.5
32785				    13.5
32796				    12.5
32807				    13.7
32819				    14.1
32830				    13.4
32841				    13.7
32852				    13.8
32863				    13.8
32874				    13.1
32885				    13.6
32896				    13.6
32908				    13.6
32919				    12.5
32930				    12.6
32941				    12.6
32952				    12.0
32963				    12.9
32974				    13.2
32985				    12.7
32996				    13.3
33008				    14.1
33019				    13.9
33030				    12.7
33041				    14.2
33052				    14.2
33063				    13.8
33074				    13.0
