7739				    10
7751				    10
7762				    10
7774				    12
7785				    20
7796				    20
7808				    20
7819				    27
7830				    31
7842				    37
7853				    45
7864				    56
7876				    64
7887				    71
7899				    96
7910				    124
7921				    132
7932				    158
7943				    183
7955				    222
7966				    239
7977				    275
7988				    325
7999				    360
8010				    360
8022				    360
8033				    412
8044				    423
8056				    463
8067				    463
8078				    469
8090				    480
8101				    480
