11				    24.015
22				    24.015
33				    24.015
44				    24.015
55				    3.591
67				    3.591
78				    3.591
89				    3.591
100				    2.843
111				    2.731
123				    2.731
134				    2.731
145				    1.289
157				    0.469
168				    0.469
179				    0.469
191				    8.321
202				    1.61
213				    2.674
225				    4.233
236				    4.233
248				    4.233
259				    4.066
270				    2.54
281				    0.979
292				    3.226
304				    3.226
315				    11.724
326				    13.164
337				    15.036
348				    15.036
359				    6.519
371				    1.764
382				    1.57
394				    0.736
405				    0.858
416				    1.187
427				    0.899
439				    1.677
450				    1.677
461				    1.677
472				    0.903
483				    0.807
494				    2.732
505				    2.403
516				    1.453
527				    0.587
538				    3.241
549				    0.928
561				    0.389
572				    0.379
583				    0.433
595				    1.569
606				    3.702
617				    2.227
628				    2.865
639				    1.697
650				    2.752
661				    1.31
673				    1.739
684				    0.558
695				    2.199
706				    2.199
717				    2.199
727				    2.083
739				    1.955
750				    2.344
761				    1.487
772				    5.464
783				    1.922
794				    2.104
805				    1.747
816				    3.156
828				    6.53
839				    1.959
850				    2.656
861				    1.767
872				    1.494
883				    0.377
895				    0.888
906				    1.467
917				    0.533
928				    0.847
939				    1.183
950				    0.734
961				    0.843
972				    1.345
983				    1.454
995				    2.121
1006				    2.691
1017				    1.4
1028				    2.8
1039				    1.158
1050				    1.238
1062				    1.86
1073				    2.117
1084				    2.378
1096				    0.916
1107				    3.168
1118				    1.256
1129				    1.64
1140				    3.043
1151				    0.825
1162				    2.122
1173				    0.935
1184				    1.224
1195				    2.472
1206				    5.928
1217				    1.899
1228				    0.873
1239				    2.573
1250				    2.214
1261				    1.66
1272				    2.994
1283				    1.182
1294				    1.619
1305				    0.604
1316				    2.814
1327				    3.764
1338				    4.747
1349				    7.638
1360				    6.424
1371				    1.739
1382				    3.119
1393				    1.079
1404				    0.937
1415				    0.874
1426				    1.218
1437				    3.129
1448				    0.943
1460				    2.614
1471				    5.344
1482				    4.147
1493				    2.254
1503				    1.723
1514				    2.36
1525				    1.91
1536				    1.91
1547				    1.91
1558				    9.472
1569				    7.547
1580				    7.547
1591				    11.393
1602				    11.75
1613				    5.807
1624				    4.057
1635				    4.164
1646				    1.277
1657				    1.685
1669				    2.359
1679				    5.597
1690				    6.632
1702				    1.327
1713				    1.893
1724				    1.893
1735				    1.893
1746				    7.185
1758				    0.468
1769				    3.68
1780				    2.186
1791				    2.317
1803				    1.372
1814				    3.007
1825				    2.097
1836				    0.78
1847				    2.012
1858				    2.018
1869				    1.562
1880				    0.661
1891				    0.547
1903				    3.504
1914				    0.899
1925				    1.78
1936				    5.338
1947				    1.704
1958				    3.251
1969				    0.93
1980				    1.26
1991				    1.301
2003				    1.761
2014				    1.571
2025				    1.524
2036				    1.859
2047				    3.289
2059				    2.607
2070				    3.481
2081				    0.933
2092				    1.508
2103				    1.135
2114				    3.35
2126				    1.861
2137				    2.334
2148				    2.506
2159				    1.128
2171				    0.786
2182				    0.868
2193				    3.718
2205				    1.558
2216				    0.705
2227				    2.172
2238				    0.323
2249				    1.375
2261				    0.543
2272				    2.156
2283				    2.753
2294				    1.605
2305				    1.482
2316				    3.468
2327				    3.841
2338				    0.665
2350				    1.864
2361				    1.471
2372				    0.111
2383				    0.074
