37043				    29.55
37054				    29.55
37065				    29.55
37076				    29.55
37087				    29.55
37098				    3.798
37109				    3.798
37119				    3.798
37130				    4.235
37141				    4.601
37152				    4.126
37163				    2.473
37173				    3.777
37184				    4.142
37195				    4.142
37206				    4.142
37217				    1.034
37228				    0.621
37239				    3.684
37249				    7
37260				    7
37271				    4.775
37282				    0.318
37293				    7.502
37304				    6.244
37315				    5.934
37326				    5.789
37337				    4.826
37348				    1.316
37359				    1.798
37369				    1.798
37380				    1.798
37391				    17.67
37402				    3.123
37413				    3.123
37424				    3.123
37435				    12.262
37445				    6.919
37456				    4.091
37467				    3.042
37478				    6.362
37489				    1.741
37500				    5.151
37511				    3.831
37521				    5.656
37532				    8.663
37543				    6.779
37554				    0.495
37565				    8.175
37576				    9.952
37587				    11.326
37598				    12.26
37609				    5.202
37620				    1.671
37631				    3.054
37642				    3.054
37652				    8.792
37663				    1.075
37674				    2.683
37685				    4.035
37696				    5.666
37707				    4.307
37718				    0.838
37728				    2.773
37739				    0.863
37750				    0.571
37761				    0.571
37772				    3.019
37783				    5.53
37794				    6.131
37804				    6.131
37815				    11.499
