8293				    10
8304				    10
8315				    10
8326				    10
8337				    12
8349				    20
8360				    20
8371				    20
8382				    24
8394				    28
8405				    40
8416				    46
8427				    54
8438				    64
8450				    73
8461				    97
8472				    115
8484				    134
8495				    137
8507				    137
8518				    141
8529				    141
8540				    141
8551				    141
8562				    141
8574				    141
8585				    141
8596				    141
8607				    141
8619				    141
8630				    141
8641				    142
8652				    143
8663				    143
8674				    146
8686				    147
8697				    147
8708				    148
8719				    148
8731				    149
8742				    150
8753				    153
8764				    153
8775				    153
8786				    153
8798				    153
8809				    153
8820				    153
8831				    153
8843				    155
8854				    157
8865				    157
8876				    161
8887				    161
8898				    163
8909				    165
8921				    167
8932				    168
