11601				    10
11612				    10
11624				    10
11635				    10
11646				    10
11658				    14
11669				    15
11680				    15
11692				    17
11704				    25
11715				    30
11727				    30
11738				    30
11749				    30
11761				    39
11772				    39
11784				    39
11795				    39
11806				    39
11818				    39
11829				    39
11841				    39
11852				    39
11864				    40
11875				    40
11887				    40
11898				    40
11909				    40
11921				    40
11932				    40
11943				    40
11955				    40
11966				    40
11978				    41
11989				    41
12000				    41
12012				    41
12023				    41
12035				    41
12046				    41
12058				    41
12069				    41
12080				    41
12092				    41
12103				    42
12115				    42
12126				    42
12137				    42
12149				    42
12160				    42
12171				    42
12183				    43
12194				    43
12206				    43
12218				    43
12229				    43
12241				    43
12252				    44
12263				    44
12275				    44
12287				    44
12298				    44
12310				    44
12321				    44
12333				    44
12344				    44
12356				    44
12367				    45
12378				    45
12390				    45
12401				    45
12412				    45
12424				    45
12435				    45
12447				    45
12458				    45
12469				    45
12480				    46
12492				    46
12503				    46
12515				    46
12526				    46
12538				    46
12549				    47
12560				    47
12572				    47
12583				    47
12595				    47
12606				    47
