4132				    40.137
4141				    40.137
4150				    40.137
4159				    40.137
4168				    39.843
4177				    43.312
4186				    43.312
4194				    43.312
4203				    43.312
4212				    43.256
4221				    44.4
4230				    48.352
4239				    49.644
4249				    50.374
4258				    48.373
4267				    46.924
4275				    46.924
4284				    49.425
4294				    48.175
4302				    47.521
4311				    48.189
4320				    42.784
4330				    42.46
4339				    45.858
4347				    45.803
4354				    46.115
4359				    46.372
4364				    46.372
4368				    50.402
4372				    51.816
4377				    53.858
4381				    55.806
4385				    57.251
4390				    59.941
4394				    64.13
4398				    65.419
4402				    66.39
4407				    67.322
4411				    69.26
4415				    72.368
4420				    73.577
4424				    73.92
4428				    77.386
4432				    78.701
4437				    80.092
4441				    81.53
4445				    81.53
4450				    81.53
4454				    81.53
4458				    86.042
4463				    86.042
4468				    96.711
4473				    98.896
4478				    113.009
4483				    113.009
4488				    114.096
4493				    114.154
4498				    114.154
4504				    114.154
4509				    114.154
4515				    114.154
4520				    131.508
4526				    135.074
4532				    138.769
4538				    136.446
4545				    127.085
4552				    127.085
4559				    127.085
4565				    127.085
4572				    127.085
4579				    127.085
4586				    119.767
4593				    119.767
4600				    119.767
4607				    119.767
4614				    119.767
4620				    119.767
4627				    122.394
4634				    122.394
4641				    122.394
4648				    122.394
4654				    122.394
4661				    122.394
4668				    129.604
4675				    129.604
4681				    137.722
4688				    145.391
4695				    160.135
4702				    184.276
4709				    188.194
4717				    192.643
4725				    193.369
4732				    196.178
4740				    201.848
4748				    206.587
4756				    210.149
4764				    210.149
4772				    220.355
4779				    225.316
4787				    225.316
4795				    225.316
4803				    225.316
4811				    225.316
4819				    230.956
4827				    230.956
4835				    230.956
4843				    230.956
4851				    230.956
4859				    230.956
4867				    279.219
4874				    306.282
4883				    314.727
4891				    327.416
4899				    339.727
4907				    316.326
4915				    308.028
4922				    270.927
4931				    239.187
4939				    227.503
4946				    219.576
4954				    209.708
4963				    207.742
4971				    200.787
4978				    105.555
4987				    101.841
4994				    101.841
5002				    101.841
5010				    101.841
5018				    101.841
5026				    101.841
5034				    101.841
5042				    107.445
5050				    117.732
5058				    123.276
5066				    123.276
