3408				    20.026
3419				    20.026
3430				    20.026
3441				    7.849
3452				    3.248
3463				    3.248
3474				    3.248
3486				    3.076
3497				    0.577
3508				    0.577
3519				    1.995
3531				    3.18
3542				    3.171
3554				    5.55
3565				    2.538
3576				    0.703
3587				    2.01
3598				    0.872
3610				    2.08
3621				    1.899
3633				    1.174
3644				    2.727
3655				    0.814
3666				    2.21
3677				    1.076
3688				    3.732
3699				    1.625
3710				    3.809
3722				    1.864
3733				    3.64
3744				    5.367
3755				    5.367
3766				    5.367
3777				    20.461
3788				    8.019
3799				    1.349
