14496				    23.474
14507				    23.474
14518				    23.474
14529				    23.474
14539				    23.474
14550				    6.806
14561				    6.806
14572				    6.806
14582				    7.264
14593				    5.756
14604				    5.255
14615				    5.984
14626				    5.984
14637				    1.61
14648				    3.149
14659				    2.546
14669				    3.707
14680				    3.785
14691				    3.761
14702				    3.751
14712				    2.499
14723				    5.04
14734				    5.098
14745				    5.105
14756				    5.174
14767				    0.515
14778				    1.362
14789				    4.637
14799				    5.948
14810				    4.195
14821				    4.257
14832				    5.563
14843				    8.151
14854				    4.31
14865				    7.129
14875				    4.276
14886				    5.827
14897				    0.963
14908				    0.963
14919				    3.065
14930				    3.065
14940				    3.065
14951				    7.01
14962				    4.259
14973				    4.259
14983				    2.324
14994				    2.324
15005				    4.669
15016				    4.869
15027				    4.888
15038				    4.244
15049				    0.981
15059				    10.97
15070				    10.111
15081				    1.677
15092				    5.801
15102				    9.624
15113				    6.204
15124				    6.573
15135				    5.436
15145				    5.436
15156				    3.867
15167				    8.993
15178				    7.012
15188				    6.004
15199				    7.456
15210				    3.162
15221				    3.162
15232				    5.043
