14054				    21.562
14061				    21.562
14067				    21.562
14074				    21.562
14081				    21.562
14087				    15.591
14094				    2.554
14101				    2.554
14108				    2.554
14114				    2.554
14121				    3.228
14128				    2.853
14135				    1.927
14143				    1.927
14154				    1.917
14166				    1.452
14177				    1.338
14189				    1.732
14200				    1.814
14212				    6.39
14223				    9.706
14235				    1.856
14246				    3.063
14258				    1.273
14270				    4.652
14281				    6.178
14293				    2.272
14304				    1.653
14316				    3.009
14327				    3.635
14338				    2.327
14350				    1.405
14361				    0.518
14372				    2.98
14384				    0.538
