2891				    10
2902				    10
2913				    10
2925				    10
2936				    10
2948				    10
2959				    10
2971				    10
2983				    10
2994				    10
3005				    10
3017				    10
3028				    10
3040				    10
3051				    10
3063				    10
3074				    10
3085				    10
3097				    10
3108				    10
3120				    10
3131				    10
3142				    10
3153				    10
3165				    10
3176				    10
3188				    10
3199				    10
3210				    10
3222				    10
3233				    10
3244				    10
3256				    10
3267				    10
3279				    10
3290				    10
3302				    10
3313				    10
3325				    10
3336				    10
3347				    10
3359				    10
3370				    10
3381				    10
3393				    10
3405				    10
3416				    10
3427				    10
3439				    10
3450				    10
3462				    10
3473				    10
3485				    10
3496				    10
3508				    10
3519				    10
3531				    10
3543				    10
3555				    10
3566				    10
3578				    10
3589				    10
3600				    10
3612				    10
3623				    10
3634				    10
3646				    10
3657				    10
3668				    10
3680				    10
3691				    10
3703				    10
3714				    10
3725				    10
3736				    10
3748				    10
3760				    10
3771				    10
3783				    10
3795				    17
3808				    17
3819				    17
3831				    17
3842				    17
3854				    20
3865				    30
3877				    34
3888				    34
3899				    34
3910				    34
3922				    34
3933				    34
3944				    34
3956				    34
3967				    34
3978				    34
3990				    34
4001				    34
4013				    34
4024				    34
4035				    34
4047				    34
4058				    34
4070				    34
4081				    34
4092				    34
4104				    34
4115				    34
4126				    34
4137				    34
4149				    34
4160				    34
4171				    34
4183				    34
4194				    34
4205				    34
4217				    34
4228				    34
4240				    34
4251				    34
4262				    34
4273				    34
4284				    34
4295				    34
4307				    34
4318				    34
4330				    34
4341				    34
4352				    34
4364				    34
4375				    34
4386				    34
4397				    34
4409				    34
4420				    34
4431				    34
4443				    34
4454				    34
4465				    34
4477				    34
4488				    34
4500				    34
4511				    34
4522				    34
4534				    34
4545				    34
4556				    34
4568				    34
4579				    34
4590				    34
4601				    34
4612				    34
4624				    34
4635				    34
4646				    42
4658				    42
4669				    44
4680				    62
4691				    65
4703				    68
4714				    68
4726				    68
4737				    68
4748				    68
4760				    68
4771				    68
4782				    68
4794				    68
4805				    68
4817				    68
4828				    68
4839				    68
4851				    68
4862				    68
4873				    68
4885				    68
4896				    68
4907				    68
4919				    68
4930				    68
4942				    68
4953				    68
4964				    68
4975				    68
4987				    68
4998				    69
5009				    69
5021				    69
5032				    69
5043				    69
5055				    69
5066				    69
5077				    69
5089				    69
5100				    69
5112				    69
5123				    69
5134				    69
5146				    69
5157				    69
5169				    69
5180				    69
5192				    69
5203				    69
5214				    69
5226				    69
5237				    69
5249				    69
5261				    69
5272				    69
5283				    69
5295				    69
5306				    69
5317				    69
5329				    69
5340				    69
5352				    69
5363				    69
5374				    69
5385				    69
5397				    79
5408				    79
5419				    91
5431				    106
5442				    115
5453				    115
5465				    115
5476				    132
5487				    132
5499				    136
5510				    136
5521				    136
5533				    136
5544				    136
5556				    136
5567				    136
5578				    136
5590				    136
5601				    136
5612				    136
5623				    136
5635				    136
5646				    136
5658				    136
5669				    136
5680				    136
5692				    136
5703				    136
5714				    136
5725				    136
5737				    136
5748				    136
5760				    136
5771				    138
5783				    138
5794				    138
5805				    138
5817				    138
5828				    138
5839				    138
5851				    138
5862				    138
5873				    138
5885				    138
5896				    138
5908				    138
5919				    138
5930				    138
5941				    138
5953				    138
5965				    138
5976				    138
5987				    138
5999				    138
6010				    138
6021				    138
6033				    138
6044				    138
6056				    138
6067				    138
6079				    138
6090				    138
6101				    138
6113				    138
6125				    138
6137				    138
6148				    138
6160				    138
6171				    144
6182				    152
6194				    152
6205				    157
6217				    143
6228				    142
6239				    131
6251				    130
6262				    127
6273				    113
6285				    113
6296				    109
6308				    109
6319				    102
6331				    102
6342				    102
6353				    102
6365				    102
6376				    102
6388				    102
6399				    102
6411				    102
6422				    102
6434				    102
6445				    102
6456				    98
6468				    98
6479				    98
6490				    98
6501				    98
6513				    98
6524				    98
6535				    98
6547				    98
6558				    98
6569				    98
6581				    98
6592				    98
6603				    98
6615				    98
6626				    98
6637				    98
6648				    93
6660				    92
6671				    86
6682				    72
6694				    79
6705				    79
6716				    79
6728				    79
6739				    79
6751				    79
6762				    79
6773				    79
6784				    79
6796				    79
6807				    79
6818				    79
6830				    79
6841				    79
6853				    79
6864				    79
6875				    79
6887				    79
6898				    79
6909				    79
6921				    79
6932				    79
6944				    79
6955				    79
6967				    79
6978				    79
6989				    79
7001				    79
7013				    79
7024				    79
7035				    79
7047				    79
7058				    80
7069				    80
7080				    80
7092				    80
7103				    80
7115				    80
7127				    80
7138				    80
7149				    80
7161				    80
7172				    80
7184				    80
7195				    80
7206				    80
7218				    80
7229				    80
7240				    80
7252				    80
7263				    80
7274				    80
7285				    80
7297				    80
7308				    80
7320				    80
7331				    80
7343				    80
7354				    80
7366				    81
7377				    81
7388				    81
7399				    81
7411				    81
7422				    81
7433				    81
7445				    81
7456				    81
7468				    81
7479				    81
7490				    81
7501				    81
7513				    81
7524				    81
7536				    81
7547				    81
7558				    81
7569				    81
7581				    81
7592				    81
7604				    82
7615				    82
7626				    82
7637				    82
7649				    82
7660				    82
7671				    82
7682				    82
7694				    82
7705				    82
7717				    82
7730				    82
7741				    82
7753				    82
7764				    82
7775				    82
7787				    82
7798				    82
7809				    82
7820				    82
7832				    82
7843				    82
7854				    83
7866				    83
7877				    83
7888				    83
7900				    83
7911				    83
7923				    83
7934				    83
7945				    83
7957				    83
7968				    83
7979				    83
