0				    10
8				    10
16				    10
24				    10
32				    10
41				    13
49				    20
57				    20
65				    20
73				    22
81				    29
89				    30
98				    30
106				    33
114				    42
122				    47
131				    52
139				    58
147				    72
155				    87
163				    95
172				    103
180				    119
188				    125
195				    135
203				    139
211				    139
219				    211
227				    229
235				    229
244				    238
251				    238
259				    266
268				    266
276				    266
284				    277
292				    301
300				    317
309				    319
317				    323
325				    365
333				    387
341				    387
349				    387
358				    387
366				    388
373				    388
381				    388
389				    388
397				    388
405				    388
413				    388
422				    388
430				    388
438				    388
446				    388
454				    388
462				    388
470				    388
478				    388
486				    388
494				    388
502				    388
514				    388
524				    388
536				    388
547				    388
558				    388
569				    388
580				    388
591				    388
602				    388
613				    388
624				    388
635				    388
646				    388
657				    388
668				    388
680				    388
691				    388
702				    270
713				    270
724				    270
735				    270
747				    270
757				    270
769				    270
780				    270
792				    270
803				    276
815				    276
826				    276
837				    276
848				    276
859				    276
870				    276
881				    276
892				    276
903				    276
914				    276
926				    276
937				    276
948				    276
960				    276
971				    276
982				    276
993				    276
1005				    276
1016				    276
1027				    276
1038				    276
1049				    276
1057				    276
1065				    276
1073				    276
1081				    276
1090				    276
1098				    276
1106				    276
1113				    276
1121				    276
1129				    276
1137				    276
1145				    276
1153				    276
1161				    276
1169				    276
1177				    276
1185				    276
1193				    276
1201				    276
1209				    276
1217				    276
1225				    276
1234				    276
1242				    276
1250				    276
1258				    276
1266				    276
1274				    276
1283				    276
1291				    276
1299				    276
1307				    276
1315				    276
1323				    276
1332				    276
1340				    276
1348				    276
1356				    276
1364				    276
1372				    276
1380				    276
1388				    276
1397				    276
1405				    276
1413				    276
1421				    276
1428				    276
1436				    276
1445				    276
1453				    276
1461				    276
1469				    276
1477				    276
1485				    276
1493				    276
1501				    276
1509				    276
1517				    276
1525				    276
1533				    276
1541				    276
1549				    276
1557				    276
1565				    276
1573				    276
1582				    276
1590				    276
1598				    262
1606				    262
1614				    262
1621				    262
1629				    262
1637				    262
1646				    262
1654				    262
1662				    262
1670				    262
1678				    262
1686				    262
1693				    262
1701				    262
1709				    262
1717				    262
1725				    262
1733				    262
1742				    262
1750				    262
1758				    262
1766				    262
1774				    262
1783				    262
1791				    262
1799				    262
1807				    262
1815				    262
1823				    262
1831				    262
1839				    262
1847				    262
1855				    262
1863				    262
1871				    262
1879				    262
1887				    262
1896				    262
1904				    262
1912				    262
1920				    262
1928				    262
1936				    262
1944				    262
1952				    262
1960				    262
1968				    262
1976				    262
1984				    262
1992				    262
2000				    262
2009				    262
2017				    262
2025				    262
2032				    262
2041				    262
2049				    262
2057				    262
2063				    262
2068				    262
2074				    262
2079				    262
2085				    262
2091				    262
2096				    262
2102				    262
2107				    262
2113				    262
2118				    262
2124				    262
2130				    262
2135				    262
2141				    262
2146				    262
2152				    262
2157				    262
2163				    262
2169				    262
2174				    262
2180				    262
2185				    262
2192				    262
2203				    262
2214				    262
2225				    262
2236				    262
2247				    262
2259				    262
2270				    262
2281				    262
2292				    262
2303				    262
2314				    262
2325				    262
2336				    244
2347				    244
2358				    244
2368				    244
2380				    244
2391				    244
2403				    244
2413				    244
2421				    250
2429				    262
2438				    262
2446				    262
2454				    262
2462				    262
2470				    262
2478				    262
2486				    262
2494				    262
2502				    262
2511				    262
2519				    262
2527				    262
2535				    262
2543				    262
2552				    262
2560				    262
2567				    262
2575				    262
2583				    262
2591				    262
2599				    262
2607				    262
2615				    262
2623				    262
2631				    262
2639				    262
2648				    262
2656				    262
2664				    262
2672				    262
2680				    262
2688				    262
2696				    262
2704				    262
2712				    262
2720				    262
2728				    262
2736				    262
2744				    262
2752				    262
2761				    262
2769				    262
2777				    262
2785				    262
2793				    262
2801				    262
2809				    262
2817				    262
2825				    262
2833				    262
2841				    262
2849				    262
2857				    262
2866				    262
2873				    262
2882				    262
2890				    262
2898				    262
2906				    262
2914				    262
2921				    262
2929				    262
2937				    262
2945				    262
2953				    262
2961				    262
2969				    262
2977				    262
2985				    262
2993				    262
3001				    262
3009				    262
3017				    262
3025				    262
3034				    262
3042				    262
3050				    262
3058				    262
3066				    262
3074				    262
3082				    262
3090				    262
3098				    262
3107				    262
3114				    262
3123				    262
3131				    262
3139				    262
3147				    262
3155				    262
3164				    262
3172				    262
3180				    262
3189				    262
3197				    262
3205				    262
3213				    262
3221				    262
3229				    262
3237				    256
3246				    256
3254				    256
3262				    256
3270				    256
3279				    256
3287				    256
3295				    256
3303				    256
3311				    256
3320				    256
3328				    256
3336				    256
3344				    256
3352				    256
3360				    256
3368				    256
3376				    256
3384				    256
3392				    256
3400				    256
3408				    256
3416				    256
3425				    256
3432				    256
3441				    256
3449				    256
3457				    256
3464				    256
3473				    256
3480				    256
3489				    256
3497				    256
3505				    256
3513				    214
3521				    214
3530				    214
3537				    214
3545				    214
3554				    214
3562				    214
3570				    214
3578				    214
3586				    214
3594				    214
3602				    214
3611				    214
3619				    214
3627				    214
3635				    214
3643				    214
3651				    214
3659				    214
3667				    214
3676				    214
3684				    214
3692				    214
3700				    214
3708				    214
3716				    214
3724				    214
3732				    214
3740				    214
3749				    214
3757				    214
3765				    214
3773				    214
3781				    214
3789				    214
3797				    214
3805				    214
3813				    214
3821				    214
3829				    214
3838				    214
3846				    214
3854				    214
3862				    176
3870				    176
3878				    176
3886				    176
3893				    176
3901				    176
3908				    176
3914				    176
3921				    176
3928				    176
3934				    176
3941				    176
3947				    176
3954				    176
3960				    176
3967				    176
3974				    176
3980				    176
3987				    176
3993				    176
4000				    176
4007				    176
4013				    176
4020				    176
4026				    176
4033				    176
4039				    176
4046				    176
4052				    176
4059				    176
4066				    176
4072				    176
4078				    176
4085				    176
4092				    176
4099				    176
4105				    176
4112				    176
4118				    176
4125				    176
4131				    176
4138				    176
4144				    176
4151				    176
4157				    176
4164				    176
4170				    176
4177				    176
4183				    176
4189				    176
4196				    176
4202				    176
4209				    176
4215				    176
4222				    176
4229				    176
4235				    176
4242				    176
4248				    176
4255				    176
4261				    176
4268				    176
4274				    176
4281				    176
4288				    176
4294				    176
4302				    176
4313				    176
4324				    176
4335				    176
4347				    176
4358				    176
4369				    176
4380				    176
4391				    176
4403				    176
4414				    176
4425				    176
4436				    176
4447				    176
4458				    176
4469				    176
4481				    160
4492				    160
4503				    162
4514				    162
4526				    162
4536				    162
4547				    162
4558				    164
4570				    164
4580				    164
4591				    164
4603				    164
4614				    164
4625				    164
4636				    164
4648				    164
4659				    164
4670				    164
4681				    164
4692				    164
4703				    164
4715				    164
4726				    188
4737				    188
4748				    188
4760				    188
4771				    188
4783				    188
4794				    188
4805				    188
4816				    188
4827				    188
4839				    188
4849				    188
4860				    188
4872				    188
4883				    188
4894				    188
4905				    188
4916				    188
4927				    188
4938				    188
4949				    188
4960				    188
4971				    188
4982				    188
4993				    188
5004				    188
5015				    188
5026				    188
5037				    188
5048				    188
5059				    188
5070				    188
5081				    188
5092				    188
5103				    188
5114				    188
5125				    188
5136				    188
5147				    188
5158				    188
5170				    188
5180				    188
5192				    188
5203				    188
5214				    188
5225				    188
5236				    188
5248				    188
5259				    188
5270				    188
5281				    188
5292				    188
5303				    188
5314				    188
5325				    188
5335				    188
5346				    188
5354				    188
5359				    188
5365				    188
5371				    188
5376				    188
5382				    188
5388				    188
5393				    188
5399				    188
5405				    188
5410				    188
5416				    188
5421				    188
5427				    188
5433				    188
5438				    188
5444				    188
5449				    188
5455				    188
5460				    188
5466				    192
5472				    194
5477				    194
5483				    194
5488				    194
5494				    194
5500				    198
5506				    198
5511				    198
5517				    198
5522				    198
5528				    198
5533				    198
5539				    198
5544				    198
5550				    198
5555				    198
5561				    198
5567				    198
5572				    198
5578				    198
5583				    198
5589				    198
5594				    198
5600				    198
5605				    198
5611				    198
5617				    198
5622				    198
5628				    198
5634				    198
5639				    198
5645				    198
5651				    198
5656				    198
5661				    198
5667				    198
5672				    198
5678				    198
5683				    198
5689				    198
5694				    206
5700				    206
5705				    208
5710				    208
5717				    220
5728				    234
5739				    234
5750				    234
5761				    234
5772				    234
5783				    234
5795				    234
5806				    234
5817				    234
5828				    234
5839				    234
5851				    244
5862				    244
5874				    244
5886				    246
5897				    246
5908				    246
5919				    246
5930				    246
5941				    246
5952				    248
5963				    248
5975				    248
5986				    248
5998				    248
6009				    248
6020				    248
6031				    248
6043				    248
6054				    248
6065				    248
6077				    248
6088				    248
6099				    248
6111				    248
6123				    248
6135				    248
6146				    248
6157				    248
6168				    248
6178				    248
6187				    248
6195				    248
6203				    248
6211				    248
6220				    248
6228				    248
6236				    248
6245				    248
6253				    248
6261				    248
6269				    248
6277				    248
6285				    248
6293				    248
6302				    248
6310				    248
6318				    248
6326				    248
6334				    248
6342				    248
6351				    248
6359				    248
6367				    248
6376				    248
6384				    248
6392				    248
6401				    248
6409				    248
6417				    248
6425				    248
6434				    248
6443				    248
6452				    248
6460				    248
6468				    248
6476				    248
6484				    248
6493				    248
6501				    248
6509				    248
6517				    248
6525				    248
6534				    248
6541				    248
6549				    248
6557				    248
6566				    248
6574				    248
6582				    248
6590				    248
6599				    248
6607				    248
6616				    248
6624				    248
6632				    248
6640				    248
6648				    248
6657				    248
6665				    248
6673				    248
6681				    248
6690				    248
6698				    248
6706				    248
6715				    248
6723				    248
6731				    248
6740				    248
6748				    248
6756				    248
6765				    248
6773				    226
6781				    226
6790				    226
6798				    226
6807				    228
6816				    234
6824				    236
6832				    236
6840				    242
6849				    242
6857				    242
6865				    242
6874				    242
6882				    242
6890				    242
6898				    242
6906				    242
6914				    242
6922				    242
6930				    242
6938				    242
6946				    242
6955				    242
6963				    242
6972				    242
6980				    242
6989				    242
6997				    242
7005				    242
7014				    242
7022				    242
7030				    242
7039				    242
7047				    242
7055				    242
7063				    242
7072				    242
7080				    242
7088				    242
7096				    242
7104				    242
7112				    242
7121				    242
7129				    242
7138				    242
7146				    242
7154				    242
7162				    242
7170				    242
7178				    242
7186				    242
7194				    242
7202				    242
7211				    242
7219				    242
7227				    242
7235				    242
7243				    242
7252				    242
7260				    242
7268				    242
7276				    242
7284				    242
7293				    242
7301				    242
7309				    242
7317				    242
7325				    242
7334				    242
7342				    242
7350				    242
7358				    242
7367				    242
7375				    242
7383				    242
7392				    242
7401				    242
7409				    242
7418				    242
7426				    242
7434				    242
7443				    242
7451				    242
7459				    242
7467				    242
7475				    242
7484				    242
7492				    242
7500				    242
7508				    242
7516				    242
7524				    242
7533				    242
7541				    242
7549				    242
7558				    242
7566				    228
7574				    228
7582				    228
7591				    228
7599				    228
7607				    228
7615				    228
7623				    228
7631				    228
7639				    228
7648				    228
7656				    228
7664				    228
7673				    228
7681				    228
7689				    228
7697				    228
7706				    228
7714				    228
7722				    228
7730				    228
7738				    228
7747				    228
7755				    228
7763				    228
7771				    228
7779				    228
7788				    228
7796				    228
7805				    228
7813				    228
7822				    228
7830				    228
7838				    228
7847				    228
7855				    228
