539				    36.144
549				    36.144
559				    36.144
568				    36.144
578				    36.144
588				    20.134
597				    20.134
607				    13.612
617				    13.612
626				    13.759
636				    13.759
645				    8.899
655				    4.878
665				    4.878
674				    4.878
684				    5.495
694				    6.41
703				    1.653
713				    5.538
723				    5.538
732				    6.329
742				    6.39
751				    3.973
761				    4.925
771				    4.733
781				    4.733
790				    7.711
800				    7.711
809				    5.964
819				    6.513
829				    6.513
838				    6.781
848				    6.781
858				    6.781
868				    8.534
877				    3.765
887				    4.898
896				    4.898
906				    8.867
916				    9.125
926				    9.125
935				    5.444
945				    4.907
954				    4.907
964				    9.365
974				    7.908
985				    6.432
997				    7.073
1008				    7.094
1019				    7.094
1031				    3.707
1042				    4.793
1054				    7.528
1065				    5.107
1077				    2.523
1088				    2.523
1100				    4.595
1111				    3.652
1122				    4.319
1134				    3.724
1145				    3.724
1157				    3.724
1168				    12.981
1179				    12.981
1191				    9.702
1202				    5.966
1214				    5.966
1225				    7.775
1237				    9.088
1248				    12.415
1259				    12.415
1271				    11.334
1282				    10.489
1294				    7.903
1305				    7.29
1316				    4.682
1328				    3.864
1339				    5.4
1351				    9.281
1363				    7.583
1374				    6.187
1386				    6.187
1397				    6.187
1408				    17.855
1420				    17.855
1431				    9.228
1442				    9.228
1454				    7.905
1465				    7.119
1476				    7.119
1488				    7.119
1499				    9.627
1510				    11.089
1522				    5.667
1533				    3.716
1544				    3.716
1556				    10.252
1567				    6.988
1578				    5.526
1590				    6.211
1601				    7.329
1613				    7.344
1624				    4.531
1635				    4.531
1647				    7.288
1658				    4.219
1669				    4.219
1681				    7.722
1692				    7.258
1703				    5.287
1715				    5.178
1726				    5.077
1737				    6.649
1749				    6.939
1760				    6.939
1771				    6.939
1783				    12.441
1794				    8.94
1805				    7.812
1817				    8.96
1828				    8.96
1840				    6.997
1851				    6.416
1863				    4.87
1874				    3.275
1886				    3.39
1897				    4.833
1908				    5.786
1920				    5.786
1931				    5.008
1943				    4.656
1954				    4.002
1966				    4.692
1977				    4.892
1988				    4.892
2000				    3.055
2011				    3.055
2022				    6.015
2034				    6.015
2045				    10.208
2056				    10.208
2068				    9.1
2079				    7.72
2090				    5.833
2102				    5.973
2113				    5.973
2124				    6.1
2135				    5.871
2147				    4.822
2159				    4.518
2171				    3.419
2182				    3.419
2193				    3.419
2205				    4.734
2216				    5.496
2227				    7.639
2239				    4.707
2250				    4.707
2262				    6.586
2273				    6.586
2284				    6.322
2296				    6.322
2307				    7.728
2319				    5.362
2330				    4.416
2342				    4.528
2354				    4.528
2365				    9.963
2377				    5.375
2388				    2.227
2400				    2.227
2411				    4.477
2422				    4.485
2434				    4.113
2445				    4.51
2456				    4.51
2467				    4.458
2479				    4.457
2490				    4.457
2502				    9.085
2513				    7.508
2525				    7.01
2536				    6.477
2548				    6.26
2559				    6.217
