11322				    40.085
11333				    40.085
11344				    40.085
11355				    40.085
11366				    43.085
11377				    48.141
11388				    48.141
11399				    38.806
11410				    38.359
11421				    47.452
11433				    49.152
11444				    46.904
11455				    51.627
11466				    43.372
11477				    43.372
11488				    43.744
11499				    48.863
11510				    42.814
11521				    45.648
11532				    44.454
11544				    44.454
11555				    46.461
11566				    62.307
11578				    62.307
11589				    66.63
11600				    66.63
11611				    66.63
11622				    71.548
11633				    70.696
11644				    70.696
11655				    70.696
11666				    63.519
11677				    53.763
11689				    53.763
11700				    43.024
11711				    43.33
11722				    53.647
11733				    53.358
11744				    48.014
11755				    43.355
11766				    43.918
11778				    39.567
11789				    38.825
11800				    37.952
11811				    39.796
11822				    39.039
11833				    38.357
11844				    39.531
11855				    38.943
11866				    40.881
11877				    44.139
11889				    49.374
11900				    51.623
11911				    46.339
11922				    44.915
11933				    41.932
11944				    45.642
11955				    44.197
11966				    44.197
11977				    41.114
11989				    41.318
12000				    42.135
12011				    42.135
12022				    42.135
12033				    45.991
12044				    45.991
12055				    55.363
12066				    75.367
