10979				    2.0	
10987				    2.0	
10996				    2.0	
11004				    2.0	
11012				    2.0	
11021				    2.3
11029				    2.3
11038				    3.7
11046				    3.7
11054				    3.7
11063				    3.7
11071				    3.7
11080				    3.7
11088				    3.7
11096				    4.2
11105				    5.1
11113				    5.0
11122				    4.8
11130				    4.8
11138				    4.5
11147				    4.4
11155				    4.4
11164				    4.4
11172				    5.1
11180				    5.3
11188				    5.8
11197				    5.9
11205				    6.1
11214				    5.9
11222				    6.0
11230				    6.0
11239				    6.6
11247				    6.6
11256				    6.6
11264				    6.6
11272				    6.6
11280				    6.6
11289				    6.6
11297				    6.6
11305				    6.6
11314				    6.6
11322				    6.6
11331				    6.6
11339				    5.2
11348				    4.0
11356				    4.9
11365				    4.9
11373				    4.9
11382				    4.9
11390				    4.9
11399				    7.5
11407				    9.5
11415				    9.5
11424				    9.5
11432				    9.4
11440				    9.4
11449				    8.4
11458				    8.3
11466				    7.9
11475				    7.9
11483				    7.9
11492				    7.2
11500				    6.5
11508				    6.6
11516				    6.7
11525				    7.4
11533				    7.4
11542				    7.2
11551				    7.1
11559				    7.1
11567				    7.2
11576				    7.2
11584				    7.0
11593				    6.9
11601				    6.9
11609				    6.7
11618				    6.7
11626				    6.6
11634				    6.6
11642				    6.5
11651				    6.5
11659				    6.3
11668				    6.3
11676				    6.2
11684				    6.2
11693				    6.0
11701				    5.9
11710				    5.9
11718				    5.9
11726				    5.9
11734				    5.8
11743				    5.8
11751				    5.7
11760				    5.5
11768				    5.5
11776				    5.4
11785				    5.4
11793				    5.4
11802				    5.4
11810				    5.4
11818				    5.4
11827				    5.4
11835				    5.2
11844				    5.4
11852				    5.4
11860				    5.5
11868				    5.5
11877				    5.5
11885				    5.5
11893				    5.6
11902				    5.7
11910				    5.7
11918				    5.9
11926				    5.9
11935				    5.9
11944				    5.9
11952				    5.9
11961				    6.0
11970				    6.0
11978				    6.1
11986				    6.1
11995				    6.1
12003				    5.8
12011				    5.9
12020				    6.0
12028				    6.1
12036				    6.1
12045				    6.1
12053				    6.1
12061				    6.1
12070				    6.0
12078				    6.0
12087				    5.9
12095				    5.8
12104				    4.1
12112				    4.1
12120				    4.2
12129				    4.3
12137				    4.3
12146				    4.3
12154				    4.3
12163				    4.8
12171				    5.0
12180				    5.0
12188				    5.4
12197				    5.7
12205				    6.0
12214				    6.2
12222				    6.3
12231				    6.7
12240				    6.7
12248				    6.7
12257				    6.7
12266				    6.7
12274				    6.7
12283				    6.7
12291				    6.3
12300				    5.9
12308				    5.9
12317				    5.9
12325				    5.9
12334				    5.5
12342				    5.4
12351				    5.3
12359				    5.3
12368				    4.9
12376				    4.9
12385				    4.9
12393				    4.8
12402				    4.7
12410				    5.0
12419				    5.0
12427				    5.0
12435				    5.0
12444				    5.2
12452				    5.2
12461				    5.4
12471				    5.5
12479				    5.5
12488				    5.5
12497				    5.5
12505				    5.4
12514				    5.6
12522				    5.7
12531				    5.7
12539				    5.8
12548				    5.8
12557				    5.7
12565				    5.9
12573				    5.9
12582				    5.9
12590				    5.9
12598				    5.9
12607				    5.9
12615				    5.9
12623				    5.9
12632				    5.8
12640				    5.8
12648				    5.8
12657				    5.8
12665				    5.5
12673				    5.5
12682				    5.5
12690				    5.5
12698				    5.6
12706				    5.6
12715				    5.5
12723				    5.6
