6455				    53.089
6466				    53.089
6477				    53.089
6488				    53.089
6500				    48.269
6511				    48.269
6522				    48.269
6534				    48.269
6545				    48.269
6557				    57.977
6568				    58.88
6580				    58.88
6591				    58.88
6603				    46.676
6614				    46.676
6625				    60.069
6637				    60.069
6648				    55.372
6660				    54.007
6671				    52.213
6683				    54.779
6694				    60.583
6705				    60.583
6717				    65.097
6728				    71.534
6739				    80.06
6751				    83.345
6763				    87.184
6774				    96.29
6786				    108.662
6797				    114.129
6808				    114.129
6820				    114.423
6831				    106.306
6843				    108.072
6855				    108.072
6866				    123.991
6878				    148.288
6889				    145.269
6901				    136.408
6913				    122.392
6924				    123.693
6936				    134.903
6947				    145.817
6959				    148.463
6970				    148.463
6982				    148.463
6993				    148.463
7005				    178.667
7016				    204.53
7028				    209.177
7039				    209.352
7050				    180.223
7062				    180.09
7073				    182.287
7085				    189.819
7096				    205.542
7108				    223.964
7119				    230.066
7130				    230.066
