27714				    1.4	
27725				    1.4	
27736				    1.4	
27746				    1.4	
27757				    1.4	
27768				    1.8	
27779				    2.9	
27790				    2.9	
27801				    2.9	
27811				    2.9	
27822				    2.9	
27833				    6.2	
27845				    6.5	
27855				    6.5	
27866				    8.0	
27878				    11.4	
27888				    11.7	
27900				    11.2	
27911				    11.2	
27922				    16.2	
27933				    18.3	
27944				    20.8	
27955				    22.4	
27966				    24.4	
27977				    25.1	
27987				    26.3	
27998				    26.3	
28009				    24.4	
28020				    19.4
28031				    17.2
28042				    17.0
28053				    16.9
28063				    16.7
28074				    15.7
28085				    15.2
28096				    15.2
28107				    14.9
28117				    16.5
28128				    16.5
28139				    16.5
28150				    13.8
28161				    13.8
28172				    13.4
28183				    13.3
28194				    12.4
28205				    12.3
28215				    12.0
28226				    12.0
28237				    11.8
28247				    11.7
28258				    11.1
28269				    11.0
28280				    10.9
28290				    10.9
28301				    10.0
28312				    9.8
28323				    9.8
28334				    10.1
28345				    10.0
28356				    9.8
28367				    9.7
28378				    9.6
28388				    9.8
28399				    9.8
28410				    9.8
28421				    9.8
28432				    9.8
28443				    9.8
28454				    9.8
28465				    9.8
28476				    9.8
28487				    9.9
28498				    10.0
28508				    10.2
28519				    10.2
28530				    10.2
28541				    10.2
28552				    10.2
28563				    10.1
28574				    10.3
28585				    11.1
28595				    12.3
28606				    12.3
28617				    12.3
28628				    12.7
28639				    12.7
28649				    12.7
28660				    12.7
28671				    12.7
28682				    12.7
28693				    12.7
28704				    12.7
28715				    12.7
28726				    12.7
28737				    12.7
28748				    12.7
28758				    12.7
28769				    12.7
28780				    12.7
28791				    12.7
28802				    12.7
28813				    12.7
28824				    12.7
28834				    12.7
28845				    12.7
28856				    12.7
28867				    12.7
28878				    12.7
