51032				    47.157
51043				    47.157
51054				    47.157
51065				    47.157
51076				    48.796
51087				    55.054
51098				    55.054
51109				    55.054
51120				    50.057
51131				    49.039
51142				    57.44
51154				    57.44
51165				    52.538
51176				    53.319
51187				    52.91
51198				    53.782
51209				    63.998
51220				    68.36
51231				    71.655
51242				    70.348
51254				    70.463
51265				    76.12
51276				    71.647
51287				    80.239
51298				    81.696
51310				    88.303
51321				    96.668
51331				    98.972
51342				    103.367
51354				    106.681
51365				    123.632
51376				    124.428
51387				    131.962
51398				    147.509
51409				    151.77
51420				    152.331
51431				    152.937
51442				    154.295
51453				    164.375
51464				    165.47
51475				    162.513
51486				    162.734
51497				    163.481
51508				    160.406
51519				    159.912
51531				    159.912
51542				    167.668
51553				    165.483
51564				    166.022
51575				    169.052
51586				    155.114
51598				    141.001
51609				    141.001
51620				    139.494
51631				    135.314
51642				    134.011
51653				    134.011
51664				    137.361
51675				    136.213
51686				    136.884
51697				    139.145
51708				    136.659
51720				    137.691
51731				    143.185
51742				    146.283
51753				    155.139
51764				    155.139
51775				    164.758
51787				    156.003
51798				    156.003
51809				    147.369
51820				    132.507
51831				    132.507
51842				    120.657
51853				    105.707
51864				    97.189
51875				    90.39
51886				    94.297
51897				    93.38
51908				    92.01
51919				    97.859
51931				    99.249
51942				    93.462
51953				    96.806
51964				    94.326
51976				    94.326
51987				    97.01
51998				    101.293
52009				    97.885
52020				    96.902
52031				    96.902
