7668				    1
7679				    1
7690				    1
7702				    1
7713				    1
7724				    1
7735				    1
7746				    1
7758				    1
7769				    1
7780				    1
7791				    1
7803				    1
7814				    1
7825				    1
7836				    1
7848				    1
7859				    1
7870				    1
7881				    1
7893				    1
7904				    1
7915				    1
7926				    1
7937				    1
7948				    1
7960				    1
7971				    1
7982				    1
7993				    1
8004				    1
8016				    1
8027				    1
8038				    1
8049				    1
8061				    1
8072				    1
8083				    1
8094				    1
8106				    1
8117				    1
8128				    1
8140				    1
8150				    1
8162				    1
8173				    1
8184				    1
8195				    1
8206				    1
8217				    1
8229				    1
8240				    1
8251				    1
8262				    1
8274				    1
8285				    1
8296				    1
8307				    1
8318				    1
8329				    1
8341				    1
8352				    1
8363				    1
8374				    1
8385				    1
8396				    1
8408				    1
8419				    1
8430				    1
8441				    1
8452				    1
8463				    1
8474				    1
8486				    1
8497				    1
8508				    1
8520				    1
8531				    1
8542				    1
8553				    1
8565				    1
8577				    1
8588				    1
8599				    1
8610				    1
8621				    1
8633				    1
8644				    1
8655				    1
8666				    1
8677				    1
8689				    1
8700				    1
8711				    1
8722				    1
8734				    1
8745				    1
8756				    1
8767				    1
8778				    1
8790				    1
8801				    1
8812				    1
8824				    1
8835				    1
8846				    1
8857				    1
8868				    1
8880				    1
8891				    1
8902				    1
8913				    1
8924				    1
8935				    1
8946				    1
8958				    1
8969				    1
8980				    1
8991				    1
9002				    1
9013				    1
9025				    1
9036				    1
9047				    1
9059				    1
9070				    1
9081				    1
9092				    1
9103				    1
9114				    1
9126				    1
9137				    1
9148				    1
9159				    1
9170				    1
9182				    1
9193				    1
9204				    1
9216				    1
9227				    1
9238				    1
9249				    1
9260				    1
9271				    1
9283				    1
9294				    1
9305				    1
9316				    1
9328				    1
9339				    1
9350				    1
9361				    1
9373				    1
9384				    1
9395				    1
9406				    1
9417				    1
9428				    1
9439				    1
9450				    1
9462				    1
9473				    1
9484				    1
9495				    1
9506				    1
9518				    1
9529				    1
9540				    1
9551				    1
9563				    1
9574				    1
9585				    1
9596				    1
9608				    1
9619				    1
9630				    1
9642				    1
9653				    1
9664				    1
9675				    1
9686				    1
9698				    1
9709				    1
9720				    1
9732				    1
9743				    1
9754				    1
9766				    1
9778				    1
9789				    1
9800				    1
9812				    1
9823				    1
9834				    1
9845				    1
9856				    1
9868				    1
9879				    1
9890				    1
9901				    1
9913				    1
9924				    1
9935				    1
9946				    1
9957				    1
9969				    1
9980				    1
9991				    1
10002				    1
10014				    1
10025				    1
10036				    1
10047				    1
10058				    1
10069				    1
10081				    1
10092				    1
10103				    1
10114				    1
10125				    1
10137				    1
10148				    1
10159				    1
10170				    1
10181				    1
10192				    1
10204				    1
10215				    1
10226				    1
10237				    1
10248				    1
10259				    1
10271				    1
10282				    1
10293				    1
10304				    1
10315				    1
10326				    1
10337				    1
10348				    1
10360				    1
10371				    1
10382				    1
10393				    1
10405				    1
10416				    1
10427				    1
10438				    1
10449				    1
10460				    1
10471				    1
10483				    1
10494				    1
10505				    1
10516				    1
10527				    1
10538				    1
10549				    1
10561				    1
10572				    1
10583				    1
10594				    1
10605				    1
10617				    1
10628				    1
10639				    1
10650				    1
10661				    1
10672				    1
10683				    1
10695				    1
10706				    1
10717				    1
10728				    1
10739				    1
10750				    1
10761				    1
10772				    1
10783				    1
10794				    1
10805				    1
10816				    1
10827				    1
10838				    1
10849				    1
10860				    1
10871				    1
10882				    1
10893				    2.6
10904				    2.9
10915				    2.9
10926				    3.4
10936				    3.8
10947				    3.8
10958				    3.4
10969				    3.9
10980				    4.0
10991				    4.0
11002				    4.0
11013				    4.4
11024				    4.4
11034				    4.4
11045				    4.2
11056				    4.2
11067				    4.2
11078				    3.6
11089				    3.6
11100				    3.6
11111				    3.6
11122				    3.6
11133				    4.4
11144				    4.4
11154				    4.4
11165				    4.6
11176				    4.8
11187				    4.5
11198				    4.5
11209				    4.9
11219				    4.9
11230				    4.8
11241				    4.8
11252				    4.8
11263				    5.1
11274				    5.1
11285				    5.2
11296				    5.2
11308				    4.8
11319				    4.6
11330				    5.0
11341				    5.0
11352				    5.4
11363				    5.3
11374				    5.3
11385				    5.6
11396				    5.6
11407				    5.8
11418				    5.8
11429				    5.0
11440				    5.0
11452				    5.1
11463				    5.2
11474				    5.2
11485				    5.0
11496				    4.8
11507				    4.9
11518				    5.0
11529				    5.0
11540				    5.2
11552				    5.1
11562				    5.1
11573				    5.1
11584				    5.0
11596				    5.0
11607				    4.9
11618				    4.9
11629				    5.5
11641				    5.5
11652				    5.0
11663				    5.0
11674				    5.1
11685				    5.1
11696				    5.1
11707				    5.0
11718				    5.6
11729				    5.6
11741				    5.6
11752				    5.9
11762				    5.6
11773				    5.2
11785				    5.6
11796				    5.6
11807				    5.6
11818				    5.6
11829				    5.6
11840				    5.7
11852				    5.7
11863				    5.7
11874				    5.7
11886				    5.4
11897				    5.2
11908				    5.2
11919				    5.2
11930				    5.5
11941				    5.5
11952				    5.4
11963				    5.7
11974				    5.7
11986				    6.2
11997				    6.2
12008				    6.0
12019				    6.0
12030				    6.0
12041				    6.0
12052				    5.8
12064				    5.8
12075				    5.8
12086				    4.9
12098				    5.7
12109				    5.8
12120				    5.8
12131				    6.3
12142				    6.2
12153				    5.9
12165				    5.9
12176				    5.9
12187				    5.8
12198				    6.0
12209				    6.4
12220				    6.4
12232				    6.4
12243				    6.1
