13154				    2.6	
13165				    2.6	
13177				    2.6	
13188				    3.2	
13199				    4.3	
13210				    4.9	
13221				    5.7	
13233				    8.8	
13244				    9.3	
13255				    10.1	
13266				    10.5	
13277				    11.2
13289				    12.7
13300				    13.4
13311				    14.3
13322				    13.8
13333				    14.6
13344				    14.7
13355				    15.1
13366				    14.5
13377				    15.3
13388				    15.5
13399				    15.3
13411				    15.1
13422				    14.9
13433				    15.3
13444				    15.3
13455				    15.2
13467				    14.3
13478				    14.8
13489				    14.8
13500				    17.0
13511				    17.4
13522				    15.1
13534				    17.0
13545				    18.0
13556				    17.0
13567				    16.7
13578				    17.7
13590				    19.3
13601				    20.2
13612				    19.0
13623				    20.2
13634				    20.2
13645				    20.6
13656				    19.8
13667				    17.8
13679				    18.2
13690				    20.3
13701				    23.4
13712				    23.4
13723				    24.7
13734				    22.5
13746				    23.2
13757				    23.5
