0				    33.122
10				    33.122
20				    33.122
30				    33.122
40				    39.009
50				    39.009
60				    39.009
70				    39.009
80				    41.566
90				    42.609
100				    44.236
109				    44.236
119				    39.064
129				    37.863
139				    37.917
149				    37.917
159				    37.917
169				    39.457
179				    40.108
189				    40.898
199				    40.898
209				    40.26
219				    40.26
229				    40.26
239				    47.242
249				    58.777
259				    77.405
269				    68.119
279				    47.233
289				    38.134
299				    39.24
309				    47.181
319				    51.484
329				    50.541
338				    53.712
349				    53.147
358				    44.448
368				    45.882
378				    50.232
388				    50.232
397				    50.232
404				    67.015
409				    62.611
413				    62.611
418				    62.611
422				    62.611
426				    72.697
431				    72.697
435				    78.825
439				    79.718
443				    80.46
448				    84.914
452				    85.369
457				    85.369
461				    85.369
465				    91.713
470				    91.126
474				    92.13
478				    72.088
482				    74.186
487				    74.578
491				    78.781
495				    79.923
500				    84.586
504				    89.75
508				    91.908
513				    94.796
517				    93.281
522				    90.348
526				    89.883
532				    92.704
538				    100.002
545				    101.957
552				    105.409
559				    93.111
566				    98.813
573				    105.365
580				    101.933
587				    105.739
594				    110.688
602				    117.153
609				    123.94
616				    127.836
623				    118.992
630				    115.887
637				    118.836
644				    123.766
651				    125.423
658				    131.688
665				    127.564
673				    128.839
680				    126.317
687				    122.468
694				    120.463
701				    121.438
709				    123.511
716				    119.079
723				    117.53
730				    120.323
737				    121.185
745				    123.157
752				    126.062
759				    130.352
766				    133.41
773				    134.437
781				    134.437
788				    141.462
795				    140.934
802				    138.508
809				    141.155
816				    143.316
824				    144.276
831				    145.679
838				    135.31
845				    134.845
852				    134.602
859				    136.689
867				    136.748
874				    136.748
881				    137.378
888				    142.409
895				    143.503
902				    147.376
910				    147.376
917				    154.22
924				    154.22
931				    161.781
939				    164.822
946				    154.013
953				    143.398
960				    143.398
967				    143.398
974				    143.398
982				    143.398
989				    149.204
996				    165.309
1003				    154.276
1012				    144.038
1020				    125.788
1029				    117.126
1037				    114.138
1046				    109.674
1055				    86.712
1063				    70.617
1072				    57.709
1081				    47.839
1089				    42.324
1098				    42.223
1106				    46.837
1114				    48.018
1123				    55.447
1131				    53.466
1140				    53.746
1148				    56.912
1157				    54.968
1165				    56.217
1174				    58.003
1182				    64.121
1192				    62.41
1202				    67.34
1213				    68.104
1224				    77.535
1235				    77.535
1245				    77.535
1256				    98.411
1267				    115.925
1278				    116.902
1289				    114.745
1300				    114.919
1311				    113.783
1322				    117.048
1333				    108.219
1344				    71.393
1354				    67.233
1365				    73.348
1376				    74.616
1387				    73.478
1398				    70.697
1410				    70.762
1422				    72.077
1433				    72.495
1445				    78.103
1456				    75.991
1467				    79.546
1478				    80.569
1489				    80.535
1500				    83.37
1512				    79.386
1523				    78.581
1529				    79.143
1536				    78.16
1543				    80.762
1549				    76.467
1556				    76.706
1562				    77.783
1567				    79.645
1573				    79.917
1578				    82.867
1584				    79.412
1590				    75.477
1595				    75.502
1601				    76.857
1607				    78.847
1612				    77.523
1618				    79.18
1624				    79.695
1629				    77.215
1635				    78.326
1640				    79.585
1646				    79.585
1652				    81.018
1657				    78.495
1663				    74.854
1668				    72.089
1674				    72.429
1679				    71.354
1685				    71.682
1690				    69.841
1696				    69.523
1701				    70.889
1707				    72.932
1713				    71.8
1718				    64.698
1724				    63.54
1729				    63.54
1735				    69.389
1741				    70.834
1746				    69.879
1752				    70.935
1757				    73.104
1763				    72.608
1768				    73.702
1774				    74.299
1780				    71.999
1785				    72.634
1791				    76.2
1796				    77.344
1802				    77.676
1808				    69.656
1813				    69.389
1819				    72.827
1824				    74.524
1830				    72.669
1836				    72.068
1843				    70.302
1849				    64.461
1855				    64.036
1861				    64.941
1867				    68.832
1874				    71.058
1880				    72.418
1886				    73.837
1893				    70.814
1899				    70.814
1905				    74.071
1911				    70.182
1917				    70.326
1924				    74.826
1930				    75.115
1936				    73.624
1942				    72.147
1948				    67.057
1955				    65.339
1961				    65.294
1967				    66.685
1974				    67.682
1980				    66.798
1986				    64.2
1992				    63.936
1998				    66.497
2005				    66.985
2011				    69.927
2017				    69.556
2024				    69.669
2030				    72.758
2036				    73.184
2043				    75.503
2049				    75.197
2055				    73.78
2062				    70.808
2068				    70.038
2074				    68.487
2081				    64.069
2087				    66.137
2093				    61.78
2099				    53.791
2106				    48.935
2112				    45.621
2118				    46.988
2124				    47.93
2130				    48.555
2137				    46.265
2143				    45.493
2149				    39.124
2155				    39.124
2161				    41.772
2167				    48.208
2174				    46.254
2180				    45.654
2186				    47.572
2192				    46.094
2199				    45.605
2205				    46.097
2211				    46.021
2218				    45.353
2224				    45.606
2231				    47.401
2237				    53.175
2243				    47.741
2250				    47.741
2256				    47.741
2263				    47.741
2269				    47.741
2275				    47.741
2282				    69.733
2290				    78.751
2299				    70.428
2307				    61.838
2316				    57.221
2324				    48.898
2333				    46.636
2342				    48.076
2350				    48.338
2359				    43.755
2367				    44.88
2376				    45.224
2385				    42.542
2393				    41.578
2402				    42.301
2410				    42.607
2419				    46.627
2427				    50.131
2436				    50.131
2444				    53.734
2453				    53.624
2462				    53.368
2470				    52.165
2479				    49.725
2487				    53.053
2496				    55.601
2505				    57.059
2513				    57.059
2522				    57.747
2530				    57.747
2539				    63.479
2547				    69.118
2556				    67.242
2564				    68.588
2573				    69.211
2581				    70.782
2590				    72.626
2599				    74.433
2607				    72.103
2616				    71.241
2625				    75.405
2633				    78.776
2642				    80.314
2651				    83.757
2660				    81.519
2668				    82.305
2677				    82.83
2685				    82.83
2694				    90.684
2702				    85.68
2711				    84.59
2719				    91.781
2728				    94.546
2737				    99.294
2745				    101.849
2754				    102.808
2763				    102.5
2771				    103.971
2780				    104.53
2789				    102.177
2797				    101.53
2806				    104.191
2814				    110.611
2823				    114.063
2831				    118.317
2840				    123.984
2849				    124.891
2857				    126.507
2866				    125.218
2874				    119.056
2882				    120.835
2891				    122.949
2900				    125.621
2908				    127.6
2917				    133.674
2925				    139.837
2934				    139.837
2942				    139.837
2951				    139.837
2959				    145.28
2968				    157.637
2977				    149.479
2985				    149.55
2994				    150.395
3003				    149.121
3011				    148.424
3020				    146.124
3029				    146.319
3037				    139.086
3046				    131.883
3054				    126.204
3063				    126.017
3071				    129.507
3080				    121.74
3089				    116.694
3097				    113.521
3106				    108.125
3114				    108.34
3123				    100.016
3131				    100.626
3140				    101.319
3148				    103.388
3157				    101.609
3165				    94.261
3174				    91.782
3183				    89.679
3191				    88.201
3200				    88.201
3209				    97.595
3217				    104.501
3225				    104.276
3234				    107.255
3243				    104.287
3251				    106.796
3260				    110.355
3269				    116.77
3277				    118.22
3286				    118.22
3294				    132.15
3303				    140.28
3312				    103.561
3320				    103.561
3329				    84.922
3338				    66.518
3346				    57.012
3355				    42.928
3363				    42.926
3372				    42.426
3381				    43.28
3389				    46.575
3398				    48.57
3406				    53.25
3415				    58.264
3423				    61.432
3432				    63.506
3441				    64.283
3449				    67.25
3458				    72.482
3467				    66.235
3476				    65.872
3484				    58.624
3493				    58.8
3501				    58.353
3510				    53.777
3519				    54.693
3527				    55.747
3536				    56.892
3545				    57.655
3554				    50.84
3562				    48.897
3571				    48.251
3579				    51.237
3587				    51.831
3596				    52.413
3605				    51.951
3613				    52.522
3622				    53.504
3631				    55.247
3639				    63.859
3648				    65.253
3657				    69.855
3665				    69.43
3674				    69.542
3683				    73.398
3691				    74.902
3700				    81.226
3709				    84.98
3717				    88.297
3726				    90.472
3735				    91.561
3744				    86.371
3753				    86.621
3761				    89.086
3769				    90.61
3779				    93.571
3787				    91.951
3796				    92.562
3804				    91.273
3813				    92.102
3821				    90.287
3830				    90.045
3838				    90.229
3846				    91.875
3855				    100.391
3864				    107.43
3873				    107.43
3881				    111.011
3890				    115.636
3899				    120.094
3908				    121.774
3916				    120.225
3925				    120.588
3933				    122.835
3942				    122.712
3950				    121.923
3959				    121.749
3967				    118.85
3976				    109.169
3985				    104.732
3993				    101.362
4002				    99.965
4011				    99.965
4019				    110.317
4028				    114.455
4036				    115.51
4045				    110.934
4054				    109.405
4063				    108.271
4071				    105.566
4080				    99.997
4089				    103.586
4097				    92.965
4106				    87.686
4115				    65.469
4123				    66.314
4132				    64.459
4141				    66.388
4149				    72.348
4158				    68.188
4166				    69.019
4175				    63.821
4183				    65.992
4192				    68.881
4201				    69.102
4209				    71.861
4218				    71.496
4226				    72.989
4235				    68.623
4244				    69.58
4252				    70.955
4261				    72.425
4269				    76.618
4278				    77.433
4286				    77.433
4295				    77.433
4303				    77.433
4312				    77.433
4321				    108.311
4329				    95.893
4338				    88.889
4347				    82.058
4355				    82.341
4364				    65.632
4373				    44.777
4381				    42.982
4390				    44.17
4399				    47.069
4407				    47.246
4416				    49.92
4424				    54.722
4433				    58.604
4441				    60.344
4450				    60.717
4458				    60.462
4467				    64.987
4475				    68.278
4484				    72.551
4492				    72.714
4501				    73.37
4510				    70.597
4519				    70.833
4527				    75.577
4536				    79.139
4545				    82.633
4553				    81.949
4562				    82.853
4571				    83.8
4579				    83.747
4588				    83.651
4596				    82.825
4605				    86.131
4614				    86.096
4622				    87.297
4632				    90.755
4642				    96.332
4653				    101.524
4664				    106.311
4675				    111.907
4686				    113.581
4697				    120.832
4708				    126.379
4720				    124.791
4731				    127.181
4742				    130.449
4753				    133.292
4764				    137.194
4775				    131.216
4786				    120.024
4798				    103.826
4808				    99.117
4819				    101.863
4831				    103.655
4841				    100.494
4852				    96.398
4864				    92.368
4875				    95.199
4886				    99.192
4897				    102.292
4908				    105.704
4919				    104.667
4930				    99.793
4942				    101.264
4952				    97.761
4963				    97.996
4974				    80.883
4985				    78.396
4996				    73.407
5007				    70.694
5018				    72.863
5029				    72.863
5040				    72.863
5051				    72.863
5062				    72.863
5073				    72.863
5084				    128.391
5095				    124.243
5106				    119.648
5117				    111.471
5128				    78.777
5139				    51.867
5150				    52.644
5161				    56.574
5172				    53.148
5183				    55.074
5194				    60.031
5205				    65.506
5216				    62.705
5227				    66.416
5238				    66.55
5249				    69.028
5260				    73.497
5271				    77.251
5282				    77.251
5293				    84.889
5304				    93.49
5315				    96.438
5326				    96.438
5337				    103.446
5348				    118.745
5359				    110.309
5371				    103.959
5382				    103.959
5393				    98.523
5404				    59.241
5415				    56.459
5426				    60.158
5437				    59.685
5448				    63.443
5459				    63.456
5470				    65.65
5481				    64.628
5492				    60.632
5503				    57.257
5515				    53.864
5525				    55.569
5536				    52.529
5547				    55.793
5558				    55.35
5569				    54.606
5580				    53.946
5591				    52.278
5602				    53.246
5613				    52.851
5624				    55.884
5635				    55.267
5646				    55.223
5657				    56.018
5668				    51.165
5679				    51.085
5690				    48.668
5701				    50.272
5712				    48.022
5723				    50.04
5734				    44.649
5745				    45.415
5757				    47.706
5768				    48.81
5779				    49.522
5790				    54.947
5801				    55.477
5813				    55.997
5824				    62.811
5834				    63.705
5846				    62.811
5857				    62.062
5868				    65.874
5879				    61.95
5890				    69.694
5901				    68.814
5913				    68.717
5923				    70.909
5934				    73.298
5945				    75.39
5957				    79.419
5968				    83.568
5979				    82.791
5990				    84.447
6001				    85.281
6012				    88.815
6022				    96.224
6033				    97.677
6045				    102.105
6056				    106.495
6067				    108.839
6078				    103.519
6088				    106.413
6099				    107.122
6110				    112.348
6121				    115.671
6132				    117.445
6140				    117.445
6146				    132.52
6152				    136.271
6157				    144.043
6163				    145.885
6169				    149.333
6174				    149.41
6180				    150.879
6185				    153.173
6191				    155.709
6196				    154.331
6202				    154.411
6207				    156.589
6213				    157.898
6219				    158.777
6224				    159.581
6230				    158.744
6235				    159.092
6241				    160.386
6246				    163.972
6252				    166.389
6257				    168.78
6263				    171.195
6269				    177.67
6274				    179.422
6280				    182.023
6285				    183.709
6291				    185.067
6297				    184.04
6302				    166.761
6308				    158.028
6314				    158.028
6319				    156.317
6325				    156.317
6330				    156.317
6336				    156.317
6342				    156.317
6347				    156.317
6353				    163.687
6358				    173.739
6364				    175.735
6370				    165.572
6375				    153.385
6380				    129.937
6386				    122.888
6391				    120.553
6397				    117.087
6402				    115.468
6408				    115.312
6414				    116.54
6419				    117.433
6424				    118.845
6430				    117.884
6436				    86.093
6441				    79.367
6447				    78.931
6452				    79.386
6458				    79.881
6464				    80.689
6469				    82.708
6475				    82.708
6481				    86.843
6487				    91.68
6493				    96.293
6500				    101.635
6506				    107.567
6512				    108.744
6519				    112.262
6525				    118.729
6532				    121.226
6540				    129.367
6547				    133.177
6554				    133.177
6561				    147.742
6569				    157.245
6576				    159.189
6583				    159.91
6590				    160.917
6598				    164.057
6605				    165.811
6612				    162.111
6619				    160.216
6627				    104.556
6634				    102.73
6641				    86.507
6648				    76.452
6655				    54.293
6662				    55.231
6670				    58.49
6677				    57.528
6684				    58.557
6691				    60.807
6699				    65.199
6705				    63.558
6713				    57.579
6720				    57.014
6727				    54.438
6734				    54.983
6741				    53.953
6748				    54.775
6755				    51.901
6763				    45.283
6770				    42.264
6777				    39.972
6784				    40.765
6791				    41.197
6798				    42.263
6806				    46.783
6813				    48.025
6820				    47.675
6827				    50.251
6834				    44.293
6841				    38.506
6848				    40.595
6856				    45.398
6863				    47.684
6870				    47.236
6877				    49.072
6885				    47.421
6892				    41.785
6899				    41.582
6906				    42.517
6913				    43.017
6920				    46.366
6928				    42.644
6935				    45.754
6942				    48.849
6949				    48.467
6957				    50.536
6964				    52.826
6971				    51.096
6978				    50.564
6986				    53.329
6993				    53.034
7000				    47.807
7007				    49.26
7014				    50.504
7021				    49.448
7028				    48.984
7034				    50.243
7040				    52.447
7046				    53.935
7052				    53.886
7058				    57.049
7064				    56.938
7070				    54.55
7076				    54.717
7082				    55.325
7088				    60.368
7094				    61.515
7100				    62.853
7106				    65.132
7112				    68.538
7118				    65.947
7124				    66.213
7130				    67.469
7136				    68.918
7142				    73.877
7148				    74.61
7154				    74.616
7160				    74.522
7166				    76.208
7172				    76.645
7178				    82.609
7184				    86.747
7191				    84.495
7202				    84.916
7213				    89.231
7224				    94.615
7235				    91.665
7245				    93.89
7256				    98.548
7267				    100.175
7278				    94.482
7289				    98.571
7300				    97.464
7311				    93.809
7322				    95.573
7333				    97.839
7344				    106.145
7355				    108.079
7366				    113.281
7376				    108.563
7388				    108.563
7399				    108.563
7410				    108.563
7421				    139.499
7432				    139.499
7443				    148.477
7454				    161.187
7466				    159.079
7477				    160.909
7488				    162.461
7499				    159.848
7509				    159.59
7520				    149.823
7532				    152.054
7543				    154.298
7554				    122.942
7565				    116.71
7576				    116.358
7586				    120.575
7597				    124.429
7608				    132.911
7619				    131.298
7630				    128.109
7641				    127.969
7652				    121.691
7663				    109.371
7674				    106.862
7685				    97.61
7696				    74.677
7707				    74.196
7717				    72.256
7728				    65.472
7739				    68.612
7750				    69.869
7761				    71.264
