5547				    10
5558				    10
5570				    10
5581				    10
5592				    10
5603				    10
5614				    10
5626				    10
5637				    10
5648				    10
5659				    10
5671				    10
5682				    12
5693				    12
5704				    19
5715				    19
5726				    19
5737				    19
5748				    19
5760				    19
5771				    19
5782				    19
5793				    19
5804				    19
5815				    19
5827				    19
5838				    19
5849				    38
5860				    38
5871				    38
5882				    38
5894				    38
5905				    38
5916				    38
5927				    38
5938				    38
5949				    38
5960				    38
5971				    38
5982				    38
5994				    38
6005				    38
6016				    46
6027				    46
6038				    49
6050				    76
6061				    76
6073				    76
6084				    76
6095				    76
6106				    76
6117				    76
6128				    76
6139				    76
6150				    76
6161				    76
6173				    76
6184				    76
6195				    80
6206				    88
6217				    103
6229				    118
6241				    140
6252				    140
6263				    152
6274				    152
6285				    152
6296				    152
6308				    152
6319				    152
6330				    152
6342				    152
6353				    152
6364				    152
6375				    152
6386				    152
6397				    152
6408				    152
6420				    159
6431				    162
6442				    162
6453				    162
6464				    162
6475				    162
6486				    162
6497				    162
6509				    162
6520				    162
6531				    162
6542				    162
6553				    162
6564				    162
6575				    162
6586				    162
6598				    162
6609				    162
6620				    162
6631				    162
6643				    162
6654				    162
6665				    162
6676				    162
6687				    162
6699				    162
6710				    162
6721				    162
6731				    162
6743				    162
6754				    162
6765				    162
6776				    162
6787				    162
6798				    162
6810				    162
6821				    162
6833				    162
6844				    162
6855				    162
6866				    162
6878				    162
6889				    162
6900				    162
6911				    163
6922				    163
6933				    163
6944				    163
6955				    163
6967				    163
6978				    163
6989				    163
7000				    163
7011				    163
7022				    163
7033				    163
7044				    163
7055				    163
7066				    163
7078				    163
7089				    163
7100				    163
7111				    163
7122				    163
7134				    163
7145				    163
7156				    163
7167				    163
7178				    163
7190				    163
7201				    163
7212				    163
7223				    163
7234				    163
7245				    163
7256				    163
7267				    163
7278				    163
7289				    163
7300				    163
7311				    163
7323				    163
7334				    163
7345				    163
7356				    163
7367				    163
7378				    163
7389				    163
7400				    163
7411				    163
7422				    163
7434				    163
7445				    163
7456				    163
7467				    163
7478				    163
7489				    163
7501				    163
7512				    163
7523				    163
7534				    163
