2728				    10
2739				    10
2750				    10
2761				    12
2772				    19
2783				    20
2794				    20
2805				    32
2816				    40
2827				    40
2839				    48
2850				    79
2861				    79
2872				    79
2884				    80
2895				    82
2906				    83
2917				    83
2929				    84
2940				    85
2951				    87
2962				    88
2973				    89
2984				    90
2995				    91
3006				    93
3017				    94
3029				    94
3040				    96
3052				    98
3063				    99
3074				    100
3085				    102
3096				    104
3107				    105
3118				    106
3130				    107
3141				    109
3152				    110
3163				    111
3174				    112
