26334				    10
26345				    10
26356				    10
26367				    10
26378				    10
26389				    10
26400				    10
26411				    10
26422				    10
26432				    10
26443				    10
26454				    10
26465				    10
26476				    10
26487				    10
26498				    10
26509				    10
26520				    10
26531				    10
26542				    10
26553				    10
26564				    10
26574				    11
26585				    11
26596				    11
26607				    11
26618				    11
26629				    11
26640				    11
26651				    11
26662				    11
26673				    11
26684				    11
26695				    11
26706				    11
26717				    11
26728				    11
26739				    11
26750				    11
26761				    11
26772				    11
26783				    11
26794				    11
26805				    13
26816				    14
26827				    14
26838				    14
26849				    14
26860				    14
26871				    14
26882				    14
26893				    14
26903				    14
26915				    14
26926				    14
26936				    14
26948				    14
26959				    14
26969				    14
26980				    28
26991				    28
27003				    28
27014				    28
27024				    28
27035				    28
27046				    28
27057				    28
27068				    28
27079				    28
27090				    28
27101				    28
27112				    28
27123				    28
27134				    28
27144				    28
27155				    28
27166				    28
27177				    28
27188				    28
27199				    28
27210				    46
27221				    56
27232				    56
27243				    56
27254				    56
27265				    56
27276				    56
27287				    56
27298				    56
27309				    56
27320				    56
27331				    56
27342				    56
27353				    56
27363				    56
27374				    56
27385				    56
27396				    56
27407				    56
27418				    56
27429				    56
27440				    62
27451				    63
27462				    69
27473				    71
27484				    97
27495				    99
27506				    109
27517				    109
27528				    109
27539				    111
27550				    111
27561				    111
27572				    112
27583				    112
27594				    112
27605				    112
27616				    112
27627				    112
27638				    112
27649				    112
27660				    112
27671				    112
27682				    112
27693				    112
27704				    112
27715				    114
27726				    114
27736				    117
27748				    130
27759				    133
27770				    152
27780				    171
27792				    179
27803				    181
27814				    211
27825				    211
27836				    219
27847				    221
27858				    221
27869				    222
27879				    222
27890				    224
27901				    224
27912				    224
27923				    224
27934				    224
27945				    224
27956				    224
27967				    224
27978				    224
27989				    224
28000				    224
28011				    224
28022				    224
28033				    224
28043				    224
28054				    224
28065				    226
28076				    226
28087				    232
28098				    240
28109				    240
28120				    266
28131				    266
28142				    280
28153				    294
28164				    295
28175				    305
28186				    305
28196				    310
28208				    336
28219				    338
28230				    354
28241				    360
28251				    366
28262				    382
28273				    396
28284				    398
28295				    406
28306				    420
28317				    438
28328				    440
28339				    442
28350				    442
28361				    444
28372				    444
28383				    444
28394				    448
28405				    448
28416				    448
28427				    448
28438				    448
28449				    448
28460				    448
28471				    448
28482				    448
28493				    448
28504				    448
28515				    448
28526				    450
28537				    452
28548				    452
28559				    463
28570				    472
28581				    479
28592				    501
28603				    502
28614				    511
28624				    534
28635				    534
28646				    534
28657				    534
28668				    563
28679				    575
28690				    582
28701				    585
28712				    592
28723				    593
28734				    605
28745				    612
28756				    627
28767				    633
28778				    637
28789				    653
28800				    653
28811				    657
28822				    697
28833				    697
28844				    697
28855				    701
28865				    725
28876				    731
28887				    737
