38012				    67.16
38023				    67.16
38034				    67.16
38044				    67.16
38055				    67.16
38066				    61.018
38077				    61.018
38087				    61.018
38098				    61.018
38109				    61.018
38120				    59.817
38130				    59.446
38141				    64.51
38152				    64.51
38163				    64.51
38174				    64.51
38184				    63.026
38195				    57.511
38206				    65.181
38217				    65.181
38228				    48.023
38239				    48.023
38250				    59.899
38261				    53.014
38272				    53.014
38283				    53.411
38293				    51.067
38304				    51.067
38315				    52.542
38326				    59.874
38337				    60.919
38348				    60.919
38359				    59.836
38369				    57.998
38380				    57.946
38391				    57.519
38402				    60.164
38412				    55.036
38423				    55.036
38434				    55.036
38445				    56.558
38455				    55.597
38466				    54.244
38477				    58.733
38488				    54.844
38499				    51.445
38510				    54.129
38521				    55.455
38531				    50.288
38542				    50.288
38553				    46.965
38564				    45.936
38575				    45.936
38585				    50.09
38596				    50.09
38607				    56.407
38618				    55.863
38629				    51.538
38640				    50.85
38650				    52.265
38661				    52.088
38672				    50.479
38683				    52.122
38693				    52.122
38704				    53.364
38715				    55.929
38726				    56.377
38736				    59.279
38747				    52.467
38758				    52.623
38769				    51.034
38779				    52.083
38790				    52.083
38801				    57.69
38812				    57.608
38823				    54.4
38833				    53.25
38844				    53.25
38855				    55.881
38865				    56.58
38876				    55.547
38887				    54.997
38898				    52.291
38909				    53.698
38919				    55.517
38930				    56.13
38941				    55.841
38952				    51.12
38963				    47.984
38974				    47.849
38985				    44.454
38996				    44.454
39006				    49.843
39017				    49.843
