13995				    19.003
14006				    19.003
14017				    19.003
14028				    10.207
14039				    4.628
14050				    4.901
14062				    4.54
14072				    3
14084				    3.178
14095				    2.515
14106				    5.29
14117				    2.996
14128				    1.309
14139				    1.948
14150				    2.105
14161				    2.194
14172				    0.628
14183				    1.819
14193				    1.652
14204				    1.717
14215				    1.001
14226				    3.633
14237				    4.431
14248				    6.466
14259				    3.138
14270				    2.996
14281				    0.7
14292				    2.058
14303				    2.887
14314				    0.487
14325				    0.84
14336				    1.935
14347				    1.243
14358				    2.1
14369				    2.149
14380				    2.282
14391				    3.076
14401				    4.45
14412				    1.479
