43033				    66.939
43044				    66.939
43055				    66.939
43067				    66.939
43078				    66.939
43089				    60.891
43101				    60.189
43112				    60.189
43123				    53.503
43135				    44.123
43146				    44.123
43158				    51.738
43169				    49.009
43180				    49.429
43192				    49.429
43204				    49.21
43215				    47.182
43227				    47.182
43238				    49.544
43249				    50.471
43260				    50.471
43272				    68.86
43283				    68.619
43295				    69.29
43306				    69.29
43317				    81.453
43328				    83.451
43340				    92.904
43351				    98.557
43362				    108.694
43374				    110.328
43385				    108.494
43396				    108.494
43407				    118.273
43419				    135.431
43430				    145.005
43441				    145.005
43453				    141.063
43464				    145.523
43475				    142.65
43487				    143.164
43498				    157.042
43509				    158.961
43521				    153.908
43532				    149.932
43544				    153.947
43555				    147.465
43566				    147.216
43578				    152.492
43589				    147.112
43600				    146.697
43611				    150.91
43622				    149.158
43634				    153.321
43645				    153.321
43656				    160.174
43668				    152.203
43680				    153.776
43691				    163.361
43702				    161.205
43713				    160.3
43725				    160.832
43736				    166.226
43747				    163.145
43758				    163.145
43770				    171.803
43781				    171.78
43792				    172.606
43804				    169.915
43815				    169.915
43826				    169.915
43837				    172.417
