51695				    37.307
51702				    37.307
51709				    37.307
51716				    37.307
51723				    37.307
51730				    37.307
51737				    37.307
51743				    33.164
51750				    14.659
51757				    11.146
51764				    10.665
51771				    10.665
51778				    10.665
51784				    11.155
51791				    11.155
51798				    11.155
51805				    6.964
51812				    2.613
51818				    2.613
51825				    1.812
51832				    1.812
51839				    1.812
51846				    1.972
51854				    2.27
51861				    1.945
51867				    2.121
51874				    4.521
51882				    8.171
51889				    10.329
51895				    10.329
51902				    10.569
51909				    9.113
51916				    9.113
51923				    7.295
51929				    4.57
51936				    4.579
51943				    3.048
51950				    3.048
51957				    3.048
51963				    10.847
51970				    7.551
51977				    7.551
51984				    4.338
51991				    5.45
51997				    4.702
52005				    3.806
52012				    3.806
52019				    3.806
52026				    6.465
52033				    5.859
52040				    5.859
52046				    6.964
52053				    6.964
52060				    6.964
52067				    3.241
52073				    3.956
52080				    3.956
52087				    3.956
52094				    3.956
52100				    11.403
52107				    10.217
52114				    10.217
52122				    9.786
52129				    7.448
52136				    7.231
52142				    7.231
52149				    7.231
52156				    7.231
52163				    15.186
52169				    5.318
52176				    6.076
52183				    6.076
52190				    8.079
52196				    7.513
52203				    7.951
52211				    8.767
52217				    10.619
52224				    10.619
52231				    7.262
52237				    7.262
52244				    4.851
52251				    4.851
52258				    6.997
52265				    10.14
52272				    5.115
52278				    5.115
52285				    5.122
52292				    2.68
52299				    2.556
52306				    2.69
52313				    2.483
52319				    4.439
52326				    4.439
52333				    4.439
52340				    8.281
52347				    9.638
52354				    6.032
52361				    5.812
52367				    6.337
52374				    6.337
52381				    5.017
52388				    4.077
52395				    4.077
52403				    10.194
52409				    10.136
52416				    10.136
52423				    8.948
52429				    4.189
52437				    4.189
52443				    4.939
52450				    3.436
52458				    6.921
52469				    6.561
52481				    6.561
52492				    7.488
52503				    10.025
52516				    4.486
52527				    4.114
52539				    4.091
52551				    4.091
52563				    4.091
52574				    4.091
52586				    14.95
52597				    14.95
52609				    14.95
52621				    21.575
52632				    21.575
52641				    15.871
52648				    8.249
52654				    8.249
52661				    7.663
52668				    7.663
52675				    13.668
52681				    12.776
52688				    8.289
52695				    8.289
52702				    8.289
52709				    9.628
52716				    13.453
52722				    0.788
52729				    1.366
52736				    4.838
52743				    4.159
52749				    3.903
52756				    3.903
52763				    3.4
52769				    6.244
52776				    6.244
52783				    4.944
52790				    4.172
52797				    4.172
52803				    2.952
52810				    2.952
52817				    2.952
52824				    3.27
52831				    3.27
52838				    3.209
52844				    3.209
52851				    6.104
52858				    6.104
52865				    4.038
52872				    4.561
52878				    4.561
52886				    4.561
52893				    6.139
52899				    6.262
52906				    6.262
52913				    6.262
52919				    6.262
52926				    4.084
52933				    5.454
52940				    7.044
52946				    4.834
52953				    4.839
52960				    3.322
52967				    4.696
