26163				    114.852
26174				    114.852
26185				    114.852
26196				    114.852
26207				    114.852
26218				    114.852
26229				    114.852
26240				    114.852
26251				    114.852
26262				    114.852
26273				    114.852
26284				    114.852
26295				    118.288
26306				    131.939
26317				    131.939
26328				    131.939
26339				    131.939
26350				    131.939
26361				    131.939
26371				    131.939
26382				    131.939
26393				    131.939
26404				    129.809
26415				    127.503
26426				    126.678
26438				    126.678
26449				    130.913
26460				    130.913
26471				    130.913
26482				    130.913
26493				    130.913
26504				    130.913
26515				    130.913
26526				    130.913
26537				    130.47
26548				    129.822
26559				    125.628
26570				    123.987
26581				    123.987
26591				    123.987
26602				    123.987
26613				    123.987
26624				    123.987
26635				    123.987
26646				    123.987
26657				    123.987
26668				    123.987
26679				    126.177
26690				    127.451
26701				    127.451
26712				    150.591
26723				    150.356
26734				    155.755
26745				    155.755
26756				    155.755
26767				    155.755
26778				    155.755
26789				    155.755
26800				    155.755
26811				    155.755
26821				    149.312
26832				    150.113
26843				    163.682
26854				    165.548
26866				    165.548
26876				    178.101
26887				    178.101
26898				    184.004
26909				    184.004
26920				    184.004
26931				    211.242
26942				    210.937
26953				    212.93
26964				    215.752
26975				    215.752
26986				    215.752
26997				    215.752
27008				    215.752
27019				    224.097
27030				    224.097
27041				    224.097
27052				    226.335
27063				    234.283
27074				    244.402
27085				    249.607
27096				    253.011
27107				    257.203
27118				    268.874
27129				    268.874
27140				    268.874
27151				    283.953
27162				    273.315
27173				    277.506
27184				    287.525
27195				    289.334
27206				    300.117
27217				    300.117
27228				    313.721
27239				    338.508
27249				    343.064
27261				    343.064
27272				    367.196
27283				    370.555
27294				    376.082
27305				    376.082
27316				    376.962
27327				    383.309
27338				    387.026
27349				    395.781
27359				    397.661
27371				    405.884
27382				    405.884
27393				    435.747
27403				    435.747
27414				    442.937
27425				    442.937
27436				    442.937
27447				    442.937
27458				    448.832
27469				    448.832
27480				    448.832
27490				    451.846
27501				    451.846
27513				    451.846
27523				    451.846
27534				    468.957
27545				    487.05
27556				    487.05
27567				    487.05
27578				    508.98
27589				    510.093
27600				    514.358
27611				    520.409
27622				    522.492
27633				    528.37
27644				    533.921
27655				    532.513
27666				    537.141
27677				    538.343
27688				    536.46
27699				    536.46
27710				    547.535
27721				    559.312
27732				    561.117
27743				    568.17
27754				    576.332
27765				    580.958
27776				    599.099
27787				    599.724
27798				    604.992
27809				    615.248
27820				    617.231
27831				    617.231
27842				    625.229
27853				    625.155
27864				    625.155
27875				    639.792
27886				    644.566
27897				    644.566
27908				    661.386
27919				    676.679
27930				    676.679
27941				    676.679
27952				    692.307
27963				    692.625
27974				    694.15
27985				    701.823
27996				    712.403
28007				    715.233
28018				    722.654
28029				    728.775
28040				    733.09
