18921				    4.174
18931				    22.063
18940				    4.095
18950				    22.063
18959				    4.095
18969				    22.063
18979				    4.095
18988				    22.063
18998				    4.562
19008				    17.495
19017				    4.562
19026				    17.495
19036				    6.023
19045				    6.66
19055				    7.709
19064				    6.66
19074				    7.332
19083				    6.66
19093				    5.021
19102				    6.66
19112				    4.606
19121				    6.66
19131				    3.455
19140				    7.488
19149				    2.706
19159				    6.707
19168				    4.042
19178				    6.707
19187				    5.436
19197				    9.549
19206				    5.436
19216				    10.812
19225				    8.437
19235				    8.239
19244				    8.437
19254				    8.239
19264				    14.662
19273				    8.239
19283				    7.035
19292				    8.239
19302				    7.035
19311				    9.8
19321				    6.356
19330				    13.875
19340				    6.356
19350				    13.875
19359				    7.632
19369				    11.363
19378				    6.41
19388				    8.844
19397				    7.063
19407				    6.851
19416				    7.063
19426				    6.851
19435				    6.462
19445				    3.027
19454				    5.173
19464				    3.027
19474				    3.422
19484				    3.027
19494				    2.666
19503				    3.953
19513				    2.666
19522				    3.953
19532				    6.982
19541				    5.889
19551				    5.288
19560				    4.093
19570				    5.288
19579				    4.093
19589				    6.439
19598				    5.715
19608				    10.021
19617				    5.715
19627				    12.418
19636				    10.163
19646				    5.623
19656				    6.047
19665				    5.623
19675				    5.695
19685				    6.115
19694				    6.389
19704				    4.815
19713				    4.104
19722				    4.815
19732				    4.069
19742				    6.944
19751				    5.927
19761				    5.185
19770				    4.093
19780				    5.185
19789				    4.093
19799				    7.968
19808				    4.093
19818				    8.913
19827				    9.723
19837				    9.877
19846				    8.617
19856				    6.466
19865				    5.021
19874				    6.466
19884				    5.021
19893				    6.466
19903				    5.021
19912				    7.888
19922				    10.844
19931				    7.868
19941				    6.835
19950				    7.471
19960				    6.424
19969				    7.471
19979				    9.137
19989				    9.22
19998				    11.241
20007				    7.076
20017				    9.295
20026				    7.109
20036				    9.295
20046				    6.912
20056				    8.004
20065				    7.163
20075				    5.448
20084				    7.163
20094				    5.784
20103				    7.594
20113				    8.089
20122				    8.755
20132				    8.281
20141				    9.951
20151				    9.872
20160				    9.34
20170				    8.734
20180				    9.34
20190				    8.734
20199				    5.813
20208				    7.477
20218				    7.059
20228				    8.047
20237				    7.059
20247				    5.344
20256				    5.898
20266				    5.344
20275				    4.274
20285				    3.299
20294				    4.25
20304				    6.667
20313				    4.25
20322				    7.94
20332				    5.136
20342				    6.567
20351				    3.966
20361				    6.567
20370				    3.541
20380				    5.405
20389				    3.089
20399				    4.077
20408				    2.427
20418				    4.332
20427				    2.876
20436				    4.362
20446				    2.645
20456				    3.84
20465				    5.016
20474				    6.261
20484				    5.016
20493				    6.261
20503				    8.951
20513				    11.915
20522				    9.081
20532				    7.702
20541				    9.281
20551				    9.208
20560				    9.281
20570				    7.973
20579				    9.281
20589				    7.973
20599				    11.392
20608				    9.765
20618				    11.392
20627				    9.765
20636				    14.79
20646				    15.371
20655				    9.628
20665				    11.21
20674				    9.628
20684				    11.21
20693				    8.69
20703				    9.836
20712				    8.69
20722				    11.074
20732				    8.596
20741				    10.557
20750				    7.993
				    8.512
				    6.067
				    6.223
				    6.067
				    6.223
				    6.067
				    7.417
				    5.509
				    4.373
				    3.69
				    3.101
				    4.832
				    2.834
				    4.832
				    2.834
				    4.832
				    2.855
				    5.319
				    3.465
				    5.319
				    3.465
				    4.717
				    3.08
				    4.743
				    3.08
				    6.235
				    2.533
				    6.235
				    2.533
				    5.409
				    3.532
				    5.409
				    3.532
				    6.226
				    3.532
				    7.853
				    3.692
				    9.171
				    4.299
				    9.305
				    4.299
				    8.447
				    6.763
				    5.775
				    7.067
				    4.363
				    7.324
				    4.56
				    7.727
				    4.56
				    6.643
				    5.046
				    7.075
				    5.895
				    7.729
				    5.895
				    7.729
				    6.474
				    6.932
				    5.029
				    7.17
				    5.339
				    7.561
				    5.602
				    7.813
				    6.686
				    7.87
				    6.686
				    8.257
				    6.686
				    8.257
				    7.935
				    8.353
				    8.051
				    8.353
				    8.485
				    6.736
				    8.485
				    6.736
				    5.782
				    5.167
				    6.721
				    5.993
				    6.721
				    5.993
				    5.956
				    4.196
				    4.508
				    3.448
				    4.508
				    3.448
				    5.773
				    4.622
				    4.413
				    4.332
				    3.421
				    3.361
				    2.628
				    2.677
				    2.628
				    2.677
				    4.555
				    6.767
				    4.756
				    4.635
				    4.756
				    4.635
				    4.756
				    4.635
				    4.676
				    4.875
				    4.762
				    4.995
				    4.762
				    4.995
				    4.762
				    4.995
				    7.262
				    4.996
				    4.284
				    3.793
				    3.58
				    2.967
				    3.138
				    2.343
				    2.907
				    2.144
				    2.907
				    2.144
				    2.571
				    3.543
				    2.571
				    3.543
				    7.483
				    7.307
				    4.317
				    6.831
				    4.317
				    6.834
				    3.763
				    6.185
				    3.277
				    4.702
				    3.277
				    4.702
				    6.342
				    6.618
				    4.799
				    4.746
				    4.541
				    4.746
				    3.287
				    3.594
				    3.287
				    3.594
				    7.495
				    8.745
				    4.923
				    5.345
				    4.923
				    4.179
				    4.923
				    4.179
				    4.485
				    4.165
				    3.24
				    3.865
				    3.24
				    3.888
				    4.236
				    3.369
				    4.236
				    3.615
				    6.193
				    4.292
				    6.193
				    7.151
				    11.321
				    9.629
				    7.657
				    7.268
				    5.417
				    4.999
				    4.115
				    4.625
				    3.238
				    4.037
				    3.238
				    4.755
				    4.192
				    4.774
				    4.192
				    4.774
