23015				    10
23026				    10
23037				    10
23048				    10
23060				    10
23071				    10
23083				    10
23094				    10
23105				    16
23117				    20
23128				    20
23139				    20
23150				    20
23162				    20
23173				    20
23184				    23
23195				    25
23207				    37
23218				    38
23230				    40
23241				    40
23252				    40
23264				    40
23275				    40
23287				    40
23299				    50
23310				    54
23320				    66
23332				    74
23343				    80
23355				    80
23366				    80
23378				    80
23389				    80
23400				    84
23412				    86
23423				    95
23435				    110
23447				    128
23458				    128
23470				    134
23482				    152
23493				    160
23505				    160
23516				    160
23527				    160
23539				    160
23550				    160
23561				    160
23572				    170
23583				    170
23595				    171
23606				    172
23617				    172
23628				    172
23640				    173
23651				    173
23662				    174
23673				    174
23685				    175
23697				    176
23708				    176
23719				    176
23731				    176
23742				    177
23753				    177
23765				    177
23776				    177
23788				    177
23799				    177
23810				    177
23822				    178
23833				    178
23844				    178
23855				    178
23867				    179
23878				    179
23889				    179
23900				    179
23912				    180
23923				    180
23934				    180
23946				    180
23957				    180
23969				    181
23980				    181
23991				    181
24003				    182
24014				    182
24026				    182
24037				    182
24049				    183
24060				    183
24071				    184
24082				    184
24094				    185
24105				    185
24116				    185
24128				    185
24139				    185
24150				    185
24162				    185
24173				    185
24185				    185
24196				    185
24208				    186
24219				    186
24230				    186
24242				    186
24253				    186
24264				    187
24275				    187
24286				    187
24298				    188
24310				    188
24321				    188
24333				    188
24344				    188
24355				    189
24367				    189
24378				    189
24389				    190
24401				    190
24412				    190
24423				    190
24434				    191
24445				    191
24457				    191
24468				    192
24479				    192
24490				    192
24502				    192
24513				    192
24524				    193
24536				    193
24547				    193
24558				    193
24570				    194
24581				    194
24592				    194
24604				    194
24615				    194
24626				    194
24637				    194
24648				    194
24659				    194
24671				    194
24682				    194
24694				    194
24705				    195
24716				    195
24727				    195
24739				    195
24750				    195
24761				    195
24772				    195
24784				    195
24795				    195
24806				    195
24817				    196
24829				    196
24840				    196
24852				    196
24863				    196
24875				    196
24886				    196
24898				    197
24909				    197
24921				    197
24932				    197
24943				    197
24955				    197
24966				    197
24977				    198
24988				    198
25000				    198
25011				    198
25022				    198
25033				    198
25044				    198
