6532				    10
6540				    10
6549				    10
6557				    10
6566				    11
6574				    18
6582				    20
6591				    20
6599				    20
6608				    20
6616				    20
6625				    20
6633				    20
6641				    24
6650				    40
6658				    40
6667				    40
6675				    47
6683				    52
6692				    62
6701				    80
6713				    89
6725				    97
6736				    111
6748				    143
6759				    198
6771				    219
6782				    230
6794				    297
6805				    347
6817				    381
6829				    442
6840				    454
6852				    571
6864				    612
6875				    705
6886				    715
6898				    735
6909				    735
6920				    735
