37195				    66.988
37206				    66.988
37218				    66.988
37229				    66.988
37240				    66.988
37252				    60.335
37263				    60.335
37275				    60.335
37286				    52.764
37297				    45.01
37309				    47.326
37320				    47.326
37332				    42.8
37343				    43.414
37354				    46.366
37365				    43.711
37376				    41.634
37388				    50.425
37399				    51.131
37410				    55.493
37422				    53.901
37433				    55.326
37445				    55.482
37456				    58.435
37467				    59.6
37479				    68.272
37490				    83.338
37502				    90.673
37513				    89.343
37524				    90.768
37536				    101.031
37547				    102.23
37558				    114.016
37570				    117.816
37581				    117.816
37592				    128.762
37604				    128.777
37615				    133.244
37626				    135.511
37638				    148.651
37649				    148.651
37660				    148.651
37672				    169.202
37684				    173.558
37695				    178.973
37706				    177.55
37718				    185.128
37729				    186.772
37740				    196.839
37752				    199.098
37763				    199.098
37774				    214.786
37786				    227.437
37797				    227.437
37809				    232.879
37820				    243.199
37832				    242.055
37843				    247.354
37854				    262.367
37866				    261.87
37877				    260.391
37888				    257.777
37900				    259.813
37911				    261.926
37922				    257.654
37934				    258.106
37945				    263.851
37956				    263.851
37968				    272.686
37979				    272.334
37990				    275.371
38002				    276.138
38013				    280.183
