5540				    1
5552				    1
5562				    1
5574				    1
5585				    1
5596				    1
5607				    1
5619				    1
5630				    1
5640				    1
5651				    1
5662				    1
5673				    1
5684				    1
5695				    1
5707				    1
5718				    1
5729				    1
5740				    1
5751				    1
5762				    1
5773				    1
5783				    1
5794				    1
5805				    1
5816				    1
5827				    1
5838				    1
5849				    1
5860				    1
5870				    1
5881				    1
5892				    1
5903				    1
5914				    1
5925				    1
5936				    1
5947				    1
5958				    1
5969				    1
5979				    1
5991				    1
6001				    1
6012				    1
6023				    1
6034				    1
6045				    1
6056				    1
6067				    1
6078				    1
6089				    1
6100				    1
6111				    1
6122				    1
6133				    1
6144				    1
6155				    1
6166				    1
6177				    1
6188				    1
6199				    1
6210				    1
6221				    1
6232				    1
6243				    1
6254				    1
6265				    1
6276				    1
6287				    1
6297				    1.1	
6308				    1.2	
6319				    1.2	
6330				    1.2	
6341				    1.2	
6352				    1.2	
6363				    1.2	
6374				    1.2	
6385				    1.2	
6396				    1.2	
6407				    1.2	
6417				    1.2	
6428				    1.2	
6439				    1.2	
6450				    1.2	
6461				    1.2	
6472				    1.2	
6483				    1.2	
6494				    1.2	
6505				    1.2	
6516				    1.2	
6527				    1.2	
6538				    1.4	
6549				    2.1	
6559				    2.3	
6570				    2.7	
6582				    3.0	
6593				    3.1	
6603				    3.2	
6614				    3.2	
6625				    3.2	
6635				    3.2	
6646				    3.2	
6657				    3.2	
6668				    3.2	
6679				    3.2	
6690				    3.2	
6701				    3.2	
6712				    3.2	
6723				    3.2	
6734				    3.2	
6745				    3.2	
6756				    3.2	
6766				    3.2	
6777				    3.2	
6788				    3.2	
6799				    3.2	
6810				    3.8	
6822				    4.7	
6832				    4.8	
6843				    4.8	
6854				    4.8	
6865				    6.1	
6876				    6.5	
6887				    6.5	
6898				    6.5	
6908				    6.5	
6919				    6.4	
6930				    6.4	
6941				    6.4	
6952				    6.4	
6965				    6.4	
6976				    6.4	
6986				    6.4	
6997				    6.4	
7008				    6.4	
7019				    6.4	
7030				    6.4	
7041				    6.4	
7051				    6.4	
7062				    6.4	
7073				    6.4	
7084				    7.5	
7095				    7.6	
7106				    8.1	
7117				    9.2	
7128				    9.2	
7139				    9.4	
7150				    10.7	
7161				    10.9	
7172				    11.0	
7182				    11.1	
7193				    11.2	
7204				    11.2	
7215				    11.1	
7226				    11.1	
7237				    11.0	
7248				    11.0	
7259				    11.0	
7270				    11.0	
7281				    11.0	
7292				    10.9	
7303				    10.9	
7314				    10.9	
7325				    10.9	
7336				    10.9	
7347				    10.9	
7357				    10.9	
7368				    10.9	
7379				    10.9	
7390				    10.9	
7400				    11.1	
7411				    11.1	
7422				    11.7	
7433				    11.7	
7444				    12.1	
7454				    12.1	
7465				    12.3	
7477				    12.9	
7488				    13.3	
7499				    13.2	
7510				    13.2	
7521				    13.5	
7531				    13.7	
7542				    13.6	
7553				    13.5	
7564				    14.3	
7575				    14.4	
7586				    14.5	
7597				    14.5	
7608				    14.5	
7619				    14.5	
7630				    14.5	
7641				    14.4	
7652				    14.3	
7662				    14.2	
7673				    14.1	
7684				    14.0	
7695				    14.0	
7706				    14.0	
7717				    13.9	
7728				    14.0	
7739				    14.0	
7750				    14.0	
7761				    13.9	
7771				    13.9	
7782				    13.9	
7793				    13.7	
7804				    13.7	
7815				    13.7	
7826				    13.7	
7836				    13.7	
7847				    13.7	
7858				    13.6	
7869				    13.6	
7880				    13.6	
7891				    13.6	
7902				    13.6	
7913				    13.6	
7924				    13.6	
7935				    13.6	
7946				    13.6	
7957				    13.6	
7968				    13.6	
7979				    13.6	
7989				    13.6	
8000				    13.6	
8011				    13.6	
8022				    13.2	
8033				    12.6	
8044				    12.1	
8055				    12.0	
8066				    12.0	
8076				    11.9	
8087				    11.9	
8098				    11.9	
8109				    11.9	
8120				    11.9	
8131				    11.9	
8142				    12.0	
8153				    11.9	
8164				    12.0	
