9553				    10
9565				    10
9575				    10
9587				    20
9598				    20
9609				    22
9620				    30
9631				    39
9643				    44
9654				    59
9665				    73
9676				    91
9688				    110
9699				    126
9711				    168
9722				    169
9734				    171
9745				    172
9756				    175
9767				    176
9778				    178
9789				    179
9801				    181
9812				    183
9823				    184
9835				    187
9846				    188
9857				    188
9869				    188
9880				    188
9891				    189
9902				    195
9913				    196
9925				    197
