15482				    19.005
15493				    19.005
15504				    19.005
15515				    3.942
15527				    3.942
15538				    3.942
15549				    2.439
15560				    1.917
15572				    1.917
15583				    1.073
15594				    0.959
15605				    0.561
15617				    0.645
15628				    1.107
15639				    2.909
15651				    3.557
15662				    2.379
15673				    1.407
15684				    2.761
15695				    4.299
15707				    5.158
15718				    3.454
15729				    1.337
15740				    2.186
15752				    3.422
15763				    2.559
15774				    0.568
15785				    1.093
15796				    1.93
15808				    3.465
15819				    3.458
15830				    2.906
15841				    4.572
15853				    2.056
15864				    1.584
15876				    1.83
