839				    1.3	
851				    1.3	
862				    1.3	
873				    1.3	
884				    1.3	
895				    1.3	
906				    2.9	
918				    2.9	
929				    2.9	
940				    2.9	
951				    2.9	
962				    2.9	
973				    2.9	
984				    2.9	
995				    2.9	
1006				    2.9	
1018				    2.9	
1029				    2.9	
1040				    2.7	
1051				    3.1	
1062				    3.2	
1073				    3.2	
1084				    3.2	
1095				    3.2	
1106				    3.2	
1117				    3.2	
1128				    3.2	
1139				    3.2	
1151				    3.2	
1162				    3.2	
1173				    3.2	
1184				    3.2	
1195				    3.3	
1207				    4.9	
1218				    5.6	
1229				    5.6	
1241				    5.6	
1251				    5.6	
1262				    5.6	
1274				    5.6	
1285				    5.6	
1296				    5.6	
1307				    5.6	
1318				    5.6	
1330				    5.6	
1341				    7.4
1352				    7.3
1364				    7.1
1375				    7.1
1386				    7.1
1397				    7.1
1408				    6.8
1419				    6.8
1430				    6.8
1441				    6.8
1452				    6.8
1463				    6.8
1474				    7.9
1487				    7.9
1498				    7.9
1509				    7.6
1520				    6.9
1532				    7.5
1543				    7.5
1554				    7.5
1566				    7.5
1576				    7.5
1587				    7.5
1598				    7.5
1610				    11.1
1621				    11.4
1632				    10.9
1643				    10.9
1654				    10.5
1665				    10.5
1677				    10.5
1687				    9.2
1699				    9.2
1710				    9.2
1721				    9.2
1732				    9.2
1743				    9.2
1755				    9.2
1766				    7.7
1777				    7.1
1788				    7.3
1799				    7.3
1810				    7.2
1821				    7.2
1832				    7.2
1844				    7.2
1855				    7.2
1866				    7.2
1877				    7.2
1888				    9.8
1899				    10.7
1911				    10.7
1922				    10.9
1933				    11.2
1944				    11.2
1955				    11.4
1966				    11.4
1978				    11.4
1989				    11.4
2000				    11.1
2011				    11.1
2022				    11.1
2033				    11.1
2045				    11.1
2055				    9.3
2067				    7.8
2078				    7.7
2089				    7.7
2100				    7.7
2111				    7.7
2122				    7.7
2133				    7.7
2144				    7.5
2155				    7.5
2167				    7.5
2178				    7.5
2189				    7.5
2200				    8.0
2211				    9.1
2222				    9.3
2233				    9.7
