3160				    49.131
3170				    49.131
3179				    49.131
3189				    49.131
3199				    45.609
3208				    46.257
3218				    47.857
3228				    47.857
3237				    47.857
3247				    47.76
3256				    47.44
3266				    49.143
3275				    55.121
3285				    53.364
3294				    53.364
3304				    53.434
3313				    54.773
3323				    54.931
3332				    54.204
3342				    54.558
3351				    56.556
3361				    58.708
3370				    58.708
3379				    67.355
3389				    68.822
3399				    70.597
3408				    74.621
3418				    76.196
3428				    84.25
3437				    84.959
3447				    89.948
3456				    90.827
3466				    89.979
3475				    92.205
3485				    93.079
3494				    93.079
3504				    100.566
3513				    100.566
3523				    120.672
3532				    117.863
3542				    118.257
3552				    118.483
3561				    119.395
3571				    118.47
3580				    118.377
3590				    118.377
3599				    123.803
3609				    120.518
3618				    120.518
3628				    109.757
3637				    104.676
3647				    111.997
3657				    111.997
3666				    114.115
3675				    127.865
3685				    123.012
3695				    124.351
3704				    131.933
3714				    138.709
3723				    138.709
3733				    132.505
3742				    131.88
3752				    130.996
3762				    131.149
3771				    131.945
3781				    135.056
3790				    135.056
3800				    134.206
3809				    134.206
3819				    134.206
3828				    139.375
3838				    138.166
3847				    134.59
3856				    134.59
3866				    134.341
3875				    138.326
3885				    138.961
3894				    139.309
3904				    139.309
3913				    144.509
3923				    143.917
3933				    144.571
3942				    139.722
3952				    135.839
3962				    134.901
3971				    132.512
3981				    125.913
3990				    125.913
4000				    124.883
4009				    122.296
4018				    108.988
4028				    108.988
4037				    108.988
4047				    99.566
4056				    88.602
4066				    88.602
4076				    89.127
4085				    90.026
4095				    90.185
4104				    91.097
4114				    92.309
4123				    95.81
4133				    99.855
4142				    100.343
4152				    100.343
4161				    101.228
4171				    101.944
4180				    101.921
4190				    102.655
4200				    102.655
4209				    106.924
4219				    108.912
4228				    108.912
4238				    108.912
4247				    112.182
4256				    100.214
4266				    99.506
4276				    99.673
4285				    99.673
4294				    103.147
4304				    108.106
4314				    108.106
