5856				    2.6	
5868				    2.6	
5879				    2.6	
5890				    3.2	
5901				    5.3	
5912				    5.3	
5924				    5.3	
5935				    5.8	
5946				    9.8	
5957				    9.8	
5968				    10.9	
5979				    14.5	
5991				    17.7	
6002				    18.5	
6013				    20.7	
6025				    24.7	
6036				    28.9	
6047				    34.1	
6058				    40.6	
6069				    40.6	
6080				    40.6	
6092				    31.6	
6103				    31.6	
6114				    43.6	
6126				    43.1	
6137				    47.2
6148				    69.1
6159				    67.8
6170				    58.7
6181				    52.0
6192				    48.3
6203				    45.1
6215				    36.6
6226				    31.4
6238				    29.7
6249				    28.1
6260				    26.1
6271				    24.2
6282				    22.9
6293				    22.9
6305				    22.9
6316				    21.1
6327				    20.3
6338				    19.0
6350				    18.2
6361				    17.8
6372				    16.8
6384				    16.3
6395				    4.0
6406				    2.4
6417				    1.8
6428				    1
