3987				    240.082
3998				    240.082
4009				    240.082
4021				    240.082
4032				    240.082
4043				    240.082
4055				    240.082
4066				    240.082
4078				    132.369
4089				    132.369
4101				    132.369
4112				    132.369
4123				    132.369
4135				    123.567
4146				    79.216
4158				    74.853
4169				    74.853
4180				    74.853
4191				    74.853
4203				    74.853
4214				    74.853
4225				    74.853
4237				    87.36
4248				    98.242
4260				    104.817
4271				    104.817
4283				    104.817
4295				    104.817
4306				    104.817
4317				    89.376
4329				    86.006
4340				    92.908
4352				    92.427
4363				    92.427
4374				    92.427
4386				    92.427
4397				    92.427
4409				    92.427
4420				    101.986
4433				    101.986
4444				    99.166
4456				    99.166
4467				    99.166
4478				    99.166
4490				    99.166
4501				    99.166
4512				    99.166
4524				    99.166
4535				    106.497
4547				    128.293
4558				    136.434
4569				    145.969
4581				    145.969
4592				    148.091
4604				    164.416
4615				    174.093
4627				    179.542
4638				    179.542
4649				    179.542
4661				    179.542
4672				    186.24
4684				    154.636
4695				    152.485
4706				    162.096
4718				    168.966
4729				    172.857
4740				    174.943
4752				    180.152
4763				    183.103
