2728				    38.001
2739				    38.001
2750				    38.001
2761				    37.24
2772				    40.533
2783				    41.389
2794				    41.389
2805				    36.328
2816				    37.446
2827				    37.446
2839				    36.959
2850				    41.658
2861				    42.677
2872				    40.768
2884				    38.585
2895				    42.582
2906				    40.915
2917				    39.043
2929				    39.971
2940				    44.227
2951				    50.591
2962				    40.947
2973				    37.984
2984				    37.793
2995				    42.471
3006				    39.832
3017				    38.244
3029				    41.915
3040				    40.121
3052				    41.51
3063				    37.112
3074				    37.831
3085				    40.135
3096				    42.178
3107				    40.102
3118				    40.517
3130				    43.552
3141				    44.375
3152				    41.056
3163				    39.76
3174				    38.868
