4114				    249.531
4125				    249.531
4136				    249.531
4148				    249.531
4159				    249.531
4170				    249.531
4182				    249.531
4193				    249.531
4204				    249.531
4216				    249.531
4227				    147.911
4238				    147.911
4250				    147.911
4261				    147.911
4272				    147.911
4284				    147.911
4295				    147.911
4307				    147.911
4318				    147.911
4329				    147.911
4340				    147.911
4351				    145.719
4362				    143.265
4374				    146.024
4385				    147.383
4396				    147.383
4408				    147.383
4419				    147.383
4430				    147.383
4441				    147.383
4452				    147.383
4464				    147.383
4475				    124.937
4486				    114.566
4497				    118.426
4508				    118.622
4520				    118.622
4531				    118.622
4542				    118.622
4553				    118.622
4565				    118.622
4576				    118.622
4587				    118.622
4598				    118.622
4610				    118.622
4621				    118.622
4632				    118.622
4644				    118.622
4655				    118.622
4666				    118.622
4677				    138.866
4688				    161.714
4700				    161.714
4711				    161.714
4722				    172.734
4733				    213.706
4744				    249.074
4756				    259.862
4767				    263.579
4778				    263.579
4789				    275.473
4801				    275.473
4812				    275.473
4823				    275.473
4834				    275.473
4846				    275.473
4857				    275.473
4868				    275.473
4879				    275.473
4890				    275.473
4900				    275.473
4912				    275.473
4922				    275.473
4934				    275.473
4944				    275.473
4956				    276.759
4967				    280.812
4978				    280.812
4989				    280.812
5000				    280.812
5011				    280.812
5022				    288.809
5033				    304.043
5044				    344.503
5055				    323.08
5066				    321.847
5078				    325.644
5089				    329.858
5101				    326.141
5111				    326.141
5122				    326.141
5133				    326.141
5144				    51.107
5155				    56.145
5166				    57.679
5177				    57.679
5188				    57.679
5199				    57.679
5210				    57.679
5221				    77.919
5232				    75.756
5243				    75.756
5254				    75.756
5266				    75.756
5276				    75.756
5287				    74.636
5298				    74.674
5309				    74.674
5320				    74.674
5331				    74.674
5343				    104.303
5354				    116.004
5365				    127.41
5376				    142.1
5388				    160.022
5399				    161.656
5410				    161.656
5422				    161.656
5433				    161.656
5444				    167.924
5456				    207.807
5467				    223.608
5478				    223.608
5489				    223.608
5500				    223.608
5512				    223.608
5523				    223.608
5535				    223.608
5546				    223.608
5557				    223.608
5568				    223.608
5580				    223.608
5591				    292.138
5602				    292.138
5614				    292.138
5625				    292.138
5636				    292.138
5647				    292.138
5659				    292.138
5670				    292.138
5681				    292.138
5692				    292.138
5704				    292.138
5715				    292.138
5726				    292.138
5738				    335.338
5749				    335.338
5760				    335.338
5772				    402.236
5783				    403.573
5794				    405.483
5806				    412.313
5818				    375.548
5829				    375.548
5840				    375.548
5852				    375.548
5863				    377.961
5875				    377.961
5886				    377.961
5898				    377.961
5909				    377.961
5920				    377.961
5932				    357.284
5943				    225.087
5954				    180.011
5966				    164.408
5977				    162.979
5989				    163.477
6000				    152.047
6011				    82.491
6023				    68.813
6034				    68.813
6045				    68.813
6057				    68.813
6068				    73.08
6079				    91.34
6091				    91.34
6102				    91.34
6113				    91.34
6124				    102.686
6135				    115.317
6147				    124.486
