7078				    6.851
7089				    44.107
7101				    3.753
7112				    44.107
7123				    2.559
7134				    44.107
7145				    0.99
7157				    44.107
7168				    0.463
7179				    44.107
7190				    2.037
7201				    44.107
7212				    2.227
7224				    44.107
7235				    0.491
7246				    44.107
7258				    2.679
7269				    44.107
7280				    3.14
7291				    44.107
7303				    1.601
7314				    21.443
7326				    1.061
7337				    17.147
7349				    1.065
7360				    17.147
7371				    0.535
7383				    17.147
7394				    1.431
7405				    17.147
7416				    0.862
7428				    17.147
7439				    1.169
7450				    17.147
7461				    0.545
7472				    17.147
7483				    1.857
7495				    17.147
7506				    3
7517				    17.147
7528				    3.212
7540				    17.147
7551				    2.03
7562				    1.961
7573				    0.878
7584				    1.961
7595				    0.915
7607				    1.961
7618				    0.924
7629				    1.961
7640				    1.153
7651				    1.961
7662				    2.807
7673				    1.961
7685				    0.541
7696				    1.961
7707				    2.014
7718				    1.961
7729				    1.686
7740				    1.961
7751				    3.186
7763				    0.377
7774				    0.377
7785				    4.565
7796				    8.455
7808				    8.892
7818				    2.277
7830				    3.958
7841				    2.36
7852				    0.88
7863				    1.827
7874				    2.062
7886				    3.206
7897				    2.052
				    2.138
				    1.91
				    4.765
				    1.981
				    2.464
				    2.874
				    2.006
				    1.602
				    2.02
				    2.086
				    2.674
				    1.069
				    1.437
				    1.71
				    1.793
				    2.035
				    2.407
				    1.122
				    1.446
				    2.527
				    0.601
				    1.597
				    1.82
				    1.613
				    1.068
				    2.404
				    2.536
				    1.631
				    2.126
				    1.614
				    1.204
