0				    10
11				    10
21				    10
32				    10
43				    10
54				    14
65				    20
76				    20
86				    20
97				    20
108				    20
119				    36
130				    37
141				    40
153				    40
164				    40
175				    43
186				    50
197				    50
208				    67
219				    67
230				    70
241				    78
252				    84
263				    84
274				    86
285				    86
296				    102
307				    104
318				    104
329				    105
339				    105
350				    105
361				    105
371				    105
382				    106
393				    106
403				    106
414				    107
425				    107
436				    107
447				    107
457				    108
468				    108
479				    109
489				    109
500				    109
511				    109
522				    110
533				    110
544				    110
554				    111
565				    111
576				    111
586				    112
597				    112
608				    112
619				    113
630				    113
640				    113
651				    113
662				    113
672				    114
683				    114
694				    114
704				    115
715				    115
726				    115
736				    115
747				    115
758				    116
769				    116
779				    116
790				    116
801				    116
812				    117
822				    117
833				    117
844				    117
855				    117
866				    118
877				    118
888				    118
899				    118
910				    119
921				    119
932				    119
943				    119
954				    119
965				    119
976				    120
987				    120
998				    120
1009				    120
1020				    121
1031				    121
1042				    121
1053				    121
1064				    121
1075				    122
1086				    122
1097				    122
1108				    122
1119				    122
1130				    122
1141				    123
1152				    123
1163				    123
1174				    123
1185				    124
1196				    124
1207				    124
1218				    124
1229				    125
1240				    125
1251				    125
1262				    125
1273				    125
1284				    126
1295				    126
1306				    126
1318				    126
1329				    127
1340				    127
1351				    127
1362				    127
1373				    127
1384				    128
1395				    129
1406				    129
1417				    130
1429				    131
1440				    131
1451				    132
1462				    132
1473				    132
1484				    133
1494				    133
1503				    134
1511				    134
1519				    134
1528				    134
1536				    134
1544				    135
1552				    135
1560				    135
1568				    136
1576				    137
1584				    137
1593				    137
1601				    137
1609				    137
1617				    138
1626				    139
1634				    139
1642				    140
1650				    140
1659				    140
1667				    140
1675				    140
1684				    141
1692				    141
1700				    141
1709				    141
1717				    141
1725				    141
1733				    141
1742				    142
1750				    142
1758				    142
1766				    142
1774				    143
1782				    144
1790				    144
1798				    144
1807				    145
1815				    145
1823				    145
1832				    145
1840				    146
1848				    147
1856				    147
1865				    147
1873				    147
1881				    147
1889				    147
1897				    147
1905				    148
1913				    148
1922				    148
1930				    148
1938				    148
1946				    148
1955				    148
1963				    148
1971				    148
1979				    148
1988				    148
1996				    149
2004				    149
2012				    149
2020				    150
2028				    150
2037				    151
2047				    151
2057				    152
2067				    153
2077				    153
2087				    153
2098				    154
2108				    154
2118				    154
2128				    155
2138				    155
2149				    155
2159				    155
2169				    155
2179				    155
2189				    155
2200				    155
2210				    155
2220				    155
2230				    155
2240				    155
2250				    155
2260				    156
2271				    156
2281				    157
2291				    157
2301				    158
2311				    158
2321				    159
2332				    159
2342				    160
2352				    161
2362				    161
2372				    162
2383				    162
2393				    162
2403				    162
2413				    162
2424				    162
2434				    163
2444				    163
2454				    163
2465				    163
2475				    163
2485				    163
2495				    163
2506				    163
2516				    164
2526				    164
2537				    165
2547				    165
2557				    166
2567				    166
2577				    167
2588				    167
2598				    168
2608				    169
2618				    169
2628				    170
2638				    170
2649				    170
2659				    171
2669				    171
2679				    171
2689				    171
2700				    171
2710				    171
2720				    171
2730				    171
2740				    171
2751				    171
2761				    171
2771				    171
2781				    171
2792				    171
2802				    172
2812				    172
2822				    172
2832				    172
2842				    172
2852				    173
2863				    173
2873				    173
2884				    174
2894				    174
2904				    174
2914				    175
2925				    175
2935				    175
2945				    175
2955				    175
2966				    176
2976				    176
2986				    177
2996				    177
3006				    178
3016				    178
3027				    178
3037				    179
3047				    179
3057				    179
3067				    179
3078				    179
3088				    179
3098				    179
3108				    179
3119				    179
3129				    179
3139				    179
3149				    179
3159				    179
3169				    179
3180				    179
3190				    179
3200				    179
3210				    179
3220				    179
3231				    179
3241				    179
3251				    180
3261				    180
3271				    180
3281				    180
3291				    180
3301				    181
3311				    181
3322				    181
3332				    181
3342				    182
3352				    182
3362				    182
3372				    182
3382				    182
3393				    184
3404				    184
3415				    184
3426				    184
3437				    185
3448				    185
3459				    185
3470				    186
3481				    186
3492				    186
3503				    186
3514				    187
3525				    187
3536				    187
3547				    187
3558				    188
3569				    188
3580				    188
3592				    189
3602				    189
3614				    190
3624				    190
3636				    190
3646				    191
3657				    191
3668				    191
3679				    191
3690				    192
3701				    192
3712				    192
3723				    193
3734				    193
3745				    193
3756				    193
3767				    194
3778				    194
3789				    194
3800				    196
3811				    196
3823				    196
3834				    196
3845				    197
3856				    197
3867				    198
3878				    198
3889				    198
3900				    198
3912				    199
3922				    199
3933				    199
3944				    200
3955				    200
3966				    201
3977				    201
3988				    201
3999				    201
4010				    202
4022				    203
4033				    203
4044				    203
4055				    203
4066				    204
4077				    204
4088				    205
4099				    205
4110				    205
4122				    206
4133				    206
4144				    206
4155				    207
4166				    207
4177				    207
4188				    208
4199				    208
4210				    208
4221				    208
4232				    208
4243				    209
4254				    209
4266				    209
4276				    210
4288				    210
4299				    211
4310				    211
4321				    212
4332				    212
4343				    212
4354				    212
4365				    213
4376				    213
4387				    213
4398				    214
4409				    214
4420				    214
4432				    215
4443				    215
4454				    215
4465				    216
4476				    216
4487				    217
4498				    217
4509				    217
4520				    218
4531				    218
4542				    218
4553				    218
4564				    218
4575				    218
4586				    218
4597				    219
4608				    220
4620				    220
4631				    220
4642				    220
4653				    221
4664				    221
4675				    221
4686				    221
4697				    222
4708				    222
4719				    223
4730				    223
4741				    224
4753				    224
4764				    224
4775				    225
4786				    225
4797				    225
4808				    225
4819				    225
4830				    226
4841				    227
4852				    227
4863				    227
4874				    228
4885				    228
4897				    229
4908				    229
4919				    229
4930				    229
4941				    229
4952				    229
4963				    229
4974				    230
4985				    230
4996				    230
5008				    230
5019				    230
5030				    231
5041				    231
5052				    232
5063				    232
5074				    232
5085				    233
5096				    233
5107				    233
5118				    234
5129				    234
5140				    235
5151				    235
5162				    235
5173				    236
5185				    236
5196				    236
5207				    238
5218				    238
5229				    239
5240				    240
5252				    241
5263				    241
5274				    241
5285				    241
5296				    242
5307				    242
5318				    243
5329				    243
5340				    243
5352				    245
5363				    245
5374				    246
5385				    246
5396				    247
5407				    248
5418				    248
5429				    248
5440				    249
5451				    251
5463				    251
5474				    251
5485				    252
5496				    252
5506				    253
5517				    253
5528				    253
5539				    253
5551				    253
5562				    254
5573				    254
5584				    255
5595				    255
5606				    256
5617				    256
5628				    257
5639				    258
5650				    258
5661				    259
5672				    260
5684				    260
5695				    260
5706				    262
5717				    262
5728				    262
5739				    263
5750				    264
5761				    265
5772				    265
5783				    265
5794				    265
5806				    265
5817				    265
5828				    265
5839				    265
5850				    265
5861				    266
5872				    267
5883				    267
5894				    267
5905				    268
5916				    268
5927				    269
5938				    270
5949				    270
5960				    270
5971				    270
5983				    271
5994				    272
6005				    272
6016				    272
6027				    274
6038				    275
6049				    275
6060				    276
6071				    276
6082				    277
6093				    277
6104				    278
6115				    278
6126				    279
6138				    279
6148				    279
6159				    279
6170				    279
6182				    280
6192				    280
6203				    282
6214				    282
6226				    282
6237				    282
6248				    284
6260				    285
6270				    285
6282				    287
6292				    287
6303				    287
6315				    287
6326				    289
6337				    289
6348				    289
6359				    291
6370				    291
6380				    292
6391				    292
6402				    292
6413				    292
6424				    293
6436				    293
6447				    293
6458				    294
6469				    294
6480				    295
6490				    295
6501				    296
6513				    297
6524				    298
6534				    298
6545				    299
6556				    299
6568				    299
6579				    302
6590				    302
6601				    302
6612				    303
6622				    303
6633				    304
6645				    305
6656				    305
6667				    306
6678				    307
6689				    307
6700				    307
6711				    307
6722				    307
6733				    307
6744				    307
6755				    308
6766				    309
6777				    309
6788				    311
6799				    311
6810				    312
6821				    312
6832				    312
6844				    313
6855				    313
6866				    314
6877				    314
6888				    315
6899				    316
6910				    316
6921				    316
6932				    316
6943				    317
6954				    318
6965				    318
6976				    319
6987				    319
6998				    319
7009				    319
7020				    320
7031				    320
7043				    320
7054				    321
7065				    322
7076				    322
7087				    322
7098				    322
7109				    322
7120				    323
7132				    323
7142				    323
7154				    323
7165				    323
7176				    323
7187				    323
7198				    323
7209				    323
7220				    324
7231				    324
7242				    324
7253				    325
7264				    325
7275				    325
7286				    326
7298				    326
7309				    326
7321				    326
7332				    327
7343				    327
7354				    328
7365				    328
7376				    328
7387				    328
7398				    329
7409				    329
7420				    329
7431				    330
7442				    330
7453				    330
7464				    331
7475				    331
7486				    331
7497				    332
7508				    332
7520				    333
7531				    333
7542				    333
7553				    334
7564				    334
7575				    334
7586				    334
7597				    334
7609				    335
7620				    335
7631				    336
7642				    336
7653				    336
7664				    337
7675				    337
7686				    338
7697				    338
7708				    338
7719				    338
7731				    338
7742				    338
7753				    339
7764				    339
7775				    339
7786				    339
7797				    339
7808				    339
7820				    339
7831				    339
7842				    340
7853				    340
7864				    340
7875				    340
7886				    341
7897				    341
7909				    341
7920				    341
7931				    342
7942				    343
7953				    343
7964				    343
7975				    344
7986				    344
7997				    344
8008				    344
8019				    345
8030				    345
8041				    346
8052				    346
8063				    347
8074				    347
8085				    347
8096				    347
8107				    347
8118				    349
8129				    349
8140				    349
8151				    349
8162				    350
8173				    350
8184				    350
8196				    350
8207				    351
8218				    351
8229				    351
8240				    352
8251				    352
8262				    353
8273				    353
8284				    353
8295				    354
8306				    354
8317				    354
8328				    355
8339				    355
8350				    355
8361				    355
8372				    355
8383				    355
8394				    356
8405				    356
8416				    356
8427				    356
8438				    356
8450				    356
8461				    356
8472				    356
8483				    356
8495				    357
8506				    357
8517				    357
8528				    357
8539				    358
8550				    358
8561				    359
8572				    359
8583				    359
8594				    360
8605				    360
8616				    360
8628				    361
8639				    361
8650				    361
8661				    361
8672				    361
8683				    362
8694				    362
8705				    362
8716				    363
8727				    363
8738				    363
8749				    364
8760				    364
8772				    364
8783				    364
8794				    364
8805				    365
8817				    365
8828				    365
8840				    365
8851				    366
8862				    366
8874				    366
8885				    367
8896				    367
8908				    367
8919				    367
8930				    367
8942				    368
8953				    368
8965				    368
8973				    368
8982				    368
8990				    368
8998				    369
9007				    368
9015				    366
9023				    366
9032				    364
9040				    364
9048				    363
9056				    362
9065				    361
9073				    360
9081				    359
9089				    359
9098				    359
9106				    357
9114				    355
9122				    354
9131				    354
9139				    349
9148				    349
9157				    346
9165				    345
9174				    345
9182				    345
9191				    343
9199				    343
9208				    343
9216				    343
9225				    342
9233				    341
9242				    341
9250				    341
9259				    338
9267				    334
9276				    331
9284				    330
9293				    328
9302				    328
9310				    324
9319				    323
9327				    323
9335				    323
9344				    320
9352				    320
9361				    316
9369				    316
9377				    314
9386				    313
9394				    310
9403				    309
9411				    307
9419				    307
9428				    303
9436				    301
9445				    301
9453				    301
9462				    294
9470				    294
9478				    294
9487				    290
9495				    284
9504				    281
9513				    281
9524				    278
9535				    277
9547				    275
9558				    271
9569				    265
9581				    265
9593				    251
9604				    251
9616				    251
9627				    242
9638				    242
9650				    235
9661				    231
9673				    231
9684				    230
9696				    230
9707				    230
9718				    230
9730				    227
9741				    219
9753				    216
9764				    206
9776				    206
9787				    199
9798				    193
9810				    186
9821				    186
9833				    185
9844				    180
9856				    177
9867				    177
9878				    159
9890				    155
9901				    155
9912				    145
9924				    141
9935				    141
9946				    141
9958				    141
9970				    127
9981				    125
9992				    121
10004				    114
10015				    114
10026				    110
10038				    180
10049				    180
10060				    180
10072				    180
10083				    180
10094				    180
10106				    180
10117				    180
10129				    181
10140				    181
10151				    181
10162				    182
10174				    182
10185				    182
10196				    182
10207				    182
10219				    183
10230				    183
10241				    183
10253				    184
10264				    184
10275				    184
10286				    184
10298				    184
10309				    185
10320				    185
10331				    185
10342				    185
10354				    186
10365				    186
10376				    186
10387				    186
10398				    187
10410				    187
10421				    187
10432				    188
10444				    188
10455				    188
10466				    188
10478				    188
10489				    189
10501				    189
10512				    189
10523				    189
10535				    190
10546				    190
10557				    190
10569				    190
10580				    191
10591				    191
10602				    191
10614				    191
10625				    191
10637				    192
10648				    192
10659				    192
10671				    192
10682				    193
10693				    193
10705				    193
10716				    193
10727				    193
10739				    194
10750				    194
10761				    194
10773				    194
10784				    194
10795				    195
10806				    195
10818				    195
10829				    195
10840				    195
10852				    195
10863				    195
10874				    195
10886				    195
10897				    196
10909				    196
10920				    196
10931				    196
10943				    196
10954				    196
10965				    196
10977				    196
10989				    197
11000				    197
11012				    197
11023				    197
11034				    197
11046				    197
11057				    198
11069				    198
11080				    198
11091				    198
11102				    198
11114				    199
11125				    199
11137				    199
11148				    199
11159				    199
11171				    199
11182				    200
11193				    200
11205				    200
11216				    200
11227				    200
11238				    200
11250				    200
11261				    200
11272				    200
11284				    200
11295				    200
11306				    200
11318				    200
11329				    200
11340				    201
11352				    201
11363				    201
11375				    201
11386				    201
11397				    202
11408				    202
11420				    202
11431				    202
11442				    202
11453				    202
11465				    202
11476				    203
11488				    203
11499				    203
11511				    203
11522				    203
11533				    203
11545				    204
11556				    204
11568				    204
11579				    204
11590				    204
11602				    204
11613				    205
11625				    205
11636				    205
11647				    205
11658				    205
11670				    205
11681				    205
11693				    205
11704				    205
11715				    205
11727				    205
11738				    205
11749				    205
11761				    205
11772				    205
11783				    205
11795				    205
11806				    206
11817				    206
11829				    206
11840				    206
11852				    206
11863				    206
11874				    207
11886				    207
11897				    207
11908				    207
11920				    207
11931				    207
11942				    207
11954				    208
11965				    208
11976				    208
11988				    208
11999				    208
12010				    208
12022				    208
12033				    209
12045				    209
12056				    209
12068				    209
12079				    209
12090				    209
12102				    210
12113				    210
12124				    210
12136				    210
12147				    210
12159				    210
12170				    210
12181				    210
12193				    210
12204				    210
12216				    210
12227				    210
12238				    210
12250				    210
12261				    210
12273				    210
12284				    210
12295				    210
12306				    211
12318				    211
12329				    211
12340				    211
12352				    211
12363				    211
12374				    211
12385				    212
12397				    212
12408				    212
12420				    212
12431				    212
12442				    212
12454				    212
12465				    212
12477				    212
12488				    213
12499				    213
12510				    213
12522				    213
12534				    213
12545				    213
12556				    213
12568				    213
12579				    213
12590				    213
12602				    213
12613				    213
12624				    213
12636				    214
12647				    214
12658				    214
12669				    214
12681				    214
12692				    214
12703				    214
12714				    214
12726				    214
12737				    214
12748				    214
12760				    214
12771				    214
12782				    214
12794				    214
12805				    214
12817				    214
12828				    214
12839				    214
12851				    214
12862				    214
12873				    214
12885				    214
12896				    214
12908				    214
12919				    214
12930				    215
12941				    215
12952				    215
12964				    215
12975				    215
12986				    215
12998				    215
13009				    215
13020				    215
13032				    215
13043				    215
13054				    215
13065				    215
13077				    215
13088				    216
13099				    216
13110				    216
13122				    216
13133				    216
13144				    216
13156				    216
13167				    216
13178				    216
13189				    216
13201				    216
13212				    216
13223				    216
13234				    216
13246				    216
13257				    216
13268				    217
13280				    217
13291				    217
13302				    217
13314				    217
13325				    217
13336				    217
13348				    217
13359				    217
13370				    217
13381				    217
13393				    217
13404				    217
13416				    217
13427				    217
13438				    204
13450				    195
13461				    195
13472				    194
13484				    184
13495				    181
13506				    177
13518				    176
13529				    168
13541				    167
13552				    167
13564				    167
13575				    167
13586				    167
13598				    167
13609				    167
13621				    166
13632				    165
13643				    162
13655				    162
13666				    145
13677				    145
13689				    138
13701				    125
13712				    125
13723				    151
13734				    151
13746				    151
13757				    151
13768				    151
13780				    152
13791				    152
13803				    152
13814				    152
13825				    152
13836				    152
13848				    152
13859				    152
13871				    152
13882				    152
13893				    153
13905				    153
13916				    153
13927				    154
13939				    154
13950				    154
13962				    154
13973				    155
13984				    155
13995				    155
14006				    156
14018				    156
14029				    156
14041				    156
14052				    156
14063				    156
14074				    156
14086				    156
14097				    156
14109				    157
14120				    157
14131				    157
14142				    157
14154				    158
14165				    158
14176				    158
14188				    158
14199				    159
14210				    159
14221				    160
14233				    160
14244				    160
14255				    160
14266				    160
14278				    160
14289				    160
14301				    160
14312				    161
14324				    161
14335				    161
14346				    161
14358				    161
14369				    162
14380				    162
14391				    162
14403				    163
14414				    163
14425				    163
14436				    163
14448				    164
14459				    164
14470				    164
14481				    164
14493				    165
14504				    165
14515				    165
14526				    165
14538				    166
14549				    166
14560				    166
14571				    166
14582				    166
14594				    166
14605				    166
14616				    167
14627				    167
14638				    167
14650				    167
14661				    167
14672				    168
14684				    168
14695				    168
14706				    168
14718				    168
14729				    168
14740				    168
14752				    168
14763				    168
14774				    169
14786				    169
14797				    169
14808				    169
14819				    169
14831				    169
14842				    169
14854				    170
14865				    170
14876				    170
14888				    170
14899				    170
14910				    170
14922				    171
14933				    171
14944				    171
14954				    171
14963				    171
14971				    171
14979				    171
14988				    171
14996				    171
15004				    171
15013				    171
15021				    171
15029				    171
15038				    172
15047				    172
15055				    172
15064				    172
15072				    172
15080				    172
15089				    172
15097				    172
15106				    172
15114				    172
15122				    172
15130				    172
15138				    173
15147				    173
15155				    173
15164				    173
15172				    173
15180				    173
15189				    173
15197				    173
15205				    173
15214				    173
15222				    173
15230				    173
15239				    174
15247				    174
15255				    174
15263				    174
15272				    174
15280				    174
15289				    174
15297				    174
15306				    174
15314				    174
15322				    174
15331				    174
15339				    174
15348				    174
15356				    174
15364				    174
15373				    174
15381				    174
15390				    174
15398				    175
15406				    175
15415				    175
15423				    175
15432				    175
15442				    175
15453				    175
15464				    175
15474				    175
15484				    175
15495				    175
15505				    175
15516				    176
15526				    176
15537				    176
15547				    176
15557				    176
15568				    176
15578				    176
15589				    176
15599				    177
15610				    177
15620				    177
15630				    177
15641				    177
15651				    177
15662				    177
15673				    177
15683				    177
15694				    177
15704				    177
15715				    177
15725				    177
15735				    177
15746				    177
15756				    177
15767				    177
15777				    177
15787				    177
15798				    177
15808				    177
15819				    177
15829				    178
15840				    178
15850				    178
15861				    178
15871				    178
15881				    178
15892				    178
15903				    178
15913				    178
15923				    178
15934				    179
15944				    179
15955				    179
15965				    179
15976				    179
15986				    179
15996				    179
16007				    179
16017				    179
16028				    179
16038				    179
16049				    179
16060				    180
16070				    180
16080				    180
16091				    180
16101				    180
16112				    180
16122				    180
16133				    180
16144				    180
16155				    180
16167				    180
16178				    180
16189				    180
16201				    180
16212				    180
16224				    180
16235				    180
16246				    180
16257				    180
16268				    180
16280				    180
16291				    180
16302				    180
16314				    180
16325				    180
16336				    181
16348				    181
16359				    181
16370				    181
16381				    181
16393				    181
16404				    181
16415				    181
16427				    181
16438				    181
16449				    181
16460				    181
16472				    182
16483				    182
16494				    182
16506				    182
16517				    182
16528				    182
16540				    182
16551				    182
16562				    182
16574				    182
16585				    182
16597				    182
16608				    182
16619				    182
16630				    182
16642				    182
16653				    182
16664				    182
16676				    182
16687				    182
16698				    182
16710				    182
16721				    182
16732				    182
16744				    182
16755				    182
16766				    183
16778				    183
16789				    183
16800				    183
16812				    183
16823				    183
16834				    183
16846				    183
16857				    183
16868				    183
16879				    183
16891				    183
16902				    183
16913				    183
16924				    183
16936				    183
16947				    183
16959				    183
16970				    183
16981				    183
16992				    183
17004				    183
17015				    183
17026				    183
17038				    183
17049				    183
17060				    183
17072				    183
17083				    183
17094				    183
17105				    183
17117				    183
17128				    183
17140				    183
17151				    183
17162				    183
17174				    183
17185				    183
17196				    183
17208				    183
17219				    184
17230				    184
17242				    184
17253				    184
17265				    184
17276				    184
17287				    184
17298				    184
17309				    184
17321				    184
17332				    184
17343				    184
17355				    184
17366				    184
17377				    184
17389				    184
17400				    184
17411				    184
17422				    184
17434				    184
17445				    184
17456				    184
17468				    184
17480				    184
17491				    184
17502				    184
17514				    184
17525				    184
17537				    184
17548				    184
17559				    184
17570				    184
17582				    184
17593				    184
17604				    184
17616				    184
17627				    184
17638				    184
17650				    184
17661				    184
17672				    184
17683				    184
17694				    184
17706				    184
17717				    184
17729				    184
17740				    184
17751				    184
17762				    184
17774				    184
17786				    184
17797				    184
17808				    184
17820				    184
17831				    184
17842				    184
17854				    184
17865				    184
17876				    184
17888				    184
17899				    184
17910				    184
17922				    184
17933				    184
17944				    184
17955				    184
17967				    184
17978				    184
17989				    184
18001				    184
18012				    184
18023				    184
18034				    184
18046				    184
18057				    184
18069				    184
18080				    184
18092				    184
18103				    184
18114				    184
18125				    184
18137				    184
18148				    184
18160				    184
18171				    184
18182				    184
18193				    184
18205				    184
18216				    184
18227				    184
18239				    184
18250				    184
18261				    184
18273				    184
18284				    184
18295				    184
18306				    184
18317				    184
18329				    184
18340				    184
18352				    184
18363				    184
18375				    184
18386				    184
18397				    184
18409				    184
18420				    184
18432				    184
18443				    184
18454				    184
18465				    184
18477				    184
18488				    184
18499				    184
18511				    184
18522				    184
18533				    184
18545				    184
18556				    184
18568				    184
18579				    184
18590				    184
18602				    184
18613				    184
18624				    184
18635				    184
18647				    184
18658				    184
18670				    184
18681				    184
18693				    184
18704				    184
18715				    184
18726				    184
18738				    184
18749				    184
18761				    184
18772				    184
18783				    184
18795				    184
18806				    184
18817				    184
18829				    184
18840				    184
18852				    184
18863				    184
18875				    184
18886				    184
18897				    184
18907				    184
18919				    184
18930				    184
18941				    184
18952				    184
18963				    184
18974				    184
18985				    184
18996				    184
19008				    184
19019				    184
19030				    184
19041				    184
19052				    184
19063				    184
19074				    184
19085				    184
19096				    184
19107				    184
19118				    184
19130				    184
19141				    184
19152				    184
19163				    184
19174				    184
19186				    184
19197				    184
19208				    184
19219				    184
19230				    184
19241				    184
19252				    184
19263				    184
19274				    184
19285				    184
19296				    184
19307				    184
19318				    184
19329				    184
19340				    184
19351				    184
19362				    184
19373				    184
19384				    184
19395				    185
19406				    185
19417				    185
19428				    185
19439				    185
19450				    185
19461				    185
19472				    185
19483				    185
19494				    185
19505				    185
19516				    185
19527				    185
19538				    185
19549				    185
19560				    185
19571				    185
19582				    185
19594				    185
19605				    185
19616				    185
19627				    185
19638				    185
19649				    185
19661				    185
19672				    185
19683				    185
19694				    185
19705				    185
19716				    185
19727				    185
19738				    185
19749				    185
19760				    185
19771				    185
19782				    185
19793				    185
19804				    185
19815				    185
19826				    185
19837				    186
19848				    186
19859				    186
19870				    186
19881				    186
19892				    186
19903				    186
19914				    186
19925				    186
19936				    186
19947				    186
19958				    186
19969				    186
19980				    186
19991				    186
20002				    186
20013				    186
20024				    186
20036				    186
20047				    186
20057				    186
20069				    186
20080				    186
20091				    186
20102				    186
20113				    186
20124				    186
20135				    186
20146				    186
20157				    186
20168				    186
20179				    186
20190				    187
20201				    187
20212				    187
20223				    187
20234				    187
20245				    187
20257				    187
20268				    187
20279				    187
20290				    187
20301				    187
20312				    187
20323				    187
20334				    187
20345				    187
20356				    188
20367				    188
20377				    188
20388				    188
20399				    188
20410				    188
20420				    188
20431				    188
20442				    188
20453				    188
20463				    188
20474				    188
20485				    188
20496				    188
20506				    188
20517				    188
20528				    188
20538				    188
20549				    188
20560				    188
20571				    188
20582				    188
20592				    188
20603				    188
20614				    188
20625				    188
20635				    189
20646				    189
20657				    189
20668				    189
20679				    189
20689				    189
20700				    189
20711				    189
20722				    189
20733				    189
20744				    189
20754				    189
20765				    189
20776				    190
20787				    190
20798				    190
20808				    190
20819				    190
20830				    190
20841				    190
20851				    190
20862				    190
20873				    191
20884				    191
20894				    191
20906				    191
20917				    191
20928				    191
20938				    191
20949				    191
20960				    191
20972				    191
20983				    191
20994				    191
21005				    191
21016				    191
21027				    191
21038				    191
21049				    191
21059				    191
21070				    191
21081				    191
21092				    192
21103				    192
21114				    192
21125				    192
21136				    192
21147				    192
21158				    193
21169				    193
21180				    193
21190				    193
21201				    194
21212				    194
21223				    194
21234				    194
21244				    194
21255				    194
21266				    194
21277				    194
21288				    194
21298				    194
21309				    194
21320				    194
21331				    195
21342				    195
21353				    195
21364				    195
21375				    196
21386				    196
21397				    196
21408				    196
21419				    196
21429				    197
21440				    197
21451				    197
21462				    197
21473				    197
21484				    197
21495				    197
21506				    197
21517				    197
21528				    197
21539				    198
21549				    198
21560				    198
21571				    198
21582				    198
21593				    198
21604				    199
21615				    199
21626				    199
21636				    199
21647				    200
21658				    200
21669				    200
21680				    200
21691				    200
21702				    200
21713				    200
21724				    201
21735				    201
21746				    201
21757				    201
21768				    201
21778				    201
21789				    201
21800				    201
21811				    202
21822				    202
21832				    202
21843				    202
21854				    202
21865				    203
21876				    203
21886				    204
21898				    204
21908				    204
21919				    204
21930				    204
21941				    204
21952				    204
21963				    205
21974				    205
21984				    205
21995				    205
22006				    206
22017				    206
22028				    207
22039				    207
22050				    207
22060				    207
22071				    207
22082				    208
22093				    208
22104				    208
22114				    208
22126				    208
22136				    208
22147				    208
22158				    209
22169				    209
22180				    209
22191				    210
22202				    210
22212				    210
22223				    210
22234				    210
22245				    210
22256				    210
22267				    211
22278				    211
22289				    211
22299				    212
22310				    212
22321				    212
22332				    212
22342				    212
22353				    213
22364				    213
22375				    213
22386				    213
22397				    214
22408				    214
22418				    214
22429				    214
22440				    215
22451				    215
22462				    215
22473				    215
22484				    215
22494				    215
22505				    216
22516				    216
22527				    216
22538				    217
22549				    217
22560				    217
22571				    217
22582				    217
22593				    218
22604				    218
22614				    218
22625				    218
22636				    218
22647				    219
22658				    219
22668				    220
22679				    220
22690				    220
22701				    220
22711				    221
22722				    221
22733				    221
22744				    221
22755				    221
22766				    221
22777				    221
22787				    222
22798				    222
22809				    223
22820				    223
22831				    223
22841				    223
22852				    223
22863				    224
22874				    224
22885				    224
22896				    225
22907				    225
22917				    225
22928				    225
22939				    226
22950				    226
22961				    226
22972				    226
22983				    226
22994				    226
23005				    227
23016				    227
23026				    227
23037				    227
23048				    227
23059				    227
23070				    227
23081				    227
23092				    227
23103				    227
23114				    227
23125				    228
23136				    229
23147				    229
23158				    229
23169				    229
23180				    229
23191				    229
23201				    230
23212				    231
23223				    231
23234				    231
23245				    231
23256				    231
23267				    232
23278				    233
23289				    233
23299				    233
23310				    233
23321				    234
23332				    234
23343				    234
23354				    234
23365				    235
23375				    235
23386				    235
23397				    236
23408				    236
23419				    236
23430				    236
23441				    236
23452				    236
23463				    236
23474				    236
23484				    237
23495				    237
23506				    237
23517				    237
23529				    237
23540				    237
23550				    237
23561				    237
23572				    237
23583				    237
23594				    237
23605				    237
23616				    237
23626				    237
23637				    237
23649				    237
23660				    237
23671				    238
23681				    238
23692				    238
23703				    239
23714				    239
23725				    239
23736				    240
23747				    241
23757				    241
23768				    242
23779				    242
23790				    243
23801				    244
23812				    244
23822				    244
23833				    244
23844				    244
23855				    245
23866				    246
23877				    247
23887				    247
23898				    248
23909				    248
23920				    248
23931				    249
23942				    249
23953				    249
23963				    250
23974				    251
23985				    251
23996				    251
24007				    252
24018				    252
24028				    252
24039				    253
24050				    253
24061				    253
24072				    254
24083				    254
24094				    254
24105				    254
24115				    254
24127				    254
24138				    255
24149				    255
24160				    255
24170				    255
24181				    255
24192				    255
24203				    255
24214				    255
24225				    255
24236				    255
24247				    255
24258				    255
24268				    255
24279				    255
24290				    256
24300				    256
24311				    256
24322				    256
24333				    256
24344				    256
24355				    257
24366				    257
24376				    257
24387				    258
24398				    259
24409				    259
24420				    261
24431				    261
24442				    261
24453				    262
24463				    263
24474				    264
24485				    265
24496				    266
24507				    267
24518				    268
24528				    268
24539				    268
24550				    269
24561				    270
24572				    271
24583				    271
24594				    272
24605				    273
24616				    273
24627				    273
24638				    275
24649				    275
24659				    276
24670				    276
24681				    277
24692				    277
24703				    277
24713				    278
24724				    280
24735				    280
24746				    280
24757				    280
24767				    280
24778				    280
24789				    281
24800				    281
24811				    281
24821				    281
24832				    281
24843				    282
24854				    282
24865				    282
24876				    282
24887				    282
24898				    282
24908				    282
24919				    282
24930				    282
24941				    282
24952				    282
24962				    282
24973				    282
24984				    282
24995				    282
25006				    283
25017				    283
25028				    283
25038				    283
25049				    283
25060				    285
25071				    283
25082				    282
25092				    276
25103				    269
25114				    269
25125				    269
25136				    259
25147				    259
25158				    253
25169				    249
25180				    249
25191				    241
25202				    236
25212				    236
25223				    236
25234				    231
25245				    224
25256				    220
25267				    220
25278				    213
25289				    213
25300				    213
25311				    213
25321				    207
25332				    207
25343				    207
25354				    207
25365				    199
25376				    199
25387				    199
25398				    184
25409				    174
25420				    174
25430				    160
25441				    148
25452				    148
25463				    143
25474				    143
25485				    143
25496				    143
25507				    119
25518				    119
25528				    91
25539				    91
25550				    91
25561				    91
25572				    87
25583				    79
25594				    79
25605				    66
25615				    66
25626				    55
25637				    139
25648				    139
25660				    139
25670				    139
25681				    139
25692				    139
25703				    139
25713				    140
25724				    140
25735				    140
25746				    140
25757				    141
25767				    141
25778				    141
25789				    141
25799				    141
25810				    141
25821				    142
25832				    142
25843				    142
25854				    143
25865				    143
25876				    143
25887				    143
25897				    144
25908				    144
25920				    144
25930				    144
25941				    144
25952				    144
25963				    145
25974				    145
25984				    145
25995				    145
26006				    145
26017				    145
26027				    145
26038				    146
26049				    146
26060				    146
26071				    146
26082				    147
26093				    147
26103				    147
26114				    147
26125				    147
26136				    147
26147				    147
26158				    148
26169				    148
26180				    148
26191				    148
26201				    148
26212				    148
26223				    149
26234				    149
26245				    149
26256				    149
26266				    150
26278				    150
26289				    150
26299				    150
26310				    150
26321				    150
26332				    150
26344				    151
26354				    151
26365				    151
26376				    151
26387				    151
26398				    151
26408				    152
26419				    152
26430				    152
26441				    152
26452				    152
26463				    152
26474				    152
26484				    152
26495				    152
26506				    153
26517				    153
26528				    153
26539				    153
26549				    153
26560				    154
26571				    154
26582				    154
26593				    154
26604				    154
26614				    154
26626				    155
26636				    155
26647				    155
26658				    155
26669				    155
26680				    155
26691				    155
26702				    155
26714				    155
26724				    155
26735				    155
26746				    155
26756				    155
26767				    155
26778				    155
26789				    155
26800				    156
26811				    156
26822				    156
26832				    156
26843				    156
26854				    156
26865				    156
26876				    157
26886				    157
26897				    157
26908				    157
26919				    157
26930				    157
26941				    157
26951				    158
26962				    158
26973				    158
26984				    158
26995				    158
27006				    158
27016				    158
27027				    158
27038				    158
27049				    158
27060				    158
27071				    158
27082				    158
27092				    158
27103				    158
27114				    158
27125				    158
27136				    158
27147				    158
27158				    158
27169				    158
27179				    158
27190				    158
27201				    158
27213				    158
27224				    158
27234				    158
27245				    158
27256				    158
27267				    158
27278				    158
27288				    158
27300				    158
27310				    158
27321				    158
27332				    158
27343				    158
27354				    158
27365				    159
27375				    159
27386				    159
27397				    159
27408				    159
27419				    159
27430				    159
27441				    159
27452				    159
27463				    159
27473				    159
27484				    159
27495				    159
27506				    160
27517				    160
27529				    160
27539				    160
27550				    160
27561				    161
27572				    161
27583				    161
27594				    161
27605				    161
27616				    161
27627				    162
27638				    162
27649				    162
27659				    162
27670				    162
27681				    162
27692				    162
27703				    162
27714				    162
27724				    162
27735				    163
27746				    163
27757				    163
27768				    163
27778				    163
27789				    163
27800				    163
27811				    163
27822				    163
27833				    163
27843				    163
27854				    163
27865				    163
27876				    163
27887				    163
27898				    163
27909				    163
27920				    163
27930				    163
27941				    163
27952				    163
27963				    163
27974				    163
27985				    163
27996				    163
28006				    163
28017				    163
28028				    164
28039				    164
28050				    164
28061				    164
28072				    164
28082				    164
28093				    164
28104				    164
28115				    164
28126				    165
28137				    165
28147				    165
28158				    165
28169				    165
28180				    165
28191				    165
28202				    165
28213				    165
28224				    165
28234				    162
28245				    158
28256				    158
28267				    158
28278				    151
28288				    151
28299				    151
28310				    148
28321				    146
28332				    145
28342				    143
28353				    141
28364				    141
28375				    138
28386				    135
28397				    135
28407				    131
28418				    127
28429				    127
28440				    123
28451				    121
28462				    121
28473				    118
28484				    118
28494				    117
28505				    108
28516				    104
28527				    104
28538				    104
28549				    101
28561				    97
28572				    97
28583				    94
28593				    94
28604				    83
28615				    115
28626				    115
28637				    115
28648				    115
28659				    115
28670				    115
28681				    115
28691				    116
28703				    116
28714				    116
28725				    116
28735				    116
28746				    116
28757				    116
28768				    117
28779				    117
28790				    117
28800				    117
28811				    117
28822				    117
28833				    118
28844				    118
28855				    118
28865				    118
28877				    118
28888				    118
28898				    118
28909				    119
28920				    119
28931				    119
28942				    119
28953				    119
28964				    119
28975				    120
28986				    120
28997				    120
29008				    120
29018				    120
29029				    120
29040				    120
29051				    120
29062				    121
29073				    121
29083				    121
29094				    121
29105				    121
29116				    121
29127				    121
29138				    122
29149				    122
29160				    122
29171				    122
29182				    123
29193				    123
29204				    123
29215				    123
29226				    123
29237				    124
29248				    124
29259				    124
29270				    124
29281				    124
29292				    124
29303				    124
29314				    124
29326				    124
29336				    125
29347				    125
29358				    125
29370				    126
29380				    126
29391				    126
29402				    126
29413				    126
29424				    126
29435				    126
29446				    127
29456				    127
29467				    127
29478				    127
29489				    127
29500				    127
29510				    127
29521				    127
29532				    127
29543				    127
29554				    127
29565				    127
29576				    127
29587				    127
29597				    127
29608				    127
29619				    128
29630				    128
29641				    128
29652				    128
29663				    129
29674				    129
29684				    129
29695				    129
29706				    129
29717				    130
29728				    130
29739				    130
29750				    130
29761				    130
29772				    130
29783				    130
29794				    130
29805				    130
29817				    130
29828				    130
29839				    130
29850				    130
29861				    130
29872				    130
29883				    131
29894				    131
29905				    131
29916				    131
29926				    132
29937				    132
29948				    132
29959				    132
29970				    132
29981				    132
29992				    132
30003				    132
30013				    132
30024				    132
30035				    132
30046				    132
30057				    132
30068				    132
30079				    132
30090				    133
30100				    133
30111				    133
30122				    133
30133				    133
30144				    133
30155				    133
30166				    134
30176				    134
30187				    134
30198				    134
30209				    134
30220				    134
30232				    134
30242				    134
30253				    134
30264				    134
30275				    134
30285				    134
30296				    134
30307				    134
30318				    134
30329				    134
30340				    134
30351				    135
30362				    135
30373				    135
30383				    135
30394				    136
30405				    136
30416				    136
30427				    136
30437				    136
30448				    136
30459				    136
30470				    136
30481				    136
30492				    136
30502				    136
30513				    136
30524				    136
30535				    136
30546				    136
30556				    137
30567				    137
30578				    137
30589				    137
30600				    137
30611				    137
30622				    137
30633				    137
30644				    137
30655				    137
30666				    138
30677				    138
30687				    138
30698				    138
30709				    138
30720				    138
30730				    138
30741				    138
30752				    138
30763				    138
30774				    138
30785				    138
30796				    138
30807				    138
30818				    138
30829				    138
30839				    138
30850				    139
30862				    139
30872				    139
30883				    139
30894				    139
30905				    139
30916				    139
30927				    139
30938				    139
30948				    139
30959				    139
30970				    139
30981				    139
30992				    139
31003				    139
31014				    139
31024				    139
31035				    139
31046				    139
31057				    139
31068				    139
31079				    139
31090				    139
31101				    139
31112				    139
31122				    139
31133				    139
31144				    139
31155				    139
31166				    139
31177				    139
31188				    139
31199				    139
31209				    140
31220				    140
31231				    140
31242				    140
31253				    140
31264				    140
31274				    140
31285				    140
31296				    140
31307				    140
31318				    140
31329				    140
31340				    140
31351				    140
31362				    140
31372				    140
31383				    140
31394				    140
31405				    140
31416				    140
31427				    140
31438				    140
31449				    140
31460				    140
31471				    140
31482				    140
31493				    140
31504				    140
31515				    140
31526				    140
31537				    140
31548				    140
31559				    140
31570				    140
31581				    140
31592				    140
31603				    140
31614				    140
31625				    140
31635				    140
31646				    140
31657				    140
31668				    140
31679				    140
31690				    140
31701				    140
31712				    140
31722				    140
31733				    140
31744				    140
31755				    140
31766				    140
31777				    140
31788				    140
31799				    140
31810				    140
31821				    140
31831				    140
31842				    140
31853				    140
31864				    140
31875				    140
31886				    140
31897				    140
31908				    140
31918				    140
31929				    140
31940				    140
31951				    140
31962				    140
31972				    140
31983				    140
31994				    140
32005				    140
32016				    140
32027				    140
32038				    140
32049				    140
32060				    140
32070				    140
32081				    140
32092				    140
32103				    140
32114				    140
32125				    140
32136				    140
32146				    140
32157				    140
32168				    140
32179				    140
32189				    140
32200				    140
32211				    140
32222				    140
32233				    140
32244				    140
32255				    140
32266				    140
32276				    140
32287				    140
32298				    140
32309				    140
32320				    140
32331				    140
32342				    140
32353				    140
32363				    140
32374				    140
32385				    140
32396				    140
32407				    140
32418				    140
32429				    140
32440				    140
32450				    140
32461				    140
32472				    140
32483				    140
32494				    140
32505				    140
32516				    140
32526				    140
32537				    140
32548				    140
32559				    140
32570				    140
32581				    140
32591				    140
32602				    140
32613				    140
32624				    140
32635				    140
32645				    140
32656				    140
32667				    140
32678				    140
32688				    140
32699				    140
32710				    140
32721				    140
32731				    140
32742				    140
32753				    140
32764				    140
32775				    140
32785				    140
32796				    140
32807				    140
32818				    140
32829				    140
32840				    140
32851				    140
32862				    140
32872				    140
32883				    140
32894				    140
32904				    140
32915				    140
32926				    140
32937				    140
32948				    140
32959				    140
32969				    140
32980				    140
32991				    140
33002				    140
33013				    140
33024				    140
33035				    140
33046				    140
33057				    140
33068				    140
33078				    140
33089				    140
33100				    140
33111				    140
33122				    140
33132				    140
33143				    140
33154				    140
33165				    140
33175				    140
33186				    140
33197				    140
33208				    140
33219				    140
33229				    140
33240				    140
33251				    140
33262				    140
33273				    140
33284				    140
33295				    140
33306				    140
33316				    140
33327				    140
33338				    140
33349				    140
33360				    140
33371				    140
33381				    140
33392				    140
33403				    140
33414				    140
33425				    140
33435				    140
33446				    140
33457				    140
33468				    140
33479				    140
33490				    140
33501				    140
33512				    140
33522				    140
33533				    140
33544				    140
33555				    140
33566				    140
33577				    140
33588				    140
33599				    140
33610				    140
33620				    140
33631				    140
33642				    140
33653				    140
33664				    140
33675				    140
33686				    140
33697				    140
33707				    140
33718				    140
33729				    140
33740				    140
33751				    140
33762				    140
33773				    131
33783				    131
33794				    126
33805				    126
33816				    125
33827				    119
33838				    119
33848				    119
33859				    117
33870				    117
33881				    117
33891				    117
33902				    117
33913				    117
33924				    117
33934				    114
33945				    111
33957				    109
33968				    108
33978				    105
33989				    94
34000				    94
34011				    91
34022				    98
34033				    98
34043				    98
34054				    98
34065				    98
34076				    98
34087				    99
34098				    99
34109				    99
34120				    99
34131				    99
34142				    99
34153				    99
34164				    99
34174				    100
34185				    100
34196				    100
34206				    100
34217				    102
34228				    102
34239				    102
34250				    102
34261				    103
34271				    103
34282				    103
34293				    103
34304				    103
34315				    103
34326				    103
34337				    103
34348				    103
34359				    104
34371				    104
34382				    105
34391				    105
34397				    105
34403				    105
34408				    105
34414				    106
34420				    106
34425				    106
34431				    106
34437				    106
34442				    106
34448				    106
34454				    107
34460				    107
34466				    107
34472				    107
34477				    107
34483				    107
34489				    107
34494				    107
34500				    107
34506				    107
34511				    107
34517				    107
34523				    107
34529				    107
34534				    108
34540				    108
34546				    109
34553				    109
34564				    109
34575				    109
34586				    110
34597				    110
34607				    110
34618				    110
34629				    111
34640				    111
34651				    111
34662				    111
34673				    111
34684				    112
34695				    112
34706				    112
34716				    112
34727				    112
34738				    113
34749				    113
34760				    113
34771				    113
34781				    113
34792				    114
34803				    114
34814				    114
34825				    114
34836				    114
34846				    114
34857				    115
34868				    115
34879				    115
34890				    115
34901				    115
34912				    116
34923				    116
34934				    116
34945				    116
34956				    116
34967				    116
34978				    117
34989				    117
34999				    117
35010				    117
35021				    117
35032				    118
35043				    118
35054				    118
35065				    118
35076				    118
35087				    118
35098				    119
35109				    119
35120				    119
35131				    119
35142				    119
35153				    120
35164				    120
35175				    120
35186				    120
35196				    120
35207				    120
35218				    120
35229				    121
35240				    121
35251				    121
35262				    121
35273				    121
35284				    121
35295				    122
35306				    122
35317				    122
35327				    122
35338				    122
35349				    123
35360				    123
35371				    123
35382				    123
35393				    123
35404				    123
35415				    123
35426				    123
35437				    124
35448				    124
35459				    124
35470				    124
35481				    124
35492				    124
35503				    124
35514				    124
35525				    125
35536				    125
35547				    125
35558				    125
35569				    125
35580				    125
35591				    126
35601				    126
35613				    126
35623				    126
35634				    126
35646				    126
35657				    127
35668				    127
35679				    127
35690				    127
35701				    127
35712				    127
35722				    127
35733				    127
35744				    127
35756				    127
35766				    127
35777				    127
35788				    127
35799				    127
35810				    127
35821				    128
35832				    128
35843				    128
35854				    128
35865				    128
35876				    129
35887				    129
35898				    129
35909				    129
35919				    129
35930				    129
35941				    129
35952				    130
35963				    130
35974				    130
35985				    130
35996				    130
36007				    130
36018				    130
36029				    130
36040				    130
36051				    130
36063				    130
36074				    130
36085				    130
36096				    130
36107				    130
36118				    130
36129				    130
36140				    130
36151				    130
36162				    130
36173				    130
36184				    130
36195				    130
36206				    130
36216				    130
36227				    131
36238				    131
36249				    131
36260				    131
36271				    131
36282				    131
36292				    132
36303				    132
36314				    132
36325				    132
36336				    132
36347				    132
36358				    132
36368				    133
36379				    133
36390				    133
36401				    133
36412				    133
36423				    133
36434				    133
36445				    133
36456				    133
36467				    133
36478				    133
36489				    133
36500				    133
36511				    133
36522				    133
36533				    133
36543				    134
36554				    134
36565				    134
36576				    134
36586				    134
36597				    134
36608				    134
36619				    134
36630				    134
36642				    134
36653				    134
36664				    134
36675				    134
36686				    134
36697				    134
36708				    134
36719				    134
36730				    134
36741				    134
36752				    134
36763				    134
36774				    134
36784				    134
36795				    135
36806				    135
36817				    135
36828				    135
36839				    135
36850				    135
36861				    135
36872				    136
36883				    136
36893				    136
36904				    136
36916				    136
36927				    136
36938				    136
36949				    136
36959				    136
36970				    136
36982				    136
36992				    137
37003				    137
37014				    137
37025				    137
37036				    137
37047				    137
37058				    137
37069				    137
37079				    137
37090				    137
37101				    137
37112				    137
37123				    137
37134				    137
37145				    138
37156				    138
37167				    138
37178				    138
37188				    138
37199				    138
37210				    138
37221				    138
37232				    138
37242				    138
37253				    138
37264				    138
37275				    138
37286				    138
37297				    138
37308				    138
37319				    138
37330				    138
37341				    138
37352				    139
37362				    139
37373				    139
37384				    139
37395				    139
37406				    139
37417				    139
37428				    139
37439				    139
37450				    139
37461				    139
37471				    139
37482				    139
37493				    140
37504				    140
37515				    140
37526				    140
37537				    140
37548				    140
37558				    140
37570				    140
37580				    140
37591				    140
37602				    140
37613				    140
37624				    140
37635				    140
37646				    140
37656				    140
37667				    140
37678				    140
37689				    140
37699				    140
37710				    140
37721				    140
37732				    140
37743				    140
37754				    140
37765				    140
37776				    140
37787				    140
37798				    140
