2563				    1
2573				    1
2585				    1
2596				    1
2607				    1
2618				    1
2629				    1
2640				    1
2650				    1
2661				    1
2672				    1
2683				    1
2694				    1
2705				    1
2716				    1
2727				    1
2738				    1
2749				    1
2760				    1
2769				    1
2777				    1
2786				    1
2794				    1
2802				    1
2811				    1
2819				    1
2827				    1
2835				    1
2843				    1
2851				    1
2859				    1
2867				    1
2875				    1
2884				    1
2892				    1
2900				    1
2908				    1
2916				    1
2924				    1
2932				    1
2940				    1
2948				    1
2957				    1
2965				    1
2973				    1
2981				    1
2990				    1
2998				    1
3006				    1
3014				    1
3022				    1
3030				    1
3039				    1
3047				    1
3055				    1
3063				    1
3071				    1
3079				    1
3088				    1
3096				    1
3104				    1
3113				    1
3121				    1
3129				    1
3137				    1
3145				    1
3153				    1
3162				    1
3170				    1
3178				    1
3186				    1
3194				    1
3202				    1
3210				    1
3218				    1
3226				    1
3234				    1
3243				    1
3251				    1
3259				    1
3267				    1
3275				    1
3283				    1
3291				    1
3299				    1
3308				    1
3316				    1
3325				    1
3333				    1
3341				    1
3349				    1
3357				    1
3365				    1
3373				    1
3381				    1
3389				    1
3398				    1
3406				    1
3414				    1
3422				    1
3430				    1
3438				    1
3446				    1
3455				    1
3463				    1
3471				    1
3480				    1
3488				    1
3496				    1
3505				    1
3513				    1
3521				    1
3529				    1
3538				    1
3546				    1
3555				    1
3563				    1
3571				    1
3579				    1
3587				    1
3595				    1
3603				    1
3611				    1
3620				    1
3628				    1
3637				    1
3645				    1
3653				    1
3661				    1
3669				    1
3677				    1
3686				    1
3697				    1
3708				    1
3719				    1
3730				    1
3741				    1
3752				    1
3763				    1
3774				    1
3785				    1
3795				    1
3806				    1
3817				    1
3828				    1
3839				    1
3850				    1
3861				    1
3873				    1
3884				    1
3895				    1
3907				    1
3918				    1
3929				    1
3939				    1
3950				    1
3961				    1
3972				    1
3983				    1
3995				    1
4006				    1
4017				    1
4028				    1
4039				    1
4050				    1
4061				    1
4072				    1
4083				    1
4094				    1
4106				    1
4117				    1
4128				    1
4139				    1
4150				    1
4161				    1
4172				    1
4183				    1
4195				    1
4206				    1
4217				    1
4228				    1
4239				    1
4250				    1
4261				    1
4272				    1
4283				    1
4294				    1
4305				    1
4316				    1
4327				    1
4338				    1
4349				    1
4360				    1
4371				    1
4382				    1
4393				    1
4404				    1
4415				    1
4426				    1
4437				    1
4448				    1
4459				    1
4470				    1
4481				    1
4492				    1
4503				    3.3	
4514				    3.3	
4525				    3.3	
4536				    3.3	
4546				    3.6	
4557				    3.6	
4568				    3.6	
4579				    3.6	
4590				    3.6	
4601				    3.6	
4612				    3.6	
4623				    3.6	
4634				    3.6	
4645				    3.6	
4656				    3.7	
4666				    3.7	
4677				    3.7	
4688				    3.7	
4699				    3.7	
4710				    3.7	
4721				    3.7	
4732				    3.7	
4743				    3.7	
4754				    3.7	
4765				    3.7	
4776				    3.7	
4788				    3.7	
4799				    3.7	
4810				    3.7	
4821				    3.7	
4832				    3.7	
4843				    3.7	
4854				    3.7	
4865				    3.7	
4876				    3.5	
4887				    3.5	
4898				    3.5	
4909				    3.5	
4920				    3.5	
4930				    3.5	
4941				    3.5	
4953				    3.5	
4964				    3.5	
4975				    3.5	
4985				    3.5	
4996				    3.5	
5008				    3.5	
5019				    3.5	
5029				    3.5	
5040				    3.5	
5051				    3.5	
5062				    3.5	
5073				    3.5	
5084				    3.5	
5095				    3.5	
5106				    3.5	
5117				    3.5	
5128				    3.5	
5139				    3.5	
5150				    3.5	
5161				    3.5	
5172				    3.5	
5184				    3.5	
5195				    3.5	
5206				    3.5	
5216				    2.3	
5227				    2.3	
5238				    1.9	
5249				    1.9	
5260				    1.9	
5271				    2.0	
5282				    2.3	
5294				    2.3	
5305				    2.3	
5317				    2.3	
5328				    2.3	
5339				    2.3	
5350				    2.3	
5361				    2.3	
5372				    2.3	
5383				    2.3	
5394				    2.3	
5405				    2.3	
5416				    2.3	
5427				    2.4	
5438				    2.4	
5449				    2.4	
5461				    2.4	
5472				    2.4	
5483				    2.4	
5494				    2.4	
5505				    2.4	
5517				    2.4	
5528				    2.4	
5539				    2.5	
5550				    2.5	
5561				    2.5	
5572				    2.5	
5583				    2.5	
5594				    2.5	
5605				    2.5	
5616				    2.5	
5627				    2.5	
5638				    2.5	
5649				    2.5	
5661				    2.5	
5672				    2.5	
5683				    2.5	
5695				    2.5	
5706				    2.9	
5717				    3.0	
5727				    3.9	
5738				    4.5	
5749				    4.5	
5760				    4.6	
5771				    4.7
5782				    4.5
5794				    4.5
5804				    4.2
5815				    4.2
5826				    4.1
5837				    4.0
5848				    4.0
5859				    4.0
5870				    4.0
5881				    4.0
5891				    4.0
5902				    4.1
5913				    4.1
5924				    4.1
5935				    4.1
5946				    4.1
5957				    4.2
5968				    4.4
5979				    4.4
5989				    4.4
6000				    4.4
6011				    4.4
6022				    4.4
6033				    4.4
6045				    4.4
6056				    4.4
6066				    4.4
6077				    4.4
6088				    4.4
6099				    4.4
6110				    4.4
6121				    4.4
6132				    4.4
6143				    4.4
6153				    4.4
6164				    4.4
6175				    4.4
6186				    4.4
6197				    4.4
6208				    4.1
6219				    4.1
6230				    4.1
6240				    3.5
6252				    3.4
6263				    3.2
6274				    3.2
6285				    2.9
6295				    2.7
6307				    2.6
6318				    2.6
6329				    1.9
6339				    1.9
6350				    1.9
6361				    2.3
6372				    2.3
6383				    2.3
6393				    2.3
6404				    2.3
6415				    2.3
6426				    2.3
6437				    2.3
6448				    2.3
6459				    2.4
6469				    2.4
6480				    2.4
6491				    2.4
6502				    2.4
6513				    2.4
6524				    2.4
6534				    2.4
6545				    2.4
6556				    2.4
6567				    2.5
6578				    3.4
6589				    3.5
6599				    3.5
6610				    3.9
6621				    3.9
6632				    4.2
6642				    4.2
6653				    4.3
6664				    4.4
6675				    4.2
6685				    4.5
6696				    4.5
6707				    4.5
6718				    4.6
6729				    4.6
6740				    4.6
6751				    4.6
6762				    4.6
6773				    4.6
6784				    4.6
6794				    4.6
6805				    4.6
6816				    4.6
6827				    4.6
6838				    4.6
6849				    4.6
6860				    4.6
6871				    4.5
6882				    4.3
6892				    4.5
6903				    4.5
6914				    4.4
6925				    4.4
6936				    4.4
6947				    4.4
6958				    4.4
6969				    4.4
6980				    4.4
6991				    4.4
7002				    4.4
7013				    4.4
7024				    4.4
7035				    4.4
7046				    4.4
7057				    4.4
7067				    4.4
7078				    4.4
7089				    4.4
7100				    4.4
7111				    4.4
7122				    4.4
7133				    4.4
7144				    4.4
7155				    4.4
7166				    4.3
7177				    4.4
7188				    4.4
7199				    4.3
