9128				    10
9140				    10
9151				    10
9162				    14
9173				    14
9185				    14
9196				    16
9207				    28
9219				    28
9230				    32
9241				    32
9252				    48
9263				    58
9275				    64
9286				    70
9297				    112
9308				    128
9319				    142
9331				    151
9342				    159
9353				    160
9365				    162
9376				    163
9387				    166
9398				    168
9409				    169
9420				    170
9431				    172
9443				    173
9454				    176
9465				    178
9476				    180
9488				    182
9499				    184
