777				    1
786				    1
794				    1
803				    1
811				    1
819				    1
828				    1
836				    1
844				    1
853				    1
861				    1
869				    1
877				    1
886				    1
894				    1
902				    1
911				    1
919				    1
928				    1
936				    1
944				    1
952				    1
961				    1
969				    1
977				    1
986				    1
994				    1
1002				    1
1011				    1
1019				    1
1027				    1
1036				    1
1043				    1
1052				    1
1060				    1
1069				    1
1077				    1
1086				    1
1094				    1
1102				    1
1110				    1
1118				    1
1126				    2.3	
1135				    2.6	
1143				    2.6	
1152				    2.6	
1160				    2.6	
1168				    2.6	
1177				    2.6	
1185				    2.6	
1194				    2.6	
1202				    2.6	
1210				    2.6	
1219				    2.6	
1227				    2.6	
1236				    2.6	
1244				    2.6	
1253				    2.6	
1261				    2.6	
1270				    2.6	
1278				    2.6	
1286				    2.6	
1294				    2.6	
1302				    2.9	
1310				    4.6	
1319				    4.9	
1328				    4.9	
1336				    4.9	
1344				    4.9	
1353				    4.9	
1361				    4.9	
1370				    4.9	
1378				    4.9	
1387				    4.9	
1395				    4.9	
1403				    4.9	
1411				    4.9	
1420				    4.9	
1428				    4.9	
1436				    4.9	
1445				    4.9	
1453				    4.9	
1461				    4.9	
1469				    4.9	
1479				    4.9	
1487				    4.9	
1495				    5.0	
1503				    5.1	
1512				    7.5	
1520				    8.2	
1528				    8.5	
1536				    8.5	
1545				    8.5	
1553				    8.5	
1561				    8.5	
1569				    8.4	
1578				    8.4	
1586				    8.4	
1595				    8.4	
1603				    8.4	
1611				    8.4	
1620				    8.4	
1628				    8.4	
1636				    8.4	
1644				    8.4	
1652				    9.1	
1661				    12.5	
1669				    15.1	
1677				    16.6	
1685				    16.9	
1693				    17.3	
1701				    19.9	
1710				    19.9	
1718				    19.9	
1726				    19.9	
1734				    19.9	
1742				    19.6	
1750				    19.6	
1759				    19.6	
1767				    19.6	
1775				    19.6	
1783				    19.1	
1792				    19.1	
1800				    19.1	
1808				    19.1	
1816				    19.1	
1824				    19.1	
1833				    21.1	
1841				    21.8	
1849				    22.1	
1857				    22.1	
1865				    25.0	
1874				    25.1	
1883				    29.5	
1891				    30.1	
1899				    30.1	
1907				    30.4	
1916				    30.4	
1924				    30.2	
1933				    30.9	
1941				    30.9	
1949				    30.9	
1957				    30.9	
1966				    31.0	
1974				    31.0	
1983				    31.0	
1991				    31.0	
1999				    31.0	
2008				    31.0	
2016				    31.0	
2024				    31.0	
2032				    31.0	
2040				    30.7	
2048				    30.7	
2057				    30.7	
2064				    30.7	
2073				    30.7	
2081				    30.7	
2090				    30.7	
2098				    30.5	
2106				    33.0	
2115				    32.7	
2123				    32.7	
2131				    32.7	
2140				    32.7	
2148				    32.7	
