36140				    10
36151				    10
36162				    10
36173				    10
36184				    10
36195				    10
36207				    20
36218				    20
36229				    20
36240				    20
36251				    22
36261				    23
36272				    24
36283				    29
36294				    29
36305				    30
36317				    36
36327				    38
36339				    38
36349				    47
36360				    49
36371				    49
36382				    52
36393				    52
36405				    52
36416				    52
36427				    60
36438				    62
36449				    69
36460				    73
36471				    77
36482				    77
36493				    77
36504				    77
36515				    77
36526				    77
36537				    77
36548				    77
36559				    77
36570				    77
36582				    77
36592				    77
36603				    77
36615				    77
36626				    77
36637				    77
36648				    77
36659				    77
36670				    77
36681				    77
36692				    77
36703				    77
36714				    77
36726				    77
36737				    77
36748				    77
36759				    77
36770				    77
36781				    77
36793				    77
36803				    77
36815				    77
36825				    77
36836				    77
36848				    77
36859				    77
36869				    77
36880				    77
36891				    77
36902				    77
36913				    77
36924				    77
36935				    77
36946				    77
36958				    77
36969				    77
36980				    77
36991				    77
37002				    77
37013				    77
37024				    77
37035				    77
37046				    77
37057				    77
37068				    77
37079				    77
37090				    77
37101				    77
37112				    77
37123				    77
37134				    77
37145				    77
37156				    77
37167				    76
37178				    76
37189				    76
37200				    76
37211				    76
37223				    76
37234				    76
37245				    76
37255				    76
37267				    76
37278				    76
37289				    76
37299				    76
37310				    76
37321				    76
37332				    76
37343				    76
37354				    76
37365				    76
37376				    76
37387				    76
37398				    76
37409				    76
37420				    76
37431				    76
37442				    76
37453				    76
37464				    76
37475				    76
37486				    76
37497				    76
37507				    76
37518				    76
37529				    76
37540				    76
37551				    76
37562				    76
37573				    76
37584				    76
37595				    76
37606				    76
37617				    76
37628				    76
37639				    76
37650				    76
37661				    76
37672				    76
37683				    76
37694				    76
37706				    76
37716				    76
37728				    76
37738				    76
37750				    76
37760				    76
37771				    76
37783				    76
37794				    76
37805				    76
37816				    76
37827				    76
37838				    76
37849				    76
37860				    76
37870				    76
37882				    76
37893				    76
37904				    76
37914				    76
37926				    76
37937				    54
37948				    54
37959				    54
37970				    54
37980				    54
37992				    54
38003				    54
38014				    54
38024				    54
38035				    54
38047				    54
38058				    54
38069				    54
38080				    54
38091				    54
38102				    54
38113				    54
38123				    54
38134				    54
38145				    54
38157				    54
38167				    54
38179				    54
38189				    54
38200				    54
38212				    54
38223				    54
38233				    54
38244				    54
38255				    54
38266				    54
38277				    54
38288				    54
38299				    54
38311				    54
38322				    54
38334				    54
38345				    54
38356				    54
38368				    54
38380				    54
38391				    54
38403				    54
38415				    54
38426				    54
38437				    54
38448				    54
38459				    54
38471				    54
38482				    54
38493				    54
38504				    54
38515				    54
38526				    54
38537				    54
38548				    54
38559				    54
38570				    54
38581				    54
38592				    54
38603				    54
38614				    54
38625				    36
38636				    36
38647				    36
38658				    36
38669				    36
38680				    36
38691				    36
38702				    36
38713				    36
38724				    36
38737				    36
38748				    36
38756				    36
38763				    36
38769				    36
38773				    36
38777				    36
