10320				    10
10330				    10
10340				    10
10350				    10
10360				    10
10369				    10
10379				    13
10389				    20
10399				    20
10409				    21
10419				    22
10429				    22
10439				    26
10449				    33
10459				    34
10469				    34
10479				    39
10489				    48
10499				    68
10509				    68
10519				    73
10529				    78
10539				    106
10549				    112
10561				    138
10571				    148
10582				    174
10594				    180
10604				    228
10615				    268
10627				    330
10638				    362
10650				    375
10661				    387
10671				    392
10682				    436
10693				    436
10704				    436
10715				    436
10726				    436
