9070				    10
9078				    10
9087				    10
9094				    10
9102				    12
9111				    19
9118				    20
9126				    20
9134				    20
9142				    29
9151				    34
9159				    40
9167				    40
9174				    49
9183				    59
9190				    64
9198				    80
9207				    94
9219				    106
9230				    115
9241				    149
9252				    181
9263				    187
9274				    205
9285				    205
9295				    205
9306				    209
9317				    356
9328				    383
9339				    409
9350				    425
9361				    447
9372				    543
9383				    551
9394				    577
9405				    612
9416				    666
9427				    689
9438				    716
9449				    716
9460				    716
9471				    716
