5858				    64.996
5869				    64.996
5880				    64.996
5891				    58.329
5902				    48.917
5914				    48.917
5925				    47.178
5936				    40.295
5948				    47.25
5960				    44.363
5971				    40.113
5982				    38.412
5993				    39.019
6005				    40.609
6016				    43.274
6027				    41.591
6039				    39.693
6050				    43.462
6061				    52.9
6073				    46.423
6084				    40.053
6092				    37.415
6098				    38.455
6106				    40.062
6118				    39.664
6130				    39.274
6141				    40.148
6152				    41.23
6163				    50.173
6175				    41.377
6186				    44.814
6198				    43.436
6209				    43.09
6221				    50.456
6233				    40.435
6244				    41.681
6255				    45.263
6266				    45.414
6278				    44.074
6290				    44.074
6301				    51.58
