3892				    10
3898				    10
3905				    10
3911				    10
3918				    10
3925				    12
3931				    20
3938				    20
3945				    20
3951				    20
3958				    22
3964				    27
3971				    34
3978				    36
3985				    37
3991				    39
3998				    46
4005				    49
4011				    58
4018				    64
4024				    66
4031				    77
4037				    87
4044				    96
4051				    108
4058				    122
4070				    150
4081				    173
4093				    226
4104				    274
4115				    302
4126				    315
4137				    354
4149				    373
4160				    399
4171				    399
4183				    499
4193				    499
4205				    499
4216				    499
4227				    499
4238				    499
