6581				    116.658
6593				    116.658
6605				    116.658
6617				    116.658
6629				    116.658
6640				    116.658
6652				    116.658
6664				    116.658
6675				    116.658
6688				    116.658
6699				    117.412
6711				    120.448
6722				    120.448
6734				    120.448
6746				    120.448
6757				    120.448
6769				    120.448
6780				    120.448
6792				    120.448
6804				    120.448
6815				    120.377
6827				    122.896
6839				    125.199
6851				    125.199
6863				    125.199
6874				    125.199
6886				    125.199
6898				    125.199
6909				    125.199
6921				    125.199
6932				    125.199
6944				    125.199
6956				    134.207
6968				    133.23
6979				    136.502
6991				    136.502
7002				    136.502
7014				    136.502
7026				    136.502
7037				    136.502
7049				    136.502
7061				    136.502
7073				    136.502
7085				    136.502
7097				    136.502
7108				    136.502
7120				    156.237
7132				    156.237
7143				    156.237
7155				    156.237
7166				    156.237
7178				    156.237
7190				    156.237
7201				    156.237
7213				    156.237
7225				    156.237
7237				    156.237
7249				    156.237
7261				    156.237
7272				    157.169
7284				    157.503
7296				    168.064
7307				    168.064
7319				    168.064
7331				    168.064
7343				    168.064
7355				    168.064
7366				    168.064
7378				    168.064
7389				    168.064
7401				    168.064
7413				    148.396
7424				    147.731
7436				    140.829
7448				    140.829
7460				    140.829
7472				    140.829
7483				    140.829
7495				    140.829
7507				    140.829
7518				    140.829
7530				    140.829
7541				    135.529
7553				    136.341
7565				    142.96
7577				    142.927
7588				    142.927
7600				    142.927
7611				    142.927
7623				    148.409
7635				    148.409
7646				    148.409
7658				    148.409
7670				    148.409
7682				    144.518
7693				    139.148
7705				    135.795
7716				    135.287
7728				    135.287
7740				    135.287
7751				    135.287
7763				    135.51
7775				    135.51
7787				    135.51
7798				    135.51
7810				    135.758
7822				    135.919
7833				    135.433
7845				    135.353
7856				    135.258
7868				    135.258
7880				    135.258
7892				    133.26
7903				    133.26
7915				    133.26
7927				    133.26
7939				    130.759
7950				    129.289
7962				    128.728
7974				    130.28
7986				    131.792
7997				    131.792
8009				    131.792
8020				    131.792
8032				    137.739
8044				    137.739
8055				    137.739
8068				    142.438
8079				    142.438
8091				    142.858
8103				    142.858
8115				    149.804
8126				    146.885
8138				    146.885
8150				    146.885
8161				    146.885
8173				    101.171
8185				    101.171
8197				    84.496
8208				    46.263
8220				    48.938
8231				    48.938
8243				    43.617
8255				    40.412
8267				    37.618
8278				    36.605
8290				    38.056
8302				    40.163
8314				    40.562
8325				    39.708
8337				    38.302
8348				    34.133
8360				    35.153
