11203				    2.7	
11215				    2.7	
11226				    2.7	
11237				    4.1	
11248				    5.1	
11259				    5.1	
11271				    7.0	
11282				    8.5	
11293				    10.6	
11304				    14.6	
11316				    21.4	
11327				    22.4	
11339				    29.5	
11350				    34.2	
11362				    43.3	
11373				    51.0	
11384				    52.7	
11397				    49.9	
11408				    89.0	
11420				    104.0	
11431				    99.7	
11442				    106.9	
11454				    105.4	
11465				    101.7	
11476				    102.4	
11487				    100.4	
11499				    79.1
11510				    65.4
11521				    60.8
11532				    62.4
11543				    61.4
