0				    26.428
11				    26.428
22				    26.428
33				    26.428
44				    13.451
56				    4.998
67				    4.998
78				    4.998
89				    4.998
100				    6.656
112				    1.164
123				    3.244
134				    3.244
145				    5.114
156				    4.102
168				    2.525
179				    6.252
191				    6.252
202				    6.252
213				    4.062
225				    0.976
236				    2.943
247				    5.176
259				    5.893
270				    5.893
281				    7.438
292				    7.438
304				    10.038
315				    3.663
327				    4.68
338				    9.956
349				    6.345
360				    2.571
372				    5.974
383				    12.296
394				    13.039
405				    15.123
416				    15.123
428				    13.47
439				    8.885
450				    11.718
461				    9.506
472				    9.278
484				    12.764
495				    12.764
507				    2.819
518				    6.538
529				    10.634
541				    12.103
552				    6.304
564				    9.66
575				    6.015
586				    2.272
598				    1.7
609				    8.269
620				    6.657
631				    1.593
642				    6.899
654				    8.29
665				    3.59
676				    5.523
688				    11.478
699				    12.815
711				    16.083
722				    15.763
733				    11.815
744				    8.041
755				    6.715
766				    6.081
778				    6.081
789				    16.805
800				    5.107
811				    2.657
822				    2.021
834				    4.214
845				    7.04
856				    11.004
867				    11.004
878				    11.004
890				    11.004
901				    17.778
912				    16.43
923				    19.155
935				    21.597
946				    22.399
957				    20.814
969				    20.814
980				    13.813
991				    6.876
1002				    5.215
1014				    3.543
1025				    2.665
1036				    3.459
1047				    0.906
1059				    0.906
1070				    11.199
1082				    10.331
1093				    6.121
1104				    8.254
1116				    12.921
1127				    6.669
1138				    2.916
1149				    1.784
1160				    3.132
1172				    9.178
1183				    9.178
1195				    8.629
1206				    2.643
1217				    4.588
1228				    3.738
1240				    3.738
1251				    1.1
1262				    5.654
1274				    5.254
1285				    4.428
1296				    4.428
1307				    9.544
1319				    4.869
1330				    2.252
1342				    3.38
1353				    3.859
1364				    7.527
1375				    13.377
1386				    1.647
1398				    6.556
1410				    6.558
1421				    1.967
1432				    6.502
1443				    6.502
1455				    16.377
1466				    14.761
1477				    14.06
1488				    6.801
1499				    5.383
1510				    4.843
1521				    4.237
1533				    8.029
1544				    8.029
1555				    8.029
1566				    18.012
1578				    18.012
1589				    18.012
1600				    15.705
1611				    15.705
1622				    15.705
1634				    9.568
1645				    10.131
1656				    10.131
1667				    5.267
1679				    6.382
1690				    3.732
1701				    1.364
1712				    1.364
1723				    2.598
1735				    4.301
1746				    8.087
1757				    2.042
1768				    1.98
1780				    1.754
1791				    1.279
1802				    2.521
1813				    2.521
1824				    7.888
1836				    4.558
1847				    7.77
1858				    7.433
1870				    2.113
1881				    2.435
1892				    1.822
1903				    3.218
1914				    3.218
1925				    1.177
1937				    1.177
1948				    1.756
1959				    1.756
1971				    2.02
1982				    3.036
1993				    3.637
2005				    3.045
2016				    6.021
2027				    6.021
2039				    2.34
2050				    2.37
2061				    2.53
2072				    0.999
2083				    2.444
2095				    4.237
2105				    0.809
2117				    4.466
2128				    3.31
2139				    6.32
2151				    2.543
2162				    2.543
2173				    8.452
2184				    10.861
2195				    9.507
2207				    8.492
2218				    8.305
2229				    8.305
2240				    7.282
2252				    6.416
2263				    13.114
2274				    12.025
2285				    14.011
2297				    17.185
2308				    14.444
2319				    11.002
2330				    11.002
2342				    21.1
2353				    16.545
2364				    18.179
2375				    18.179
2386				    17.228
2398				    16.391
2409				    17.004
2420				    21.291
2431				    22.355
2442				    23.088
2454				    11.315
2465				    10.075
2476				    10.075
2487				    9.25
2498				    6.724
2510				    11.536
2521				    15.131
2532				    12.842
2544				    15.685
2555				    14.965
2566				    14.115
2577				    16.56
2589				    5.854
2600				    5.854
2611				    7.366
2622				    9.811
2633				    5.299
2644				    8.697
2655				    15.601
2666				    19.005
2678				    5.899
2689				    7.558
2700				    7.558
2711				    16.064
2723				    19.583
2734				    16.732
2745				    10.261
2756				    10.261
2768				    7.407
2779				    8.333
2790				    8.333
2801				    12.886
2812				    7.094
2824				    5.527
2835				    5.689
2846				    5.689
2857				    4.754
2868				    2.715
2880				    9.624
2891				    7.379
2902				    6.915
2913				    6.929
2924				    5.811
2936				    7.148
2947				    7.148
2958				    7.148
2969				    7.148
2980				    7.148
2992				    7.148
3003				    19.194
3014				    19.194
3026				    31.698
3037				    9.599
3048				    9.599
3059				    19.022
3070				    4.504
3082				    8.419
3093				    10.489
3104				    14.423
3115				    13.381
3126				    13.381
3138				    16.098
3149				    9.149
3160				    11.779
3172				    12.952
3184				    10.313
3195				    11.815
3206				    16.194
3217				    16.194
3228				    16.194
3240				    11.414
3251				    11.734
3262				    11.762
3273				    11.762
3284				    11.762
3296				    10.188
3306				    10.554
3318				    11.429
3329				    11.429
3340				    7.522
3351				    7.522
3362				    2.558
3374				    3.452
3385				    5.959
3396				    5.959
3407				    11.092
3418				    15.426
3430				    7.302
3441				    0.276
3452				    4.973
3464				    3.311
3475				    5.084
3486				    9.059
3497				    5.893
3508				    5.603
3520				    3.29
3531				    5.067
3542				    7.272
3553				    2.734
3564				    9.875
3576				    5.664
3587				    7.803
3598				    2.552
3610				    2.282
3621				    2.282
3632				    2.779
3643				    6.157
3654				    7.635
3666				    6.16
3677				    9.401
3688				    10.109
3699				    6.081
3710				    4.635
3722				    6.525
3733				    2.576
3744				    5.173
3755				    18.793
3767				    18.793
3778				    5.732
3789				    1.819
3800				    4.204
3811				    6.498
3823				    2.987
3834				    4.904
3845				    1.82
3856				    2.81
3868				    4.559
3879				    8.535
3890				    1.762
3901				    1.843
3912				    9.675
3924				    2.442
3935				    5.316
3946				    5.316
3957				    14.695
3969				    6.061
3980				    7.677
3992				    11.315
4003				    11.764
4015				    4.447
4026				    7.129
4037				    5.88
4048				    7.232
4059				    7.232
4070				    3.537
4082				    7.419
4093				    7.419
4104				    6.478
4115				    3.392
4127				    3.392
4138				    2.125
4149				    3.423
4160				    3.709
4171				    7.757
4183				    10.544
4194				    2.004
4205				    0.422
4218				    0.422
4229				    6.394
4240				    6.394
4251				    6.346
4263				    5.012
4274				    1.031
4285				    1.031
4297				    3.269
4308				    4.652
4319				    3.178
4332				    4.882
4343				    5.027
4354				    3.704
4365				    3.704
4376				    4.359
4387				    10.105
4399				    3.044
4410				    1.279
4422				    1.279
4433				    1.279
4444				    18.804
4456				    18.804
4467				    18.804
4478				    18.804
4489				    18.804
4500				    18.804
4512				    18.804
4523				    18.804
4534				    18.804
4545				    18.804
4556				    18.804
4568				    18.804
4579				    18.804
4590				    309.472
4601				    288.34
4612				    288.34
4623				    234.085
4635				    182.024
4646				    90.003
4657				    90.003
4668				    21.676
4679				    13.281
4691				    6.933
4702				    1.536
4713				    7.999
4724				    2.025
4736				    1.08
4747				    6.097
4758				    11.806
4769				    4.928
4781				    5.225
4792				    8.599
4803				    12.284
4814				    12.284
4826				    5.616
4837				    6.511
4848				    8.475
4859				    10.861
4870				    10.861
4881				    9.701
4893				    11.754
4904				    9.297
4915				    12.316
4926				    5.829
4938				    8.843
4949				    4.357
4961				    5.6
4972				    4.215
4983				    2.5
4994				    4.017
5006				    4.017
5017				    4.017
5028				    2.91
5040				    2.91
5051				    7.525
5062				    2.665
5073				    7.349
5084				    7.349
5096				    7.349
5107				    3.435
5118				    5.853
5129				    8.254
5140				    6.5
5152				    9.251
5163				    7.256
5174				    7.256
5185				    5.995
5197				    2.295
5208				    5.564
5220				    9.297
5231				    2.855
5242				    6.195
5254				    1.787
5265				    4.485
5276				    6.89
5287				    10.16
5298				    13.83
5309				    8.959
5320				    7.633
5332				    9.159
5343				    10.448
5355				    9.377
5366				    14.323
5377				    12.321
5388				    3.085
5400				    8.501
5411				    10.702
5422				    15.691
5433				    14.74
5444				    7.459
5456				    7.535
5467				    10.933
5478				    5.04
5489				    3.425
5501				    6.967
5512				    8.999
5523				    12.516
5535				    9.584
5546				    5.836
5557				    5.836
5568				    24.564
5579				    7.892
5591				    7.81
5602				    7.423
5613				    7.423
5624				    9.427
5636				    2.333
5648				    2.333
5659				    8.785
5670				    2.913
5681				    3.999
5693				    11.254
5704				    11.254
5715				    4.721
5727				    5.39
5738				    10.491
5749				    11.501
5760				    7.273
5772				    5.3
5783				    4.614
5794				    4.614
5805				    18.348
5816				    6.552
5828				    3.77
5839				    6.449
5850				    4.169
5861				    5.183
5872				    5.667
5883				    5.175
5895				    5.306
5906				    6.416
5917				    2.272
5929				    4.247
5940				    2.522
5952				    7.497
5963				    5.187
5974				    6.498
5986				    12.13
5997				    9.468
6008				    5.859
6019				    6.122
6031				    4.981
6042				    2.824
6053				    2.131
6065				    3.686
6076				    4.922
6087				    5.262
6098				    6.021
6109				    6.462
6121				    8.248
6132				    9.473
6143				    6.643
6155				    4.375
6166				    3.757
6178				    7.685
6189				    7.979
6200				    4.088
6211				    4.088
6222				    14.436
6234				    13.334
6245				    6.182
6256				    10.671
6268				    9.304
6279				    5.345
6290				    6.52
6301				    8.706
6312				    6.55
6324				    9.257
6335				    9.71
6347				    8.056
6358				    9.804
6369				    6.43
6380				    6.528
6391				    7.165
6402				    4.69
6413				    6.472
6426				    6.564
6437				    5.599
6448				    4.936
6459				    5.014
6471				    3.907
6482				    6.395
6493				    7.162
6504				    7.301
6516				    3.246
6527				    1.624
6538				    5.394
6549				    6.891
6560				    4.516
6572				    4.985
6583				    3.901
6594				    4.51
6605				    2.283
6616				    2.337
6628				    1.72
6639				    1.72
6650				    2.909
6661				    1.952
6672				    9.248
6683				    3.546
6694				    4.469
6706				    8.91
6717				    4.648
6728				    4.648
6739				    2.673
6751				    3.215
6762				    1.907
6773				    6.083
6785				    6.621
6796				    3.467
6807				    7.158
6818				    7.486
6829				    2.755
6840				    7.912
6852				    7.912
6863				    5.471
6875				    5.471
6886				    8.31
6897				    6.474
6908				    5.1
6920				    5.341
6931				    7.497
6942				    5.668
6953				    5.885
6964				    4.565
6975				    4.212
6987				    2.765
6998				    3.51
7009				    6.809
7020				    6.809
7032				    6.601
7043				    5.561
7055				    7.072
7066				    9.714
7077				    7.564
7088				    1.927
7100				    4.037
7111				    4.037
7122				    6.631
7133				    5.099
7144				    5.214
7156				    6.059
7167				    5.476
7178				    7.138
7189				    9.602
7200				    9.594
7211				    9.779
7222				    9.286
7233				    10.458
7245				    15.665
7256				    15.665
7267				    8.458
7278				    7.278
7289				    8.536
7301				    6.937
7312				    6.897
7323				    6.897
7334				    5.505
7345				    5.505
7356				    15.846
7367				    4.602
7379				    2.858
7390				    2.984
7401				    7.826
7412				    8.598
7423				    15.077
7434				    15.077
7445				    19.352
7456				    19.352
7468				    21.012
7479				    21.012
7491				    21.012
7502				    37.578
7513				    37.578
7524				    19.74
7535				    8.987
7546				    8.987
7557				    3.384
7568				    4.279
7580				    5.017
7591				    4.938
7602				    6.514
7613				    7.716
7625				    4.809
7636				    4.245
7647				    4.245
7658				    7.183
7670				    3.853
7681				    3.922
7692				    4.237
7703				    5.712
7714				    4.82
7726				    6.554
7737				    5.187
7748				    5.187
7759				    5.444
7770				    5.444
7781				    5.053
7792				    4.216
7804				    4.192
7815				    4.192
7826				    5.615
7837				    6.635
7848				    6.635
7860				    6.635
7871				    6.635
7882				    11.849
7893				    11.849
7904				    11.849
7915				    11.849
7926				    9.294
7938				    8.431
7949				    6.55
7960				    7.782
7971				    7.782
7982				    9.19
7993				    9.101
8004				    7.363
8015				    3.407
8026				    3.483
8037				    1.711
8048				    1.711
8059				    7.764
8070				    6.967
8080				    7.709
8092				    6.064
8103				    6.009
8114				    7.402
8125				    7.631
8136				    5.611
8147				    6.744
8158				    5.533
8169				    10.388
8180				    5.898
8191				    4.299
8202				    4.38
8213				    4.38
8224				    7.77
8235				    7.77
8245				    7.77
8256				    7.77
8267				    17.049
8279				    17.049
8289				    17.049
8300				    17.049
8311				    30.074
8322				    30.074
8333				    30.074
8344				    30.074
8355				    30.074
8366				    30.074
8377				    30.074
8387				    30.074
8399				    30.074
8410				    30.074
8420				    30.074
8431				    30.074
8442				    30.074
8453				    30.074
8464				    73.064
8475				    79.869
8486				    83.43
8497				    84.637
8508				    43.814
8519				    43.814
8529				    20.912
8540				    8.901
8551				    5.379
8562				    3.682
8573				    3.7
8584				    2.11
8595				    3.706
8606				    3.706
8616				    4.93
8627				    4.648
8638				    3.662
8649				    6.761
8660				    6.761
8671				    7.817
8682				    1.749
8693				    1.827
8704				    5.369
8715				    6.437
8726				    6.437
8737				    6.437
8747				    4.971
8759				    4.971
8770				    6.707
8781				    6.08
8792				    6.08
8803				    6.08
8814				    6.08
8825				    6.08
8836				    6.08
8847				    6.08
8857				    6.08
8868				    6.08
8879				    18.696
8891				    18.696
8902				    18.696
8913				    23.181
8924				    25.739
8935				    38.205
8946				    32.918
8957				    18.546
8967				    18.546
8979				    14.723
8989				    6.757
9000				    8.6
9011				    7.621
9022				    6.558
9032				    6.207
9043				    7.471
9054				    9.717
9065				    9.717
9076				    3.101
9087				    3.101
9098				    8.518
9109				    4.636
9120				    8.751
9131				    7.05
9141				    3.621
9152				    3.621
9163				    5.822
9175				    13.565
9186				    13.565
9196				    22.909
9207				    30.839
9218				    29.776
9229				    17.292
9240				    17.631
9251				    17.631
9262				    13.708
9272				    5.694
9283				    4.024
9294				    5.661
9304				    12.222
9315				    8.008
9326				    8.008
9337				    8.233
9347				    2.202
9358				    2.345
9369				    0.793
9380				    4.117
9391				    4.521
9402				    2.805
9413				    2.805
9423				    5.452
9434				    5.743
9445				    5.743
9456				    5.743
9467				    8.808
9479				    8.808
9489				    9.456
9500				    4.353
9511				    6.497
9523				    6.497
9534				    6.301
9545				    6.522
9556				    7.572
9567				    4.067
9577				    4.738
9588				    4.738
9599				    13.761
9610				    13.761
9621				    7.98
9632				    2.52
9644				    3.111
9654				    3.111
9665				    4.915
9676				    4.314
9687				    6.348
9698				    6.607
9709				    6.66
9721				    5.031
9730				    5.031
9737				    5.031
9743				    10.266
9749				    4.784
9753				    3.731
9758				    4.649
9763				    4.649
9768				    4.649
9773				    7.521
9778				    7.521
9783				    5.099
9788				    6.291
9793				    6.291
9798				    6.291
9803				    10.209
9808				    10.209
9813				    14.893
9819				    7.962
9830				    6.771
9841				    5.35
9852				    6.551
9863				    3.579
9874				    3.619
9885				    4.451
9896				    4.316
9907				    6.568
9918				    8.681
9929				    8.681
9939				    8.681
9950				    13.089
9961				    4.964
9972				    4.964
9983				    10.907
9994				    4.922
10005				    4.922
10016				    4.922
10027				    10.764
10038				    4.054
10048				    2.995
10059				    5.331
10070				    5.331
10081				    9.173
10092				    9.374
10103				    13.191
10114				    17.532
10125				    27.306
10136				    27.306
10147				    27.306
10157				    34.907
10168				    34.907
10179				    35.822
10190				    35.822
10201				    14.477
10212				    11.129
10223				    14.171
10234				    15.59
10245				    9.162
10256				    9.853
10267				    13.497
10277				    20.436
10288				    20.436
10300				    20.835
10311				    13.369
10322				    8.02
10333				    8.02
10344				    15.916
10355				    9.374
10366				    8.065
10377				    8.065
10388				    7.588
10398				    2.987
10409				    2.987
10420				    7.907
10431				    4.223
10442				    3.968
10453				    6.017
10464				    6.095
10474				    6.095
10485				    15.99
10496				    11.101
10507				    9.142
10518				    9.032
10528				    7.596
10539				    6.747
10550				    7.56
10561				    11.563
10572				    12.457
10583				    12.804
10593				    8.812
10604				    5.076
10615				    9.05
10626				    11.021
10637				    11.021
10648				    13.389
10660				    13.389
10670				    13.389
10681				    16.119
10692				    12.065
10703				    9.523
10714				    9.523
10725				    7.537
10736				    6.251
10747				    6.251
10758				    7.844
10769				    8.214
10781				    4.738
10792				    3.794
10803				    2.145
10814				    2.369
10825				    1.377
10836				    1.441
10847				    3.723
10858				    4.036
10869				    4.036
10880				    5.71
10891				    7.558
10901				    7.671
10912				    7.671
10923				    10.937
10934				    8.382
10945				    4.128
10956				    3.149
10967				    5.571
10978				    5.571
10989				    4.737
11000				    4.737
11011				    6.729
11022				    5.184
11032				    6.325
11043				    4.965
11054				    4.372
11065				    7.069
11076				    8.484
11087				    9.171
11099				    9.171
11110				    7.038
11121				    8.7
11132				    8.7
11142				    8.803
11154				    5.968
11164				    5.968
11175				    5.262
11186				    7.374
11197				    7.374
11208				    6.173
11219				    6.813
11230				    6.813
11241				    5.894
11252				    9.565
11262				    9.565
11273				    9.565
11284				    5.183
11295				    7.6
11306				    7.667
11317				    6.513
11327				    4.837
11338				    4.837
11349				    4.971
11360				    5.525
11371				    2.637
11382				    3.818
11393				    3.569
11404				    3.569
11415				    1.304
11426				    6.021
11437				    7.697
11448				    7.697
11459				    7.697
11470				    12.205
11481				    12.205
11491				    14.978
11503				    12.773
11513				    12.773
11524				    6.503
11535				    8.597
11546				    8.597
11557				    1.287
11568				    3.736
11579				    0.637
11590				    1.035
11600				    6.688
11611				    6.688
11622				    7.907
11633				    4.209
11644				    3.323
11655				    0.706
11666				    3.822
11677				    5.223
11688				    6.898
11698				    2.828
11709				    3.649
11720				    4.139
11731				    5.945
11742				    5.579
11753				    5.32
11764				    5.413
11775				    5.413
11786				    4.371
11797				    5.269
11807				    6.078
11818				    6.078
11829				    6.802
11840				    13.5
11851				    13.5
11862				    11.299
11874				    10.822
11884				    9.937
11895				    10.099
11906				    12.525
11917				    7.289
11928				    7.364
11939				    8.874
11950				    8.874
11960				    8.874
11972				    8.535
11983				    8.767
11994				    9.368
12005				    10.557
12016				    1.505
12027				    3.814
12038				    3.814
12048				    4.051
12059				    6.983
12070				    1.96
12081				    3.593
12092				    3.463
12103				    3.269
12114				    3.269
12124				    6.277
12135				    12.806
12146				    12.806
12157				    8.945
12167				    6.889
12178				    4.886
12189				    4.886
12200				    0.812
12211				    5.166
12222				    4.182
12232				    5.029
12243				    3.177
12254				    3.183
12265				    5.226
12276				    4.466
12287				    4.466
12298				    6.684
12309				    6.88
12320				    6.88
12331				    10.517
12342				    10.517
12353				    10.813
12364				    10.813
12375				    16.903
12386				    22.102
12396				    22.858
12407				    22.858
12418				    16.977
12429				    16.88
12440				    11.03
12451				    8.36
12462				    9.479
12473				    5.51
12484				    5.51
12495				    4.313
12506				    4.313
12517				    9.916
12528				    9.916
12539				    5.696
12550				    7.688
12561				    16.112
12572				    16.112
12583				    10.508
12594				    10.006
12604				    10.006
12615				    10.006
12626				    10.087
12637				    10.087
12648				    11.478
12659				    11.478
12670				    11.348
12681				    7.752
12692				    7.752
12703				    4.247
12714				    2.84
12724				    1.786
12735				    1.314
12746				    1.314
12757				    9.024
12768				    3.997
12779				    3.997
12790				    3.997
12801				    9.519
12811				    6.724
12822				    6.724
12833				    6.724
12844				    3.63
12855				    3.63
12866				    4.375
12877				    4.375
12887				    4.375
12898				    3.714
12909				    2.353
12920				    2.353
12931				    4.807
12942				    4.403
12953				    4.72
12964				    1.315
12975				    0.973
12986				    5.31
12998				    5.31
13009				    7.229
13020				    4.496
13031				    4.496
13042				    6.441
13053				    10.586
13064				    8.489
13075				    8.489
13086				    8.489
13096				    11.954
13108				    12.165
13119				    9.49
13129				    9.922
13140				    8.731
13151				    5.71
13162				    6.18
13173				    6.18
13184				    7.217
13195				    5.954
13206				    3.908
13216				    3.908
13227				    9.519
13239				    9.552
13250				    6.102
13260				    5.563
13271				    5.44
13282				    6.276
13293				    6.276
13304				    6.348
13315				    6.348
13326				    7.707
13337				    7.707
13348				    6.511
13359				    6.615
13370				    4.463
13381				    7.589
13392				    7.589
13403				    17.256
13414				    21.972
13425				    20.215
13436				    20.215
13447				    12.675
13458				    8.682
13468				    3.242
13479				    4.12
13490				    3.706
13501				    3.706
13512				    3.706
13523				    3.706
13534				    11.978
13545				    5.018
13556				    6.02
13566				    5.672
13577				    3.987
13588				    3.107
13599				    5.243
13610				    6.27
13621				    8.526
13632				    9.241
13643				    4.173
13654				    4.55
13665				    4.55
13676				    5.66
13687				    11.368
13697				    11.368
13708				    4.769
13719				    4.317
13730				    4.688
13740				    4.085
13751				    3.591
13762				    3.257
13773				    2.769
13784				    4.668
13795				    8.875
13806				    15.128
13817				    11.7
13828				    11.7
13839				    16.691
13850				    17.718
13860				    18.712
13871				    15.931
13882				    18.401
13893				    21.946
13904				    25.568
13915				    21.608
13927				    17.389
13938				    17.833
13949				    14.603
13960				    14.961
13971				    13.165
13982				    11.209
13992				    5.914
14003				    7.348
14014				    8.962
14025				    8.962
14036				    8.962
14047				    13.785
14058				    5.421
14068				    5.676
14079				    5.676
14090				    9.426
14101				    9.821
14112				    7.584
14123				    4.794
14134				    5.217
14145				    5.336
14156				    5.336
14167				    3.38
14178				    4.533
14188				    4.533
14199				    3.138
14210				    1.995
14221				    2.864
14232				    2.864
14243				    1.955
14254				    2.722
14265				    5.322
14276				    8.123
14287				    8.123
14298				    10.167
14308				    6.484
14320				    5.379
14331				    7.337
14342				    10.628
14353				    5.639
14364				    7.362
14375				    6.201
14386				    3.739
14396				    3.301
14407				    3.301
14418				    4.285
14429				    7.26
14440				    5.938
14451				    6.141
14462				    5.787
14473				    3.959
14483				    5.511
14494				    5.511
14505				    2.595
14516				    3.073
14527				    3.073
14538				    3.073
14549				    3.073
14560				    7.432
14571				    10.529
14582				    14.144
14593				    14.122
14604				    12.888
14615				    6.852
14626				    6.263
14637				    6.283
14648				    5.207
14659				    2.991
14670				    6.188
14681				    6.583
14692				    5.058
14703				    5.075
14714				    4.816
14725				    4.816
14736				    3.142
14747				    5.253
14758				    5.253
14769				    5.253
14780				    5.253
14791				    5.253
14801				    15.896
14812				    16.162
14823				    14.617
14834				    10.141
14845				    7.659
14856				    2.314
14867				    3.137
14878				    3.403
14889				    3.65
14900				    1.775
14911				    4.923
14922				    7.049
14932				    3.965
14943				    4.132
14954				    4.712
14965				    4.712
14976				    4.712
14987				    4.712
14998				    4.712
15009				    15.025
15020				    15.025
15030				    15.025
15041				    15.025
15052				    15.025
15063				    23.423
15074				    23.423
15084				    30.829
15095				    30.829
15106				    30.829
15117				    40.659
15128				    33.536
15139				    31.259
15150				    13.402
15161				    10.133
15172				    10.133
15183				    12.035
15194				    12.674
15204				    11.037
15216				    7.566
15226				    5.977
15237				    7.718
15248				    12.076
15259				    5.88
15270				    4.599
15281				    3.845
15292				    3.845
15303				    6.047
15314				    6.047
15325				    6.047
15336				    16.51
15347				    16.51
15358				    16.51
15369				    16.51
15380				    16.51
15390				    16.51
15401				    16.51
15412				    16.51
15423				    16.51
15434				    16.51
15444				    16.51
15455				    16.51
15466				    41.653
15477				    41.653
15488				    41.653
15499				    41.653
15510				    41.653
15521				    41.653
15532				    41.653
15543				    41.653
15554				    41.653
15564				    41.653
15575				    83.81
15586				    83.81
15597				    83.81
15608				    97.691
15619				    97.691
15630				    101.461
15641				    14.063
15652				    14.063
15663				    13.975
15674				    10.356
15685				    6.631
15696				    5.3
15706				    3.473
15717				    3.506
15728				    5.609
15739				    5.609
15746				    3.703
15751				    4.793
15756				    6.108
15761				    9.31
15766				    9.31
15771				    13.712
15776				    11.874
15781				    11.874
15786				    11.874
15791				    10.57
15796				    10.57
15801				    10.57
15808				    15.153
15814				    15.153
15821				    15.153
15828				    22.11
15835				    23.047
15841				    23.047
15848				    23.047
15855				    23.047
15865				    23.047
15875				    23.047
15885				    23.047
15895				    33.786
15905				    32.302
15915				    32.302
15925				    32.302
15934				    32.302
15944				    32.302
15954				    32.302
15964				    32.302
15974				    32.302
15984				    32.302
15994				    32.302
16004				    32.302
16014				    32.302
16024				    32.302
16034				    32.302
16044				    36.83
16054				    36.83
16064				    37.272
16074				    31.216
16084				    31.216
16094				    31.216
16104				    20.411
16114				    11.604
16123				    7.133
16133				    7.133
16143				    2.811
16153				    3.994
16163				    5.027
16173				    5.027
16183				    5.027
16193				    5.565
16203				    4.869
16212				    5.371
16222				    5.734
16232				    4.333
16242				    17.784
16252				    35.186
16262				    40.755
16271				    42.491
16281				    31.16
16292				    31.16
16302				    31.16
16311				    3.381
16321				    3.958
16331				    3.862
16341				    3.854
16351				    6.676
16360				    5.045
16370				    5.045
16380				    6.07
16390				    7.63
16400				    5.403
16410				    1.818
16420				    5.241
16430				    5.761
16440				    5.761
16450				    6.935
16460				    2.673
16470				    2.897
16480				    3.784
16490				    3.895
16500				    5.508
16510				    10.802
16520				    8.042
16530				    8.042
16540				    3.282
16550				    6.468
16560				    6.468
16570				    7.812
16580				    7.977
16590				    7.977
16600				    5.71
16609				    4.664
16619				    3.876
16629				    3.876
16639				    8.478
16649				    5.372
16659				    5.372
16669				    7.377
16679				    5.698
16689				    5.698
16700				    4.077
16711				    5.771
16722				    5.771
16733				    6.291
16744				    7.018
16756				    6.839
16767				    6.839
16778				    6.839
16788				    2.832
16799				    4.066
16811				    6.399
16822				    7.475
16832				    7.475
16843				    7.475
16854				    5.343
16865				    3.019
16876				    3.019
16887				    11.41
16897				    8.294
16908				    8.294
16919				    11.486
16931				    5.445
16941				    6.553
16952				    5.026
16963				    5.479
16975				    5.479
16985				    8.762
16996				    10.584
17007				    10.584
17018				    8.936
17029				    8.545
17040				    3.905
17052				    3.958
17063				    3.958
17074				    12.249
17085				    7.306
17096				    7.455
17106				    4.559
17117				    4.559
17128				    6.79
17139				    7.097
17151				    8.471
17162				    6.533
17173				    6.533
17184				    8.461
17195				    8.461
17206				    8.461
17216				    8.461
17227				    12.33
17238				    12.33
17249				    12.33
17260				    20.77
17271				    20.77
17282				    26.554
17293				    8.293
17304				    9.803
17315				    5.978
17326				    6.406
17337				    6.406
17348				    8.121
17359				    8.121
17369				    12.92
17380				    13.531
17391				    7.001
17402				    7.001
17413				    7.001
17424				    5.404
17435				    6.678
17446				    6.357
17457				    6.358
17468				    6.358
17479				    6.358
17490				    6.398
17501				    6.398
17511				    6.398
17522				    6.398
17533				    6.398
17544				    6.398
17555				    10.137
17566				    10.137
17577				    12.048
17588				    8.469
17599				    5.058
17610				    5.366
17621				    7.42
17632				    7.42
17643				    8.929
17654				    8.965
17665				    6.092
17676				    6.225
17687				    1.402
17698				    6.285
17709				    6.285
17720				    6.285
17731				    6.285
17741				    6.285
17752				    14.211
17763				    14.211
17774				    14.211
17785				    14.211
17796				    14.211
17807				    14.211
17818				    14.211
17829				    28.528
17840				    28.528
17851				    28.528
17862				    28.528
17872				    28.528
17883				    28.528
17894				    28.528
17905				    28.528
17916				    28.528
17927				    28.528
17938				    28.528
17949				    28.528
17960				    53.746
17971				    53.746
17982				    68.355
17993				    68.355
18004				    85.633
18015				    60.967
18026				    53.35
18037				    14.467
18047				    14.224
18058				    11.688
18069				    12.427
18080				    2.928
18090				    7.387
18101				    6.151
18112				    6.151
18123				    6.853
18134				    6.114
18145				    4.164
18156				    5.859
18167				    10.376
18178				    10.376
18189				    10.376
18199				    10.376
18211				    10.376
18222				    10.376
18232				    27.412
18243				    27.412
18254				    27.412
18265				    27.412
18276				    27.412
18287				    27.412
18298				    27.412
18308				    27.412
18319				    27.412
18330				    27.412
18341				    52.042
18352				    52.042
18363				    52.042
18373				    56.532
18384				    56.532
18395				    56.532
18406				    56.532
18417				    56.532
18428				    56.532
18439				    56.532
18450				    56.532
18461				    56.532
18471				    56.532
18482				    56.532
18493				    56.532
18504				    56.532
18515				    56.532
18526				    56.532
18537				    39.903
18548				    35.418
18559				    16.24
18570				    12.995
18581				    9.913
18592				    9.913
18603				    16.029
18614				    19.502
18624				    17.414
18635				    19.111
18646				    19.111
18657				    19.111
18668				    12.199
18679				    14.293
18689				    15.518
18700				    21.605
18711				    21.605
18722				    25.625
18733				    13.688
18744				    14.138
18755				    7.682
18766				    5.546
18777				    4.313
18788				    4.313
18799				    6.153
18810				    6.153
18821				    51.733
18832				    63.621
18843				    63.621
18854				    52.863
18865				    50.571
18876				    50.571
18887				    24.933
18897				    24.933
18908				    19.816
18919				    12.645
18930				    12.645
18941				    7.819
18952				    7.109
18963				    7.601
18974				    5.985
18985				    2.089
18996				    2.089
19007				    7.084
19018				    6.526
19029				    4.135
19040				    2.303
19051				    5.019
19062				    5.544
19072				    2.112
19083				    1.814
19094				    4.92
19105				    4.467
19116				    3.31
19128				    3.31
19139				    5.623
19150				    6.501
19161				    5.816
19172				    5.655
19182				    7.821
19193				    7.821
19204				    5.01
19215				    5.01
19226				    10.612
19237				    3.717
19248				    4.266
19259				    11.115
19270				    4.033
19281				    4.752
19292				    5.15
19303				    5.15
19314				    4.543
19325				    4.075
19336				    3.955
19347				    9.088
19358				    9.088
19369				    9.088
19380				    12.136
19390				    12.136
19401				    12.136
19412				    10.988
19423				    9.507
19434				    9.507
19445				    5.919
19456				    6.686
19467				    6.686
19478				    6.686
19488				    6.686
19499				    6.686
19510				    10.6
19522				    11.497
19532				    11.623
19543				    8.577
19554				    5.799
19565				    7.948
19577				    12.284
19588				    13.639
19599				    11.59
19610				    8.318
19621				    8.669
19632				    11.667
19643				    11.667
19654				    11.667
19664				    11.667
19676				    11.667
19687				    11.667
19698				    11.667
19708				    11.667
19720				    11.667
19730				    11.667
19741				    11.667
19752				    11.667
19763				    11.667
19774				    44.083
19785				    44.083
19796				    44.083
19807				    63.23
19818				    63.23
19829				    44.481
19840				    41.111
19851				    10.261
19862				    10.401
19873				    10.401
19883				    10.601
19894				    14.196
19905				    14.84
19916				    15.777
19927				    14.658
19938				    9.895
19949				    8.682
19960				    8.682
19970				    8.682
19981				    8.682
19992				    8.682
20003				    8.682
20014				    8.682
20025				    8.682
20036				    8.682
20047				    8.682
20058				    8.682
20068				    8.682
20079				    8.682
20091				    8.682
20102				    8.682
20113				    8.682
20123				    8.682
20135				    24.283
20146				    24.283
20157				    24.283
20168				    29.835
20179				    29.835
20190				    25.966
20200				    16.975
20211				    16.143
20222				    15.494
20233				    8.929
20244				    9.797
20255				    9.797
20266				    7.662
20277				    6.156
20288				    6.696
20298				    6.696
20309				    5.463
20320				    5.463
20331				    5.463
20342				    5.463
20353				    12.33
20364				    12.33
20375				    12.33
20386				    12.33
20396				    12.33
20407				    12.33
20418				    12.33
20429				    12.33
20440				    12.33
20451				    12.33
20462				    12.33
20472				    12.33
20483				    12.33
20494				    12.33
20505				    12.33
20516				    12.33
20527				    12.33
20538				    12.33
20549				    12.33
20560				    12.33
20571				    12.33
20582				    12.33
20593				    12.33
20604				    12.33
20614				    57.425
20625				    6.777
20636				    6.777
20647				    7.872
20658				    8.262
20669				    7.659
20679				    3.254
20690				    3.254
20701				    6.141
20712				    6.141
20723				    6.141
20734				    10.462
20745				    10.462
20756				    10.462
20767				    10.462
20777				    10.462
20788				    10.462
20799				    10.462
20810				    23.037
20821				    23.037
20832				    23.037
20843				    23.037
20854				    23.037
20865				    23.037
20875				    23.037
20887				    23.037
20897				    23.037
20908				    23.037
20919				    23.037
20930				    23.037
20941				    23.037
20952				    23.037
20963				    25.619
20974				    26.374
20985				    15.023
20996				    9.296
21007				    8.893
21018				    8.982
21029				    6.56
21040				    9.784
21051				    9.784
21061				    12.638
21072				    8.337
21083				    6.452
21094				    5.421
21105				    43.934
21116				    45.471
21127				    49.249
21138				    49.249
21148				    22.199
21159				    18.44
21171				    12.547
21181				    8.301
21192				    8.301
21203				    9.048
21214				    10.427
21225				    10.427
21235				    13.035
21246				    16.9
21257				    16.9
21268				    14.6
21279				    16.223
21289				    6.888
21300				    6.719
21311				    6.719
21322				    16.93
21333				    16.799
21344				    16.611
21355				    9.341
21366				    10.845
21376				    10.845
21387				    7.66
21398				    7.96
21409				    7.96
21420				    7.96
21431				    7.966
21442				    8.639
21452				    8.639
21463				    14.753
21474				    13.491
21485				    10.196
21496				    8.237
21507				    5.546
21517				    5.546
21528				    3.765
21539				    4.643
21550				    5.371
21561				    4.669
21572				    6.409
21583				    6.409
21594				    2.833
21604				    5.958
21615				    5.958
21626				    6.491
21637				    4.272
21648				    4.554
21659				    2.358
21670				    2.367
21681				    5.321
21692				    6.728
21703				    6.095
21714				    6.095
21725				    6.095
21736				    12.04
21746				    12.396
21757				    12.396
21768				    8.598
21780				    8.598
21791				    7.696
21802				    11.1
21813				    10.725
21824				    11.786
21835				    14.073
21846				    10.413
21856				    10.413
21867				    17.147
21878				    16.658
21889				    17.032
21900				    15.095
21911				    14.608
21922				    14.608
21933				    14.608
21944				    14.608
21955				    14.608
21965				    24.536
21976				    24.536
21987				    24.536
21998				    24.536
22008				    24.536
22019				    24.536
22031				    37.063
22042				    37.063
22053				    37.063
22063				    37.063
22074				    29.896
22085				    29.896
22096				    29.896
22107				    11.018
22118				    11.018
22129				    11.018
22140				    13.997
22151				    6.021
22162				    6.51
22173				    6.652
22184				    5.542
22195				    5.542
22206				    2.79
22216				    2.79
22227				    2.79
22239				    2.79
22249				    2.79
22260				    2.79
22271				    2.79
22282				    2.79
22293				    2.79
22304				    2.79
22315				    2.79
22326				    18.796
22337				    18.796
22347				    18.796
22358				    18.796
22369				    18.796
22380				    18.796
22391				    18.796
22402				    18.796
22412				    33.899
22423				    33.899
22435				    33.899
22446				    37.216
22456				    37.346
22468				    34.538
22479				    33.988
22490				    12.62
22501				    12.62
22512				    16.822
22523				    21.923
22534				    13.33
22544				    6.822
22555				    3.454
22567				    3.797
22578				    4.526
22588				    4.526
22599				    4.526
22610				    4.526
22621				    12.08
22632				    12.08
22643				    12.08
22654				    12.08
22665				    12.08
22676				    12.08
22686				    12.08
22697				    12.08
22708				    12.08
22719				    12.08
22730				    12.08
22741				    12.08
22752				    12.08
22763				    12.08
22774				    12.08
22785				    12.08
22796				    12.08
22807				    12.08
22818				    12.08
22829				    12.08
22840				    40.638
22851				    40.638
22863				    40.638
22874				    40.638
22885				    40.638
22896				    40.638
22907				    40.638
22917				    40.638
22928				    40.638
22939				    40.638
22950				    40.638
22961				    40.638
22972				    40.638
22983				    40.638
22994				    40.638
23005				    40.638
23016				    40.638
23027				    40.638
23038				    40.638
23049				    87.679
23060				    87.679
23071				    122.011
23082				    77.377
23093				    77.377
23104				    71.297
23115				    8.501
23125				    9.299
23136				    9.299
23147				    4.446
23158				    8.561
23169				    5.477
23180				    5.881
23191				    5.881
23202				    5.881
23213				    5.881
23224				    5.881
23235				    5.881
23246				    5.881
23257				    10.33
23268				    10.33
23279				    10.33
23289				    10.33
23300				    10.33
23311				    10.33
23322				    10.33
23333				    51.109
23344				    51.109
23355				    51.109
23365				    53.767
23376				    27.74
23387				    19.923
23398				    9.142
23408				    13.437
23419				    18.986
23430				    30.389
23441				    23.772
23452				    7.164
23463				    5.356
23474				    5.396
23484				    4.754
23495				    2.41
23506				    2.424
23517				    3.136
23528				    3.206
23539				    3.206
23550				    2.292
23561				    2.386
23572				    2.386
23583				    5.99
23594				    3.003
23605				    3.997
23616				    2.358
23627				    4.316
23638				    3.404
23648				    6.278
23659				    9.577
23670				    14.49
23681				    10.732
23692				    5.62
23704				    7.767
23715				    4.493
23725				    4.493
23736				    4.493
23747				    6.947
23758				    6.966
23769				    4.571
23780				    2.848
23791				    2.149
23802				    2.149
23813				    5.146
23824				    3.595
23835				    3.595
23846				    4.628
23857				    4.628
23868				    5.507
23879				    4.344
23890				    5.225
23900				    3.175
23911				    3.175
23922				    7.986
23933				    10.512
23944				    11.14
23955				    8.089
23966				    6.974
23977				    6.974
23988				    5.929
23999				    5.645
24011				    5.061
24022				    5.139
24032				    4.469
24044				    4.513
24054				    4.288
24065				    5.533
24076				    4.469
24087				    4.62
24098				    4.62
24109				    4.62
24120				    4.62
24131				    17.953
24141				    17.953
24152				    23.4
24163				    20.02
24174				    20.02
24185				    11.751
24196				    7.683
24207				    6.244
24218				    1.548
24228				    1.548
24239				    5.066
24251				    4.873
24261				    4.873
24272				    4.027
24283				    4.027
24294				    4.027
24305				    10.107
24316				    10.107
24327				    15.088
24337				    15.088
24348				    15.088
24359				    15.088
24370				    20.072
24381				    23.213
24392				    23.837
24404				    23.783
24415				    23.783
24426				    3.388
24436				    2.248
24448				    2.248
24459				    2.248
24470				    7.699
24480				    6.061
24491				    6.061
24502				    6.061
24513				    6.061
24524				    7.989
24535				    7.989
24546				    7.989
24556				    7.989
24567				    13.563
24579				    13.563
24590				    13.563
24600				    13.563
24611				    24
24622				    24
24633				    24
24644				    24
24655				    24
24666				    32.369
24677				    32.369
24688				    32.369
24699				    32.369
24710				    32.369
24721				    47.829
24732				    47.829
24743				    60.506
24753				    60.506
24764				    68.652
24775				    72.391
24786				    72.391
24797				    64.368
24808				    56.609
24819				    25.562
24830				    8.961
24840				    10.033
24852				    3.066
24862				    3.066
24873				    3.066
24884				    15.427
24895				    15.484
24906				    15.484
24917				    15.484
24928				    15.484
24939				    26.985
24950				    26.985
24962				    26.985
24972				    26.985
24983				    26.985
24994				    26.985
25005				    26.985
25016				    26.985
25027				    26.985
25038				    26.985
25049				    53.475
25060				    53.475
25071				    53.475
25082				    53.475
25092				    53.475
25103				    53.475
25115				    53.475
25126				    74.672
25137				    74.672
25148				    74.672
25159				    59.502
25169				    59.502
25180				    40.347
25191				    36.428
25202				    11.62
25213				    11.62
25224				    9.825
25235				    7.016
25246				    7.937
25257				    4.828
25267				    5.931
25278				    21.987
25289				    42.784
25300				    48.929
25311				    47.147
25322				    26.182
25333				    21.732
25344				    14.339
25355				    14.339
25366				    7.755
25376				    6.145
25387				    7.332
25398				    3.416
25409				    4.988
25419				    4.988
25430				    5.224
25441				    7.225
25452				    9.799
25463				    6.041
25474				    5.16
25485				    4.543
25496				    4.543
25507				    11.831
25518				    10.637
25528				    4.826
25539				    3.899
25550				    3.899
25561				    3.066
25572				    5.328
25583				    4.794
25594				    4.99
25605				    2.501
25616				    2.665
25627				    1.973
25638				    2.667
25648				    4.909
25660				    8.022
25670				    8.235
25681				    6.61
25692				    6.515
25703				    5.768
25714				    6.643
25725				    8.192
25736				    5.644
25747				    5.644
25758				    6.174
25768				    6.397
25780				    5.829
25790				    5.848
25801				    3.99
25812				    3.99
25824				    2.632
25834				    4.915
25845				    4.915
25856				    4.726
25867				    4.848
25878				    5.314
25889				    3.242
25900				    3.242
25911				    3.242
25922				    8.471
25933				    14.772
25944				    14.772
25955				    6.561
25966				    1.626
25977				    1.992
25988				    2.497
25999				    5.953
26010				    5.857
26020				    6.846
26031				    5.515
26042				    5.445
26053				    4.564
26064				    4.941
26075				    4.941
26086				    4.941
26096				    4.941
26107				    14.712
26118				    14.712
26129				    21.755
26140				    21.755
26152				    11.117
26162				    13.519
26173				    13.351
26184				    9.231
26195				    12.908
26206				    9.135
26217				    5.555
26228				    2.66
26239				    1.595
26250				    1.595
26261				    1.341
26271				    1.454
26282				    1.454
26293				    1.454
26304				    7.231
26315				    7.231
26326				    7.231
26337				    7.231
26348				    10.643
26359				    10.643
26370				    9.58
26380				    6.774
26391				    2.412
26403				    2.373
26414				    3.84
26425				    3.935
26436				    3.768
26447				    3.133
26458				    3.133
26468				    3.09
26479				    3.09
26490				    3.09
26501				    3.09
26512				    3.09
26523				    3.09
26533				    3.09
26544				    3.09
26555				    3.09
26566				    3.09
26577				    3.09
26588				    3.09
26598				    3.09
26609				    3.09
26620				    29.472
26631				    38.08
26642				    44.523
26653				    44.523
26664				    49.366
26675				    53.304
26685				    53.304
26697				    53.304
26707				    58.787
26718				    60.815
26729				    43.292
26740				    10.318
26751				    10.318
26762				    11.619
26773				    1.178
26784				    6.96
26795				    8.856
26805				    5.063
26816				    5.063
26827				    5.063
26838				    5.063
26849				    5.063
26860				    16.733
26871				    16.733
26882				    16.733
26892				    16.733
26903				    16.733
26914				    16.733
26925				    16.733
26936				    16.733
26947				    16.733
26959				    16.733
26970				    16.733
26980				    16.733
26991				    16.733
27002				    16.733
27013				    16.733
27024				    16.733
27035				    16.733
27046				    16.733
27057				    24.96
27068				    18.329
27079				    9.631
27090				    4.605
27100				    5.612
27112				    5.807
27123				    5.807
27133				    11.097
27144				    11.097
27155				    11.097
27166				    11.719
27177				    7.288
27188				    6.865
27198				    15.19
27209				    23.753
27220				    23.753
27231				    38.155
27242				    42.913
27253				    38.336
27264				    38.336
27275				    38.336
27286				    9.824
27296				    9.824
27307				    9.824
27318				    10.395
27329				    6.465
27340				    5.199
27350				    5.598
27361				    5.724
27372				    6
27383				    6.555
27395				    7.83
27406				    7.83
27416				    7.83
27427				    7.219
27438				    7.607
27449				    8.351
27460				    8.351
27471				    3.485
27482				    3.925
27493				    6.32
27503				    5.429
27514				    6.465
27525				    2.933
27536				    6.38
27547				    6.38
27557				    9.042
27568				    4.285
27579				    8.958
27590				    10.164
27601				    3.554
27612				    3.768
27623				    3.768
27633				    3.768
27644				    14.128
27655				    4.959
27666				    5.394
27677				    3.281
27687				    3.294
27698				    5.699
27709				    6.423
27720				    6.32
27731				    2.759
27741				    2.518
27752				    4.552
27763				    3.987
27774				    3.987
27785				    7.334
27796				    6.532
27807				    6.6
27817				    6.6
27828				    6.768
27839				    6.768
27850				    6.839
27861				    7.656
27872				    9.284
27883				    9.284
27894				    9.284
27905				    13.739
27915				    18.279
27926				    16.894
27937				    5.704
27948				    9.258
27959				    9.258
27970				    10.471
27980				    4.486
27991				    5.624
28002				    5.624
28013				    8.051
28024				    6.757
28035				    5.42
28046				    5.086
28057				    6.225
28068				    6.225
28078				    6.225
28089				    11.025
28100				    11.025
28111				    11.025
28122				    15.88
28133				    15.88
28144				    21.045
28155				    22.218
28166				    11.905
28176				    11.905
28187				    12.083
28198				    12.083
28209				    12.083
28219				    15.915
28230				    5.9
28241				    5.9
28252				    4.999
28263				    6.273
28274				    5.591
28285				    5.591
28296				    8.95
28307				    8.318
28317				    8.318
28328				    10.101
28339				    10.101
28350				    10.101
28361				    13.485
28372				    13.485
28382				    13.485
28393				    13.485
28404				    13.485
28415				    18.524
28426				    18.524
28437				    18.524
28448				    18.524
28459				    18.524
28470				    30.74
28480				    39.54
28491				    34.973
28502				    29.14
28513				    18.724
28524				    17.394
28535				    17.384
28546				    11.699
28556				    8.721
28567				    6.298
28578				    6.298
28589				    6.298
28600				    3.738
28611				    3.738
28622				    7.277
28632				    9.608
28643				    9.608
28654				    12.849
28665				    12.849
28676				    15.101
28687				    15.101
28698				    15.101
28709				    15.101
28720				    26.609
28731				    31.546
28742				    31.546
28753				    31.546
28764				    31.546
28774				    31.546
28785				    31.546
28796				    31.546
28807				    43.573
28818				    43.573
28828				    45.08
28839				    45.08
28850				    45.08
28861				    45.08
28872				    45.08
28883				    45.08
28894				    44.438
28905				    44.621
28916				    44.621
28927				    19.054
28938				    12.172
28949				    12.172
28960				    1.072
28970				    2.837
28981				    4.552
28992				    4.552
29003				    3.432
29014				    2.597
29025				    2.597
29036				    7.712
29046				    7.712
29057				    7.712
29068				    17.344
29079				    19.144
29090				    19.144
29101				    19.144
29112				    21.979
29123				    21.979
29134				    21.979
29145				    26.093
29156				    26.093
29167				    41.757
29177				    40.129
29188				    16.526
29199				    12.894
29210				    12.828
29220				    3.211
29231				    2.125
29242				    6.987
29253				    6.987
29264				    11.81
29275				    22.3
29285				    9.322
29296				    7.636
29307				    9.246
29318				    6.495
29328				    1.183
29339				    1.183
29350				    1.872
29361				    7.217
29372				    7.217
29383				    9.481
29393				    4.569
29405				    5.739
29415				    5.739
29426				    4.366
29437				    4.366
29448				    3.664
29459				    6.395
29469				    5.594
29480				    6.763
29491				    3.289
29502				    7.003
29513				    5.297
29524				    4.011
29534				    1.942
29545				    1.942
29556				    4.797
29566				    4.797
29577				    8.473
29588				    8.63
29599				    7.524
29610				    1.885
29620				    3.537
29631				    4.943
29642				    6.385
29653				    3.327
29664				    5.194
29675				    5.194
29686				    2.579
29697				    1.708
29708				    4.174
29719				    2.688
29730				    2.822
29740				    2.822
29751				    2.568
29762				    7.77
29773				    5.912
29784				    5.912
29795				    5.183
29805				    4.88
29816				    4.88
29827				    0.881
29838				    5.24
29849				    5.274
29860				    7.382
29871				    6.626
29882				    6.626
29893				    8.808
29904				    8.576
29915				    1.425
29926				    4.544
29937				    4.511
29948				    2.789
29958				    3.118
29969				    4.944
29980				    13.215
29991				    8.848
30002				    8.848
30013				    8.848
30024				    18.598
30035				    12.904
30046				    9.298
30056				    9.298
30067				    9.298
30078				    9.298
30089				    14.433
30099				    19.066
30111				    19.066
30121				    28.022
30132				    28.022
30143				    13.512
30155				    13.512
30166				    1.601
30176				    1.601
30187				    7.613
30198				    7.648
30209				    4.591
30221				    4.764
30232				    6.33
30243				    4.634
30254				    4.634
30264				    4.634
30275				    13.31
30286				    13.78
30297				    13.78
30308				    13.78
30319				    13.78
30329				    25.383
30340				    25.383
30351				    25.383
30362				    29.464
30373				    29.464
30384				    34.008
30395				    34.008
30406				    33.397
30417				    28.222
30428				    23.926
30439				    23.883
30449				    12.21
30460				    10.245
30471				    6.196
30482				    10.75
30493				    10.75
30504				    15.29
30515				    11.067
30526				    8.654
30537				    8.654
30548				    8.826
30559				    10.371
30570				    10.371
30581				    15.818
30592				    15.818
30603				    19.809
30614				    17.837
30624				    17.761
30635				    17.761
30646				    19.176
30657				    19.176
30668				    19.176
30679				    19.176
30690				    19.176
30701				    19.176
30712				    19.176
30723				    19.176
30734				    19.176
30744				    19.176
30755				    34.734
30766				    39.117
30777				    39.117
30788				    39.117
30800				    39.117
30811				    39.117
30822				    50.495
30832				    50.495
30843				    50.495
30854				    50.495
30865				    67.717
30876				    66.174
30887				    66.174
30898				    66.174
30909				    70.893
30920				    26.981
30931				    11.415
30941				    3.25
30952				    3.814
30963				    7.74
30974				    4.139
30985				    2.549
30996				    2.549
31007				    8.604
31018				    8.604
31028				    9.488
31040				    9.876
31051				    9.876
31061				    9.876
31072				    9.876
31083				    15.408
31094				    15.408
31105				    15.408
31116				    22.635
31127				    22.635
31137				    22.635
31148				    34.27
31159				    34.27
31170				    34.27
31181				    34.27
31192				    34.27
31203				    42.925
31213				    42.925
31224				    42.925
31235				    42.925
31246				    27.111
31256				    28.066
31267				    39.779
31278				    27.557
31289				    27.557
31300				    9.841
31311				    5.65
31322				    5.789
31332				    2.952
31343				    5.861
31352				    4.731
31358				    5.542
31364				    5.542
31370				    5.769
31375				    7.611
31381				    7.611
31387				    7.611
31393				    30.659
31398				    33.058
31404				    38.109
31410				    38.295
31415				    38.295
31421				    38.295
31427				    33.71
31434				    33.71
31440				    15.749
31446				    15.749
31452				    15.749
31458				    15.749
31465				    11.454
31471				    11.454
31477				    5.149
31483				    5.149
31490				    5.149
31497				    4.559
31505				    5.329
31514				    5.329
31522				    7.257
31531				    7.257
31539				    7.257
31548				    4.518
31556				    3.606
31565				    4.492
31573				    7.966
31581				    8.225
31590				    3.222
31599				    3.222
31607				    3.698
31616				    4.294
31624				    2.555
31633				    4.158
31642				    4.74
31650				    4.74
31659				    3.069
31667				    3.069
31676				    3.069
31684				    9.905
31693				    5.044
31701				    4.399
31710				    3.348
31719				    4.94
31727				    6.649
31736				    10.788
31745				    10.788
31753				    13.944
31762				    10.887
31771				    8.946
31779				    5.142
31788				    3.613
31796				    3.613
31805				    5.273
31813				    5.078
31822				    1.087
31830				    0.765
31839				    9.057
31847				    7.743
31856				    5.985
31864				    5.527
31873				    5.527
31881				    5.311
31890				    5.311
31898				    5.311
31907				    7.072
31916				    5.793
31924				    3.86
31933				    6.253
31942				    6.253
31950				    6.487
31959				    6.487
31968				    7.115
31976				    7.115
31985				    6.324
31994				    1.787
32003				    0.716
32011				    0.716
32020				    7.061
32028				    8.613
32037				    8.613
32046				    8.613
32055				    12.449
32064				    5.07
32073				    3.209
32082				    3.209
32090				    3.651
32099				    3.651
32107				    3.651
32116				    3.651
32124				    10.806
32134				    7.102
32144				    5.975
32155				    5.998
32166				    6.638
32177				    2.775
32188				    2.775
32199				    4.64
32210				    6.385
32220				    3.863
32231				    3.863
32242				    5.312
32253				    3.477
32264				    7.068
32275				    7.324
32286				    7.324
32297				    7.324
32308				    7.324
32319				    7.324
32330				    14.827
32340				    14.827
32352				    18.193
32363				    15.073
32374				    15.073
32385				    10.659
32395				    4.561
32407				    2.838
32418				    2.838
32429				    3.556
32439				    5.12
32450				    7.07
32461				    7.772
32472				    7.599
32483				    7.599
32494				    5.836
32504				    6.283
32515				    6.283
32526				    6.283
32537				    6.283
32548				    6.283
32559				    6.283
32570				    10.302
32581				    11.409
32592				    11.409
32603				    11.409
32614				    13.527
32625				    16.302
32636				    6.147
32646				    6.147
32657				    8.806
32668				    6.066
32679				    6.066
32691				    6.375
32701				    5.471
32712				    5.411
32723				    5.491
32734				    4.181
32745				    7.855
32756				    7.855
32767				    7.855
32778				    7.855
32789				    7.855
32800				    7.855
32811				    7.855
32822				    7.855
32833				    7.855
32844				    7.855
32855				    7.855
32866				    7.855
32877				    7.855
32888				    7.855
32899				    44.448
32910				    44.448
32921				    44.448
32932				    44.448
32943				    62.61
32953				    62.61
32964				    76.29
32975				    76.29
32986				    76.29
32997				    76.29
33008				    84.914
33019				    78.335
33030				    65.039
33041				    36.554
33052				    36.554
33063				    32.133
33074				    10.3
33084				    11.581
33096				    12.582
33107				    14.315
33118				    15.431
33129				    10.258
33140				    10.258
33151				    5.4
33162				    5.265
33173				    5.265
33184				    5.265
33195				    5.265
33206				    5.265
33217				    5.265
33228				    5.265
33239				    17.958
33249				    17.958
33261				    17.958
33271				    17.958
33282				    17.958
33293				    17.958
33304				    17.958
33315				    17.958
33326				    17.958
33337				    17.958
33348				    17.958
33359				    17.958
33370				    17.958
33381				    17.958
33392				    17.958
33402				    17.958
33414				    17.958
33424				    17.958
33435				    17.958
33446				    17.958
33457				    68.219
33468				    29.557
33479				    19.772
33491				    11.099
33502				    8.048
33512				    7.895
33523				    5.622
33534				    5.622
33545				    3.714
33556				    3.714
33567				    4.886
33578				    4.886
33588				    4.162
33599				    6.158
33611				    6.158
33622				    7.652
33633				    7.652
33644				    20.984
33655				    49.485
33665				    49.485
33676				    49.485
33687				    25.973
33698				    21.612
33708				    21.612
33719				    14.052
33730				    10.871
33741				    10.152
33752				    10.152
33763				    8.986
33774				    4.357
33785				    8.578
33796				    8.021
33807				    3.855
33819				    3.808
33830				    3.497
33840				    4.45
33851				    4.537
33863				    6.131
33873				    7.737
33884				    9.212
33895				    2.935
33906				    5.919
33917				    11.925
33928				    14.983
33939				    10.944
33950				    9.47
33961				    8.107
33972				    4.029
33983				    3.33
33994				    3.243
34004				    5.463
34015				    3.712
34026				    3.423
34038				    2.377
34049				    2.377
34060				    2.237
34071				    4.28
34081				    3.56
34092				    3.212
34104				    3.288
34115				    7.534
34125				    7.534
34136				    7.534
34147				    11.813
34158				    11.813
34169				    11.813
34180				    11.324
34191				    11.299
34202				    3.489
34213				    1.62
34224				    2.145
34235				    2.145
34246				    2.378
34257				    2.378
34267				    2.378
34278				    3.769
34289				    4.463
34300				    3.792
34311				    3.17
34322				    2.253
34333				    3.967
34344				    8.695
34355				    3.593
34366				    3.593
34377				    3.593
34388				    3.593
34399				    11.303
34410				    11.303
34421				    20.657
34432				    7.262
34443				    5.003
34454				    4.79
34465				    4.054
34476				    6.851
34487				    4.034
34498				    2.855
34509				    3.007
34520				    3.007
34531				    2.798
34542				    4.282
34553				    4.282
34564				    8.334
34575				    8.334
34586				    12.765
34597				    10.027
34608				    10.027
34619				    13.901
34629				    8.505
34640				    6.882
34651				    6.882
34662				    16.12
34673				    12.361
34684				    3.407
34695				    3.407
34706				    4.791
34717				    3.591
34728				    3.83
34739				    4.317
34750				    4.317
34761				    3.289
34772				    5.226
34783				    5.526
34794				    5.526
34805				    8.589
34816				    8.68
34827				    8.68
34838				    8.68
34849				    8.68
34860				    14.768
34871				    14.768
34883				    14.768
34894				    22.074
34905				    21.503
34916				    21.503
34927				    23.887
34938				    20.672
34948				    15.249
34960				    4.438
34971				    3.743
34982				    5.143
34993				    5.097
35004				    6.816
35015				    6.816
35026				    6.915
35037				    7.346
35048				    7.494
35059				    7.313
35070				    7.313
35081				    4.247
35093				    4.247
35104				    7.95
35115				    9.517
35126				    9.517
35137				    9.295
35148				    9.295
35159				    14.923
35170				    14.923
35181				    14.923
35192				    14.923
35204				    14.923
35215				    14.923
35225				    22.826
35236				    22.826
35248				    22.826
35259				    24.792
35269				    24.792
35282				    24.792
35293				    24.792
35304				    34.908
35315				    34.908
35326				    34.908
35337				    34.908
35348				    49.63
35359				    47.142
35370				    47.142
35381				    41.846
35392				    11.194
35403				    7.484
35414				    10.373
35425				    2.829
35436				    4.529
35447				    4.529
35458				    4.529
35469				    4.415
35480				    4.415
35491				    6.234
35502				    5.246
35513				    5.246
35524				    10.791
35535				    5.644
35546				    9.3
35557				    9.3
35568				    11.887
35579				    11.887
35589				    11.887
35600				    14.921
35611				    20.026
35623				    20.026
35634				    20.026
35645				    26.934
35656				    26.934
35667				    26.934
35678				    26.934
35689				    28.816
35700				    28.767
35711				    30.863
35722				    37.654
35733				    37.458
35744				    31.191
35755				    31.191
35766				    7.354
35777				    8.263
35787				    6.837
35798				    6.813
35809				    7.706
35820				    4.996
35831				    5.287
35842				    2.597
35853				    5.695
35864				    18.329
35874				    26.984
35885				    27.154
35896				    23.572
35907				    20.344
35918				    20.344
35929				    8.374
35940				    8.165
35951				    5.234
35961				    3.045
35972				    3.045
35983				    12.298
35994				    6.859
36005				    7.239
36016				    7.239
36027				    4.823
36038				    4.823
36048				    6.316
36059				    6.316
36070				    6.426
36081				    5.726
36092				    5.726
36103				    5.726
36114				    6.913
36125				    8.528
36136				    5.975
36147				    5.975
36157				    1.527
36168				    1.527
36180				    3.44
36191				    4.866
36201				    3.212
36212				    4.427
36223				    1.626
36234				    8.105
36245				    6.39
36256				    6.925
36267				    6.925
36278				    6.925
36289				    6.929
36300				    4.579
36311				    6.192
36321				    6.039
36332				    6.039
36343				    2.438
36354				    5.73
36365				    5.371
36376				    4.974
36387				    4.972
36398				    5.344
36409				    5.344
36419				    12.012
36430				    10.197
36441				    10.197
36452				    16.641
36464				    8.802
36475				    4.323
36486				    4.323
36496				    7.436
36507				    7.429
36518				    4.547
36529				    8.524
36540				    4.888
36551				    4.888
36562				    10.716
36573				    10.716
36584				    20.243
36595				    7.247
36606				    3.923
36617				    5.351
36628				    7.046
36639				    6.382
36650				    6.382
36660				    5.331
36671				    3.146
36682				    2.88
36693				    2.88
36704				    2.88
36715				    6.059
36726				    4.29
36737				    4.29
36748				    4.313
36759				    3.468
36770				    3.664
36781				    3.664
36792				    3.664
36803				    11.831
36814				    10.058
36825				    12.491
36836				    7.351
36846				    5.963
36857				    5.963
36868				    5.957
36880				    6.35
36891				    4.649
36902				    6.907
36913				    10.278
36923				    6.593
36934				    7.232
36946				    7.622
36956				    3.993
36967				    3.641
36978				    3.641
36989				    3.641
37000				    10.921
37011				    10.921
37022				    10.921
37033				    10.921
37044				    10.921
37054				    10.921
37065				    10.921
37076				    21.907
37087				    30.896
37098				    30.896
37109				    30.896
37119				    30.896
37130				    52.526
37141				    52.526
37152				    45.581
37163				    31.41
37174				    19.887
37185				    6.905
37197				    8.519
37208				    3.305
37219				    5.901
37229				    4.576
37240				    4.576
37251				    4.576
37262				    17.321
