41.159865000	0.059636000
41.219959000	0.059363000
41.220001000	0.059396000
41.220007000	0.059370000
41.220018000	0.059377000
41.226817000	0.066124000
41.226856000	0.066159000
41.226864000	0.066121000
41.226869000	0.066124000
41.226881000	0.066046000
41.226885000	0.066048000
41.259908000	0.039918000
41.266800000	0.046805000
41.266807000	0.046716000
41.266811000	0.046717000
41.266823000	0.046574000
41.266828000	0.039985000
41.266831000	0.039981000
41.266835000	0.039923000
41.266839000	0.039923000
41.266842000	0.039871000
41.274747000	0.047772000
41.281703000	0.054655000
41.281742000	0.054689000
41.281750000	0.054641000
41.281761000	0.054649000
41.281881000	0.054682000
41.281893000	0.054688000
41.299915000	0.039999000
41.299938000	0.040007000
41.299943000	0.040009000
41.306778000	0.046757000
41.314748000	0.047957000
41.321874000	0.055078000
41.321904000	0.055040000
41.321909000	0.055042000
41.321920000	0.054975000
41.321983000	0.055035000
41.321986000	0.055001000
41.321989000	0.055001000
41.321992000	0.054910000
41.321993000	0.054905000
41.321995000	0.054822000
41.322796000	0.055617000
41.322816000	0.055552000
41.322820000	0.055550000
41.322823000	0.055468000
41.322826000	0.055465000
41.322829000	0.055384000
41.322832000	0.055380000
41.322835000	0.055348000
41.330757000	0.063267000
41.330788000	0.056018000
41.330800000	0.056026000
41.337860000	0.056131000
41.337892000	0.056156000
41.337898000	0.056036000
41.337901000	0.056026000
41.337909000	0.056020000
41.337913000	0.055959000
41.337919000	0.055960000
41.337923000	0.055913000
41.337926000	0.055912000
41.337930000	0.055865000
41.338763000	0.056694000
41.346871000	0.064749000
41.353760000	0.053826000
41.353792000	0.053820000
41.353797000	0.053731000
41.353808000	0.047003000
41.353812000	0.039037000
41.379734000	0.057834000
41.379770000	0.057511000
41.379784000	0.057476000
41.386835000	0.064524000
41.386861000	0.064500000
41.386869000	0.064505000
41.386872000	0.064063000
41.386876000	0.064064000
41.386884000	0.064034000
41.386887000	0.064035000
41.386890000	0.063988000
41.386894000	0.063989000
41.386897000	0.063942000
41.386899000	0.063941000
41.386902000	0.063893000
41.386905000	0.063893000
41.386908000	0.063806000
41.387753000	0.064644000
41.399700000	0.076515000
41.399732000	0.076541000
41.399740000	0.076508000
41.406889000	0.083653000
41.406921000	0.076142000
41.406930000	0.076147000
41.406933000	0.076019000
41.406937000	0.076020000
41.406940000	0.075977000
41.406943000	0.075977000
41.406946000	0.069064000
41.406949000	0.069002000
41.406954000	0.068913000
41.406958000	0.068836000
41.407697000	0.069494000
41.422759000	0.084476000
41.422796000	0.084310000
41.422811000	0.084271000
41.422815000	0.084037000
41.422819000	0.075922000
41.439775000	0.085987000
41.439813000	0.085864000
41.439817000	0.085817000
41.446793000	0.092698000
41.446828000	0.092652000
41.446851000	0.092594000
41.446865000	0.092524000
41.446869000	0.092448000
41.446872000	0.092412000
41.446876000	0.092363000
41.446879000	0.067113000
41.446883000	0.067084000
41.446887000	0.067082000
41.446891000	0.066995000
41.454760000	0.074788000
41.461846000	0.081868000
41.461878000	0.081897000
41.461887000	0.081834000
41.461890000	0.081831000
41.461893000	0.081831000
41.461897000	0.081757000
41.461900000	0.081754000
41.461903000	0.081754000
41.461906000	0.081684000
41.461915000	0.081687000
41.461918000	0.081687000
41.461922000	0.081658000
41.479730000	0.099464000
41.479765000	0.099496000
41.479773000	0.099456000
41.479784000	0.099464000
41.486810000	0.106488000
41.486842000	0.106472000
41.486850000	0.106477000
41.486854000	0.106478000
41.486857000	0.106433000
41.486860000	0.106433000
41.486864000	0.106435000
41.486867000	0.106386000
41.486870000	0.100017000
41.486873000	0.100017000
41.486876000	0.100010000
41.486879000	0.099803000
41.486882000	0.099803000
41.486885000	0.099803000
41.486888000	0.099768000
41.486891000	0.099768000
41.487713000	0.100587000
41.487733000	0.100520000
41.487741000	0.100522000
41.487744000	0.100522000
41.495760000	0.108465000
41.502767000	0.115466000
41.502800000	0.115496000
41.502808000	0.115432000
41.502811000	0.115429000
41.502815000	0.115430000
41.502818000	0.115359000
41.502821000	0.115356000
41.502944000	0.115477000
41.502975000	0.115434000
41.502979000	0.115425000
41.502983000	0.115425000
41.502986000	0.115404000
41.502989000	0.115404000
41.503700000	0.116112000
41.503877000	0.116242000
41.511737000	0.123970000
41.518789000	0.131019000
41.518819000	0.119096000
41.518827000	0.119100000
41.518831000	0.119095000
41.518834000	0.119072000
41.518837000	0.119072000
41.518840000	0.119072000
41.518843000	0.111931000
41.518846000	0.111929000
41.518849000	0.111922000
41.518853000	0.111880000
41.519841000	0.112865000
41.527719000	0.120740000
41.542788000	0.135691000
41.542822000	0.135719000
41.542830000	0.135724000
41.542834000	0.135617000
41.542837000	0.135615000
41.542933000	0.135708000
41.542964000	0.135631000
41.542968000	0.135629000
41.542972000	0.135630000
41.542975000	0.135559000
41.542978000	0.135556000
41.542982000	0.135557000
41.542985000	0.135481000
41.542988000	0.135477000
41.542991000	0.135478000
41.542994000	0.135391000
41.542997000	0.135388000
41.543000000	0.135388000
41.557906000	0.150261000
41.557941000	0.150293000
41.557946000	0.150295000
41.557949000	0.150240000
41.557952000	0.150241000
41.557956000	0.150242000
41.557959000	0.150207000
41.557962000	0.150207000
41.557965000	0.150208000
41.557969000	0.150164000
41.557972000	0.135188000
41.557975000	0.135187000
41.557978000	0.135187000
41.557982000	0.134962000
41.558699000	0.135675000
41.558720000	0.135693000
41.558805000	0.135730000
41.558818000	0.135740000
41.558821000	0.135740000
41.558824000	0.135647000
41.558829000	0.135574000
41.558833000	0.135570000
41.558837000	0.135494000
41.559715000	0.136296000
41.567803000	0.144375000
41.574706000	0.151201000
41.574747000	0.151166000
41.574753000	0.151163000
41.574760000	0.134961000
41.574766000	0.134958000
41.574771000	0.134925000
41.574776000	0.134842000
41.582750000	0.142807000
41.589730000	0.149709000
41.589763000	0.142947000
41.589768000	0.142945000
41.589778000	0.142918000
41.589782000	0.142869000
41.599826000	0.152907000
41.599870000	0.152860000
41.599877000	0.152792000
41.599882000	0.152788000
41.606822000	0.159655000
41.606855000	0.159682000
41.606863000	0.159688000
41.606867000	0.159610000
41.606870000	0.159607000
41.614724000	0.167458000
41.614757000	0.167459000
41.614766000	0.167465000
41.629747000	0.182443000
41.629780000	0.182429000
41.629788000	0.182434000
41.629792000	0.182435000
41.629795000	0.182390000
41.629912000	0.182505000
41.629926000	0.182516000
41.629930000	0.182472000
41.629933000	0.182472000
41.629936000	0.182473000
41.629939000	0.182427000
41.629942000	0.182427000
41.629945000	0.182428000
41.629948000	0.182382000
41.629951000	0.182382000
41.629955000	0.182382000
41.629958000	0.182335000
41.629961000	0.182334000
41.644841000	0.197210000
41.644883000	0.197206000
41.644890000	0.197210000
41.644897000	0.190117000
41.644903000	0.190119000
41.644910000	0.190123000
41.644919000	0.190102000
41.644926000	0.183058000
41.644930000	0.183057000
41.644935000	0.183051000
41.644940000	0.182790000
41.644945000	0.182791000
41.644950000	0.182793000
41.644954000	0.182743000
41.644959000	0.182746000
41.644963000	0.182747000
41.645703000	0.183400000
41.645807000	0.183498000
41.645822000	0.183510000
41.645826000	0.183442000
41.645829000	0.183439000
41.645832000	0.183439000
41.645859000	0.183391000
41.645872000	0.183397000
41.645876000	0.183399000
41.667778000	0.205228000
41.667798000	0.205242000
41.667913000	0.205354000
41.667930000	0.205299000
41.674895000	0.212257000
41.674912000	0.212271000
41.674916000	0.195160000
41.674920000	0.195159000
41.674984000	0.195213000
41.675000000	0.195194000
41.675004000	0.195195000
41.675007000	0.195195000
41.675011000	0.195161000
41.675043000	0.195189000
41.675049000	0.188216000
41.675824000	0.188986000
41.675840000	0.188992000
41.675844000	0.188937000
41.675847000	0.188937000
41.681871000	0.194958000
41.681890000	0.194886000
41.681895000	0.194885000
41.681899000	0.194886000
41.681902000	0.194808000
41.681906000	0.194803000
41.682800000	0.195694000
41.690815000	0.203626000
41.697762000	0.210566000
41.697780000	0.210582000
41.697783000	0.210504000
41.697787000	0.210502000
41.697819000	0.210531000
41.697825000	0.210456000
41.697828000	0.210453000
41.697929000	0.210551000
41.697945000	0.210484000
41.697949000	0.210482000
41.697953000	0.210483000
41.697956000	0.210455000
41.697960000	0.210457000
41.697963000	0.210457000
41.697966000	0.210413000
41.697970000	0.210413000
41.697973000	0.210414000
41.698763000	0.211156000
41.698780000	0.211170000
41.698783000	0.211057000
41.706751000	0.219022000
41.713709000	0.225971000
41.713724000	0.225954000
41.713782000	0.226009000
41.713785000	0.226010000
41.713788000	0.225965000
41.713792000	0.218019000
41.713796000	0.211006000
41.713800000	0.210995000
41.728876000	0.226030000
41.728893000	0.225930000
41.728898000	0.225927000
41.728902000	0.225176000
41.728906000	0.225102000
41.728910000	0.225097000
41.729776000	0.225875000
41.737850000	0.233908000
41.744867000	0.240918000
41.744884000	0.240847000
41.744889000	0.240734000
41.744893000	0.240729000
41.744897000	0.240697000
41.744902000	0.233145000
41.759761000	0.240951000
41.759780000	0.240956000
41.759787000	0.240916000
41.759792000	0.240874000
41.766792000	0.247868000
41.766808000	0.247834000
41.766812000	0.247789000
41.766818000	0.247789000
41.766823000	0.247744000
41.766827000	0.247699000
41.766831000	0.247697000
41.789792000	0.269929000
41.789811000	0.262066000
41.789817000	0.247005000
41.789825000	0.246997000
41.789830000	0.246975000
41.796746000	0.253793000
41.796772000	0.253811000
41.796810000	0.238876000
41.796814000	0.238816000
41.796818000	0.238814000
41.804726000	0.246632000
41.819767000	0.261598000
41.819782000	0.261604000
41.819786000	0.261529000
41.819790000	0.261457000
41.819794000	0.261452000
41.819798000	0.261376000
41.819801000	0.261304000
41.819805000	0.261299000
41.820879000	0.262336000
41.820895000	0.262302000
41.820899000	0.262301000
41.820903000	0.262254000
41.839887000	0.281176000
41.839907000	0.281190000
41.839912000	0.281155000
41.846876000	0.288067000
41.846893000	0.288078000
41.846900000	0.288036000
41.862748000	0.303826000
41.869741000	0.310813000
41.869758000	0.310787000
41.869762000	0.310742000
41.869767000	0.310741000
41.870805000	0.311730000
41.876802000	0.317677000
41.876819000	0.317688000
41.876824000	0.317644000
41.876829000	0.317598000
41.876833000	0.317596000
41.876837000	0.317553000
41.899825000	0.340490000
41.899844000	0.340503000
41.899849000	0.340459000
41.906789000	0.347350000
41.906806000	0.347361000
41.906811000	0.347316000
41.906814000	0.347089000
41.906879000	0.347149000
41.915667000	0.347837000
41.922835000	0.354995000
41.922853000	0.348122000
41.922857000	0.348116000
41.922861000	0.348060000
41.922866000	0.348015000
41.922870000	0.348011000
41.930820000	0.355910000
41.937809000	0.362846000
41.937827000	0.362856000
41.937831000	0.362808000
41.937835000	0.362761000
41.937839000	0.362758000
41.937843000	0.362709000
41.945839000	0.370657000
41.952776000	0.377587000
41.952794000	0.370026000
41.952799000	0.370024000
41.952804000	0.363053000
41.952808000	0.363049000
41.952813000	0.363013000
41.960748000	0.370889000
41.960778000	0.370908000
41.960784000	0.370874000
41.967725000	0.377722000
41.967743000	0.377731000
41.967896000	0.377760000
41.967914000	0.377703000
41.967922000	0.368070000
41.967926000	0.368064000
41.975677000	0.375775000
41.982768000	0.382862000
41.982859000	0.382949000
41.982876000	0.382919000
41.982880000	0.382920000
41.982883000	0.382919000
41.982886000	0.382873000
41.982890000	0.382873000
41.982893000	0.382872000
41.982897000	0.382831000
41.982900000	0.382829000
41.983848000	0.383774000
41.983865000	0.383742000
41.983868000	0.377023000
41.983872000	0.377022000
41.983875000	0.377015000
41.983878000	0.376992000
41.999756000	0.392867000
41.999774000	0.392882000
41.999779000	0.392792000
42.006808000	0.399815000
42.006824000	0.399829000
42.006828000	0.399752000
42.006831000	0.392084000
42.006835000	0.392083000
42.006838000	0.392075000
42.006841000	0.392060000
42.006845000	0.392061000
42.006849000	0.392062000
42.006852000	0.377082000
42.006855000	0.377080000
42.006962000	0.377177000
42.006978000	0.377167000
42.006981000	0.377168000
42.006985000	0.377168000
42.007731000	0.377869000
42.007748000	0.377883000
42.007814000	0.377946000
42.007897000	0.377979000
42.007914000	0.377994000
42.007918000	0.377995000
42.007922000	0.363055000
42.007926000	0.363052000
42.007930000	0.363052000
42.007934000	0.362949000
42.008733000	0.363743000
42.008750000	0.363757000
42.016702000	0.371667000
42.023840000	0.378800000
42.023858000	0.378815000
42.023864000	0.378779000
42.023869000	0.378782000
42.023873000	0.378783000
42.031868000	0.386729000
42.038825000	0.393684000
42.038843000	0.393699000
42.038848000	0.393649000
42.038852000	0.393650000
42.038856000	0.393651000
42.038860000	0.393566000
42.038863000	0.393561000
42.038867000	0.393561000
42.038871000	0.393532000
42.038874000	0.393525000
42.038878000	0.393526000
42.038882000	0.393491000
42.038886000	0.393492000
42.039766000	0.394370000
42.039782000	0.394341000
42.039787000	0.394343000
42.039790000	0.394344000
42.039794000	0.394300000
42.039798000	0.394301000
42.039802000	0.394302000
42.047824000	0.402277000
42.054857000	0.409307000
42.054875000	0.409322000
42.054882000	0.409283000
42.054887000	0.409285000
42.054893000	0.409289000
42.054898000	0.409247000
42.054903000	0.409249000
42.054908000	0.409251000
42.054913000	0.409198000
42.054918000	0.409200000
42.054923000	0.409202000
42.054928000	0.409171000
42.063711000	0.417951000
42.063862000	0.418100000
42.063878000	0.418065000
42.063882000	0.418066000
42.063886000	0.418067000
42.063890000	0.418026000
42.086706000	0.440839000
42.086869000	0.440999000
42.086876000	0.440961000
42.086879000	0.440961000
42.086882000	0.440961000
42.086886000	0.440919000
42.086889000	0.440920000
42.086892000	0.440920000
42.086895000	0.440876000
42.086898000	0.440876000
42.086902000	0.440877000
42.147835000	0.060743000
