3.511892000	0.032955000
3.551904000	0.034609000
3.551940000	0.034637000
3.556879000	0.039512000
3.556897000	0.039525000
3.559929000	0.042457000
3.559941000	0.042465000
3.559943000	0.042367000
3.559999000	0.042419000
3.560003000	0.042329000
3.560011000	0.042333000
3.581889000	0.029957000
3.586820000	0.032080000
3.586844000	0.032100000
3.588941000	0.031397000
3.588960000	0.031413000
3.591819000	0.031560000
3.591836000	0.031574000
3.596872000	0.033806000
3.596886000	0.033816000
3.600901000	0.035033000
3.600914000	0.035043000
3.600917000	0.032302000
3.600919000	0.032299000
3.621969000	0.050583000
3.621994000	0.050604000
3.623036000	0.048845000
3.623055000	0.048860000
3.623060000	0.048766000
3.623063000	0.046154000
3.623066000	0.046153000
3.626869000	0.044962000
3.626890000	0.044979000
3.629946000	0.043110000
3.629963000	0.043123000
3.629966000	0.041964000
3.630004000	0.041999000
3.630024000	0.039711000
3.630056000	0.039739000
3.630059000	0.037445000
3.631832000	0.039214000
3.631882000	0.037004000
3.632875000	0.037994000
3.632890000	0.035765000
3.632925000	0.035797000
3.632928000	0.033566000
3.632980000	0.033615000
3.632982000	0.031336000
3.636843000	0.035194000
3.636857000	0.032954000
3.641855000	0.037949000
3.641868000	0.035704000
3.644872000	0.038699000
3.644885000	0.038676000
3.646862000	0.038474000
3.646873000	0.038482000
3.651882000	0.029892000
3.651895000	0.029896000
3.656890000	0.033758000
3.656913000	0.033779000
3.657898000	0.032508000
3.657920000	0.032526000
3.657923000	0.030248000
3.657947000	0.030268000
3.661883000	0.032674000
3.661900000	0.031110000
3.666857000	0.034842000
3.666883000	0.033650000
3.667877000	0.033645000
3.667899000	0.032671000
3.667930000	0.031679000
3.667935000	0.030692000
3.667985000	0.029754000
3.671872000	0.032619000
3.671885000	0.031648000
3.676881000	0.035681000
3.676898000	0.034682000
3.677841000	0.034620000
3.677853000	0.033665000
3.677934000	0.032730000
3.677939000	0.031696000
3.677962000	0.030769000
3.681856000	0.033657000
3.691869000	0.042676000
3.691893000	0.039745000
3.696920000	0.039479000
3.696955000	0.038517000
3.697884000	0.038445000
3.701947000	0.041546000
3.701975000	0.034571000
3.706850000	0.038471000
3.712992000	0.044611000
3.713021000	0.043825000
3.716855000	0.047641000
3.716884000	0.046894000
3.717915000	0.047921000
3.717938000	0.047217000
3.717944000	0.047218000
3.717947000	0.046413000
3.717955000	0.046418000
3.720882000	0.048562000
3.720910000	0.048586000
3.720918000	0.047889000
3.720923000	0.047892000
3.720989000	0.047221000
3.720995000	0.047225000
3.721044000	0.047242000
3.721049000	0.046540000
3.721104000	0.046593000
3.721110000	0.045862000
3.721120000	0.045871000
3.721124000	0.045134000
3.721204000	0.045211000
3.721207000	0.044475000
3.721257000	0.044521000
3.721260000	0.043784000
3.721310000	0.043830000
3.721312000	0.043129000
3.721363000	0.043178000
3.721848000	0.043042000
3.721858000	0.043048000
3.721900000	0.042473000
3.725893000	0.046463000
3.725919000	0.045840000
3.725921000	0.045838000
3.725999000	0.045327000
3.726001000	0.045326000
3.726058000	0.044734000
3.726060000	0.044732000
3.726062000	0.044147000
3.726107000	0.044190000
3.726164000	0.044246000
3.726217000	0.043649000
3.726220000	0.043649000
3.726298000	0.043109000
3.726300000	0.043108000
3.726820000	0.043008000
3.726822000	0.043007000
3.727826000	0.043420000
3.727878000	0.043469000
3.727883000	0.042836000
3.727933000	0.042885000
3.727939000	0.042233000
3.728012000	0.042303000
3.731853000	0.045554000
3.731863000	0.045561000
3.733911000	0.046990000
3.737853000	0.050928000
3.737870000	0.050327000
3.737906000	0.050359000
3.746864000	0.058682000
3.746887000	0.055002000
3.747896000	0.055696000
3.748004000	0.055802000
3.748016000	0.055219000
3.748114000	0.055315000
3.748124000	0.055324000
3.751852000	0.058395000
3.751876000	0.057824000
3.754895000	0.060304000
3.754920000	0.059735000
3.754998000	0.059219000
3.755005000	0.058062000
3.755008000	0.057814000
3.755010000	0.052669000
3.755026000	0.050414000
3.756879000	0.052266000
3.766852000	0.061838000
3.766873000	0.061857000
3.767853000	0.062456000
3.767878000	0.062479000
3.767886000	0.062101000
3.767904000	0.061742000
3.767911000	0.061374000
3.771886000	0.064989000
3.771909000	0.064609000
3.774931000	0.067249000
3.774955000	0.066913000
3.774962000	0.061754000
3.774966000	0.061377000
3.774969000	0.058094000
3.776894000	0.060004000
3.776917000	0.058985000
3.781993000	0.063865000
3.786832000	0.068322000
3.786868000	0.067976000
3.787835000	0.068562000
3.787849000	0.066948000
3.787893000	0.066791000
3.787900000	0.066419000
3.787952000	0.066085000
3.791831000	0.069592000
3.791854000	0.068826000
3.794868000	0.071464000
3.796888000	0.071561000
3.796919000	0.071209000
3.797911000	0.071855000
3.797932000	0.071497000
3.797934000	0.071116000
3.797938000	0.070737000
3.797963000	0.070376000
3.797966000	0.070002000
3.801850000	0.073512000
3.806872000	0.078159000
3.806896000	0.077810000
3.811845000	0.082385000
3.811869000	0.082036000
3.816868000	0.086663000
3.816890000	0.086289000
3.817894000	0.086920000
3.817918000	0.086571000
3.817924000	0.086214000
3.817928000	0.085853000
3.817931000	0.085462000
3.821983000	0.089511000
3.822020000	0.089176000
3.824869000	0.091638000
3.824900000	0.091294000
3.824921000	0.090980000
3.824929000	0.090591000
3.824981000	0.087107000
3.826859000	0.079976000
3.826883000	0.078967000
3.827863000	0.079751000
3.827887000	0.079405000
3.827894000	0.076022000
3.827967000	0.075902000
3.827972000	0.072869000
3.827975000	0.072542000
3.831834000	0.076068000
3.831862000	0.075768000
3.834811000	0.078388000
3.836839000	0.080414000
3.836861000	0.080108000
3.838001000	0.081247000
3.838023000	0.080940000
3.838028000	0.080943000
3.838032000	0.080580000
3.838036000	0.080583000
3.841879000	0.084135000
3.841900000	0.084155000
3.844846000	0.086750000
3.846865000	0.088767000
3.846886000	0.088458000
3.846893000	0.088463000
3.847825000	0.089068000
3.847875000	0.089117000
3.847883000	0.089124000
3.847927000	0.088840000
3.847932000	0.088843000
3.851869000	0.092452000
3.851891000	0.092472000
3.854872000	0.095120000
3.854894000	0.095140000
3.854901000	0.094823000
3.856885000	0.096805000
3.856906000	0.096520000
3.857884000	0.097496000
3.857899000	0.097181000
3.857936000	0.097216000
3.857941000	0.096894000
3.857988000	0.096939000
3.861878000	0.100500000
3.861918000	0.100538000
3.864889000	0.103183000
3.864909000	0.103201000
3.864940000	0.102903000
3.864947000	0.102909000
3.864992000	0.102623000
3.866829000	0.104458000
3.866845000	0.104146000
3.867830000	0.105129000
3.867842000	0.105140000
3.867881000	0.104853000
3.867933000	0.104904000
3.867938000	0.104580000
3.870061000	0.106702000
3.870082000	0.106393000
3.870088000	0.106397000
3.870093000	0.106071000
3.870097000	0.106074000
3.870101000	0.105726000
3.870105000	0.105729000
3.870167000	0.105487000
3.871828000	0.107147000
3.871844000	0.106812000
3.876863000	0.111829000
3.876887000	0.111508000
3.877918000	0.112537000
3.878002000	0.112328000
3.878020000	0.111151000
3.878025000	0.110989000
3.878029000	0.110157000
3.879883000	0.111841000
3.879895000	0.111851000
3.879936000	0.111564000
3.879940000	0.111565000
3.881880000	0.113504000
3.881902000	0.113203000
3.884901000	0.112998000
3.884923000	0.112850000
3.884930000	0.112855000
3.884934000	0.112532000
3.884952000	0.110004000
3.885004000	0.109888000
3.885009000	0.109891000
3.885057000	0.109630000
3.885060000	0.109632000
3.885062000	0.109324000
3.885133000	0.109394000
3.885184000	0.109135000
3.885187000	0.109137000
3.885189000	0.108807000
3.885238000	0.108854000
3.885240000	0.108567000
3.885292000	0.108384000
3.885294000	0.108225000
3.885346000	0.108275000
3.885348000	0.107967000
3.886899000	0.109515000
3.886903000	0.109210000
3.887944000	0.110249000
3.887955000	0.110259000
3.887959000	0.105937000
3.887963000	0.105937000
3.887995000	0.105809000
3.888000000	0.105813000
3.889937000	0.103082000
3.890024000	0.103164000
3.890045000	0.103022000
3.890052000	0.103025000
3.891862000	0.104529000
3.891889000	0.104554000
3.896837000	0.109193000
3.896862000	0.109216000
3.897911000	0.109946000
3.897933000	0.109966000
3.897940000	0.109674000
3.897945000	0.109677000
3.897962000	0.109384000
3.901916000	0.113336000
3.901938000	0.113044000
3.901945000	0.113047000
3.904965000	0.115764000
3.904986000	0.115782000
3.904992000	0.113145000
3.904996000	0.113145000
3.905015000	0.113156000
3.905067000	0.113048000
3.905071000	0.113051000
3.905074000	0.112721000
3.905076000	0.110191000
3.916845000	0.121802000
3.916871000	0.119961000
3.917931000	0.120862000
3.917952000	0.120882000
3.917959000	0.120559000
3.917965000	0.120564000
3.917969000	0.120279000
3.921986000	0.124295000
3.922007000	0.124006000
3.924890000	0.126888000
3.924910000	0.126597000
3.924942000	0.126627000
3.924947000	0.126324000
3.924995000	0.126371000
3.925000000	0.126043000
3.925049000	0.126090000
3.925052000	0.125806000
3.925056000	0.125809000
3.925058000	0.125479000
3.925103000	0.125522000
3.925157000	0.125266000
3.926882000	0.126990000
3.926904000	0.127011000
3.926910000	0.126730000
3.927920000	0.127739000
3.927942000	0.127423000
3.936843000	0.134976000
3.936865000	0.134840000
3.937923000	0.131034000
3.938006000	0.130958000
3.938024000	0.130969000
3.938029000	0.130670000
3.938033000	0.126171000
3.941910000	0.129888000
3.941931000	0.129908000
3.945881000	0.133548000
3.945902000	0.129018000
3.946835000	0.129792000
3.946844000	0.129799000
3.947854000	0.130496000
3.947862000	0.129951000
3.947905000	0.129835000
3.951939000	0.133867000
3.951953000	0.133551000
3.956857000	0.138453000
3.956871000	0.138155000
3.957905000	0.139188000
3.957918000	0.139200000
3.957921000	0.138918000
3.957924000	0.138920000
3.958008000	0.135995000
3.959931000	0.137914000
3.959944000	0.137767000
3.959948000	0.137770000
3.959984000	0.135093000
3.960037000	0.135141000
3.960042000	0.134983000
3.960046000	0.134982000
3.962007000	0.136636000
3.962019000	0.136645000
3.964952000	0.139271000
3.964964000	0.139280000
3.965034000	0.139042000
3.965048000	0.139053000
3.965052000	0.138176000
3.965054000	0.138174000
3.965088000	0.138049000
3.965094000	0.138054000
3.965144000	0.137265000
3.965150000	0.137267000
3.965205000	0.137162000
3.965211000	0.137167000
3.965260000	0.137214000
3.965266000	0.136912000
3.965269000	0.136913000
3.965273000	0.136612000
3.965367000	0.136704000
3.965373000	0.136403000
3.965375000	0.136404000
3.965378000	0.136076000
3.965472000	0.136168000
3.965477000	0.135887000
3.965479000	0.133626000
3.965526000	0.133512000
3.965529000	0.133513000
3.965532000	0.133209000
3.965578000	0.130749000
3.965581000	0.130595000
3.965631000	0.128774000
3.965634000	0.128620000
3.965684000	0.127666000
3.965687000	0.127511000
3.965737000	0.127559000
3.965740000	0.127217000
3.965790000	0.113904000
3.965798000	0.108896000
3.965843000	0.103930000
3.971841000	0.109919000
3.971850000	0.106937000
3.976849000	0.111746000
3.976861000	0.110020000
3.977872000	0.110033000
3.991852000	0.123848000
3.991864000	0.123551000
3.996818000	0.126582000
3.996830000	0.126250000
3.997950000	0.127096000
4.006866000	0.135702000
4.006879000	0.134882000
4.007887000	0.130845000
4.007899000	0.129805000
4.007903000	0.129806000
4.007906000	0.128013000
4.007967000	0.127916000
4.011896000	0.129999000
4.011909000	0.126990000
4.016824000	0.131746000
4.016836000	0.131450000
4.017907000	0.132209000
4.017919000	0.131906000
4.017988000	0.131657000
4.018000000	0.131376000
4.018007000	0.131073000
4.021919000	0.134654000
4.021931000	0.134379000
4.026872000	0.139011000
4.026886000	0.138715000
4.027880000	0.139399000
4.027893000	0.139106000
4.027970000	0.138016000
4.027984000	0.137786000
4.031875000	0.139991000
4.031887000	0.135030000
4.036856000	0.138928000
4.036868000	0.138772000
4.039875000	0.141449000
4.039888000	0.137945000
4.039892000	0.134910000
4.040046000	0.134905000
4.041886000	0.136436000
4.041964000	0.136182000
4.044901000	0.138833000
4.044913000	0.128037000
4.044982000	0.127025000
4.044994000	0.126877000
4.045064000	0.123062000
4.045076000	0.120170000
4.045082000	0.120014000
4.045084000	0.119711000
4.045087000	0.119406000
4.045090000	0.119100000
4.045149000	0.118814000
4.045160000	0.118261000
4.045346000	0.118280000
4.045358000	0.117264000
4.045361000	0.108341000
4.045365000	0.107267000
4.045368000	0.099462000
4.076847000	0.029866000
