1.196508000	0.333523000
1.456001000	0.256585000
1.456013000	0.256589000
1.456023000	0.256532000
1.456028000	0.256531000
1.456085000	0.256472000
1.482922000	0.283304000
1.487928000	0.288231000
1.487942000	0.288240000
1.487979000	0.288200000
1.488956000	0.289173000
1.626027000	0.170019000
1.626032000	0.170022000
1.626035000	0.170009000
1.626099000	0.145544000
1.626111000	0.145551000
1.626189000	0.121145000
1.626198000	0.121151000
1.647053000	0.120928000
1.647066000	0.120940000
1.647933000	0.100702000
1.648970000	0.101738000
1.685935000	0.117597000
1.685970000	0.117629000
1.709000000	0.119559000
1.709008000	0.119565000
1.730918000	0.120337000
1.730928000	0.120343000
1.740969000	0.109309000
1.740978000	0.109316000
1.746384000	0.097732000
1.746390000	0.097736000
1.757362000	0.091706000
1.757365000	0.091706000
1.758939000	0.076247000
1.758952000	0.076255000
1.766152000	0.066502000
1.766202000	0.066548000
1.766258000	0.066546000
1.771049000	0.054373000
1.771101000	0.054421000
1.785950000	0.052307000
1.786002000	0.052357000
1.799009000	0.048651000
1.799014000	0.048654000
1.817307000	0.059084000
1.817311000	0.059086000
1.818126000	0.053037000
1.818128000	0.053037000
1.819052000	0.047097000
1.820966000	0.049010000
1.826455000	0.047966000
1.826503000	0.048013000
1.828915000	0.043890000
1.828964000	0.043938000
1.837951000	0.046387000
1.838981000	0.047416000
1.855939000	0.058021000
1.855949000	0.058029000
1.859018000	0.054741000
1.859067000	0.054789000
1.867952000	0.057497000
1.868973000	0.058517000
1.868978000	0.058492000
1.878995000	0.062361000
1.895942000	0.073129000
1.896221000	0.068582000
1.899211000	0.067187000
1.901096000	0.064974000
1.905972000	0.065725000
1.909004000	0.064900000
1.920967000	0.072976000
1.921105000	0.069234000
1.926061000	0.070306000
1.927982000	0.068292000
1.938957000	0.076009000
1.938982000	0.075997000
1.956010000	0.089795000
1.960970000	0.091467000
1.961016000	0.088655000
1.962986000	0.087764000
1.964001000	0.085923000
1.965929000	0.084992000
1.965952000	0.082114000
1.976108000	0.089423000
1.982943000	0.086983000
1.982958000	0.085562000
1.995972000	0.095717000
1.996100000	0.092986000
1.996149000	0.090168000
1.998996000	0.090223000
2.002932000	0.091608000
2.007945000	0.094071000
2.007962000	0.085696000
2.017935000	0.093177000
2.019174000	0.091924000
2.019194000	0.089504000
2.027920000	0.095915000
2.028991000	0.094672000
2.029008000	0.094688000
2.029013000	0.092370000
2.032937000	0.093973000
2.032956000	0.092870000
2.032988000	0.092901000
2.035998000	0.095859000
2.036015000	0.093843000
2.036019000	0.093843000
2.037923000	0.093628000
2.038940000	0.094643000
2.038959000	0.082944000
2.038961000	0.082943000
2.042898000	0.081912000
2.042950000	0.081960000
2.047963000	0.085931000
2.048978000	0.086945000
2.049017000	0.084902000
2.049020000	0.084901000
2.060968000	0.094874000
2.060984000	0.094887000
2.061052000	0.093272000
2.061102000	0.093320000
2.061162000	0.091738000
2.061166000	0.091740000
2.061266000	0.090175000
2.061270000	0.090177000
2.065982000	0.093223000
2.065997000	0.093236000
2.066003000	0.091557000
2.066121000	0.091673000
2.066126000	0.091643000
2.068918000	0.092803000
2.068931000	0.092815000
2.068986000	0.091228000
2.069032000	0.091273000
2.069085000	0.089644000
2.069195000	0.086241000
2.069246000	0.085492000
2.071119000	0.087363000
2.071132000	0.085825000
2.071140000	0.085832000
2.083959000	0.097191000
2.083984000	0.097215000
2.084030000	0.095753000
2.084174000	0.087439000
2.084229000	0.085984000
2.120995000	0.121212000
2.121006000	0.119743000
2.122895000	0.120123000
2.122908000	0.120105000
2.125942000	0.121660000
2.125961000	0.120166000
2.125965000	0.118006000
2.125971000	0.117163000
2.128058000	0.117808000
2.128953000	0.111000000
2.128964000	0.110260000
2.129005000	0.108886000
2.129013000	0.107456000
2.132929000	0.104996000
2.132940000	0.103935000
2.132980000	0.102880000
2.137904000	0.104251000
2.147003000	0.111981000
2.147055000	0.112031000
2.147059000	0.110668000
2.147107000	0.110715000
2.147110000	0.109360000
2.147161000	0.109409000
2.150940000	0.111830000
2.150951000	0.111840000
2.155912000	0.115548000
2.155923000	0.115558000
2.156891000	0.115271000
2.156942000	0.115320000
2.156952000	0.114076000
2.157016000	0.114107000
2.161116000	0.116986000
2.161141000	0.117010000
2.161173000	0.115757000
2.161232000	0.113261000
2.161285000	0.112680000
2.161288000	0.112293000
2.170952000	0.121117000
2.170972000	0.121136000
2.170977000	0.119918000
2.170980000	0.119920000
2.171004000	0.119872000
2.171008000	0.110033000
2.171068000	0.110080000
2.171120000	0.109516000
2.171122000	0.109516000
2.171125000	0.108301000
2.171173000	0.108348000
2.171176000	0.107078000
2.171228000	0.107127000
2.171230000	0.105242000
2.171282000	0.105281000
2.171287000	0.104671000
2.171336000	0.104719000
2.171340000	0.103528000
2.171390000	0.103577000
2.171418000	0.102410000
2.171422000	0.102413000
2.171507000	0.101409000
2.171514000	0.101415000
2.171518000	0.100402000
2.171607000	0.100490000
2.171614000	0.099534000
2.171661000	0.099579000
2.171677000	0.098609000
2.171716000	0.098647000
2.171769000	0.098669000
2.172970000	0.098913000
2.172977000	0.098919000
2.172984000	0.097912000
2.175911000	0.100838000
2.185977000	0.109944000
2.185987000	0.109953000
2.185990000	0.108970000
2.185992000	0.108971000
2.186066000	0.108057000
2.186119000	0.102142000
2.186122000	0.101646000
2.186124000	0.101646000
2.186172000	0.100706000
2.186176000	0.100707000
2.187933000	0.101480000
2.188986000	0.102531000
2.189086000	0.101648000
2.190916000	0.103477000
2.192934000	0.104507000
2.192946000	0.103528000
2.197900000	0.076899000
2.198009000	0.076507000
2.198955000	0.076460000
2.198995000	0.075493000
2.199001000	0.074503000
2.199049000	0.073563000
2.211093000	0.084645000
2.211117000	0.083638000
2.211131000	0.082712000
2.211134000	0.081726000
2.211137000	0.080718000
2.211243000	0.079854000
2.211262000	0.078888000
2.211265000	0.078813000
2.217948000	0.084587000
2.218937000	0.084605000
2.218958000	0.083655000
2.218989000	0.082660000
2.219002000	0.081755000
2.219041000	0.080826000
2.227931000	0.080915000
2.228948000	0.081440000
2.228971000	0.080499000
2.229000000	0.079558000
2.229007000	0.078053000
2.232920000	0.076994000
2.232947000	0.075558000
2.232951000	0.074595000
2.247949000	0.086320000
2.247956000	0.085387000
2.248948000	0.085419000
2.249001000	0.084554000
2.258984000	0.087538000
2.259033000	0.086778000
2.259035000	0.085986000
2.260891000	0.087036000
2.262918000	0.088306000
2.267908000	0.092516000
2.267943000	0.092498000
2.268922000	0.092747000
2.269044000	0.092064000
2.269046000	0.091308000
2.273056000	0.094539000
2.273239000	0.093930000
2.275973000	0.095871000
2.277948000	0.097086000
2.279038000	0.097395000
2.279063000	0.096640000
2.279065000	0.095860000
2.283019000	0.099035000
2.288016000	0.103250000
2.288026000	0.102479000
2.288953000	0.102627000
2.288961000	0.101904000
2.289006000	0.101188000
2.292939000	0.104281000
2.293201000	0.103952000
2.295928000	0.105951000
2.296004000	0.105299000
2.296007000	0.104571000
2.297960000	0.105795000
2.297968000	0.105073000
2.299011000	0.105389000
2.299019000	0.104665000
2.299048000	0.103927000
2.299050000	0.103235000
2.302904000	0.106362000
2.302912000	0.105638000
2.308913000	0.110907000
2.308929000	0.110196000
2.308965000	0.109502000
2.309022000	0.108831000
2.312926000	0.112004000
2.312933000	0.111285000
2.316020000	0.113643000
2.316035000	0.112928000
2.316040000	0.112205000
2.316135000	0.111569000
2.316136000	0.110840000
2.316186000	0.110136000
2.316188000	0.105078000
2.317933000	0.106451000
2.317985000	0.105773000
2.320949000	0.108007000
2.327912000	0.114242000
2.327988000	0.113587000
2.328945000	0.113815000
2.329020000	0.113161000
2.329022000	0.111068000
2.329023000	0.110072000
2.332926000	0.113617000
2.332933000	0.112949000
2.335911000	0.115248000
2.335921000	0.114583000
2.336017000	0.114003000
2.336021000	0.113326000
2.336093000	0.112723000
2.336096000	0.112724000
2.336170000	0.112093000
2.336172000	0.112092000
2.336223000	0.111469000
2.336227000	0.111470000
2.336229000	0.110799000
2.336230000	0.108263000
2.336275000	0.107941000
2.336277000	0.107313000
2.336279000	0.107311000
2.338023000	0.108712000
2.338031000	0.108718000
2.338999000	0.109012000
2.339001000	0.109012000
2.339062000	0.108391000
2.340918000	0.110245000
2.341023000	0.108085000
2.342976000	0.110032000
2.345982000	0.112673000
2.346095000	0.112784000
2.346145000	0.112183000
2.346147000	0.112184000
2.366152000	0.118199000
2.366204000	0.118250000
2.366206000	0.117912000
2.367901000	0.119606000
2.368943000	0.119973000
2.368951000	0.119980000
2.368994000	0.119347000
2.368996000	0.119349000
2.380954000	0.121967000
2.380960000	0.121972000
2.383015000	0.123687000
2.383038000	0.123709000
2.386033000	0.126678000
2.386043000	0.126039000
2.386116000	0.125221000
2.386119000	0.124885000
2.387979000	0.125058000
2.388005000	0.124745000
2.389085000	0.121152000
2.389166000	0.120895000
2.389176000	0.120905000
2.389179000	0.120232000
2.389181000	0.120233000
2.389183000	0.119560000
2.393005000	0.123381000
2.393015000	0.122713000
2.405908000	0.135606000
2.405959000	0.134979000
2.405967000	0.132905000
2.406011000	0.132607000
2.406017000	0.130037000
2.406065000	0.128110000
2.406068000	0.127008000
2.406118000	0.126716000
2.406121000	0.126043000
2.406214000	0.123176000
2.406226000	0.122746000
2.416052000	0.128029000
2.420917000	0.132554000
2.420979000	0.131947000
2.420983000	0.131316000
2.421076000	0.130773000
2.421080000	0.130143000
2.421088000	0.129410000
2.421128000	0.128877000
2.421131000	0.128186000
2.423065000	0.129800000
2.423090000	0.129162000
2.425975000	0.131335000
2.425985000	0.130051000
2.425987000	0.129709000
2.425990000	0.129111000
2.426055000	0.128525000
2.426064000	0.127940000
2.426290000	0.127557000
2.427908000	0.128567000
2.427919000	0.127975000
2.428947000	0.128417000
2.428957000	0.127875000
2.428959000	0.127273000
2.429032000	0.126792000
2.430967000	0.128148000
2.433032000	0.129533000
2.437990000	0.133986000
2.438963000	0.134404000
2.438973000	0.133834000
2.439075000	0.133357000
2.442971000	0.136673000
2.448907000	0.139988000
2.448916000	0.139702000
2.448963000	0.139748000
2.449036000	0.139244000
2.449040000	0.138672000
2.461000000	0.148069000
2.461029000	0.147807000
2.461032000	0.145007000
2.461138000	0.144823000
2.461144000	0.144318000
2.470990000	0.153654000
2.471000000	0.153154000
2.502979000	0.184622000
2.503000000	0.184132000
2.507972000	0.188492000
2.508976000	0.189064000
2.508997000	0.188600000
2.509001000	0.188092000
2.518001000	0.196583000
2.518017000	0.196063000
2.527026000	0.204536000
2.527044000	0.204095000
2.527049000	0.199130000
2.555892000	0.222098000
2.556980000	0.220803000
2.560953000	0.224263000
2.560970000	0.223801000
2.565921000	0.228751000
2.566962000	0.229304000
2.566974000	0.228831000
2.566980000	0.228245000
2.585920000	0.246807000
2.587935000	0.248337000
2.588970000	0.248884000
2.589060000	0.248490000
2.589097000	0.248042000
2.592940000	0.251398000
2.597928000	0.255797000
2.599021000	0.256408000
2.599057000	0.256059000
2.599062000	0.255579000
2.599082000	0.255113000
2.599186000	0.252955000
2.602954000	0.256237000
2.622890000	0.256489000
2.631027000	0.263119000
2.631033000	0.261840000
2.633015000	0.263336000
2.651239000	0.270037000
2.656189000	0.272909000
2.656328000	0.270043000
2.656416000	0.269645000
2.656534000	0.268527000
2.656539000	0.267365000
2.656592000	0.267171000
2.656596000	0.266690000
2.656647000	0.263630000
2.656651000	0.250686000
2.657917000	0.251693000
2.747887000	0.076627000
