7.466950000	0.057908000
7.506891000	0.034698000
7.506923000	0.034723000
7.511894000	0.039601000
7.511917000	0.039619000
7.514925000	0.042527000
7.514947000	0.042545000
7.514951000	0.042469000
7.514981000	0.042496000
7.514996000	0.042423000
7.515032000	0.042457000
7.551881000	0.044966000
7.551923000	0.045004000
7.556944000	0.049991000
7.556971000	0.050015000
7.559972000	0.048062000
7.559999000	0.048086000
7.560005000	0.048059000
7.560118000	0.048169000
7.560147000	0.045207000
7.560153000	0.045209000
7.560165000	0.045177000
7.560173000	0.045183000
7.560251000	0.045210000
7.560271000	0.045228000
7.560278000	0.045184000
7.560280000	0.045184000
7.560300000	0.045118000
7.560311000	0.045125000
7.560470000	0.045205000
7.560483000	0.045214000
7.586898000	0.034985000
7.586926000	0.035008000
7.591036000	0.039078000
7.591057000	0.039096000
7.591064000	0.034100000
7.591067000	0.034100000
7.591093000	0.034094000
7.591913000	0.034909000
7.591933000	0.031941000
7.596872000	0.036877000
7.596919000	0.036884000
7.601965000	0.041927000
7.601985000	0.041847000
7.606903000	0.046759000
7.606925000	0.046756000
7.611904000	0.051733000
7.611925000	0.051660000
7.614919000	0.054651000
7.614946000	0.054641000
7.614952000	0.054644000
7.614969000	0.054609000
7.614976000	0.054614000
7.615020000	0.054584000
7.615029000	0.054590000
7.615106000	0.054628000
7.615126000	0.054646000
7.615130000	0.054604000
7.615132000	0.054603000
7.615194000	0.054616000
7.621927000	0.035006000
7.621947000	0.035016000
7.624939000	0.033887000
7.624959000	0.033898000
7.624965000	0.033867000
7.624969000	0.033785000
7.626888000	0.034951000
7.631991000	0.035067000
7.634885000	0.032895000
7.641958000	0.035029000
7.644906000	0.032977000
7.646905000	0.031955000
7.651891000	0.036917000
7.651914000	0.036888000
7.654931000	0.039808000
7.654954000	0.039744000
7.654958000	0.039671000
7.654960000	0.033018000
7.666932000	0.041977000
7.666968000	0.041883000
7.669928000	0.043022000
7.669958000	0.037889000
7.669963000	0.035060000
7.676953000	0.034976000
7.676987000	0.032052000
7.679971000	0.033047000
7.686928000	0.035018000
7.686967000	0.035022000
7.691926000	0.036975000
7.691957000	0.036972000
7.696915000	0.041873000
7.696956000	0.041824000
7.721989000	0.055031000
7.722027000	0.055029000
7.726921000	0.059869000
7.726953000	0.057000000
7.727989000	0.058007000
7.728022000	0.057933000
7.728034000	0.051057000
7.728038000	0.051035000
7.728042000	0.048049000
7.731915000	0.044964000
7.731949000	0.044902000
7.736935000	0.044988000
7.736974000	0.044959000
7.739884000	0.042941000
7.739914000	0.042924000
7.756940000	0.034923000
7.756976000	0.034920000
7.760947000	0.038793000
7.760987000	0.034039000
7.760992000	0.034008000
7.771913000	0.043901000
7.776928000	0.048798000
7.776962000	0.048775000
7.776967000	0.048723000
7.779965000	0.048021000
7.779998000	0.043036000
7.780003000	0.042996000
7.780008000	0.040098000
7.780012000	0.040073000
7.780099000	0.040108000
7.791964000	0.034993000
7.791997000	0.035001000
7.796896000	0.035914000
7.799909000	0.038893000
7.799946000	0.038820000
7.806899000	0.034951000
7.810002000	0.033045000
7.810034000	0.033048000
7.810040000	0.032954000
7.811921000	0.031932000
7.816876000	0.036770000
7.816913000	0.036697000
7.820955000	0.040623000
7.820986000	0.040559000
7.820991000	0.040479000
7.820995000	0.040399000
7.820998000	0.040366000
7.826939000	0.034952000
7.831930000	0.039905000
7.831964000	0.039837000
7.831970000	0.035045000
7.834980000	0.035040000
7.835012000	0.035026000
7.841894000	0.034969000
7.844918000	0.034889000
7.844950000	0.034893000
7.844974000	0.034816000
7.845069000	0.033122000
7.851918000	0.035016000
7.851950000	0.035012000
7.854951000	0.033975000
7.854988000	0.033974000
7.855004000	0.033709000
7.855096000	0.033714000
7.861911000	0.034945000
7.867099000	0.035140000
7.871900000	0.039912000
7.871935000	0.039765000
7.876990000	0.041982000
7.877034000	0.032094000
7.879934000	0.034953000
7.879966000	0.034876000
7.886907000	0.041773000
7.886947000	0.034965000
7.896901000	0.041919000
7.899930000	0.044911000
7.899963000	0.044843000
7.899968000	0.044806000
7.899972000	0.044707000
7.899984000	0.038051000
7.900076000	0.032949000
7.906928000	0.034999000
7.906966000	0.034951000
7.909909000	0.032881000
7.909950000	0.032885000
7.909957000	0.032840000
7.911939000	0.031983000
7.916918000	0.036924000
7.921971000	0.035037000
7.922008000	0.035035000
7.924915000	0.037883000
7.931929000	0.035006000
7.934971000	0.038013000
7.935004000	0.035046000
7.935012000	0.035019000
7.935019000	0.034919000
7.935025000	0.034894000
7.935028000	0.034795000
7.937446000	0.037160000
7.937474000	0.037136000
7.961990000	0.055030000
7.964952000	0.057958000
7.964976000	0.057925000
7.964981000	0.055051000
7.966941000	0.056949000
7.966974000	0.056885000
7.971943000	0.059982000
7.971980000	0.055040000
7.976930000	0.054935000
7.976963000	0.054931000
7.982197000	0.057260000
7.982229000	0.050232000
7.986868000	0.051699000
7.989876000	0.054463000
7.989901000	0.052397000
7.996923000	0.034904000
8.006869000	0.041897000
8.010900000	0.045854000
8.010937000	0.045839000
8.010942000	0.043940000
8.011042000	0.039024000
8.011082000	0.034124000
8.011090000	0.034083000
8.026858000	0.044634000
8.026907000	0.044407000
8.031981000	0.042045000
8.032018000	0.041869000
8.034927000	0.044724000
8.036940000	0.039990000
8.041900000	0.034997000
8.061923000	0.050992000
8.061958000	0.050888000
8.064997000	0.038110000
8.079971000	0.053053000
8.080006000	0.052989000
8.080012000	0.052942000
8.080016000	0.052841000
8.080021000	0.052691000
8.080027000	0.048013000
8.080030000	0.047978000
8.084916000	0.052764000
8.084957000	0.052652000
8.084964000	0.052585000
8.084968000	0.052511000
8.085073000	0.048102000
8.096902000	0.054968000
8.096938000	0.034954000
8.101884000	0.039849000
8.101920000	0.036895000
8.116903000	0.036908000
8.116945000	0.036896000
8.129983000	0.049807000
8.130023000	0.049754000
8.130028000	0.049693000
8.130032000	0.049615000
8.130036000	0.049567000
8.130047000	0.049476000
8.130052000	0.044841000
8.131863000	0.046599000
8.136956000	0.051638000
8.136986000	0.051615000
8.136992000	0.051515000
8.139877000	0.042951000
8.139907000	0.042945000
8.139924000	0.042904000
8.139976000	0.042903000
8.139986000	0.038072000
8.140028000	0.038070000
8.151921000	0.034983000
8.156931000	0.039956000
8.161918000	0.031905000
8.166936000	0.036747000
8.169022000	0.038683000
8.169060000	0.038634000
8.169065000	0.038539000
8.169069000	0.038456000
8.169072000	0.038371000
8.169076000	0.038289000
8.171863000	0.041037000
8.171896000	0.041017000
8.174905000	0.043972000
8.174935000	0.043948000
8.174942000	0.043902000
8.176961000	0.045072000
8.176991000	0.039970000
8.179879000	0.042757000
8.179911000	0.040014000
8.179916000	0.039987000
8.179920000	0.039939000
8.181933000	0.041900000
8.181963000	0.041876000
8.181969000	0.041829000
8.184935000	0.032993000
8.190051000	0.033100000
8.196873000	0.034933000
8.199907000	0.032949000
8.202065000	0.033020000
8.202103000	0.032908000
8.206890000	0.037645000
8.206922000	0.037575000
8.209996000	0.040555000
8.210027000	0.040499000
8.210033000	0.040417000
8.216906000	0.047252000
8.216944000	0.045016000
8.219876000	0.042671000
8.219922000	0.040016000
8.221885000	0.041944000
8.221914000	0.039961000
8.228178000	0.046194000
8.228209000	0.046174000
8.229891000	0.047802000
8.229923000	0.044963000
8.229928000	0.039850000
8.230960000	0.034054000
8.230992000	0.031062000
8.236956000	0.034866000
8.236988000	0.034860000
8.241909000	0.034997000
8.241951000	0.035010000
8.244964000	0.037972000
8.244994000	0.034971000
8.244999000	0.034941000
8.245003000	0.034901000
8.252006000	0.035067000
8.252039000	0.035067000
8.256950000	0.039920000
8.256981000	0.037076000
8.256985000	0.036769000
8.256990000	0.036712000
8.256993000	0.036659000
8.261903000	0.041514000
8.261923000	0.041478000
8.264933000	0.044435000
8.264947000	0.044394000
8.265026000	0.043117000
8.265043000	0.043098000
8.265048000	0.043049000
8.265052000	0.042998000
8.265085000	0.036881000
8.266988000	0.038748000
8.267005000	0.037087000
8.269895000	0.039949000
8.269912000	0.039865000
8.269917000	0.038930000
8.270923000	0.039900000
8.276933000	0.039954000
8.276951000	0.039968000
8.280936000	0.043931000
8.286914000	0.044978000
8.286930000	0.044957000
8.291915000	0.046893000
8.294942000	0.042872000
8.294962000	0.037991000
8.294969000	0.037961000
8.296922000	0.039911000
8.331894000	0.034839000
