0.039963000	0.039941000
0.090915000	0.050621000
0.090943000	0.050641000
0.090964000	0.050637000
0.090975000	0.050645000
0.090977000	0.050597000
0.098905000	0.058522000
0.098930000	0.058500000
0.098938000	0.058507000
0.098945000	0.058463000
0.098986000	0.058503000
0.123930000	0.032994000
0.123960000	0.033020000
0.127967000	0.037000000
0.128005000	0.037036000
0.129830000	0.030908000
0.129856000	0.030929000
0.133845000	0.034854000
0.133868000	0.034875000
0.138866000	0.039844000
0.138889000	0.039865000
0.143908000	0.044800000
0.143949000	0.044837000
0.143966000	0.044812000
0.144001000	0.044845000
0.144061000	0.044854000
0.144143000	0.044934000
0.144162000	0.044903000
0.144165000	0.044904000
0.144168000	0.044853000
0.148227000	0.048910000
0.163889000	0.039935000
0.163916000	0.039959000
0.168819000	0.044836000
0.168905000	0.044920000
0.170949000	0.042950000
0.170971000	0.042969000
0.170975000	0.042948000
0.170979000	0.042949000
0.170988000	0.041140000
0.171929000	0.042077000
0.173852000	0.043966000
0.173873000	0.043985000
0.176899000	0.043037000
0.178866000	0.045001000
0.178887000	0.044983000
0.180872000	0.046966000
0.180899000	0.042016000
0.180906000	0.042020000
0.180911000	0.041952000
0.180975000	0.042012000
0.183876000	0.039949000
0.183899000	0.039969000
0.188888000	0.044931000
0.188912000	0.044952000
0.190888000	0.046870000
0.190914000	0.046893000
0.190941000	0.046874000
0.190954000	0.046885000
0.191022000	0.046865000
0.193853000	0.049694000
0.193875000	0.049646000
0.196886000	0.052654000
0.196912000	0.052616000
0.196946000	0.052649000
0.196957000	0.052586000
0.197000000	0.052578000
0.197011000	0.048765000
0.197054000	0.033141000
0.198844000	0.034903000
0.201890000	0.033046000
0.201915000	0.033002000
0.201920000	0.030952000
0.203864000	0.032871000
0.203891000	0.032774000
0.208871000	0.037660000
0.208892000	0.037677000
0.210874000	0.039566000
0.210891000	0.039580000
0.210924000	0.038979000
0.210932000	0.038984000
0.210976000	0.037109000
0.213869000	0.039999000
0.213890000	0.039984000
0.216925000	0.043017000
0.218970000	0.042053000
0.218990000	0.042069000
0.221882000	0.043001000
0.221934000	0.043050000
0.221946000	0.042995000
0.221988000	0.043035000
0.222001000	0.041109000
0.222010000	0.041114000
0.222013000	0.041087000
0.222073000	0.041145000
0.222096000	0.041113000
0.223846000	0.042860000
0.223867000	0.042838000
0.226927000	0.045895000
0.226948000	0.045865000
0.226957000	0.045872000
0.226965000	0.043072000
0.226973000	0.043077000
0.226981000	0.043019000
0.228920000	0.044954000
0.228945000	0.040038000
0.228956000	0.040046000
0.230920000	0.041996000
0.230941000	0.041927000
0.230949000	0.040043000
0.231013000	0.040103000
0.231036000	0.040087000
0.233887000	0.042935000
0.233908000	0.042873000
0.236949000	0.045911000
0.236970000	0.045862000
0.236999000	0.045888000
0.237007000	0.045828000
0.237013000	0.045832000
0.237051000	0.043183000
0.237061000	0.043190000
0.237064000	0.043159000
0.237158000	0.043250000
0.237171000	0.040262000
0.237181000	0.040226000
0.237189000	0.040180000
0.238845000	0.041782000
0.238871000	0.041760000
0.248916000	0.051801000
0.248944000	0.051777000
0.253882000	0.056664000
0.253913000	0.056690000
0.253920000	0.056646000
0.253925000	0.056601000
0.253991000	0.055128000
0.257863000	0.058964000
0.257892000	0.055981000
0.258850000	0.056904000
0.258879000	0.056924000
0.258904000	0.056906000
0.261955000	0.059907000
0.261980000	0.059928000
0.261985000	0.058105000
0.261988000	0.058105000
0.262011000	0.058126000
0.262024000	0.058108000
0.262106000	0.058188000
0.262128000	0.058208000
0.262132000	0.058148000
0.262135000	0.058148000
0.263823000	0.054937000
0.263849000	0.054960000
0.267904000	0.059008000
0.267928000	0.059005000
0.267941000	0.057055000
0.267965000	0.057076000
0.267983000	0.057088000
0.268054000	0.057126000
0.268091000	0.057161000
0.268105000	0.057174000
0.268110000	0.057174000
0.268115000	0.057136000
0.268128000	0.057147000
0.268154000	0.057172000
0.268160000	0.054276000
0.268235000	0.054348000
0.270918000	0.057024000
0.270956000	0.057060000
0.270970000	0.054026000
0.270980000	0.054032000
0.270985000	0.052000000
0.270990000	0.052002000
0.277910000	0.058916000
0.277957000	0.058960000
0.278995000	0.057095000
0.279031000	0.057128000
0.279044000	0.057103000
0.279053000	0.057110000
0.279058000	0.057106000
0.279063000	0.057109000
0.283930000	0.061934000
0.283972000	0.061974000
0.283986000	0.061980000
0.283995000	0.061987000
0.284000000	0.061913000
0.287906000	0.065816000
0.287944000	0.065852000
0.287957000	0.065864000
0.287966000	0.065808000
0.287971000	0.065809000
0.287975000	0.065811000
0.288880000	0.066715000
0.288920000	0.065059000
0.288938000	0.065074000
0.293956000	0.070085000
0.294008000	0.070135000
0.294029000	0.067086000
0.294042000	0.067096000
0.294050000	0.067097000
0.294057000	0.067102000
0.294064000	0.066978000
0.294071000	0.066983000
0.297919000	0.070828000
0.297963000	0.070820000
0.297974000	0.070813000
0.297980000	0.069039000
0.297986000	0.069033000
0.297991000	0.069019000
0.299887000	0.068949000
0.299928000	0.068981000
0.299939000	0.068910000
0.301881000	0.070848000
0.303978000	0.072870000
0.304029000	0.070124000
0.307907000	0.073993000
0.307952000	0.070985000
0.309888000	0.072912000
0.309931000	0.072926000
0.310931000	0.073919000
0.310974000	0.073918000
0.313934000	0.076875000
0.313985000	0.076873000
0.318889000	0.081768000
0.318938000	0.081769000
0.323923000	0.086744000
0.323967000	0.086755000
0.323978000	0.086761000
0.323984000	0.086763000
0.323998000	0.086731000
0.327916000	0.090644000
0.330170000	0.091306000
0.330217000	0.091349000
0.331888000	0.092987000
0.331933000	0.093027000
0.331944000	0.083006000
0.331954000	0.083013000
0.332070000	0.083101000
0.332113000	0.083140000
0.333966000	0.080061000
0.334008000	0.080099000
0.337913000	0.083970000
0.337952000	0.084005000
0.337965000	0.083965000
0.343048000	0.089043000
0.343081000	0.089032000
0.343089000	0.089035000
0.343095000	0.088995000
0.343098000	0.088995000
0.343102000	0.088997000
0.343923000	0.089816000
0.343952000	0.086074000
0.348864000	0.090983000
0.348904000	0.091021000
0.350877000	0.092988000
0.350906000	0.092990000
0.353875000	0.095957000
0.353904000	0.095985000
0.356908000	0.098987000
0.356943000	0.098076000
0.356956000	0.098085000
0.357089000	0.098216000
0.357107000	0.098231000
0.357117000	0.098205000
0.357127000	0.098213000
0.358858000	0.099941000
0.358893000	0.099974000
0.360903000	0.101942000
0.360933000	0.101969000
0.360944000	0.101978000
0.360954000	0.101986000
0.360960000	0.098989000
0.361928000	0.099954000
0.361961000	0.099985000
0.362186000	0.100209000
0.362215000	0.100198000
0.362224000	0.100205000
0.362231000	0.100211000
0.362244000	0.100222000
0.362248000	0.100129000
0.362596000	0.100474000
0.362612000	0.100488000
0.363884000	0.101758000
0.363912000	0.101702000
0.366936000	0.104723000
0.366965000	0.104750000
0.366974000	0.104757000
0.366982000	0.104727000
0.366986000	0.104729000
0.367115000	0.104857000
0.367144000	0.104884000
0.367152000	0.104845000
0.367160000	0.104851000
0.368863000	0.106553000
0.368891000	0.106579000
0.368900000	0.105058000
0.370923000	0.107078000
0.370957000	0.107100000
0.370970000	0.107110000
0.370980000	0.103059000
0.370987000	0.103062000
0.373832000	0.105897000
0.373886000	0.105948000
0.376923000	0.108951000
0.376958000	0.108983000
0.376970000	0.108992000
0.376980000	0.109000000
0.376986000	0.108997000
0.376992000	0.108914000
0.376996000	0.108913000
0.377068000	0.108982000
0.377089000	0.108991000
0.377101000	0.108999000
0.377107000	0.108974000
0.377177000	0.109040000
0.377199000	0.109060000
0.377204000	0.109062000
0.377209000	0.109064000
0.386916000	0.118734000
0.386946000	0.118761000
0.386956000	0.118768000
0.386966000	0.118775000
0.386972000	0.118727000
0.386976000	0.118728000
0.387047000	0.118796000
0.387065000	0.118811000
0.387071000	0.118814000
0.387076000	0.116130000
0.387102000	0.116151000
0.387118000	0.116155000
0.387158000	0.116191000
0.387172000	0.116195000
0.387216000	0.116210000
0.387241000	0.116232000
0.387271000	0.116259000
0.391940000	0.120925000
0.391969000	0.120951000
0.396923000	0.125818000
0.396951000	0.125840000
0.396958000	0.119017000
0.396962000	0.119012000
0.396974000	0.119006000
0.397066000	0.119094000
0.397096000	0.118074000
0.397102000	0.118076000
0.401867000	0.122829000
0.401897000	0.122856000
0.401906000	0.122855000
0.401910000	0.122831000
0.402014000	0.122931000
0.402048000	0.122963000
0.402056000	0.122968000
0.402061000	0.122971000
0.402064000	0.122887000
0.402068000	0.122885000
0.402078000	0.118117000
0.402171000	0.118205000
0.402200000	0.118220000
0.402203000	0.118219000
0.402207000	0.118215000
0.402210000	0.118192000
0.402222000	0.118202000
0.402234000	0.118211000
0.402328000	0.118302000
0.402342000	0.118313000
0.402345000	0.114412000
0.402349000	0.114411000
0.402379000	0.114428000
0.402433000	0.114479000
0.402444000	0.114481000
0.402447000	0.114454000
0.402500000	0.114504000
0.402512000	0.114513000
0.402593000	0.114591000
0.402621000	0.114616000
0.402626000	0.114530000
0.402630000	0.114528000
0.403849000	0.114940000
0.403879000	0.114964000
0.404945000	0.116013000
0.404973000	0.116038000
0.404985000	0.106872000
0.405013000	0.106862000
0.405020000	0.106855000
0.405095000	0.106895000
0.405117000	0.106914000
0.405123000	0.106917000
0.405128000	0.106920000
0.405148000	0.105231000
0.405167000	0.105244000
0.405203000	0.105246000
0.405222000	0.105260000
0.405258000	0.105201000
0.405278000	0.105212000
0.405312000	0.103398000
0.405331000	0.103412000
0.405366000	0.101355000
0.405385000	0.101368000
0.411898000	0.107577000
0.411933000	0.107605000
0.413832000	0.105892000
0.418912000	0.110966000
0.418941000	0.110967000
0.424871000	0.100716000
0.424929000	0.096980000
0.432913000	0.104958000
0.432948000	0.102743000
0.432958000	0.102746000
0.432962000	0.102720000
0.433893000	0.103646000
0.433925000	0.102003000
0.438916000	0.106988000
0.438955000	0.106979000
0.440930000	0.108948000
0.440962000	0.108975000
0.440971000	0.108871000
0.440975000	0.108869000
0.441080000	0.108937000
0.451879000	0.119731000
0.451919000	0.119675000
0.451932000	0.090982000
0.452888000	0.091911000
0.452911000	0.091930000
0.452924000	0.090974000
0.452929000	0.090973000
0.452994000	0.091027000
0.453826000	0.091618000
0.453840000	0.091620000
0.456883000	0.094654000
0.456909000	0.094306000
0.456920000	0.094313000
0.458880000	0.096271000
0.458931000	0.096241000
0.460883000	0.098189000
0.460911000	0.097006000
0.460929000	0.097012000
0.460936000	0.093978000
0.461022000	0.094051000
0.461050000	0.094071000
0.461939000	0.094938000
0.461969000	0.094964000
0.461978000	0.094841000
0.461985000	0.094836000
0.461998000	0.094841000
0.462090000	0.094915000
0.462118000	0.094940000
0.462127000	0.093243000
0.462135000	0.093238000
0.462139000	0.093235000
0.462142000	0.091194000
0.462246000	0.091280000
0.463907000	0.092930000
0.463937000	0.092931000
0.466915000	0.095904000
0.466944000	0.093091000
0.466955000	0.093057000
0.466963000	0.090014000
0.467067000	0.090101000
0.467094000	0.090118000
0.467102000	0.090086000
0.467110000	0.090090000
0.467114000	0.090090000
0.467117000	0.090040000
0.467128000	0.090046000
0.467226000	0.090128000
0.467257000	0.090070000
0.467267000	0.090076000
0.467271000	0.090076000
0.467275000	0.090040000
0.469941000	0.092702000
0.469974000	0.092731000
0.470978000	0.093688000
0.471008000	0.084069000
0.471018000	0.084066000
0.471026000	0.084063000
0.473861000	0.086865000
0.473890000	0.086890000
0.478880000	0.091822000
0.478913000	0.091852000
0.478924000	0.091814000
0.480920000	0.093806000
0.480950000	0.093785000
0.480959000	0.093790000
0.480967000	0.093740000
0.480971000	0.093734000
0.481080000	0.093801000
0.481108000	0.093825000
0.481117000	0.093785000
0.481124000	0.093788000
0.481129000	0.093739000
0.481132000	0.089170000
0.481237000	0.089263000
0.481267000	0.084323000
0.483863000	0.086907000
0.483897000	0.086919000
0.494911000	0.097930000
0.494947000	0.097862000
0.494958000	0.097868000
0.494969000	0.097842000
0.495041000	0.097911000
0.495056000	0.093166000
0.495074000	0.093171000
0.495087000	0.093162000
0.495091000	0.093163000
0.495095000	0.093058000
0.495198000	0.093144000
0.495226000	0.093144000
0.495234000	0.093149000
0.495241000	0.093050000
0.495246000	0.093051000
0.495249000	0.093022000
0.495354000	0.093123000
0.495384000	0.093105000
0.495392000	0.093110000
0.495396000	0.093061000
0.495400000	0.093061000
0.495404000	0.093020000
0.495506000	0.093119000
0.495538000	0.093099000
0.495541000	0.093099000
0.495544000	0.093037000
0.495548000	0.093038000
0.495551000	0.092938000
0.495614000	0.092997000
0.495627000	0.091758000
0.495668000	0.091794000
0.495680000	0.091775000
0.495683000	0.091772000
0.495723000	0.091769000
0.495735000	0.091778000
0.495775000	0.091769000
0.495787000	0.091778000
0.495791000	0.091677000
0.495882000	0.091762000
0.495890000	0.091736000
0.495897000	0.091739000
0.501845000	0.096879000
0.501866000	0.096885000
0.501896000	0.096869000
0.501904000	0.096860000
0.501910000	0.096862000
0.501949000	0.096897000
0.502055000	0.096950000
0.502064000	0.096955000
0.502071000	0.096958000
0.502077000	0.096921000
0.502081000	0.096921000
0.502110000	0.096946000
0.502129000	0.096918000
0.502133000	0.096918000
0.502214000	0.096996000
0.502217000	0.096950000
0.502321000	0.097050000
0.502324000	0.097050000
0.502376000	0.097056000
0.502379000	0.097055000
0.502496000	0.097168000
0.502499000	0.097125000
0.502589000	0.097211000
0.502619000	0.097237000
0.502627000	0.097203000
0.502635000	0.097208000
0.502639000	0.097207000
0.503902000	0.098424000
0.506927000	0.101445000
0.506954000	0.101468000
0.506962000	0.101430000
0.506969000	0.101433000
0.506990000	0.101450000
0.507032000	0.101446000
0.507085000	0.101495000
0.507137000	0.101543000
0.507145000	0.101497000
0.507151000	0.101498000
0.507190000	0.101533000
0.507197000	0.101499000
0.507243000	0.101540000
0.507252000	0.101545000
0.507296000	0.101547000
0.507304000	0.101551000
0.507310000	0.101553000
0.507348000	0.101545000
0.507355000	0.101548000
0.507362000	0.101551000
0.508869000	0.103012000
0.508891000	0.103030000
0.510901000	0.105036000
0.510929000	0.105016000
0.510937000	0.105020000
0.510944000	0.105024000
0.510956000	0.104990000
0.511899000	0.105929000
0.511927000	0.105953000
0.511935000	0.105915000
0.512042000	0.106018000
0.512070000	0.106042000
0.512144000	0.106070000
0.512154000	0.106076000
0.512161000	0.106079000
0.512168000	0.106039000
0.513856000	0.107724000
0.513889000	0.107753000
0.516884000	0.110702000
0.516919000	0.104996000
0.516936000	0.105008000
0.516957000	0.105017000
0.516968000	0.105012000
0.517012000	0.103156000
0.518875000	0.105012000
0.518909000	0.099977000
0.520909000	0.101972000
0.520938000	0.101992000
0.520970000	0.101994000
0.520982000	0.102003000
0.521022000	0.096107000
0.521037000	0.096119000
0.523869000	0.098947000
0.523891000	0.098939000
0.526891000	0.101936000
0.526924000	0.101967000
0.526939000	0.101681000
0.526950000	0.101685000
0.526966000	0.101696000
0.526981000	0.101663000
0.527077000	0.101756000
0.527093000	0.101769000
0.527103000	0.101732000
0.527113000	0.101739000
0.527119000	0.101743000
0.527189000	0.101765000
0.527213000	0.101786000
0.527224000	0.101795000
0.527305000	0.101828000
0.527318000	0.101838000
0.527361000	0.101878000
0.527375000	0.101844000
0.527415000	0.101879000
0.528874000	0.103287000
0.528893000	0.103255000
0.530909000	0.105266000
0.530947000	0.105253000
0.530957000	0.105212000
0.530961000	0.105211000
0.530965000	0.105164000
0.530969000	0.105117000
0.533882000	0.108025000
0.533913000	0.108005000
0.536924000	0.110965000
0.536956000	0.110992000
0.536974000	0.110959000
0.536987000	0.110921000
0.537092000	0.111021000
0.537123000	0.111001000
0.537127000	0.110954000
0.537131000	0.104189000
0.537135000	0.104158000
0.538864000	0.105881000
0.538900000	0.105819000
0.538904000	0.104988000
0.540901000	0.106970000
0.540930000	0.101988000
0.540942000	0.101978000
0.540948000	0.099996000
0.541017000	0.100049000
0.544884000	0.103891000
0.544904000	0.103805000
0.546896000	0.105789000
0.546914000	0.105765000
0.546951000	0.095038000
0.546964000	0.094976000
0.546968000	0.094972000
0.547003000	0.094958000
0.547058000	0.094962000
0.548876000	0.096772000
0.548893000	0.096738000
0.550906000	0.098699000
0.550928000	0.098717000
0.550935000	0.098720000
0.550939000	0.098675000
0.550958000	0.098689000
0.551010000	0.098737000
0.554880000	0.102562000
0.554910000	0.102588000
0.558940000	0.106568000
0.558971000	0.106591000
0.558981000	0.106548000
0.558985000	0.106505000
0.558988000	0.106500000
0.559093000	0.106555000
0.559124000	0.106536000
0.559128000	0.106532000
0.559132000	0.106478000
0.559136000	0.106439000
0.561006000	0.108302000
0.561039000	0.108284000
0.561043000	0.108227000
0.561047000	0.108223000
0.561051000	0.108145000
0.563879000	0.110878000
0.563904000	0.110891000
0.566890000	0.113044000
0.566922000	0.110008000
0.566931000	0.109995000
0.568871000	0.109934000
0.568908000	0.107991000
0.572927000	0.111987000
0.572959000	0.111904000
0.572975000	0.111000000
0.572979000	0.110976000
0.572988000	0.110876000
0.574883000	0.112751000
0.574915000	0.112756000
0.578921000	0.116655000
0.580959000	0.117029000
0.581005000	0.114068000
0.581015000	0.114055000
0.581019000	0.113931000
0.583885000	0.116778000
0.583917000	0.116782000
0.588917000	0.121671000
0.588951000	0.121688000
0.595016000	0.125050000
0.595049000	0.125036000
0.595059000	0.125039000
0.595063000	0.124049000
0.595067000	0.124026000
0.598889000	0.124993000
0.598924000	0.120003000
0.598930000	0.117986000
0.600920000	0.119956000
0.600951000	0.119961000
0.601226000	0.120112000
0.601258000	0.120111000
0.601270000	0.120117000
0.603877000	0.122616000
0.603909000	0.120020000
0.608862000	0.113923000
0.610911000	0.115946000
0.610946000	0.115895000
0.610955000	0.115873000
0.610959000	0.115849000
0.610973000	0.115753000
0.613880000	0.118642000
0.613913000	0.118643000
0.616902000	0.121529000
0.618874000	0.123484000
0.618907000	0.123377000
0.618916000	0.123351000
0.620959000	0.125387000
0.620995000	0.125373000
0.621008000	0.125336000
0.621015000	0.125337000
0.621086000	0.125356000
0.623880000	0.128101000
0.623908000	0.128123000
0.628876000	0.133042000
0.628905000	0.133018000
0.631896000	0.135994000
0.631935000	0.130064000
0.631943000	0.130035000
0.631950000	0.129996000
0.632022000	0.129954000
0.632039000	0.129923000
0.634874000	0.132748000
0.634893000	0.132726000
0.637951000	0.135714000
0.637983000	0.135653000
0.637988000	0.135604000
0.639885000	0.137377000
0.639917000	0.137305000
0.640905000	0.138273000
0.640934000	0.138278000
0.640939000	0.133991000
0.640943000	0.133977000
0.640946000	0.133948000
0.641054000	0.134014000
0.643878000	0.136736000
0.643904000	0.136745000
0.648875000	0.141674000
0.648896000	0.141640000
0.650897000	0.143589000
0.650908000	0.143555000
0.650994000	0.143628000
0.651150000	0.142254000
0.651163000	0.140229000
0.651167000	0.140206000
0.653847000	0.142881000
0.653869000	0.141937000
0.658851000	0.146787000
0.658888000	0.146736000
0.660946000	0.148780000
0.660976000	0.147094000
0.660980000	0.144070000
0.660984000	0.144041000
0.660987000	0.144011000
0.663925000	0.145024000
0.663957000	0.145034000
0.663962000	0.143017000
0.666859000	0.145870000
0.666887000	0.145842000
0.666893000	0.142997000
0.668875000	0.141941000
0.668890000	0.141917000
0.670879000	0.143891000
0.670902000	0.143802000
0.671008000	0.143873000
0.671037000	0.143836000
0.671045000	0.143824000
0.673883000	0.146569000
0.673912000	0.146541000
0.673916000	0.146492000
0.684846000	0.155960000
0.684894000	0.155996000
0.684905000	0.153974000
0.684909000	0.153955000
0.684946000	0.153958000
0.684998000	0.153912000
0.685009000	0.153914000
0.685051000	0.153868000
0.685068000	0.153816000
0.685104000	0.151195000
0.685114000	0.151168000
0.685157000	0.148206000
0.685160000	0.148181000
0.686864000	0.149880000
0.686901000	0.149785000
0.688909000	0.150021000
0.688936000	0.150040000
0.689062000	0.150140000
0.690930000	0.151913000
0.690970000	0.151944000
0.690983000	0.151869000
0.690994000	0.151794000
0.691077000	0.151865000
0.693929000	0.153009000
0.693960000	0.153022000
0.696919000	0.155948000
0.696949000	0.155923000
0.696956000	0.155922000
0.696961000	0.155878000
0.697067000	0.152167000
0.698853000	0.153913000
0.698880000	0.151969000
0.701866000	0.154911000
0.701880000	0.154919000
0.701965000	0.154954000
0.701994000	0.154932000
0.703899000	0.156831000
0.703952000	0.156829000
0.714907000	0.166021000
0.714948000	0.166050000
0.714954000	0.164033000
0.714958000	0.164025000
0.715056000	0.164091000
0.715085000	0.164070000
0.715091000	0.160175000
0.715095000	0.156128000
0.718935000	0.159931000
0.718971000	0.159961000
0.718976000	0.159859000
0.719857000	0.158831000
0.719876000	0.158842000
0.728944000	0.167875000
0.728976000	0.167813000
0.729082000	0.167910000
0.732004000	0.170744000
0.732036000	0.170692000
0.732041000	0.170688000
0.732045000	0.170604000
0.732049000	0.170574000
0.732053000	0.170572000
0.732122000	0.170591000
0.732138000	0.168238000
0.732144000	0.168209000
0.732177000	0.165259000
0.732193000	0.165247000
0.732199000	0.165246000
0.732232000	0.163330000
0.732247000	0.163314000
0.732337000	0.159383000
0.732350000	0.159064000
0.732354000	0.159058000
0.732358000	0.158984000
0.732390000	0.158931000
0.732400000	0.157495000
0.732443000	0.157522000
0.732928000	0.153984000
0.732944000	0.151949000
0.732948000	0.151937000
0.732951000	0.151913000
0.733030000	0.151897000
0.733043000	0.151902000
0.733867000	0.149955000
0.733885000	0.149937000
0.735914000	0.146968000
0.738868000	0.149897000
0.738899000	0.143855000
0.748883000	0.153801000
0.748915000	0.153827000
0.748920000	0.153735000
0.754927000	0.159657000
0.754958000	0.156042000
0.754962000	0.156017000
0.754976000	0.156025000
0.755030000	0.154088000
0.755047000	0.154090000
0.755083000	0.153836000
0.755101000	0.153834000
0.755137000	0.153824000
0.755153000	0.151254000
0.755189000	0.151274000
0.755204000	0.146320000
0.755242000	0.146348000
0.755258000	0.144317000
0.755296000	0.144318000
0.755312000	0.144328000
0.755318000	0.144237000
0.755348000	0.144183000
0.755402000	0.141494000
0.755417000	0.141473000
0.755455000	0.138525000
0.755472000	0.136570000
0.755561000	0.136629000
0.755579000	0.136641000
0.755585000	0.134601000
0.755591000	0.134587000
0.755597000	0.134559000
0.755604000	0.134510000
0.755609000	0.134499000
0.757885000	0.133987000
0.757910000	0.133995000
0.757936000	0.129040000
0.757946000	0.129002000
0.757988000	0.128948000
0.757999000	0.126071000
0.758040000	0.126067000
0.758832000	0.126797000
0.760861000	0.128775000
0.760883000	0.128744000
0.760912000	0.128716000
0.760923000	0.126033000
0.760965000	0.125981000
0.760977000	0.122999000
0.763910000	0.125901000
0.763942000	0.125804000
0.768907000	0.128999000
0.770929000	0.130982000
0.770965000	0.130040000
0.770970000	0.130010000
0.770974000	0.129901000
0.770986000	0.129868000
0.773898000	0.132682000
0.773931000	0.132625000
0.778896000	0.135000000
0.780902000	0.136969000
0.780933000	0.136946000
0.780938000	0.132046000
0.780942000	0.132010000
0.780946000	0.130041000
0.783894000	0.132876000
0.783927000	0.132878000
0.786871000	0.135711000
0.786895000	0.135684000
0.786973000	0.135709000
0.787008000	0.133143000
0.788936000	0.135031000
0.788968000	0.130092000
0.790897000	0.131987000
0.790927000	0.129961000
0.790947000	0.129945000
0.793890000	0.132784000
0.793922000	0.132771000
0.798913000	0.137707000
0.798945000	0.134998000
0.800870000	0.136892000
0.800908000	0.136823000
0.800917000	0.136791000
0.800921000	0.134038000
0.800934000	0.134017000
0.803839000	0.136869000
0.803868000	0.134981000
0.806971000	0.138037000
0.807009000	0.136112000
0.807019000	0.135987000
0.807027000	0.133119000
0.807034000	0.133089000
0.807039000	0.132992000
0.807111000	0.132978000
0.808835000	0.134611000
0.808862000	0.134551000
0.810896000	0.126027000
0.810917000	0.126017000
0.810992000	0.126041000
0.811024000	0.126021000
0.811028000	0.125972000
0.811032000	0.125923000
0.818903000	0.133724000
0.818937000	0.133466000
0.820909000	0.135402000
0.820942000	0.135387000
0.820951000	0.135343000
0.820955000	0.135294000
0.821059000	0.135346000
0.823876000	0.138110000
0.823898000	0.137003000
0.828914000	0.141985000
0.828947000	0.140016000
0.830852000	0.141874000
0.830885000	0.141799000
0.830909000	0.139950000
0.831005000	0.140016000
0.831034000	0.139938000
0.831039000	0.139898000
0.833898000	0.142708000
0.833931000	0.139981000
0.838901000	0.144880000
0.838937000	0.141997000
0.840900000	0.143924000
0.840938000	0.143852000
0.841101000	0.143969000
0.841133000	0.143944000
0.841138000	0.143847000
0.841142000	0.142266000
0.843847000	0.144932000
0.843899000	0.142022000
0.846921000	0.144932000
0.846945000	0.144922000
0.846972000	0.144848000
0.846983000	0.143066000
0.847024000	0.143062000
0.847035000	0.132098000
0.847077000	0.132104000
0.847088000	0.132012000
0.847130000	0.128169000
0.848911000	0.129920000
0.848946000	0.129867000
0.851172000	0.132050000
0.851203000	0.132025000
0.851207000	0.131972000
0.851211000	0.131899000
0.851215000	0.131853000
0.851222000	0.131805000
0.861958000	0.142086000
0.861991000	0.142076000
0.862015000	0.133043000
0.862027000	0.133032000
0.862107000	0.132999000
0.862136000	0.130105000
0.862145000	0.130072000
0.862149000	0.130014000
0.862153000	0.129963000
0.862156000	0.129912000
0.863882000	0.131586000
0.868847000	0.136499000
0.868885000	0.136487000
0.870924000	0.138472000
0.870948000	0.138446000
0.870961000	0.138408000
0.870966000	0.138360000
0.871078000	0.138377000
0.878892000	0.146127000
0.880911000	0.148074000
0.881014000	0.148138000
0.883862000	0.150924000
0.886977000	0.153997000
0.887009000	0.153972000
0.887014000	0.153919000
0.887019000	0.153877000
0.887023000	0.153825000
0.887026000	0.153781000
0.887131000	0.153828000
0.887160000	0.153811000
0.887164000	0.153762000
0.887168000	0.153713000
0.887275000	0.153768000
0.887303000	0.153425000
0.888860000	0.154939000
0.888885000	0.152949000
0.890913000	0.152024000
0.890938000	0.152015000
0.890943000	0.151968000
0.890947000	0.142037000
0.891058000	0.142115000
0.891069000	0.142080000
0.893867000	0.138914000
0.893895000	0.138900000
0.896860000	0.141817000
0.898941000	0.143844000
0.898974000	0.143824000
0.900877000	0.145676000
0.900907000	0.145652000
0.900926000	0.145618000
0.900937000	0.145575000
0.900978000	0.145564000
0.903869000	0.148400000
0.903899000	0.148382000
0.903919000	0.148344000
0.906905000	0.149000000
0.906937000	0.148993000
0.906943000	0.148947000
0.906947000	0.148898000
0.907050000	0.148950000
0.907079000	0.148927000
0.908890000	0.150687000
0.908923000	0.150665000
0.910923000	0.152613000
0.910954000	0.152592000
0.910959000	0.152544000
0.910963000	0.152494000
0.910967000	0.152445000
0.913926000	0.155353000
0.913962000	0.155336000
0.918946000	0.160268000
0.918979000	0.160249000
0.920934000	0.162151000
0.920966000	0.162115000
0.920974000	0.162084000
0.920982000	0.161737000
0.920987000	0.161711000
0.921831000	0.162504000
0.923867000	0.164488000
0.923887000	0.164454000
0.926891000	0.167407000
0.926922000	0.166043000
0.926926000	0.166006000
0.926993000	0.166024000
0.927005000	0.166030000
0.928952000	0.167929000
0.928975000	0.167903000
0.930853000	0.166916000
0.930904000	0.166936000
0.930914000	0.161980000
0.930956000	0.160000000
0.968899000	0.197908000
0.968947000	0.197950000
0.978882000	0.207789000
0.978932000	0.207754000
0.978945000	0.205025000
0.979028000	0.205091000
0.979058000	0.200141000
0.979063000	0.198140000
0.979069000	0.198107000
0.979073000	0.198014000
0.979077000	0.197930000
0.979193000	0.197959000
0.979222000	0.197901000
0.979227000	0.195305000
0.979231000	0.195262000
0.979295000	0.192404000
0.979306000	0.192304000
0.979349000	0.192301000
0.979403000	0.192301000
0.979456000	0.190493000
0.979466000	0.190466000
0.979510000	0.188592000
0.979520000	0.188568000
0.979564000	0.188562000
0.979574000	0.185662000
0.979582000	0.185632000
0.979618000	0.180683000
0.979628000	0.180655000
0.980049000	0.179154000
0.980060000	0.179121000
0.980873000	0.179835000
0.980893000	0.179768000
0.980927000	0.179714000
0.980942000	0.179676000
0.980984000	0.177121000
0.981000000	0.177103000
0.989918000	0.182915000
0.989952000	0.182886000
0.989958000	0.182834000
0.989961000	0.182787000
0.990052000	0.182819000
0.990064000	0.182777000
0.990072000	0.182729000
0.990075000	0.181221000
0.990429000	0.181536000
0.990443000	0.179534000
0.990447000	0.179436000
0.990450000	0.179431000
0.990453000	0.171524000
0.990457000	0.171480000
0.990460000	0.171477000
0.990464000	0.171386000
0.990468000	0.171305000
0.990471000	0.171300000
0.990475000	0.169538000
0.995938000	0.174968000
0.995970000	0.174994000
0.995993000	0.174910000
0.996005000	0.174889000
0.996086000	0.172192000
0.996120000	0.172186000
0.996124000	0.167182000
0.996128000	0.167146000
0.996138000	0.165263000
0.996150000	0.165235000
0.996215000	0.165191000
0.996228000	0.165174000
0.996289000	0.165158000
0.996302000	0.165096000
0.996305000	0.162384000
0.996342000	0.162383000
0.996353000	0.157426000
0.996396000	0.157431000
0.996866000	0.157804000
0.996883000	0.155951000
0.998860000	0.157895000
0.998873000	0.157745000
0.998968000	0.157808000
0.999022000	0.157810000
0.999033000	0.157768000
1.001859000	0.157995000
1.001954000	0.158046000
1.001986000	0.155045000
1.001993000	0.155013000
1.003887000	0.156855000
1.003920000	0.156834000
1.008901000	0.161763000
1.008934000	0.161746000
1.008939000	0.161697000
1.010897000	0.163603000
1.010931000	0.163582000
1.010937000	0.162001000
1.010941000	0.161967000
1.013983000	0.162790000
1.014015000	0.162795000
1.016916000	0.165676000
1.016948000	0.165660000
1.016953000	0.165659000
1.017057000	0.165715000
1.017085000	0.165693000
1.017108000	0.155121000
1.017201000	0.155177000
1.017229000	0.155097000
1.017233000	0.153331000
1.017340000	0.153431000
1.027097000	0.163098000
1.027129000	0.163045000
1.027154000	0.163062000
1.027246000	0.163066000
1.027275000	0.163011000
1.027279000	0.163006000
1.027282000	0.158413000
1.027286000	0.158395000
1.027290000	0.156351000
1.027294000	0.156336000
1.036933000	0.165941000
1.036965000	0.165863000
1.036970000	0.165826000
1.036975000	0.165732000
1.037222000	0.158303000
1.046945000	0.166009000
1.046977000	0.165951000
1.047217000	0.163332000
1.047249000	0.160245000
1.047254000	0.160209000
1.051821000	0.164666000
1.051927000	0.164741000
1.056888000	0.169589000
1.056922000	0.169576000
1.056939000	0.169495000
1.056945000	0.169413000
1.056950000	0.169381000
1.056955000	0.169328000
1.057027000	0.169350000
1.057044000	0.169314000
1.061968000	0.173090000
1.062000000	0.173090000
1.062005000	0.173041000
1.062008000	0.171074000
1.062016000	0.171033000
1.062020000	0.170953000
1.062127000	0.170987000
1.062156000	0.170966000
1.062160000	0.170916000
1.062164000	0.168274000
1.062168000	0.168243000
1.062172000	0.165301000
1.062176000	0.163212000
1.062179000	0.163177000
1.062183000	0.161286000
1.062187000	0.161256000
1.062297000	0.161314000
1.062325000	0.161290000
1.066843000	0.165756000
1.066871000	0.162982000
1.066894000	0.162970000
1.066904000	0.162930000
1.068869000	0.164843000
1.068923000	0.161990000
1.070880000	0.163915000
1.070913000	0.163838000
1.070918000	0.163796000
1.070922000	0.163702000
1.070985000	0.163677000
1.070995000	0.162076000
1.074048000	0.165098000
1.074070000	0.163121000
1.079007000	0.168023000
1.079040000	0.167924000
1.080899000	0.169694000
1.080924000	0.169634000
1.080953000	0.167004000
1.080964000	0.166968000
1.081008000	0.162039000
1.081869000	0.162863000
1.081894000	0.160938000
1.081899000	0.160897000
1.081973000	0.160873000
1.081985000	0.160792000
1.082025000	0.160745000
1.083863000	0.162542000
1.083888000	0.162040000
1.086907000	0.163024000
1.086938000	0.163010000
1.086945000	0.160028000
1.086952000	0.159998000
1.087023000	0.160021000
1.087040000	0.159989000
1.088870000	0.161767000
1.088897000	0.159930000
1.090869000	0.161864000
1.090897000	0.160033000
1.090920000	0.160011000
1.090937000	0.159976000
1.090974000	0.159961000
1.101866000	0.132931000
1.101895000	0.132928000
1.101900000	0.122994000
1.101904000	0.122965000
1.106871000	0.127822000
1.106903000	0.127690000
1.106908000	0.127661000
1.106915000	0.127615000
1.106978000	0.127624000
1.107000000	0.127593000
1.107005000	0.127544000
1.107009000	0.127495000
1.107030000	0.127461000
1.108886000	0.129263000
1.108924000	0.129249000
1.109908000	0.130180000
1.109940000	0.130158000
1.109949000	0.130113000
1.109953000	0.130063000
1.109957000	0.130011000
1.109961000	0.129964000
1.110067000	0.130013000
1.110870000	0.130765000
1.110964000	0.130805000
1.111002000	0.130789000
1.111010000	0.130743000
1.111014000	0.130694000
1.121898000	0.141524000
1.121930000	0.141502000
1.122164000	0.141682000
1.122199000	0.141663000
1.122208000	0.141619000
1.122212000	0.141322000
1.122216000	0.141278000
1.122220000	0.141223000
1.122223000	0.141183000
1.122226000	0.141133000
1.122230000	0.141083000
1.122233000	0.132291000
1.123867000	0.133890000
1.123888000	0.133829000
1.136892000	0.146455000
1.136929000	0.146440000
1.136937000	0.146370000
1.136942000	0.146300000
1.136961000	0.146244000
1.136975000	0.146206000
1.137054000	0.146232000
1.137086000	0.146210000
1.141866000	0.150936000
1.141899000	0.150915000
1.146983000	0.155946000
1.147015000	0.155924000
1.147021000	0.155876000
1.147025000	0.155826000
1.147029000	0.155777000
1.147032000	0.155726000
1.147036000	0.155676000
1.147039000	0.151079000
1.151871000	0.155872000
1.151903000	0.155794000
1.151908000	0.155765000
1.151921000	0.155699000
1.151932000	0.155636000
1.152016000	0.155668000
1.152043000	0.155643000
1.152047000	0.155595000
1.152051000	0.155545000
1.152153000	0.155593000
1.152182000	0.155569000
1.152191000	0.155524000
1.152194000	0.155473000
1.152206000	0.155431000
1.152217000	0.155340000
1.152298000	0.155387000
1.156875000	0.159910000
1.156902000	0.159884000
1.156928000	0.159856000
1.156981000	0.159855000
1.156992000	0.158125000
1.157035000	0.158118000
1.157045000	0.158072000
1.157089000	0.158061000
1.157098000	0.158016000
1.157142000	0.155266000
1.157152000	0.155171000
1.157196000	0.155184000
1.158826000	0.156713000
1.158839000	0.154929000
1.160903000	0.156946000
1.160929000	0.152005000
1.160936000	0.151981000
1.160942000	0.151887000
1.160952000	0.150031000
1.161046000	0.150089000
1.171922000	0.160867000
1.171956000	0.160814000
1.176901000	0.162896000
1.176935000	0.162860000
1.176948000	0.162761000
1.176953000	0.160010000
1.176958000	0.159988000
1.176962000	0.159881000
1.177038000	0.159922000
1.177042000	0.159817000
1.178880000	0.161628000
1.178912000	0.161546000
1.178918000	0.161521000
1.180911000	0.163436000
1.180943000	0.163343000
1.180968000	0.153848000
1.180979000	0.153819000
1.180983000	0.153717000
1.191936000	0.154980000
1.191970000	0.154980000
1.191976000	0.154863000
1.191999000	0.154758000
1.192179000	0.154862000
1.192207000	0.154803000
1.196974000	0.159482000
1.201910000	0.164377000
1.201943000	0.164318000
1.201948000	0.164226000
1.201953000	0.164205000
1.202057000	0.164236000
1.202085000	0.164223000
1.202105000	0.155132000
1.203885000	0.156876000
1.207024000	0.159780000
1.207060000	0.159787000
1.207181000	0.159806000
1.207318000	0.155480000
1.207346000	0.155411000
1.207374000	0.150464000
1.228897000	0.141865000
1.238919000	0.131921000
1.240860000	0.133822000
1.240908000	0.133821000
1.243863000	0.133776000
1.243906000	0.133811000
1.249860000	0.139723000
1.250930000	0.140747000
1.253922000	0.131341000
1.266856000	0.144225000
1.266896000	0.143015000
1.266909000	0.143016000
1.266915000	0.129997000
1.266987000	0.130053000
1.267008000	0.130038000
1.267014000	0.129941000
1.267020000	0.129939000
1.271894000	0.130002000
1.271927000	0.130002000
1.276950000	0.135019000
1.276980000	0.135002000
1.293907000	0.135023000
1.303878000	0.124945000
1.309861000	0.130830000
1.309899000	0.130777000
1.311073000	0.130135000
1.313911000	0.132935000
1.318856000	0.126896000
1.318897000	0.126893000
1.320885000	0.128785000
1.362030000	0.133048000
1.373929000	0.143561000
1.380994000	0.150571000
1.381028000	0.150549000
1.381037000	0.150399000
1.381044000	0.150348000
1.383853000	0.153000000
1.383889000	0.152983000
1.388937000	0.157923000
1.388981000	0.157910000
1.390914000	0.159739000
1.403893000	0.171752000
1.408895000	0.176701000
1.408925000	0.176678000
1.410864000	0.178565000
1.410887000	0.178535000
1.410917000	0.178513000
1.410972000	0.172014000
1.411027000	0.172037000
1.413904000	0.174861000
1.413919000	0.174825000
1.418900000	0.179753000
1.418932000	0.179732000
1.421880000	0.182628000
1.421918000	0.182614000
1.421925000	0.182568000
1.423894000	0.184485000
1.423926000	0.184464000
1.426897000	0.187381000
1.426934000	0.187364000
1.428892000	0.189271000
1.428919000	0.189246000
1.430910000	0.191185000
1.430933000	0.191154000
1.430962000	0.191131000
1.430973000	0.191088000
1.431013000	0.191075000
1.433920000	0.193930000
1.433952000	0.193073000
1.436899000	0.195981000
1.438901000	0.195007000
1.438933000	0.195031000
1.440889000	0.196963000
1.440921000	0.196901000
1.440927000	0.196898000
1.440939000	0.196848000
1.441026000	0.196861000
1.443906000	0.199734000
1.443925000	0.199669000
1.448920000	0.204626000
1.448951000	0.199067000
1.450865000	0.199912000
1.450903000	0.196939000
1.450910000	0.196938000
1.450916000	0.196548000
1.450989000	0.196582000
1.451019000	0.196605000
1.453868000	0.199334000
1.453900000	0.199250000
1.456916000	0.202257000
1.456947000	0.202169000
1.456952000	0.202090000
1.456956000	0.202085000
1.457063000	0.202095000
1.470930000	0.215930000
1.470962000	0.215956000
1.473868000	0.218812000
1.473906000	0.218801000
1.478923000	0.223812000
1.496906000	0.241745000
1.496951000	0.241730000
1.496961000	0.230070000
1.496967000	0.230031000
1.496972000	0.230028000
1.497046000	0.230045000
1.497065000	0.230017000
1.497158000	0.230102000
1.497176000	0.230068000
1.498866000	0.231705000
1.498888000	0.226971000
1.500881000	0.228949000
1.500894000	0.223924000
1.500935000	0.223951000
1.500945000	0.206964000
1.500989000	0.207000000
1.511867000	0.217834000
1.511891000	0.217767000
1.516902000	0.222769000
1.516933000	0.222712000
1.516939000	0.222633000
1.517043000	0.222729000
1.517071000	0.222669000
1.517094000	0.222606000
1.518883000	0.224386000
1.518934000	0.224404000
1.520923000	0.226343000
1.520955000	0.226369000
1.520960000	0.226323000
1.521025000	0.226338000
1.521035000	0.226343000
1.521039000	0.226296000
1.523862000	0.229068000
1.523882000	0.229082000
1.528864000	0.234014000
1.528894000	0.233993000
1.529018000	0.234112000
1.530981000	0.236024000
1.531011000	0.236003000
1.531016000	0.236003000
1.531020000	0.235956000
1.531029000	0.235914000
1.534879000	0.239751000
1.534911000	0.239739000
1.534917000	0.239692000
1.538935000	0.243707000
1.828934000	0.287961000
1.829159000	0.288138000
1.830929000	0.289904000
1.830954000	0.287046000
1.830961000	0.281872000
1.830967000	0.281863000
1.831038000	0.281914000
1.831895000	0.282661000
1.831955000	0.282715000
1.831970000	0.282686000
1.832009000	0.282715000
1.832023000	0.282688000
1.832119000	0.281119000
1.832136000	0.281127000
1.832141000	0.281112000
1.832146000	0.278220000
1.843871000	0.244956000
1.891092000	0.212132000
1.893900000	0.214925000
1.893928000	0.212988000
1.896926000	0.215954000
1.896954000	0.215974000
1.896962000	0.212970000
1.896967000	0.210006000
1.897070000	0.210080000
1.897101000	0.210068000
1.897110000	0.210073000
1.897114000	0.208208000
1.897118000	0.208191000
1.897121000	0.206178000
1.897124000	0.206169000
1.897135000	0.203073000
1.910990000	0.214062000
1.911019000	0.214079000
1.911030000	0.214059000
1.911036000	0.212107000
1.913932000	0.212946000
1.913964000	0.212917000
1.917934000	0.215997000
1.917967000	0.215967000
1.917983000	0.215969000
1.917989000	0.215883000
1.918060000	0.215938000
1.918863000	0.214945000
1.918886000	0.211893000
1.920921000	0.213913000
1.920949000	0.213907000
1.921062000	0.214017000
1.921090000	0.210098000
1.921099000	0.210084000
1.923905000	0.212840000
1.923934000	0.212865000
1.925918000	0.211984000
1.925946000	0.208953000
1.925954000	0.208945000
1.928862000	0.211825000
1.928897000	0.211741000
1.930983000	0.211968000
1.931012000	0.209964000
1.931021000	0.209942000
1.931025000	0.209917000
1.931036000	0.209049000
1.931898000	0.209887000
1.933921000	0.211883000
1.933950000	0.210012000
1.936910000	0.212950000
1.936939000	0.209961000
1.936946000	0.209953000
1.936951000	0.209939000
1.937014000	0.209885000
1.937024000	0.209879000
1.937066000	0.208161000
1.937076000	0.206115000
1.937119000	0.206134000
1.937126000	0.206112000
1.938898000	0.207880000
1.938926000	0.206960000
1.940895000	0.208914000
1.940937000	0.208812000
1.940950000	0.206981000
1.940957000	0.203942000
1.940980000	0.203950000
1.941077000	0.202017000
1.943904000	0.202961000
1.943933000	0.202972000
1.946908000	0.205917000
1.946940000	0.204937000
1.946949000	0.204916000
1.947080000	0.204993000
1.947107000	0.205017000
1.947116000	0.204883000
1.947121000	0.204883000
1.947124000	0.204834000
1.947127000	0.203177000
1.947130000	0.200152000
1.947133000	0.200137000
1.947261000	0.200219000
1.947290000	0.200245000
1.947294000	0.200130000
1.948939000	0.201757000
1.948964000	0.200014000
1.948973000	0.200019000
1.950871000	0.201888000
1.950935000	0.201948000
1.950949000	0.201864000
1.950956000	0.201865000
1.951012000	0.200028000
1.951088000	0.199911000
1.953928000	0.201956000
1.988920000	0.236930000
1.988965000	0.231881000
1.990865000	0.233642000
1.990897000	0.233671000
1.990903000	0.233622000
1.990972000	0.233688000
1.990984000	0.233664000
1.993934000	0.236611000
1.993967000	0.236594000
1.998897000	0.241521000
1.998925000	0.239955000
2.001002000	0.240022000
2.001031000	0.240032000
2.001039000	0.240006000
2.001044000	0.239052000
2.001048000	0.239037000
2.001987000	0.239924000
2.002015000	0.239949000
2.002024000	0.239836000
2.002028000	0.239822000
2.002031000	0.239726000
2.002034000	0.239726000
2.002138000	0.239775000
2.002167000	0.239801000
2.002172000	0.238228000
2.002175000	0.238225000
2.002178000	0.238158000
2.002280000	0.238257000
2.002309000	0.238176000
2.002313000	0.235337000
2.002316000	0.235309000
2.002319000	0.235250000
2.002322000	0.235250000
2.002333000	0.235146000
2.002385000	0.235193000
2.002395000	0.235126000
2.002438000	0.235166000
2.002450000	0.173245000
2.002492000	0.173280000
2.002502000	0.172702000
2.002600000	0.172796000
2.002610000	0.172599000
2.002613000	0.172599000
2.002616000	0.172568000
2.002653000	0.172602000
2.002663000	0.172515000
2.002707000	0.172554000
2.002716000	0.172481000
2.002760000	0.172520000
2.002770000	0.172442000
2.002814000	0.172481000
2.002824000	0.172405000
2.002868000	0.172444000
2.002878000	0.172367000
2.002922000	0.172406000
2.002932000	0.172381000
2.002976000	0.172422000
2.003030000	0.172425000
2.003039000	0.172432000
2.003043000	0.172384000
2.003046000	0.172384000
2.003084000	0.172372000
2.003093000	0.172378000
2.003138000	0.172372000
2.003191000	0.172422000
2.003201000	0.172381000
2.003205000	0.172382000
2.003407000	0.172530000
2.003514000	0.172633000
2.003523000	0.172578000
2.003568000	0.172619000
2.003576000	0.172589000
2.003622000	0.172631000
2.003629000	0.172584000
2.003676000	0.172628000
2.003683000	0.172586000
2.003691000	0.172589000
2.003694000	0.172543000
2.003698000	0.172544000
2.003701000	0.172497000
2.003704000	0.172497000
2.003707000	0.172449000
2.003713000	0.172451000
2.003783000	0.172470000
2.003793000	0.172476000
2.003796000	0.172432000
2.003799000	0.172432000
2.003802000	0.172384000
2.003805000	0.172385000
2.003808000	0.172336000
2.003893000	0.172419000
2.003906000	0.172381000
2.003909000	0.172382000
2.003912000	0.172333000
2.003916000	0.172335000
2.003919000	0.172286000
2.003945000	0.172309000
2.003999000	0.172313000
2.004053000	0.172365000
2.006939000	0.175201000
2.006971000	0.175230000
2.006996000	0.175205000
2.007003000	0.175209000
2.007104000	0.175259000
2.007111000	0.175263000
2.007159000	0.175254000
2.007167000	0.175259000
2.007213000	0.175250000
2.007220000	0.175253000
2.007267000	0.175251000
2.007374000	0.175354000
2.007381000	0.175314000
2.007388000	0.175317000
2.007392000	0.175264000
2.007396000	0.175264000
2.007399000	0.175223000
2.007403000	0.175223000
2.007406000	0.175175000
2.007413000	0.175178000
2.007482000	0.175197000
2.007491000	0.175202000
2.007494000	0.175155000
2.007536000	0.175193000
2.007544000	0.175150000
2.007548000	0.175150000
2.007590000	0.175141000
2.007599000	0.175146000
2.007643000	0.175139000
2.007659000	0.175151000
2.007697000	0.175140000
2.007709000	0.175148000
2.007750000	0.175138000
2.007761000	0.175145000
2.008856000	0.176189000
2.008871000	0.176201000
2.010857000	0.178136000
2.010908000	0.178184000
2.010961000	0.178186000
2.011179000	0.178401000
2.011189000	0.178358000
2.011901000	0.179066000
2.011952000	0.179066000
2.012004000	0.179115000
2.012012000	0.179073000
2.012018000	0.179075000
2.012022000	0.179030000
2.012057000	0.179063000
2.012066000	0.179021000
2.012162000	0.179114000
2.012168000	0.179069000
2.012214000	0.179112000
2.012221000	0.179068000
2.012227000	0.179072000
2.012231000	0.179025000
2.026978000	0.192979000
2.027042000	0.183122000
2.027520000	0.183539000
2.027534000	0.183549000
2.027537000	0.183455000
2.027541000	0.183456000
2.027544000	0.183377000
2.027547000	0.183376000
2.027550000	0.183348000
2.027553000	0.183348000
2.027557000	0.183300000
2.027560000	0.183300000
2.027563000	0.183252000
2.027566000	0.183253000
2.027569000	0.183205000
2.028873000	0.184506000
2.028895000	0.184477000
2.030865000	0.186444000
2.030889000	0.186417000
2.030918000	0.186443000
2.030931000	0.186405000
2.030971000	0.186443000
2.030980000	0.186401000
2.031919000	0.187337000
2.031927000	0.187294000
2.031974000	0.187338000
2.031981000	0.187294000
2.032028000	0.187338000
2.032035000	0.187294000
2.032082000	0.187338000
2.032089000	0.187292000
2.032135000	0.187283000
2.033828000	0.188922000
2.033879000	0.188920000
2.036932000	0.191920000
2.036964000	0.191897000
2.068868000	0.174946000
2.068910000	0.174976000
2.070881000	0.173933000
2.070908000	0.173948000
2.070918000	0.173937000
2.070989000	0.174005000
2.071001000	0.173906000
2.073925000	0.176818000
2.073958000	0.176816000
2.079151000	0.181915000
2.079184000	0.181942000
2.082752000	0.185424000
2.082782000	0.185448000
2.082793000	0.171781000
2.082800000	0.171773000
2.083875000	0.172820000
2.083899000	0.172840000
2.088878000	0.174923000
2.088910000	0.174950000
2.090925000	0.176917000
2.090952000	0.172994000
2.090964000	0.172985000
2.090970000	0.172960000
2.090975000	0.172958000
2.093875000	0.175805000
2.093905000	0.175831000
2.093916000	0.175036000
2.096972000	0.178079000
2.097001000	0.176058000
2.097011000	0.176056000
2.097015000	0.175931000
2.097018000	0.175922000
2.097022000	0.175909000
2.097033000	0.173106000
2.097043000	0.173103000
2.097125000	0.171185000
2.097154000	0.171203000
2.097176000	0.171207000
2.097188000	0.168300000
2.097269000	0.168366000
2.097298000	0.166292000
2.097302000	0.166284000
2.097306000	0.166266000
2.097309000	0.166266000
2.097315000	0.166175000
2.097417000	0.165496000
2.097446000	0.163502000
2.097450000	0.163494000
2.097454000	0.160522000
2.097457000	0.160513000
2.097460000	0.160489000
2.097523000	0.160549000
2.097533000	0.160512000
2.097577000	0.160548000
2.097586000	0.160513000
2.097631000	0.160551000
2.098913000	0.161789000
2.098923000	0.161792000
2.100907000	0.161987000
2.100928000	0.161996000
2.100936000	0.160008000
2.100940000	0.159994000
2.101013000	0.160026000
2.101921000	0.160930000
2.101930000	0.160902000
2.102020000	0.160933000
2.102050000	0.158123000
2.102063000	0.158124000
2.102071000	0.155138000
2.102138000	0.155191000
2.102193000	0.155227000
2.102303000	0.155202000
2.102317000	0.155204000
2.102327000	0.155179000
2.103994000	0.156843000
2.104021000	0.156740000
2.106899000	0.159613000
2.106924000	0.159573000
2.106936000	0.159581000
2.107006000	0.159542000
2.108899000	0.161430000
2.108919000	0.161336000
2.110906000	0.161948000
2.110934000	0.161964000
2.110943000	0.161947000
2.110947000	0.160056000
2.110951000	0.160006000
2.113882000	0.162928000
2.113911000	0.162892000
2.116929000	0.165906000
2.116957000	0.165861000
2.116969000	0.163018000
2.117040000	0.128084000
2.117052000	0.128077000
2.117062000	0.128068000
2.117067000	0.126181000
2.117098000	0.126206000
2.117117000	0.126196000
2.117153000	0.126228000
2.117171000	0.126190000
2.117208000	0.126217000
2.117223000	0.123264000
2.117262000	0.123280000
2.117276000	0.118357000
2.117317000	0.118386000
2.117333000	0.116308000
2.117372000	0.116335000
2.117386000	0.116324000
2.117425000	0.116360000
2.117439000	0.116276000
2.117480000	0.115471000
2.117493000	0.115472000
2.117534000	0.115484000
2.117588000	0.115534000
2.117601000	0.115444000
2.117606000	0.115444000
2.117611000	0.115311000
2.117616000	0.115311000
2.117698000	0.115359000
2.117714000	0.115370000
2.117752000	0.115362000
2.117766000	0.115373000
2.117770000	0.115325000
2.117775000	0.115328000
2.118892000	0.116395000
2.118908000	0.116408000
2.120900000	0.118351000
2.120921000	0.118369000
2.120952000	0.118348000
2.120960000	0.118353000
2.120973000	0.118316000
2.120979000	0.118319000
2.121892000	0.119181000
2.122011000	0.119297000
2.122040000	0.119275000
2.122049000	0.119281000
2.122053000	0.119235000
2.122057000	0.119235000
2.122060000	0.119187000
2.122123000	0.119247000
2.122133000	0.119206000
2.122177000	0.119247000
2.122186000	0.119206000
2.122231000	0.119248000
2.122240000	0.119206000
2.122284000	0.119247000
2.122294000	0.119206000
2.122298000	0.119207000
2.122301000	0.119159000
2.122392000	0.119247000
2.122401000	0.119205000
2.122405000	0.119206000
2.122408000	0.119160000
2.122446000	0.119195000
2.122455000	0.119153000
2.122499000	0.119194000
2.122553000	0.119197000
2.122563000	0.119204000
2.122566000	0.119155000
2.188930000	0.185516000
2.188969000	0.185506000
2.190903000	0.187437000
2.190931000	0.187411000
2.190939000	0.187410000
2.190943000	0.187370000
2.193854000	0.190274000
2.193888000	0.190262000
2.196876000	0.193242000
2.196905000	0.193224000
2.196917000	0.193229000
2.196922000	0.193189000
2.196992000	0.193257000
2.197004000	0.193217000
2.198954000	0.195164000
2.198983000	0.195143000
2.200938000	0.197095000
2.200967000	0.197067000
2.200976000	0.197073000
2.200981000	0.197032000
2.200984000	0.197032000
2.200987000	0.196983000
2.201911000	0.197904000
2.201945000	0.197888000
2.201959000	0.197899000
2.201965000	0.197856000
2.202036000	0.197924000
2.202049000	0.197884000
2.202059000	0.197891000
2.202065000	0.197846000
2.202148000	0.197925000
2.202161000	0.197887000
2.202171000	0.197842000
2.202177000	0.195210000
2.202259000	0.195283000
2.243916000	0.236908000
2.248936000	0.241821000
2.248975000	0.241804000
2.253867000	0.246642000
2.253902000	0.246523000
2.257020000	0.249589000
2.257052000	0.249566000
2.257057000	0.249517000
2.257061000	0.249467000
2.257065000	0.249412000
2.257170000	0.249467000
2.257200000	0.249444000
2.257209000	0.249403000
2.257218000	0.249360000
2.257225000	0.249314000
2.257230000	0.249266000
2.257305000	0.248429000
2.257324000	0.246411000
2.257330000	0.246144000
2.257362000	0.245448000
2.257379000	0.245370000
2.257385000	0.245324000
2.257415000	0.245303000
2.257471000	0.245305000
2.257486000	0.245267000
2.257492000	0.245222000
2.257525000	0.230508000
2.257579000	0.230530000
2.257595000	0.230068000
2.257600000	0.230009000
2.257634000	0.229958000
2.257689000	0.229930000
2.257706000	0.229851000
2.257712000	0.229770000
2.257743000	0.229709000
2.257759000	0.229685000
2.257772000	0.229644000
2.257778000	0.229596000
2.258306000	0.230071000
2.258327000	0.230038000
2.258333000	0.229989000
2.258338000	0.229941000
2.258344000	0.229893000
2.258349000	0.229844000
2.258355000	0.229796000
2.258361000	0.229749000
2.258366000	0.229701000
2.258372000	0.229652000
2.258377000	0.229603000
2.258382000	0.229482000
2.258388000	0.227492000
2.258394000	0.227456000
2.258399000	0.227414000
2.258405000	0.226473000
2.258412000	0.226427000
2.258417000	0.226378000
2.258423000	0.226329000
2.258427000	0.226284000
2.258431000	0.224585000
2.258434000	0.224548000
2.258437000	0.224501000
2.280903000	0.243943000
2.283857000	0.246861000
2.288918000	0.220014000
2.288951000	0.218050000
2.290937000	0.219998000
2.290969000	0.219962000
2.290974000	0.217007000
2.290978000	0.211802000
2.290982000	0.208208000
2.290994000	0.208109000
2.291906000	0.208013000
2.291927000	0.203024000
2.291934000	0.200989000
2.291938000	0.200945000
2.328910000	0.237864000
2.328951000	0.235039000
2.331136000	0.234141000
2.331168000	0.234131000
2.331173000	0.234028000
2.331177000	0.233996000
2.331186000	0.233897000
2.333918000	0.236481000
2.333950000	0.236475000
2.336900000	0.239372000
2.336930000	0.239349000
2.337007000	0.239372000
2.337027000	0.239340000
2.338860000	0.241119000
2.338888000	0.241093000
2.340867000	0.243019000
2.340914000	0.243011000
2.340925000	0.242006000
2.340966000	0.240043000
2.340977000	0.240014000
2.341864000	0.240846000
2.341884000	0.239949000
2.341915000	0.239856000
2.341926000	0.239833000
2.341968000	0.239765000
2.341979000	0.239655000
2.343856000	0.239841000
2.343875000	0.236957000
2.348910000	0.241956000
2.348941000	0.240027000
2.351909000	0.240981000
2.351959000	0.240994000
2.351976000	0.240900000
2.351983000	0.238067000
2.351988000	0.235023000
2.352071000	0.235023000
2.352087000	0.234979000
2.352127000	0.234964000
2.352142000	0.234928000
2.352148000	0.061150000
2.352323000	0.061228000
2.368906000	0.031954000
2.368957000	0.031934000
2.373878000	0.036812000
2.373932000	0.035048000
2.375915000	0.037000000
2.388978000	0.036839000
2.403850000	0.034898000
2.415933000	0.045062000
2.418862000	0.047934000
2.418906000	0.047925000
2.433958000	0.061312000
2.434032000	0.061333000
2.435887000	0.063134000
2.435914000	0.063093000
2.443859000	0.070995000
2.473907000	0.098635000
2.495975000	0.119011000
2.498931000	0.121913000
2.513949000	0.124475000
2.515893000	0.126369000
2.515911000	0.126384000
2.515946000	0.126366000
2.515955000	0.126371000
2.515999000	0.126364000
2.518863000	0.129224000
2.518881000	0.129191000
2.521888000	0.131925000
2.523895000	0.133878000
2.523931000	0.133860000
2.525994000	0.135873000
2.526023000	0.135899000
2.526031000	0.135856000
2.526036000	0.135858000
2.526039000	0.135810000
2.528853000	0.138622000
2.528907000	0.125035000
2.531887000	0.128010000
2.531917000	0.115930000
2.531925000	0.115933000
2.538920000	0.121952000
2.538981000	0.121964000
2.543865000	0.126842000
2.543889000	0.126816000
2.545897000	0.128821000
2.545926000	0.111907000
2.545938000	0.111914000
2.546036000	0.112008000
2.546067000	0.112003000
2.548910000	0.114843000
2.548940000	0.114870000
2.549049000	0.114888000
2.552016000	0.117849000
2.552045000	0.117875000
2.553878000	0.119624000
2.553907000	0.119419000
2.559103000	0.124612000
2.559133000	0.124595000
2.563926000	0.129385000
2.563955000	0.129411000
2.565924000	0.131332000
2.565952000	0.131358000
2.565960000	0.131363000
2.565964000	0.131319000
2.566069000	0.131421000
2.566921000	0.132270000
2.566949000	0.132250000
2.566957000	0.132256000
2.566961000	0.132257000
2.568915000	0.134163000
2.568942000	0.134187000
2.571974000	0.137217000
2.572003000	0.137197000
2.572012000	0.137203000
2.572017000	0.137205000
2.572020000	0.137161000
2.572024000	0.137162000
2.572128000	0.137264000
2.572157000	0.137244000
2.572161000	0.137245000
2.572165000	0.137247000
2.572168000	0.137202000
2.572171000	0.137202000
2.572257000	0.137285000
2.572272000	0.137253000
2.572337000	0.137315000
2.572349000	0.137324000
2.572497000	0.137423000
2.572506000	0.137425000
2.572550000	0.137464000
2.572560000	0.137433000
2.575982000	0.140852000
2.576008000	0.140875000
2.576015000	0.140835000
2.576020000	0.140837000
2.576023000	0.140837000
2.578911000	0.143677000
2.578940000	0.143703000
2.583931000	0.148691000
2.585930000	0.150642000
2.585963000	0.150057000
2.585975000	0.150066000
2.585981000	0.150061000
2.585986000	0.150063000
2.586002000	0.150059000
2.588924000	0.145047000
2.588956000	0.145075000
2.591933000	0.117934000
2.591961000	0.117954000
2.591981000	0.117970000
2.592034000	0.118019000
2.592043000	0.117480000
2.592088000	0.117521000
2.592099000	0.117528000
2.592140000	0.117514000
2.592151000	0.117409000
2.592193000	0.117443000
2.592204000	0.117407000
2.593868000	0.119063000
2.603873000	0.128543000
2.605917000	0.130579000
2.605949000	0.130566000
2.615919000	0.140364000
2.624470000	0.148873000
2.624501000	0.148851000
2.625897000	0.129863000
2.639024000	0.141819000
2.639088000	0.141878000
2.643874000	0.144928000
2.643918000	0.129926000
2.648900000	0.134353000
2.648941000	0.134344000
2.653900000	0.139297000
2.663945000	0.124888000
2.664006000	0.124896000
2.665943000	0.126780000
2.673887000	0.134228000
2.673932000	0.134186000
2.675990000	0.136153000
2.676017000	0.136093000
2.676023000	0.136008000
2.676026000	0.135972000
2.676042000	0.135935000
2.678885000	0.138724000
2.678909000	0.138694000
2.683882000	0.143614000
2.683921000	0.143384000
2.685896000	0.145305000
2.685927000	0.142042000
2.685950000	0.142026000
2.688914000	0.142808000
2.688948000	0.142835000
2.693868000	0.139826000
2.693909000	0.139777000
2.695863000	0.129880000
2.698826000	0.131884000
2.698923000	0.131948000
2.703880000	0.131883000
2.708915000	0.136877000
2.708947000	0.136600000
2.713902000	0.141454000
2.713941000	0.141387000
2.715878000	0.139876000
2.715918000	0.139879000
2.715926000	0.131968000
2.716011000	0.130002000
2.718884000	0.129938000
2.723946000	0.131536000
2.733885000	0.127606000
2.753897000	0.147580000
2.753930000	0.147509000
2.755904000	0.149370000
2.755937000	0.149300000
2.755943000	0.149196000
2.755950000	0.149149000
2.755955000	0.149050000
2.758908000	0.151949000
2.758936000	0.151924000
2.761968000	0.146014000
2.762000000	0.146003000
2.762005000	0.145911000
2.762009000	0.145823000
2.762012000	0.145690000
2.762024000	0.145651000
2.762192000	0.145765000
2.763873000	0.139376000
2.763926000	0.124165000
2.768860000	0.129046000
2.806009000	0.141362000
2.835920000	0.126658000
2.868971000	0.106939000
2.903911000	0.096457000
2.928903000	0.091392000
2.928987000	0.091424000
2.933963000	0.096347000
2.933998000	0.096328000
2.935898000	0.098174000
2.935926000	0.098145000
2.935949000	0.098115000
2.935963000	0.098075000
2.936002000	0.098061000
2.938847000	0.100852000
2.938935000	0.100886000
2.963916000	0.124138000
2.965967000	0.096914000
2.965989000	0.096894000
2.965994000	0.096850000
2.966021000	0.096823000
3.003911000	0.132665000
3.005864000	0.134564000
3.005885000	0.134531000
3.005918000	0.134510000
3.005939000	0.134477000
3.005971000	0.134456000
3.008999000	0.137430000
3.009031000	0.137408000
3.009041000	0.137364000
3.013981000	0.109976000
3.014012000	0.109963000
3.015923000	0.111776000
3.015956000	0.111721000
3.015965000	0.111624000
3.015969000	0.110278000
3.016002000	0.110248000
3.018859000	0.113057000
3.018883000	0.113026000
3.021927000	0.116021000
3.021975000	0.116015000
3.021988000	0.115975000
3.022029000	0.115964000
3.022049000	0.115931000
3.022121000	0.115898000
3.022145000	0.115820000
3.022152000	0.115771000
3.023916000	0.117480000
3.023948000	0.117460000
3.025876000	0.119334000
3.025925000	0.096949000
3.025941000	0.096922000
3.025977000	0.096772000
3.056965000	0.092301000
3.057078000	0.092311000
3.057085000	0.092168000
3.057089000	0.091694000
3.057109000	0.091709000
3.057113000	0.091659000
3.073929000	0.108424000
3.073963000	0.069413000
3.083911000	0.079312000
3.093930000	0.088678000
3.093993000	0.088586000
3.095908000	0.090445000
3.095947000	0.090021000
3.095956000	0.089978000
3.095964000	0.086943000
3.096032000	0.086970000
3.098893000	0.084885000
3.108914000	0.092019000
3.108969000	0.092068000
3.118911000	0.101977000
3.123921000	0.106829000
3.123960000	0.106863000
3.128857000	0.104914000
3.133870000	0.109902000
3.136080000	0.110177000
3.143941000	0.117905000
3.148856000	0.122771000
3.148896000	0.122806000
3.172351000	0.114168000
3.172420000	0.114184000
3.172431000	0.114142000
3.175918000	0.117580000
3.183921000	0.124895000
3.183979000	0.124905000
3.185906000	0.126780000
3.185931000	0.126694000
3.185942000	0.126656000
3.185946000	0.126607000
3.193889000	0.134180000
3.195937000	0.136071000
3.198922000	0.139050000
3.198955000	0.139033000
3.213859000	0.139254000
3.223921000	0.149266000
3.226049000	0.151340000
3.228932000	0.134603000
3.228983000	0.134552000
3.233845000	0.139406000
3.233863000	0.139371000
3.235864000	0.141320000
3.235928000	0.141226000
3.235936000	0.141171000
3.235981000	0.141165000
3.238889000	0.142796000
3.238910000	0.142767000
3.243985000	0.147836000
3.244002000	0.134799000
3.245949000	0.136658000
3.245969000	0.136588000
3.245982000	0.136566000
3.245991000	0.136570000
3.246061000	0.136589000
3.256043000	0.146146000
3.263958000	0.154056000
3.266053000	0.142101000
3.266075000	0.141999000
3.266082000	0.137173000
3.266088000	0.137142000
3.266094000	0.137100000
3.266099000	0.137053000
3.268872000	0.139820000
3.268887000	0.139786000
3.295993000	0.123204000
3.336909000	0.122930000
3.345896000	0.116306000
3.345929000	0.116285000
3.345945000	0.116247000
3.348880000	0.119126000
3.348931000	0.119072000
3.353909000	0.123996000
3.353918000	0.123894000
3.356021000	0.125893000
3.358994000	0.128809000
3.493903000	0.029858000
