15.409127000	0.037910000
15.459131000	0.044549000
15.459180000	0.044587000
15.464066000	0.049445000
15.464099000	0.049474000
15.467118000	0.052443000
15.467147000	0.052468000
15.467154000	0.052431000
15.467158000	0.052432000
15.467229000	0.052452000
15.467246000	0.052466000
15.499121000	0.039951000
15.499158000	0.039983000
15.502289000	0.043080000
15.502314000	0.039962000
15.502318000	0.038229000
15.502322000	0.036625000
15.502331000	0.036550000
15.504126000	0.035326000
15.504143000	0.035338000
15.509096000	0.037127000
15.512292000	0.040317000
15.512311000	0.037212000
15.512315000	0.037210000
15.514081000	0.035853000
15.514098000	0.035865000
15.519044000	0.037680000
15.519065000	0.037696000
15.524082000	0.039564000
15.524097000	0.039574000
15.529052000	0.041425000
15.534152000	0.035004000
15.540190000	0.039468000
15.540225000	0.039498000
15.540230000	0.036520000
15.540233000	0.036518000
15.544191000	0.037750000
15.544212000	0.037766000
15.549066000	0.042508000
15.549099000	0.040012000
15.550177000	0.041085000
15.550209000	0.038496000
15.550226000	0.038507000
15.550229000	0.035835000
15.550279000	0.035881000
15.554075000	0.036980000
15.554094000	0.036994000
15.559057000	0.039325000
15.559151000	0.039414000
15.562594000	0.040233000
15.562623000	0.040257000
15.562628000	0.037608000
15.562631000	0.037601000
15.562635000	0.035056000
15.564132000	0.036548000
15.569113000	0.038944000
15.569132000	0.038957000
15.571129000	0.038449000
15.571153000	0.038468000
15.571159000	0.035901000
15.571162000	0.035899000
15.571165000	0.034442000
15.574079000	0.037351000
15.574096000	0.037287000
15.579064000	0.040893000
15.579097000	0.039438000
15.579103000	0.038052000
15.582123000	0.039694000
15.582146000	0.034228000
15.584076000	0.034245000
15.589363000	0.038161000
15.589378000	0.038171000
15.592089000	0.039589000
15.592101000	0.039596000
15.592141000	0.038366000
15.592144000	0.038362000
15.592195000	0.038365000
15.594047000	0.038940000
15.594050000	0.038939000
15.599039000	0.042641000
15.599090000	0.042687000
15.599101000	0.041387000
15.602114000	0.044396000
15.602144000	0.043130000
15.602151000	0.043131000
15.602157000	0.041848000
15.602226000	0.041911000
15.604071000	0.042423000
15.604083000	0.042430000
15.607051000	0.044135000
15.607155000	0.044235000
15.607165000	0.042989000
15.609070000	0.044891000
15.609088000	0.043612000
15.609093000	0.043612000
15.612131000	0.045377000
15.612165000	0.045406000
15.612169000	0.044157000
15.612171000	0.044153000
15.612178000	0.042913000
15.614086000	0.043564000
15.614096000	0.042285000
15.615065000	0.042346000
15.615073000	0.041487000
15.619066000	0.044581000
15.619078000	0.043690000
15.619082000	0.042836000
15.622110000	0.044967000
15.622161000	0.044083000
15.622163000	0.042585000
15.622214000	0.041804000
15.622216000	0.036405000
15.624114000	0.037542000
15.624119000	0.036103000
15.629145000	0.040393000
15.629168000	0.039685000
15.633124000	0.042921000
15.633131000	0.041484000
15.633133000	0.040768000
15.633135000	0.040074000
15.633259000	0.039502000
15.633264000	0.038811000
15.634111000	0.038266000
15.634117000	0.037577000
15.639114000	0.041883000
15.639121000	0.040060000
15.643070000	0.043656000
15.643122000	0.043017000
15.643125000	0.040991000
15.643182000	0.040688000
15.643184000	0.040077000
15.643235000	0.039512000
15.644040000	0.039700000
15.644092000	0.039138000
15.647157000	0.041587000
15.649091000	0.042022000
15.649107000	0.041726000
15.653129000	0.043116000
15.653147000	0.040634000
15.653287000	0.040213000
15.653368000	0.039665000
15.653372000	0.039092000
15.654044000	0.039216000
15.654046000	0.038674000
15.659097000	0.043160000
15.659111000	0.042631000
15.659116000	0.042089000
15.661142000	0.043553000
15.661158000	0.043023000
15.661163000	0.043024000
15.661165000	0.042508000
15.661167000	0.041999000
15.661246000	0.041528000
15.663129000	0.042914000
15.663145000	0.042418000
15.663181000	0.041908000
15.663234000	0.041434000
15.663238000	0.040950000
15.677120000	0.054386000
15.677139000	0.054034000
15.677143000	0.053614000
15.677145000	0.053218000
15.677224000	0.053296000
15.677229000	0.052960000
15.677231000	0.052961000
15.677233000	0.052549000
15.677282000	0.052597000
15.677287000	0.052240000
15.677333000	0.052284000
15.677336000	0.051899000
15.677386000	0.051948000
15.677387000	0.051560000
15.677439000	0.051610000
15.679057000	0.052841000
15.679059000	0.052842000
15.681167000	0.054541000
15.681171000	0.054544000
15.681247000	0.054231000
15.681251000	0.054234000
15.681306000	0.053901000
15.681308000	0.053902000
15.681372000	0.053601000
15.681374000	0.053602000
15.681425000	0.053268000
15.681427000	0.053269000
15.681428000	0.052829000
15.681430000	0.052829000
15.681478000	0.052876000
15.681481000	0.052493000
15.681531000	0.052542000
15.681532000	0.052208000
15.681585000	0.052261000
15.681586000	0.051847000
15.681638000	0.051898000
15.681640000	0.051509000
15.681692000	0.051544000
15.681693000	0.051174000
15.681746000	0.051226000
15.681750000	0.050869000
15.681751000	0.050869000
15.681753000	0.050482000
15.681851000	0.050578000
15.681853000	0.050193000
15.681905000	0.050243000
15.681907000	0.049859000
15.681958000	0.049909000
15.681959000	0.049522000
15.681961000	0.049522000
15.681963000	0.049138000
15.682063000	0.049236000
15.682065000	0.048852000
15.682117000	0.048903000
15.682118000	0.048903000
15.682119000	0.048522000
15.682121000	0.048523000
15.682170000	0.048255000
15.682172000	0.048256000
15.682231000	0.047972000
15.682233000	0.047973000
15.682283000	0.047639000
15.682287000	0.047642000
15.682345000	0.047421000
15.682346000	0.047421000
15.682397000	0.047115000
15.682398000	0.047115000
15.682399000	0.046794000
15.682450000	0.046844000
15.682502000	0.046578000
15.682505000	0.046579000
15.682555000	0.046300000
15.683089000	0.046832000
15.683092000	0.046505000
15.683141000	0.046553000
15.683143000	0.046224000
15.683194000	0.046274000
15.684057000	0.046805000
15.684109000	0.046855000
15.684111000	0.046856000
15.687104000	0.049521000
15.687111000	0.049527000
15.687154000	0.049211000
15.687211000	0.049267000
15.687261000	0.048985000
15.687263000	0.048986000
15.687264000	0.048683000
15.687266000	0.048683000
15.687317000	0.048404000
15.687319000	0.048405000
15.687366000	0.048121000
15.687418000	0.048172000
15.687420000	0.047789000
15.687421000	0.047788000
15.687471000	0.047561000
15.687473000	0.047562000
15.687524000	0.047224000
15.687525000	0.047223000
15.687576000	0.047002000
15.687580000	0.047005000
15.687629000	0.046696000
15.687631000	0.046697000
15.687682000	0.046416000
15.687684000	0.046417000
15.689078000	0.047810000
15.689132000	0.047535000
15.693186000	0.051588000
15.693191000	0.051286000
15.693237000	0.051331000
15.693239000	0.050978000
15.693290000	0.051028000
15.694051000	0.051457000
15.694055000	0.051460000
15.695135000	0.052209000
15.695137000	0.052062000
15.695352000	0.052110000
15.695354000	0.052111000
15.695407000	0.051848000
15.695408000	0.051848000
15.695459000	0.051584000
15.695461000	0.051582000
15.695462000	0.051269000
15.695464000	0.051269000
15.695465000	0.050958000
15.695467000	0.050960000
15.695512000	0.050691000
15.695515000	0.050694000
15.695516000	0.050381000
15.695518000	0.050383000
15.695565000	0.050429000
15.695566000	0.050117000
15.695619000	0.050169000
15.695622000	0.049859000
15.695672000	0.049908000
15.695675000	0.049572000
15.695724000	0.048562000
15.695725000	0.048407000
15.695812000	0.046710000
15.699057000	0.049798000
15.704098000	0.054838000
15.704103000	0.054514000
15.704150000	0.051009000
15.707179000	0.053884000
15.707187000	0.053892000
15.707189000	0.053601000
15.707192000	0.053603000
15.707231000	0.053324000
15.707235000	0.053327000
15.707283000	0.053109000
15.707285000	0.053111000
15.707337000	0.052842000
15.707340000	0.052844000
15.707391000	0.052633000
15.707394000	0.052636000
15.707445000	0.052686000
15.707449000	0.052399000
15.707499000	0.052448000
15.707503000	0.052161000
15.707553000	0.052210000
15.707557000	0.051904000
15.707559000	0.051904000
15.707561000	0.048454000
15.707660000	0.048551000
15.707665000	0.048408000
15.707667000	0.048409000
15.707670000	0.048104000
15.707767000	0.048200000
15.707771000	0.046618000
15.707774000	0.046618000
15.708132000	0.046833000
15.708137000	0.046837000
15.708184000	0.046614000
15.708237000	0.046667000
15.708239000	0.043914000
15.714083000	0.036948000
15.714091000	0.036822000
15.718111000	0.040841000
15.718119000	0.040589000
15.718205000	0.040413000
15.718212000	0.040159000
15.718214000	0.039898000
15.719085000	0.040507000
15.719093000	0.040253000
15.724150000	0.045048000
15.724158000	0.044795000
15.728084000	0.048459000
15.728167000	0.048279000
15.728175000	0.048025000
15.728249000	0.047835000
15.728256000	0.047581000
15.728259000	0.047324000
15.729124000	0.047926000
15.729176000	0.047716000
15.732146000	0.050424000
15.732171000	0.050188000
15.732173000	0.049935000
15.732237000	0.049998000
15.732260000	0.049778000
15.732263000	0.049542000
15.732267000	0.049311000
15.732335000	0.049147000
15.732358000	0.048940000
15.732360000	0.048713000
15.732363000	0.048487000
15.732426000	0.048320000
15.734071000	0.049736000
15.734080000	0.049516000
15.738148000	0.053355000
15.738174000	0.053152000
15.738249000	0.049911000
15.744096000	0.051805000
15.749084000	0.056596000
15.754066000	0.060985000
15.754080000	0.060602000
15.758186000	0.064314000
15.759115000	0.063860000
15.768150000	0.072697000
15.768162000	0.072511000
15.768235000	0.072388000
15.768245000	0.072220000
15.768328000	0.072127000
15.769109000	0.072730000
15.769120000	0.072561000
15.774108000	0.077372000
15.774120000	0.077209000
15.776119000	0.079031000
15.776131000	0.078867000
15.776134000	0.078693000
15.776137000	0.078519000
15.778195000	0.080399000
15.778209000	0.080236000
15.778212000	0.080062000
15.778216000	0.079889000
15.778221000	0.079716000
15.779112000	0.080430000
15.779125000	0.080265000
15.782126000	0.083088000
15.784049000	0.084835000
15.788150000	0.088758000
15.788163000	0.088770000
15.788166000	0.088597000
15.788170000	0.088424000
15.788236000	0.088313000
15.789096000	0.088995000
15.789111000	0.088832000
15.794070000	0.093615000
15.794082000	0.093450000
15.804118000	0.103308000
15.804133000	0.103146000
15.804138000	0.102974000
15.804141000	0.102800000
15.804210000	0.102691000
15.804226000	0.102531000
15.804295000	0.102422000
15.804309000	0.101727000
15.804316000	0.100670000
15.804325000	0.100502000
15.804351000	0.100350000
15.804356000	0.100179000
15.805091000	0.100735000
15.805105000	0.100573000
15.809113000	0.104404000
15.809126000	0.104240000
15.813066000	0.108003000
15.813119000	0.107878000
15.813125000	0.107707000
15.813175000	0.107580000
15.813181000	0.107409000
15.813231000	0.107282000
15.813237000	0.107111000
15.813287000	0.106984000
15.813292000	0.106812000
15.813342000	0.106684000
15.813348000	0.106513000
15.813352000	0.106517000
15.849102000	0.035626000
