14.481952000	0.032893000
14.521985000	0.034580000
14.522024000	0.034609000
14.526916000	0.039444000
14.526955000	0.039476000
14.529946000	0.042428000
14.529977000	0.042456000
14.530005000	0.042425000
14.530023000	0.042438000
14.530035000	0.042399000
14.530041000	0.042403000
14.556994000	0.034980000
14.557039000	0.035020000
14.561956000	0.039872000
14.561989000	0.039902000
14.566946000	0.040004000
14.566978000	0.040029000
14.569983000	0.042999000
14.570014000	0.043025000
14.570018000	0.040052000
14.571932000	0.041960000
14.571963000	0.041948000
14.574956000	0.044937000
14.591932000	0.034910000
14.591966000	0.034933000
14.595999000	0.038944000
14.596031000	0.038973000
14.596037000	0.038882000
14.596048000	0.038888000
14.596058000	0.038812000
14.596980000	0.039728000
14.597012000	0.039677000
14.599959000	0.042618000
14.599991000	0.042569000
14.599996000	0.042568000
14.600008000	0.038029000
14.600018000	0.038034000
14.601940000	0.039875000
14.601970000	0.039901000
14.604901000	0.037933000
14.606946000	0.039973000
14.606978000	0.039951000
14.610011000	0.042964000
14.611918000	0.041914000
14.611955000	0.041946000
14.614976000	0.044943000
14.615008000	0.044972000
14.615014000	0.044882000
14.615113000	0.044975000
14.615141000	0.043187000
14.615145000	0.043187000
14.615148000	0.043160000
14.615222000	0.043231000
14.616936000	0.041958000
14.616968000	0.041985000
14.661936000	0.069981000
14.661975000	0.070014000
14.666953000	0.074965000
14.666990000	0.074999000
14.670025000	0.074004000
14.670061000	0.074035000
14.670209000	0.074156000
14.670222000	0.074167000
14.670227000	0.074084000
14.670230000	0.074081000
14.670234000	0.073992000
14.670237000	0.070256000
14.670243000	0.068251000
14.670257000	0.058308000
14.681982000	0.064983000
14.697889000	0.035919000
14.697923000	0.035917000
14.700982000	0.033999000
14.701016000	0.033996000
14.706974000	0.036917000
14.707003000	0.036818000
14.710998000	0.040779000
14.711045000	0.040767000
14.711052000	0.040771000
14.711057000	0.040647000
14.711126000	0.040710000
14.711906000	0.041416000
14.711932000	0.041436000
14.717049000	0.046472000
14.717083000	0.046500000
14.720034000	0.049369000
14.720065000	0.049394000
14.720076000	0.049319000
14.720085000	0.049322000
14.720092000	0.049247000
14.720097000	0.049246000
14.720108000	0.049222000
14.720124000	0.049235000
14.720241000	0.049301000
14.720264000	0.049321000
14.720268000	0.049274000
14.720939000	0.049942000
14.720975000	0.049928000
14.720989000	0.049939000
14.720995000	0.049893000
14.721246000	0.050141000
14.721276000	0.050118000
14.721900000	0.050738000
14.721956000	0.050745000
14.726978000	0.055764000
14.727009000	0.055744000
14.736967000	0.065698000
14.740947000	0.069625000
14.740978000	0.069652000
14.740989000	0.069614000
14.740993000	0.069614000
14.741005000	0.069576000
14.741020000	0.069587000
14.741980000	0.070496000
14.742011000	0.070523000
14.747003000	0.075463000
14.747038000	0.075494000
14.749981000	0.078348000
14.750013000	0.078377000
14.750976000	0.079299000
14.751006000	0.079326000
14.751017000	0.079286000
14.751029000	0.079296000
14.751080000	0.079295000
14.751093000	0.079306000
14.751938000	0.080100000
14.751966000	0.080125000
14.756986000	0.085094000
14.757019000	0.085125000
14.759991000	0.088045000
14.760023000	0.088075000
14.761078000	0.089078000
14.761109000	0.089107000
14.761118000	0.089064000
14.761122000	0.089066000
14.761125000	0.089018000
14.761969000	0.089859000
14.761999000	0.089838000
14.762006000	0.089842000
14.764957000	0.092742000
14.764994000	0.092777000
14.766976000	0.094707000
14.767007000	0.094736000
14.769982000	0.097660000
14.770018000	0.097693000
14.770029000	0.097653000
14.770101000	0.097722000
14.770118000	0.088103000
14.770137000	0.088117000
14.770140000	0.088118000
14.770153000	0.088100000
14.770165000	0.088109000
14.770955000	0.088896000
14.770987000	0.088834000
14.770995000	0.088839000
14.770999000	0.088840000
14.771002000	0.088795000
14.771106000	0.088895000
14.772091000	0.089877000
14.772122000	0.089871000
14.775000000	0.092746000
14.775031000	0.092774000
14.775039000	0.092695000
14.775043000	0.092694000
14.775046000	0.092694000
14.775049000	0.092624000
14.775153000	0.092722000
14.775184000	0.092750000
14.775188000	0.092639000
14.775191000	0.092636000
14.775198000	0.092640000
14.775202000	0.092597000
14.775284000	0.092673000
14.775304000	0.092627000
14.775308000	0.092583000
14.776914000	0.079002000
14.776950000	0.079031000
14.779934000	0.081977000
14.779960000	0.081956000
14.779964000	0.081954000
14.781005000	0.082945000
14.781043000	0.082934000
14.781048000	0.082933000
14.781052000	0.082887000
14.781055000	0.082841000
14.781900000	0.080896000
14.781930000	0.080918000
14.786902000	0.085843000
14.786928000	0.079929000
14.790959000	0.083948000
14.792002000	0.080971000
14.792040000	0.081001000
14.796943000	0.085867000
14.796974000	0.085894000
14.800987000	0.089903000
14.801025000	0.089929000
14.801041000	0.089906000
14.801047000	0.089909000
14.801052000	0.089911000
14.801968000	0.090823000
14.801995000	0.090815000
14.805043000	0.093859000
14.805075000	0.093887000
14.805087000	0.093895000
14.805092000	0.093171000
14.805095000	0.093169000
14.805098000	0.093169000
14.805110000	0.093174000
14.805126000	0.093166000
14.805207000	0.093243000
14.805241000	0.088171000
14.805245000	0.088170000
14.805248000	0.088170000
14.806893000	0.089804000
14.806916000	0.089770000
14.806927000	0.086871000
14.809973000	0.089912000
14.809997000	0.089927000
14.810015000	0.089942000
14.810019000	0.089907000
14.810082000	0.089967000
14.810092000	0.089974000
14.810102000	0.089981000
14.810108000	0.089896000
14.810186000	0.089968000
14.810989000	0.090768000
14.811008000	0.090784000
14.811040000	0.090786000
14.811051000	0.090794000
14.811060000	0.090800000
14.811146000	0.090852000
14.811934000	0.091637000
14.811954000	0.091654000
14.816964000	0.096661000
14.816996000	0.096649000
14.820044000	0.099694000
14.820074000	0.099721000
14.820085000	0.099122000
14.820092000	0.099123000
14.820096000	0.099114000
14.820108000	0.099122000
14.820120000	0.098861000
14.820160000	0.098897000
14.820181000	0.098913000
14.820185000	0.098914000
14.820263000	0.098915000
14.820958000	0.099606000
14.820978000	0.099622000
14.820988000	0.099628000
14.820994000	0.099078000
14.821061000	0.099141000
14.821901000	0.099933000
14.821954000	0.099982000
14.825024000	0.098025000
14.825055000	0.098051000
14.825066000	0.098052000
14.825073000	0.098056000
14.825077000	0.088084000
14.825080000	0.088081000
14.825179000	0.084211000
14.825218000	0.084244000
14.825225000	0.084242000
14.825228000	0.084242000
14.826977000	0.085968000
14.827021000	0.086009000
14.831080000	0.090065000
14.831118000	0.090100000
14.831134000	0.090075000
14.831144000	0.090082000
14.831149000	0.090084000
14.831951000	0.090884000
14.831977000	0.089976000
14.836956000	0.094950000
14.836993000	0.094977000
14.840046000	0.098027000
14.840078000	0.093052000
14.840088000	0.093057000
14.840096000	0.093049000
14.840108000	0.093056000
14.840127000	0.090124000
14.840204000	0.090196000
14.840239000	0.090221000
14.840247000	0.090226000
14.840251000	0.089255000
14.840254000	0.089253000
14.840258000	0.089247000
14.840269000	0.089255000
14.840287000	0.089253000
14.840364000	0.089327000
14.840523000	0.089483000
14.840553000	0.089468000
14.840564000	0.089476000
14.840573000	0.089482000
14.840582000	0.089447000
14.840588000	0.089450000
14.840591000	0.088634000
14.840594000	0.088632000
14.840600000	0.088627000
14.840603000	0.088602000
14.840711000	0.083702000
14.840752000	0.083738000
14.840757000	0.083732000
14.840763000	0.083713000
14.840767000	0.080753000
14.840770000	0.080752000
14.840774000	0.080745000
14.840778000	0.080724000
14.851011000	0.089911000
14.851027000	0.089912000
14.851033000	0.089890000
14.851045000	0.089780000
14.857009000	0.095736000
14.857028000	0.095039000
14.860991000	0.098987000
14.861008000	0.098975000
14.861013000	0.096031000
14.861018000	0.096017000
14.861050000	0.094052000
14.861917000	0.094905000
14.861937000	0.091932000
14.866904000	0.096879000
14.866953000	0.096898000
14.869983000	0.099873000
14.870938000	0.100812000
14.870956000	0.100796000
14.870989000	0.100619000
14.871045000	0.100669000
14.871052000	0.100631000
14.876958000	0.105980000
14.876975000	0.105983000
14.881032000	0.110011000
14.881048000	0.109923000
14.881054000	0.109913000
14.881058000	0.108943000
14.881063000	0.108869000
14.882149000	0.109949000
14.882165000	0.107143000
14.887006000	0.111970000
14.887023000	0.111956000
14.889997000	0.114825000
14.890013000	0.114833000
14.890019000	0.114727000
14.890023000	0.114725000
14.890058000	0.114718000
14.890065000	0.114719000
14.890152000	0.114759000
14.890167000	0.114768000
14.890172000	0.114726000
14.890175000	0.114723000
14.890286000	0.114786000
14.890965000	0.115460000
14.890981000	0.115428000
14.890986000	0.115427000
14.891106000	0.115474000
14.891123000	0.114190000
14.891920000	0.114978000
14.891927000	0.114950000
14.896943000	0.119959000
14.896961000	0.117014000
14.901005000	0.121051000
14.901021000	0.121022000
14.906946000	0.126941000
14.906961000	0.126870000
14.910986000	0.130887000
14.911004000	0.129977000
14.911008000	0.129973000
14.911013000	0.129943000
14.911126000	0.130050000
14.911965000	0.130803000
14.916963000	0.135793000
14.920984000	0.139728000
14.921001000	0.139736000
14.921006000	0.139701000
14.921010000	0.139697000
14.921128000	0.139212000
14.921941000	0.140018000
14.921958000	0.140003000
14.926985000	0.145024000
14.927002000	0.140087000
14.929065000	0.142143000
14.929084000	0.142129000
14.929090000	0.142129000
14.929098000	0.138116000
14.929172000	0.138182000
14.930963000	0.138717000
14.930983000	0.138730000
14.930989000	0.138733000
14.930993000	0.134028000
14.931101000	0.134131000
14.931975000	0.134996000
14.931991000	0.135009000
14.936948000	0.135936000
14.936967000	0.135948000
14.936974000	0.135941000
14.939989000	0.138952000
14.940005000	0.138934000
14.940009000	0.138935000
14.940013000	0.138935000
14.940140000	0.139058000
14.940157000	0.139031000
14.941004000	0.139875000
14.941021000	0.139037000
14.941025000	0.139036000
14.941029000	0.139027000
14.941155000	0.139150000
14.941961000	0.136896000
14.941979000	0.136909000
14.944917000	0.139836000
14.947025000	0.141941000
14.947041000	0.141927000
14.947944000	0.142827000
14.948032000	0.142912000
14.948049000	0.142926000
14.948053000	0.142827000
14.950947000	0.145716000
14.950998000	0.145764000
14.951007000	0.145770000
14.951055000	0.145690000
14.951217000	0.145845000
14.951949000	0.146573000
14.951961000	0.146581000
14.952963000	0.147554000
14.956960000	0.151547000
14.956977000	0.151560000
14.959002000	0.153581000
14.959018000	0.153554000
14.959023000	0.153555000
14.959027000	0.153555000
14.959059000	0.153583000
14.959065000	0.152156000
14.959135000	0.152223000
14.959141000	0.152220000
14.959212000	0.152288000
14.959218000	0.152259000
14.959222000	0.152260000
14.959225000	0.149236000
14.959230000	0.149237000
14.959234000	0.149232000
14.959317000	0.149305000
14.960967000	0.150929000
14.960981000	0.150938000
14.961013000	0.150967000
14.961017000	0.150968000
14.961067000	0.150980000
14.961927000	0.151838000
14.961940000	0.151843000
14.966967000	0.156867000
14.966982000	0.156876000
14.966986000	0.156850000
14.970015000	0.159876000
14.970032000	0.159890000
14.970107000	0.159916000
14.970123000	0.159929000
14.970128000	0.159127000
14.970132000	0.159128000
14.970165000	0.159153000
14.970257000	0.159242000
14.970277000	0.159232000
14.970283000	0.159235000
14.971023000	0.159969000
14.971040000	0.159983000
14.971045000	0.159981000
14.971048000	0.159952000
14.971155000	0.160002000
14.971161000	0.160005000
14.971918000	0.159971000
14.971933000	0.159982000
14.975001000	0.163043000
14.975019000	0.163058000
14.975024000	0.158038000
14.975028000	0.158037000
14.975128000	0.158126000
14.975135000	0.158130000
14.975204000	0.155139000
14.975211000	0.155141000
14.975258000	0.155178000
14.975262000	0.155179000
14.976984000	0.156895000
14.977001000	0.156889000
14.980017000	0.159903000
14.980033000	0.159916000
14.980038000	0.159871000
14.980043000	0.159871000
14.980047000	0.159872000
14.980051000	0.159873000
14.980993000	0.160779000
14.981010000	0.160794000
14.981015000	0.160795000
14.981018000	0.160796000
14.981142000	0.160873000
14.981956000	0.161685000
14.981972000	0.161698000
14.984958000	0.164681000
14.984977000	0.164659000
14.984983000	0.164662000
14.984989000	0.164018000
14.985071000	0.164097000
14.985078000	0.164096000
14.986911000	0.165926000
14.986964000	0.165972000
14.990016000	0.169004000
14.990033000	0.169018000
14.990038000	0.169020000
14.990042000	0.168976000
14.990074000	0.169006000
14.990081000	0.168174000
14.990161000	0.168251000
14.990178000	0.168220000
14.990183000	0.168222000
14.990187000	0.165141000
14.991018000	0.165967000
14.991035000	0.165975000
14.991039000	0.165975000
14.991044000	0.165973000
14.991171000	0.166076000
14.991921000	0.166823000
14.991937000	0.166836000
14.991942000	0.166838000
14.996960000	0.171762000
14.996977000	0.171774000
14.999937000	0.174731000
14.999953000	0.174744000
14.999958000	0.174746000
15.000929000	0.175577000
15.001008000	0.175650000
15.001025000	0.175665000
15.001030000	0.175667000
15.001034000	0.175668000
15.002004000	0.176613000
15.002021000	0.175008000
15.002025000	0.175008000
15.005040000	0.178014000
15.005054000	0.178025000
15.005058000	0.173953000
15.005061000	0.173949000
15.005065000	0.173939000
15.005068000	0.173937000
15.006936000	0.175795000
15.006953000	0.175783000
15.009971000	0.178797000
15.009989000	0.178811000
15.009994000	0.178812000
15.009998000	0.178812000
15.010118000	0.178151000
15.010137000	0.178165000
15.010959000	0.178975000
15.010976000	0.178988000
15.011044000	0.174063000
15.011059000	0.174072000
15.011063000	0.174063000
15.011985000	0.174981000
15.012001000	0.171933000
15.015066000	0.174993000
15.015083000	0.175000000
15.015153000	0.175067000
15.015169000	0.175075000
15.015292000	0.175180000
15.015298000	0.175183000
15.015301000	0.175183000
15.015305000	0.175184000
15.015309000	0.175185000
15.015313000	0.175090000
15.016966000	0.176738000
15.016984000	0.176753000
15.020994000	0.180760000
15.021010000	0.180765000
15.021014000	0.180741000
15.026919000	0.186643000
15.026933000	0.186654000
15.030972000	0.190690000
15.030989000	0.190705000
15.030995000	0.190612000
15.030999000	0.190611000
15.031033000	0.190643000
15.031923000	0.191530000
15.032004000	0.191608000
15.037010000	0.196575000
15.037025000	0.196587000
15.039988000	0.199547000
15.040079000	0.199635000
15.040095000	0.199648000
15.040099000	0.199555000
15.040103000	0.199554000
15.040106000	0.199548000
15.040109000	0.199548000
15.040223000	0.199655000
15.040239000	0.199641000
15.040242000	0.199624000
15.042006000	0.201385000
15.042023000	0.201400000
15.044951000	0.204325000
15.045116000	0.204487000
15.045132000	0.204500000
15.045136000	0.204406000
15.045140000	0.204405000
15.045143000	0.204405000
15.045146000	0.204405000
15.045149000	0.204405000
15.045169000	0.204422000
15.081972000	0.036557000
