0.059517000	0.059476000
0.139563000	0.072222000
0.139574000	0.072224000
0.146495000	0.079076000
0.146509000	0.079087000
0.146693000	0.079195000
0.146703000	0.079199000
0.147566000	0.079909000
0.147598000	0.079936000
0.179651000	0.040082000
0.186582000	0.047011000
0.186594000	0.047005000
0.186600000	0.047009000
0.186605000	0.040103000
0.186610000	0.040105000
0.187551000	0.040952000
0.187564000	0.040957000
0.195604000	0.048904000
0.202542000	0.055802000
0.202555000	0.055812000
0.202561000	0.055750000
0.210493000	0.063679000
0.217664000	0.070804000
0.217682000	0.070093000
0.217687000	0.070094000
0.217691000	0.070027000
0.217695000	0.070028000
0.217700000	0.038037000
0.218424000	0.038757000
0.241680000	0.055091000
0.241693000	0.055101000
0.241699000	0.054986000
0.241706000	0.054986000
0.241720000	0.054967000
0.241727000	0.054972000
0.241734000	0.054855000
0.242560000	0.055678000
0.242571000	0.055585000
0.242576000	0.055585000
0.242580000	0.055022000
0.248644000	0.061083000
0.248659000	0.061078000
0.248666000	0.061083000
0.263680000	0.068065000
0.263699000	0.068080000
0.264500000	0.061950000
0.264520000	0.061968000
0.264535000	0.061940000
0.264542000	0.061943000
0.265558000	0.062871000
0.265594000	0.062901000
0.270694000	0.060194000
0.270706000	0.060204000
0.270711000	0.053041000
0.271607000	0.053934000
0.271619000	0.053828000
0.279602000	0.061808000
0.286555000	0.068708000
0.286568000	0.068719000
0.286574000	0.068611000
0.286583000	0.068614000
0.286588000	0.068514000
0.286593000	0.068513000
0.287579000	0.069388000
0.287605000	0.069409000
0.295517000	0.077063000
0.295536000	0.077076000
0.302578000	0.060890000
0.303538000	0.061847000
0.303550000	0.061685000
0.311575000	0.069634000
0.318635000	0.076604000
0.318646000	0.076529000
0.318651000	0.076453000
0.319529000	0.076963000
0.342505000	0.099911000
0.342519000	0.093867000
0.343463000	0.094624000
0.349532000	0.100628000
0.349756000	0.086067000
0.350484000	0.086770000
0.358523000	0.094011000
0.365647000	0.100987000
0.372534000	0.107798000
0.372547000	0.107661000
0.389598000	0.124016000
0.396678000	0.125978000
0.396691000	0.125870000
0.396696000	0.125818000
0.396701000	0.125087000
0.403587000	0.131952000
0.403606000	0.123979000
0.403612000	0.117049000
0.403617000	0.117007000
0.418632000	0.131918000
0.418648000	0.131858000
0.418655000	0.131768000
0.418661000	0.131693000
0.418666000	0.131069000
0.418680000	0.131044000
0.419579000	0.124050000
0.419591000	0.124031000
0.427491000	0.124902000
0.459538000	0.155990000
0.459551000	0.155862000
0.459556000	0.155803000
0.466692000	0.162937000
0.466704000	0.155104000
0.466709000	0.155105000
0.466713000	0.155032000
0.466717000	0.155031000
0.466721000	0.148080000
0.466725000	0.148081000
0.466730000	0.148063000
0.467583000	0.148914000
0.467598000	0.148876000
0.467617000	0.148893000
0.467624000	0.148849000
0.467631000	0.148853000
0.477541000	0.158713000
0.492628000	0.173797000
0.492639000	0.173765000
0.492643000	0.173766000
0.492648000	0.173112000
0.492652000	0.173114000
0.492656000	0.173096000
0.492661000	0.173098000
0.492665000	0.173053000
0.492669000	0.173054000
0.493599000	0.151085000
0.493609000	0.151092000
0.493613000	0.150933000
0.493617000	0.150933000
0.493625000	0.150885000
0.493633000	0.150890000
0.494540000	0.151754000
0.494556000	0.151766000
0.509526000	0.166686000
0.509539000	0.166696000
0.509544000	0.166649000
0.509548000	0.166649000
0.509649000	0.166697000
0.509679000	0.166722000
0.509685000	0.166677000
0.509689000	0.166677000
0.510483000	0.167007000
0.510511000	0.167032000
0.525669000	0.182147000
0.525681000	0.182154000
0.525705000	0.176165000
0.525709000	0.176167000
0.525713000	0.176158000
0.526560000	0.176902000
0.526571000	0.176806000
0.526634000	0.176866000
0.526647000	0.176866000
0.527480000	0.177595000
0.550566000	0.200075000
0.550591000	0.200097000
0.557606000	0.206957000
0.557623000	0.206971000
0.557631000	0.199087000
0.557637000	0.199089000
0.557643000	0.199066000
0.557650000	0.199071000
0.557656000	0.191998000
0.557689000	0.192024000
0.557696000	0.192014000
0.557702000	0.192017000
0.566649000	0.194107000
0.566663000	0.194118000
0.566668000	0.194104000
0.566673000	0.194107000
0.566677000	0.194039000
0.566681000	0.194040000
0.566685000	0.194003000
0.566690000	0.194005000
0.586624000	0.197018000
0.586639000	0.197030000
0.587492000	0.197871000
0.587533000	0.197807000
0.587541000	0.190855000
0.587548000	0.190859000
0.588565000	0.191848000
0.588577000	0.191857000
0.588582000	0.191788000
0.589493000	0.192696000
0.589505000	0.192581000
0.589511000	0.192584000
0.597593000	0.200623000
0.604587000	0.207614000
0.604600000	0.207534000
0.604605000	0.207532000
0.604610000	0.207491000
0.605489000	0.208366000
0.605523000	0.208357000
0.628633000	0.231463000
0.628646000	0.231430000
0.628652000	0.231433000
0.628656000	0.231388000
0.628661000	0.231391000
0.629503000	0.225909000
0.635661000	0.232064000
0.635680000	0.232046000
0.635689000	0.231907000
0.635697000	0.231866000
0.635704000	0.231836000
0.635712000	0.231793000
0.653478000	0.234835000
0.660643000	0.241956000
0.660659000	0.241923000
0.660667000	0.241870000
0.660670000	0.241782000
0.661548000	0.242573000
0.667526000	0.247940000
0.667538000	0.247931000
0.683532000	0.263854000
0.690625000	0.263107000
0.692515000	0.232967000
0.705663000	0.246090000
0.705670000	0.246094000
0.705676000	0.246009000
0.705680000	0.246007000
0.705683000	0.245930000
0.705685000	0.238986000
0.705688000	0.238986000
0.705691000	0.238945000
0.705694000	0.238946000
0.728624000	0.261775000
0.728631000	0.261779000
0.728637000	0.261710000
0.728640000	0.261707000
0.728650000	0.261628000
0.728653000	0.261628000
0.729588000	0.262487000
0.729594000	0.262487000
0.729600000	0.262403000
0.729603000	0.262403000
0.729606000	0.262349000
0.729609000	0.262349000
0.729674000	0.262364000
0.730575000	0.263261000
0.730582000	0.263218000
0.730588000	0.263220000
0.735652000	0.268233000
0.735659000	0.268236000
0.735665000	0.268193000
0.735668000	0.268193000
0.735671000	0.268080000
0.735674000	0.268080000
0.735677000	0.267845000
0.735680000	0.267844000
0.736486000	0.268612000
0.736510000	0.268633000
0.759466000	0.291545000
0.766637000	0.298713000
0.766645000	0.298664000
0.766652000	0.298669000
0.766656000	0.298628000
0.766659000	0.298629000
0.766662000	0.298581000
0.767536000	0.299449000
0.767547000	0.299412000
0.767556000	0.299418000
0.767561000	0.289995000
0.767645000	0.290074000
0.767654000	0.290051000
0.768499000	0.275865000
0.768630000	0.275994000
0.768639000	0.275952000
0.768648000	0.275955000
0.768653000	0.275917000
0.768658000	0.275919000
0.768662000	0.275866000
0.769429000	0.276630000
0.769443000	0.276595000
0.769585000	0.276735000
0.769594000	0.276694000
0.770519000	0.277614000
0.777555000	0.284600000
0.777562000	0.284604000
0.777569000	0.284553000
0.777572000	0.284553000
0.792589000	0.299529000
0.792597000	0.299533000
0.792603000	0.299492000
0.792607000	0.299493000
0.793501000	0.300339000
0.793508000	0.300344000
0.793515000	0.300301000
0.801567000	0.308350000
0.808643000	0.315376000
0.808651000	0.315381000
0.808660000	0.315340000
0.808666000	0.315062000
0.808671000	0.315064000
0.808676000	0.315028000
0.808679000	0.315028000
0.808683000	0.314975000
0.808687000	0.314977000
0.809639000	0.315841000
0.809656000	0.315853000
0.809679000	0.315801000
0.809684000	0.315800000
0.809688000	0.315721000
0.810559000	0.316587000
0.810568000	0.316515000
0.810577000	0.316518000
0.810581000	0.316032000
0.810586000	0.316034000
0.811478000	0.316898000
0.819477000	0.324893000
0.826583000	0.317050000
0.826590000	0.317054000
0.826597000	0.317033000
0.826600000	0.317033000
0.826603000	0.316932000
0.826606000	0.316931000
0.827534000	0.317830000
0.827561000	0.317855000
0.827570000	0.317771000
0.827574000	0.317770000
0.827577000	0.317730000
0.827580000	0.317730000
0.827583000	0.317681000
0.827586000	0.317680000
0.827589000	0.317628000
0.828427000	0.317921000
0.836502000	0.325961000
0.843521000	0.317843000
0.843536000	0.317803000
0.844567000	0.318731000
0.859550000	0.333622000
0.859562000	0.333596000
0.859566000	0.332997000
0.879587000	0.352999000
0.886572000	0.359928000
0.886583000	0.359886000
0.886586000	0.359098000
0.887671000	0.337084000
0.896541000	0.345915000
0.911531000	0.353911000
0.911543000	0.353542000
0.913598000	0.355527000
0.928658000	0.370537000
0.928668000	0.370485000
0.928672000	0.370441000
0.928675000	0.370389000
0.928678000	0.370337000
0.928681000	0.370284000
0.928685000	0.370235000
0.929596000	0.362935000
0.929607000	0.362900000
0.930523000	0.363718000
0.930551000	0.363661000
0.938565000	0.371590000
0.938594000	0.371579000
0.945438000	0.378370000
0.945466000	0.378344000
0.962578000	0.375942000
0.962589000	0.375913000
0.978599000	0.391091000
0.978614000	0.391042000
0.978621000	0.390985000
0.979589000	0.391907000
1.006572000	0.417998000
1.006584000	0.417983000
1.007559000	0.418906000
1.007564000	0.418061000
1.008464000	0.418937000
1.008468000	0.418888000
1.009589000	0.411967000
1.009604000	0.405006000
1.010635000	0.406007000
1.017592000	0.412908000
1.032634000	0.427904000
1.032639000	0.427120000
1.032643000	0.427089000
1.032647000	0.404003000
1.032651000	0.403967000
1.033546000	0.404806000
1.048536000	0.419669000
1.048541000	0.419625000
1.049578000	0.420066000
1.057481000	0.421804000
1.057498000	0.421759000
1.064559000	0.428759000
1.064570000	0.428723000
1.065470000	0.429568000
1.065486000	0.429531000
1.073463000	0.437453000
1.080530000	0.444467000
1.080581000	0.444465000
1.080585000	0.444413000
1.106594000	0.453085000
1.106599000	0.453051000
1.106603000	0.445946000
1.106606000	0.445918000
1.107522000	0.446778000
1.107527000	0.446623000
1.131505000	0.470558000
1.131520000	0.469947000
1.131602000	0.464067000
1.131606000	0.464050000
1.131609000	0.448052000
1.131613000	0.440979000
1.177700000	0.485172000
1.177706000	0.472032000
1.177711000	0.472003000
1.177715000	0.472004000
1.177718000	0.471954000
1.177721000	0.471954000
1.177724000	0.471913000
1.178614000	0.472800000
1.178619000	0.472756000
1.178622000	0.472757000
1.178625000	0.449997000
1.178628000	0.449993000
1.179588000	0.450920000
1.179606000	0.450935000
1.187617000	0.458733000
1.194609000	0.465718000
1.194614000	0.465022000
1.194617000	0.465019000
1.195504000	0.465879000
1.195519000	0.465892000
1.195593000	0.465915000
1.195607000	0.465927000
1.195642000	0.465913000
1.195647000	0.465916000
1.204450000	0.473870000
1.211571000	0.480985000
1.211575000	0.480973000
1.211578000	0.475921000
1.211582000	0.475919000
1.212526000	0.476819000
1.212531000	0.476822000
1.212534000	0.476746000
1.220431000	0.484637000
1.227633000	0.491756000
1.227639000	0.491756000
1.227645000	0.491140000
1.227650000	0.491135000
1.227654000	0.468164000
1.227659000	0.461016000
1.228714000	0.462064000
1.228718000	0.462041000
1.228722000	0.462042000
1.228725000	0.461947000
1.228728000	0.461947000
1.228731000	0.461852000
1.243624000	0.476080000
1.243628000	0.476075000
1.243632000	0.476052000
1.243635000	0.476051000
1.243639000	0.475988000
1.243642000	0.475982000
1.244538000	0.476023000
1.244542000	0.475905000
1.244546000	0.475901000
1.244549000	0.475871000
1.252566000	0.483885000
1.259621000	0.490891000
1.259657000	0.490924000
1.259662000	0.490223000
1.259665000	0.490216000
1.259668000	0.490077000
1.259672000	0.490072000
1.259682000	0.489148000
1.260572000	0.483012000
1.260577000	0.483011000
1.260580000	0.482994000
1.260584000	0.482996000
1.260587000	0.482907000
1.261482000	0.468888000
1.276554000	0.483953000
1.276559000	0.483938000
1.276563000	0.483939000
1.276566000	0.483060000
1.277503000	0.483990000
1.277508000	0.483979000
1.277511000	0.475922000
1.278521000	0.469873000
1.278526000	0.469868000
1.278529000	0.469828000
1.278532000	0.469828000
1.278535000	0.469783000
1.278538000	0.469783000
1.279432000	0.470595000
1.279446000	0.470607000
1.279450000	0.470538000
1.287445000	0.477796000
1.287622000	0.477969000
1.294636000	0.484928000
1.294641000	0.484930000
1.294646000	0.484875000
1.294651000	0.484877000
1.294655000	0.484089000
1.294659000	0.484085000
1.295533000	0.484930000
1.295537000	0.484931000
1.295541000	0.484886000
1.295748000	0.484263000
1.295763000	0.476262000
1.310450000	0.483862000
1.310467000	0.483872000
1.311447000	0.484827000
1.311458000	0.484835000
1.326625000	0.499888000
1.326630000	0.499887000
1.326633000	0.499078000
1.326638000	0.499072000
1.326641000	0.499038000
1.326644000	0.499038000
1.326648000	0.498950000
1.326651000	0.498947000
1.326655000	0.498870000
1.326658000	0.498867000
1.326662000	0.498834000
1.326671000	0.498840000
1.326676000	0.498794000
1.327476000	0.499036000
1.327665000	0.499222000
1.327670000	0.491148000
1.327673000	0.491146000
1.327677000	0.484148000
1.328555000	0.485022000
1.328560000	0.485003000
1.343526000	0.499966000
1.343531000	0.498946000
1.343534000	0.498945000
1.343682000	0.484125000
1.344533000	0.484973000
1.344536000	0.484951000
1.344555000	0.484967000
1.344560000	0.484924000
1.345618000	0.485978000
1.345622000	0.485934000
1.345626000	0.466030000
1.346528000	0.466929000
1.353532000	0.466954000
1.353536000	0.466956000
1.353539000	0.466938000
1.353542000	0.466938000
1.354526000	0.467785000
1.362616000	0.475872000
1.369654000	0.481977000
1.369659000	0.481979000
1.385655000	0.489109000
1.385659000	0.489110000
1.401608000	0.490070000
1.401612000	0.490072000
1.401615000	0.490050000
1.401619000	0.490051000
1.402619000	0.489013000
1.402623000	0.489013000
1.402626000	0.488999000
1.402641000	0.473978000
1.403516000	0.474850000
1.418548000	0.489849000
1.418552000	0.489850000
1.418555000	0.489801000
1.418559000	0.489803000
1.418562000	0.489741000
1.418623000	0.489799000
1.418627000	0.489759000
1.418630000	0.489759000
1.419448000	0.490527000
1.419454000	0.490530000
1.419457000	0.490484000
1.420503000	0.491527000
1.435650000	0.506048000
1.435654000	0.506049000
1.435658000	0.506036000
1.435661000	0.506036000
1.435664000	0.505121000
1.435668000	0.505120000
1.435671000	0.505051000
1.435674000	0.505051000
1.436516000	0.505789000
1.436532000	0.497946000
1.436536000	0.497945000
1.436538000	0.497907000
1.436542000	0.497909000
1.436544000	0.491087000
1.436547000	0.491085000
1.436550000	0.491059000
1.437477000	0.491983000
1.460707000	0.498123000
1.479496000	0.516909000
1.486577000	0.523972000
1.486581000	0.523973000
1.486611000	0.508004000
1.486614000	0.508003000
1.486619000	0.507977000
1.486622000	0.507976000
1.487585000	0.508880000
1.487589000	0.508881000
1.487593000	0.508840000
1.487596000	0.507999000
1.487600000	0.508000000
1.488582000	0.482003000
1.499508000	0.492926000
1.797473000	0.282617000
