22.879617000	0.059443000
22.939676000	0.052053000
22.939717000	0.052084000
22.946806000	0.059141000
22.946822000	0.059153000
22.946828000	0.059099000
22.946831000	0.059048000
22.947809000	0.059972000
22.999638000	0.059931000
23.006771000	0.067059000
23.006811000	0.067066000
23.006821000	0.067072000
23.006837000	0.060024000
23.006846000	0.059997000
23.006861000	0.060010000
23.006870000	0.059911000
23.006877000	0.059912000
23.007601000	0.060606000
23.007627000	0.060629000
23.007773000	0.060727000
23.007785000	0.060736000
23.007790000	0.060692000
23.007795000	0.059998000
23.007805000	0.060001000
23.008740000	0.060831000
23.008771000	0.060856000
23.039778000	0.040101000
23.039819000	0.040137000
23.039828000	0.033027000
23.039834000	0.033028000
23.059577000	0.052577000
23.066756000	0.059751000
23.066807000	0.059764000
23.066827000	0.059782000
23.066837000	0.059697000
23.066846000	0.059700000
23.066853000	0.059620000
23.066861000	0.059623000
23.067658000	0.060337000
23.067687000	0.060360000
23.067693000	0.060285000
23.067698000	0.060284000
23.067703000	0.060208000
23.067707000	0.060206000
23.067712000	0.060092000
23.082741000	0.075118000
23.082787000	0.075130000
23.082797000	0.075137000
23.082810000	0.075030000
23.082817000	0.075035000
23.082825000	0.074995000
23.083750000	0.075917000
23.083786000	0.075898000
23.083794000	0.075897000
23.084721000	0.076784000
23.092676000	0.084736000
23.092715000	0.084725000
23.099819000	0.091826000
23.099855000	0.091094000
23.099862000	0.091096000
23.099867000	0.091070000
23.099872000	0.091071000
23.099877000	0.060068000
23.100768000	0.060954000
23.100805000	0.060953000
23.100813000	0.060959000
23.108659000	0.068676000
23.115825000	0.075753000
23.115863000	0.056249000
23.115875000	0.056255000
23.115883000	0.049091000
23.115890000	0.049090000
23.115896000	0.048952000
23.115901000	0.048950000
23.115906000	0.048917000
23.115912000	0.048918000
23.115917000	0.048877000
23.115922000	0.048877000
23.123745000	0.056649000
23.130620000	0.063520000
23.130659000	0.063507000
23.130723000	0.063566000
23.130747000	0.063543000
23.138768000	0.071560000
23.138806000	0.071128000
23.138812000	0.071130000
23.145761000	0.078034000
23.145799000	0.078069000
23.145806000	0.078027000
23.145811000	0.078029000
23.145816000	0.077983000
23.145821000	0.077985000
23.145826000	0.077939000
23.145830000	0.077941000
23.145835000	0.077895000
23.147297000	0.079354000
23.147327000	0.079333000
23.147333000	0.079336000
23.147338000	0.064564000
23.147343000	0.064562000
23.147348000	0.064499000
23.147353000	0.064499000
23.147358000	0.064394000
23.147362000	0.064392000
23.162649000	0.079639000
23.179621000	0.096557000
23.179660000	0.096502000
23.179666000	0.095885000
23.179783000	0.095969000
23.186632000	0.102767000
23.186690000	0.101959000
23.186698000	0.093988000
23.186703000	0.093956000
23.186708000	0.086858000
23.199632000	0.099735000
23.199690000	0.099692000
23.199706000	0.099621000
23.199712000	0.099533000
23.206659000	0.106441000
23.206707000	0.105907000
23.206715000	0.105763000
23.206721000	0.105720000
23.223749000	0.115050000
23.230764000	0.122038000
23.230806000	0.122077000
23.230815000	0.114961000
23.230821000	0.114962000
23.230824000	0.114885000
23.230828000	0.114886000
23.230831000	0.114791000
23.230835000	0.114789000
23.230838000	0.114710000
23.230841000	0.114708000
23.230846000	0.114630000
23.231693000	0.115472000
23.231722000	0.115419000
23.231731000	0.115423000
23.231735000	0.115340000
23.231739000	0.115338000
23.231742000	0.115260000
23.231745000	0.115257000
23.232593000	0.116070000
23.232617000	0.116091000
23.237677000	0.121100000
23.237706000	0.121126000
23.237714000	0.121084000
23.237718000	0.121085000
23.237722000	0.121038000
23.237725000	0.121038000
23.237728000	0.113954000
23.237731000	0.113952000
23.237734000	0.107085000
23.237738000	0.107084000
23.259695000	0.128937000
23.259729000	0.128967000
23.266833000	0.128037000
23.266865000	0.128064000
23.266874000	0.127915000
23.266878000	0.127915000
23.266881000	0.127882000
23.266884000	0.127882000
23.267781000	0.128682000
23.267811000	0.128706000
23.267819000	0.128674000
23.267824000	0.128674000
23.267827000	0.122038000
23.267830000	0.122036000
23.268823000	0.122971000
23.268851000	0.122996000
23.268860000	0.122910000
23.269667000	0.123712000
23.269695000	0.123658000
23.276764000	0.130721000
23.276795000	0.130670000
23.276803000	0.130672000
23.276808000	0.130642000
23.276811000	0.130642000
23.276814000	0.130594000
23.276817000	0.130594000
23.292726000	0.146452000
23.299752000	0.153475000
23.299783000	0.153456000
23.299792000	0.153462000
23.300667000	0.153349000
23.300700000	0.153309000
23.301694000	0.154259000
23.301724000	0.154236000
23.301732000	0.154190000
23.301738000	0.154142000
23.302736000	0.155088000
23.302764000	0.155063000
23.306754000	0.159000000
23.306788000	0.144100000
23.306793000	0.144052000
23.306797000	0.127146000
23.306803000	0.127109000
23.306807000	0.127001000
23.306811000	0.120152000
23.306814000	0.119997000
23.307612000	0.120755000
23.307636000	0.120681000
23.319665000	0.132622000
23.319697000	0.132562000
23.339770000	0.152595000
23.339805000	0.152576000
23.346636000	0.159353000
23.346683000	0.159346000
23.346689000	0.159299000
23.346694000	0.159250000
23.347655000	0.160154000
23.347685000	0.160129000
23.347690000	0.160079000
23.355692000	0.156031000
23.362635000	0.162935000
23.362689000	0.162892000
23.362705000	0.162820000
23.362713000	0.162740000
23.378792000	0.178728000
23.385677000	0.185524000
23.385707000	0.185511000
23.385712000	0.179015000
23.385716000	0.178937000
23.385720000	0.178856000
23.392850000	0.185893000
23.392882000	0.185836000
23.392887000	0.185750000
23.392892000	0.185749000
23.419658000	0.212429000
23.419692000	0.212457000
23.419701000	0.212381000
23.419705000	0.212378000
23.426770000	0.202986000
23.426802000	0.203013000
23.426811000	0.202982000
23.426815000	0.202982000
23.426819000	0.196021000
23.426822000	0.196010000
23.426825000	0.195964000
23.426828000	0.195964000
23.426832000	0.195872000
23.426835000	0.195869000
23.426839000	0.195792000
23.426842000	0.195790000
23.427618000	0.196453000
23.427636000	0.196465000
23.427644000	0.196359000
23.427648000	0.195933000
23.427652000	0.195924000
23.427655000	0.195896000
23.427659000	0.195897000
23.427662000	0.195778000
23.427665000	0.195775000
23.427837000	0.195912000
23.428670000	0.196063000
23.436638000	0.204016000
23.443731000	0.206031000
23.443758000	0.206047000
23.451777000	0.214025000
23.451807000	0.214052000
23.458727000	0.220877000
23.458756000	0.220900000
23.458764000	0.220825000
23.458768000	0.220823000
23.458772000	0.220741000
23.458775000	0.220739000
23.458779000	0.199057000
23.458782000	0.199047000
23.459720000	0.192862000
23.459746000	0.192875000
23.475628000	0.208728000
23.482756000	0.215853000
23.482790000	0.215793000
23.482802000	0.215798000
23.482808000	0.215004000
23.482813000	0.214997000
23.482818000	0.214974000
23.482825000	0.214978000
23.483686000	0.215743000
23.484677000	0.216729000
23.489745000	0.220900000
23.489773000	0.220916000
23.489782000	0.220906000
23.489786000	0.220097000
23.489790000	0.220089000
23.489793000	0.213005000
23.489796000	0.212996000
23.489799000	0.212964000
23.489802000	0.212960000
23.489805000	0.212874000
23.490742000	0.213806000
23.490762000	0.213715000
23.490770000	0.198017000
23.490773000	0.190997000
23.490777000	0.190988000
23.498730000	0.198923000
23.505653000	0.204961000
23.505684000	0.204975000
23.505693000	0.204966000
23.505697000	0.203984000
23.505701000	0.203983000
23.505704000	0.203949000
23.505811000	0.204052000
23.512610000	0.210797000
23.512796000	0.210979000
23.512824000	0.210910000
23.512832000	0.210910000
23.512837000	0.210081000
23.539752000	0.236992000
23.539798000	0.237008000
23.546768000	0.243967000
23.546800000	0.240023000
23.546814000	0.240032000
23.546818000	0.239988000
23.546822000	0.239989000
23.546829000	0.239901000
23.546833000	0.239900000
23.547870000	0.240853000
23.547899000	0.240877000
23.547907000	0.240798000
23.547912000	0.240797000
23.547915000	0.240765000
23.547919000	0.240766000
23.547922000	0.240717000
23.547925000	0.240717000
23.547929000	0.240672000
23.547932000	0.240672000
23.548692000	0.241064000
23.548710000	0.241078000
23.548718000	0.241050000
23.548723000	0.241051000
23.548726000	0.229038000
23.549687000	0.229994000
23.549703000	0.229978000
23.549711000	0.229982000
23.549785000	0.209990000
23.559775000	0.219975000
23.559806000	0.219971000
23.559814000	0.219976000
23.566764000	0.220103000
23.566793000	0.220116000
23.566802000	0.220049000
23.567705000	0.220947000
23.567735000	0.220938000
23.567745000	0.220945000
23.575713000	0.228819000
23.575742000	0.228842000
23.575750000	0.228075000
23.582779000	0.235099000
23.582818000	0.235110000
23.582826000	0.235115000
23.582833000	0.235072000
23.582836000	0.235072000
23.582840000	0.227125000
23.582844000	0.227124000
23.582849000	0.220176000
23.582852000	0.220170000
23.590727000	0.227725000
23.590758000	0.227750000
23.590767000	0.227721000
23.597637000	0.234587000
23.597665000	0.234568000
23.597817000	0.234716000
23.598744000	0.219925000
23.606749000	0.221046000
23.613692000	0.227953000
23.613724000	0.227935000
23.613730000	0.227889000
23.613733000	0.227840000
23.614613000	0.221736000
23.614637000	0.221727000
23.614642000	0.221631000
23.622595000	0.202910000
23.639770000	0.220051000
23.639806000	0.213011000
23.639811000	0.212954000
23.646619000	0.219663000
23.646657000	0.219608000
23.646674000	0.219538000
23.646680000	0.219452000
23.646687000	0.219055000
23.646693000	0.219013000
23.654629000	0.226897000
23.661704000	0.233918000
23.661737000	0.233896000
23.661742000	0.233066000
23.661746000	0.217993000
23.662986000	0.211185000
23.670699000	0.211949000
23.679710000	0.220913000
23.679744000	0.220849000
23.679756000	0.220773000
23.679760000	0.220020000
23.699643000	0.223990000
23.699692000	0.216893000
23.706768000	0.223916000
23.706804000	0.223897000
23.706809000	0.223105000
23.706813000	0.217046000
23.706817000	0.216997000
23.706821000	0.216876000
23.719677000	0.229612000
23.719717000	0.229535000
23.719721000	0.228963000
23.726648000	0.235857000
23.726693000	0.235801000
23.734805000	0.229129000
23.741752000	0.236035000
23.741783000	0.235952000
23.749704000	0.243839000
23.749738000	0.236920000
23.756755000	0.243904000
23.764732000	0.224943000
23.771670000	0.224876000
23.780657000	0.233633000
23.787734000	0.240621000
23.787766000	0.240566000
23.787779000	0.239874000
23.787784000	0.239833000
23.787789000	0.239738000
23.787793000	0.239654000
23.788681000	0.240449000
23.796607000	0.247892000
23.803751000	0.255000000
23.803783000	0.254083000
23.819673000	0.269868000
23.826828000	0.267028000
23.826861000	0.267031000
23.826866000	0.260067000
23.833762000	0.266032000
23.833795000	0.266035000
23.833802000	0.258054000
23.833807000	0.250995000
23.841687000	0.258818000
23.841720000	0.258737000
23.848744000	0.265673000
23.856628000	0.273470000
23.856659000	0.265895000
23.856664000	0.259005000
23.863707000	0.265868000
23.863739000	0.264968000
23.863744000	0.256967000
23.863748000	0.250029000
23.864749000	0.250997000
23.872653000	0.258775000
23.879718000	0.265720000
23.879735000	0.265102000
23.899626000	0.284952000
23.899641000	0.284874000
23.899646000	0.277018000
23.899793000	0.259991000
23.906680000	0.266839000
23.906693000	0.266748000
23.919672000	0.273028000
23.919686000	0.272917000
23.926709000	0.279894000
23.926721000	0.279849000
23.926724000	0.279799000
23.926727000	0.279748000
23.939726000	0.285071000
23.939739000	0.278012000
23.939742000	0.277981000
23.959587000	0.297775000
23.959758000	0.297892000
23.959769000	0.296770000
23.959773000	0.289047000
23.966677000	0.286943000
23.966692000	0.286647000
23.974757000	0.294657000
23.981681000	0.301474000
23.981692000	0.282010000
23.981696000	0.281976000
23.982688000	0.275894000
23.982699000	0.275864000
23.999784000	0.292849000
23.999799000	0.292777000
23.999803000	0.292693000
23.999805000	0.292654000
24.006644000	0.286943000
24.006656000	0.286908000
24.027645000	0.307800000
24.027663000	0.300982000
24.027668000	0.300939000
24.027672000	0.292845000
24.047709000	0.305936000
24.047725000	0.305919000
24.047728000	0.297999000
24.054674000	0.304908000
24.054689000	0.297910000
24.054695000	0.289935000
24.061609000	0.289924000
24.061621000	0.280937000
24.061625000	0.273868000
24.079619000	0.291802000
24.079635000	0.291775000
24.079641000	0.291728000
24.079645000	0.291680000
24.086745000	0.298728000
24.109726000	0.321023000
24.109741000	0.313110000
24.109744000	0.305970000
24.109746000	0.305935000
24.109749000	0.290050000
24.116723000	0.289872000
24.116736000	0.289844000
24.116740000	0.289746000
24.124666000	0.290882000
24.131661000	0.297834000
24.131676000	0.297754000
24.131681000	0.297718000
24.139593000	0.297883000
24.146746000	0.304996000
24.159717000	0.310950000
24.159731000	0.303082000
24.159735000	0.303052000
24.159738000	0.303004000
24.179734000	0.316005000
24.179749000	0.315986000
24.179753000	0.315891000
24.186677000	0.322727000
24.187621000	0.322850000
24.196615000	0.323930000
24.259697000	0.054956000
