0.487823000	0.046919000
0.549898000	0.045610000
0.549912000	0.045614000
0.549916000	0.045549000
0.550029000	0.045654000
0.558187000	0.053731000
0.558220000	0.053758000
0.558780000	0.054232000
0.558827000	0.054273000
0.559813000	0.055172000
0.559852000	0.055205000
0.603775000	0.053869000
0.603797000	0.053888000
0.603828000	0.053889000
0.603882000	0.053940000
0.603899000	0.053850000
0.603906000	0.053852000
0.603912000	0.053798000
0.603989000	0.053872000
0.604173000	0.045963000
0.611930000	0.053715000
0.611968000	0.053720000
0.611976000	0.053724000
0.611981000	0.053167000
0.611991000	0.053171000
0.612976000	0.054116000
0.613011000	0.054147000
0.613017000	0.053176000
0.613022000	0.053175000
0.613026000	0.053152000
0.613031000	0.053153000
0.650000000	0.046209000
0.650020000	0.046226000
0.658751000	0.054916000
0.660796000	0.056958000
0.660844000	0.056956000
0.660852000	0.056961000
0.660858000	0.056919000
0.660877000	0.056936000
0.660987000	0.056875000
0.661005000	0.056889000
0.661010000	0.056824000
0.661015000	0.056826000
0.661020000	0.056784000
0.661098000	0.056858000
0.661113000	0.056850000
0.661119000	0.056852000
0.661124000	0.056815000
0.661132000	0.056819000
0.661136000	0.049179000
0.661141000	0.049178000
0.661205000	0.049042000
0.661208000	0.049039000
0.661257000	0.049053000
0.661260000	0.049052000
0.661310000	0.049051000
0.661831000	0.049568000
0.661863000	0.049547000
0.661870000	0.049550000
0.661875000	0.048874000
0.661880000	0.048874000
0.661903000	0.048572000
0.690868000	0.040855000
0.690885000	0.040868000
0.690892000	0.040845000
0.691016000	0.040965000
0.701872000	0.043052000
0.701905000	0.040241000
0.701929000	0.040177000
0.702821000	0.040836000
0.702843000	0.040727000
0.702875000	0.040756000
0.709849000	0.047675000
0.709878000	0.047702000
0.709886000	0.047665000
0.709890000	0.047667000
0.709894000	0.047615000
0.710831000	0.048550000
0.710859000	0.048534000
0.710868000	0.048540000
0.710872000	0.048485000
0.710877000	0.048487000
0.710881000	0.048448000
0.711837000	0.049400000
0.711867000	0.049373000
0.711876000	0.049378000
0.711881000	0.049343000
0.711884000	0.049342000
0.711888000	0.049288000
0.711951000	0.049347000
0.711961000	0.049317000
0.712740000	0.050091000
0.712749000	0.050043000
0.717886000	0.055176000
0.717922000	0.055173000
0.717930000	0.055177000
0.718028000	0.055227000
0.718056000	0.055251000
0.718065000	0.055210000
0.718070000	0.055211000
0.718081000	0.055173000
0.718091000	0.055179000
0.718134000	0.055173000
0.718144000	0.055179000
0.718187000	0.055172000
0.718196000	0.055177000
0.718255000	0.055186000
0.718798000	0.055725000
0.718852000	0.055730000
0.718859000	0.055734000
0.722786000	0.031904000
0.728827000	0.037937000
0.728857000	0.037834000
0.728866000	0.037839000
0.753909000	0.052014000
0.753925000	0.052025000
0.753936000	0.051840000
0.753942000	0.051842000
0.753947000	0.051801000
0.754858000	0.052709000
0.754882000	0.052637000
0.754910000	0.052658000
0.754922000	0.052589000
0.754964000	0.052626000
0.755018000	0.052592000
0.755031000	0.052600000
0.755041000	0.052529000
0.755128000	0.052610000
0.755141000	0.052587000
0.755152000	0.052595000
0.755972000	0.053364000
0.755986000	0.053375000
0.756058000	0.053397000
0.756067000	0.053403000
0.756074000	0.053359000
0.756103000	0.053385000
0.756113000	0.053344000
0.756785000	0.045888000
0.756808000	0.038746000
0.766790000	0.047758000
0.771806000	0.042956000
0.781817000	0.052909000
0.791910000	0.037990000
0.799842000	0.044868000
0.799878000	0.044691000
0.799886000	0.043904000
0.816031000	0.048888000
0.821853000	0.050018000
0.844764000	0.044790000
0.852763000	0.052337000
0.854827000	0.038741000
0.864839000	0.047364000
0.875749000	0.058220000
0.884125000	0.062261000
0.885824000	0.041024000
0.900839000	0.047702000
0.900993000	0.046139000
0.905775000	0.040881000
0.914801000	0.049874000
0.915841000	0.050426000
0.933895000	0.058116000
0.933999000	0.049845000
0.934023000	0.049742000
0.949978000	0.048421000
0.950183000	0.044388000
0.950198000	0.035368000
0.966889000	0.050578000
0.991805000	0.057880000
0.991830000	0.057901000
0.991835000	0.057886000
0.991837000	0.057884000
0.991852000	0.057838000
0.991858000	0.057839000
1.006838000	0.056831000
1.006871000	0.056861000
1.006877000	0.056685000
1.012780000	0.062585000
1.014880000	0.064668000
1.014896000	0.064681000
1.014902000	0.064637000
1.015846000	0.065578000
1.015864000	0.065546000
1.015896000	0.065575000
1.016854000	0.066482000
1.016861000	0.066487000
1.016906000	0.066480000
1.016911000	0.066482000
1.017811000	0.067332000
1.017823000	0.067341000
1.017884000	0.067351000
1.017890000	0.067354000
1.017935000	0.067348000
1.017939000	0.067349000
1.018866000	0.068225000
1.018871000	0.068227000
1.018919000	0.068221000
1.018923000	0.068221000
1.018972000	0.068222000
1.019857000	0.069104000
1.019864000	0.069059000
1.019910000	0.069102000
1.019916000	0.069057000
1.019963000	0.069101000
1.020828000	0.069917000
1.020835000	0.069922000
1.020881000	0.069917000
1.020887000	0.069919000
1.020933000	0.069915000
1.021807000	0.070786000
1.021817000	0.070745000
1.021859000	0.070784000
1.022801000	0.071675000
1.022806000	0.071676000
1.022907000	0.071727000
1.023834000	0.072651000
1.023844000	0.072610000
1.023885000	0.072649000
1.023890000	0.072603000
1.023894000	0.072604000
1.024824000	0.073482000
1.024906000	0.073562000
1.024924000	0.073529000
1.024927000	0.073529000
1.024929000	0.073480000
1.024956000	0.073504000
1.024962000	0.073459000
1.025008000	0.073503000
1.025933000	0.074377000
1.025938000	0.074379000
1.025985000	0.074375000
1.025989000	0.074376000
1.026038000	0.074374000
1.026042000	0.074375000
1.026091000	0.074373000
1.026095000	0.074374000
1.026197000	0.074425000
1.026834000	0.075060000
1.026887000	0.075061000
1.026891000	0.075062000
1.026939000	0.075060000
1.026944000	0.075062000
1.026992000	0.075059000
1.026998000	0.075062000
1.027044000	0.075057000
1.027050000	0.075060000
1.027053000	0.075000000
1.027097000	0.075041000
1.027102000	0.074999000
1.027149000	0.075043000
1.027202000	0.075046000
1.027212000	0.075054000
1.027309000	0.075098000
1.027318000	0.075103000
1.027324000	0.075060000
1.035766000	0.083498000
1.035790000	0.083473000
1.035795000	0.068890000
1.035798000	0.068890000
1.035866000	0.068943000
1.035870000	0.068854000
1.035919000	0.068898000
1.038737000	0.071639000
1.038790000	0.071686000
1.038793000	0.071605000
1.038844000	0.071650000
1.038846000	0.071577000
1.040825000	0.073550000
1.049746000	0.036952000
1.058839000	0.040898000
1.080778000	0.054842000
1.091874000	0.064723000
1.091914000	0.064548000
1.099951000	0.064158000
1.101101000	0.065233000
1.248814000	0.071816000
