24.059500000	0.059755000
24.119461000	0.052381000
24.119498000	0.052411000
24.126394000	0.059276000
24.126420000	0.059299000
24.126426000	0.059252000
24.126430000	0.059252000
24.126433000	0.059166000
24.127340000	0.060069000
24.142410000	0.075052000
24.159319000	0.039831000
24.159352000	0.039858000
24.159363000	0.039837000
24.166366000	0.046837000
24.166395000	0.039982000
24.166401000	0.039984000
24.174367000	0.047899000
24.174395000	0.047922000
24.181425000	0.054922000
24.181456000	0.054951000
24.181461000	0.054853000
24.181465000	0.054853000
24.181468000	0.054823000
24.181472000	0.054825000
24.181475000	0.054120000
24.181478000	0.054121000
24.181481000	0.046006000
24.181485000	0.039054000
24.189313000	0.046878000
24.189337000	0.029993000
24.199454000	0.040106000
24.199483000	0.040101000
24.206418000	0.047034000
24.206446000	0.047011000
24.206452000	0.047014000
24.207372000	0.040984000
24.230567000	0.064175000
24.230609000	0.064182000
24.230618000	0.064188000
24.230625000	0.064149000
24.230631000	0.064153000
24.230637000	0.056249000
24.230646000	0.056254000
24.230651000	0.056224000
24.237466000	0.063037000
24.237494000	0.056049000
24.238365000	0.056917000
24.244443000	0.062884000
24.244469000	0.062907000
24.244474000	0.062879000
24.244478000	0.062881000
24.244482000	0.062796000
24.244486000	0.062796000
24.244489000	0.062721000
24.245352000	0.063580000
24.245370000	0.063536000
24.245374000	0.063538000
24.253334000	0.071450000
24.253366000	0.071480000
24.260429000	0.078490000
24.260455000	0.078514000
24.260459000	0.078468000
24.260463000	0.078471000
24.260466000	0.078422000
24.260469000	0.078423000
24.260472000	0.071141000
24.261492000	0.072158000
24.261517000	0.072150000
24.261522000	0.072153000
24.261527000	0.062051000
24.261531000	0.062016000
24.262422000	0.055983000
24.269404000	0.062931000
24.269437000	0.062875000
24.277329000	0.069937000
24.277363000	0.046765000
24.277368000	0.046615000
24.284393000	0.053636000
24.284414000	0.053613000
24.284420000	0.053616000
24.284424000	0.053567000
24.284426000	0.053566000
24.284429000	0.053518000
24.292328000	0.061414000
24.292367000	0.061402000
24.292377000	0.061409000
24.299434000	0.068414000
24.299456000	0.068433000
24.299462000	0.068389000
24.299465000	0.068389000
24.299468000	0.061981000
24.299470000	0.061979000
24.299472000	0.061954000
24.300328000	0.062807000
24.300474000	0.062090000
24.300495000	0.062107000
24.300498000	0.056036000
24.301413000	0.056947000
24.317479000	0.072972000
24.324390000	0.079880000
24.324410000	0.079857000
24.324416000	0.079861000
24.324419000	0.079814000
24.324422000	0.079814000
24.325346000	0.080688000
24.325361000	0.080700000
24.331482000	0.086772000
24.331502000	0.086789000
24.331508000	0.086746000
24.331511000	0.086747000
24.331513000	0.086149000
24.331516000	0.086149000
24.331518000	0.086112000
24.331520000	0.086112000
24.333271000	0.087813000
24.339385000	0.093925000
24.347326000	0.093971000
24.354445000	0.101060000
24.354468000	0.094020000
24.355323000	0.094838000
24.371430000	0.110893000
24.378376000	0.117787000
24.378405000	0.117763000
24.393383000	0.132687000
24.393408000	0.132661000
24.393412000	0.131901000
24.393416000	0.131871000
24.409502000	0.147867000
24.416344000	0.154625000
24.416430000	0.154645000
24.416452000	0.154594000
24.416455000	0.154017000
24.416459000	0.153984000
24.416461000	0.147032000
24.416464000	0.146912000
24.417449000	0.147838000
24.423406000	0.153792000
24.423431000	0.153732000
24.423438000	0.153735000
24.423441000	0.146085000
24.423444000	0.146085000
24.423446000	0.146059000
24.430433000	0.153044000
24.430454000	0.153015000
24.430461000	0.153019000
24.430464000	0.152972000
24.430466000	0.152972000
24.438432000	0.160889000
24.438454000	0.160909000
24.445461000	0.161051000
24.445482000	0.161064000
24.445488000	0.161040000
24.445491000	0.161041000
24.445493000	0.160761000
24.445497000	0.160760000
24.445499000	0.153153000
24.445502000	0.153128000
24.446345000	0.153964000
24.446359000	0.146908000
24.446364000	0.146904000
24.446372000	0.146881000
24.446375000	0.146882000
24.446377000	0.146797000
24.446379000	0.146794000
24.454462000	0.154799000
24.461442000	0.161099000
24.477437000	0.176949000
24.484372000	0.183880000
24.484393000	0.183866000
24.484474000	0.183945000
24.484481000	0.183054000
24.484486000	0.166988000
24.484489000	0.160083000
24.484491000	0.160077000
24.484494000	0.160053000
24.484496000	0.160052000
24.484498000	0.160005000
24.484500000	0.159143000
24.485344000	0.159979000
24.485364000	0.153866000
24.485370000	0.153864000
24.485374000	0.153834000
24.485376000	0.153834000
24.485378000	0.153750000
24.486399000	0.154767000
24.491445000	0.159735000
24.491468000	0.159754000
24.491476000	0.158186000
24.491480000	0.158186000
24.491485000	0.152082000
24.491488000	0.144145000
24.492296000	0.137834000
24.492465000	0.138000000
24.492479000	0.137980000
24.500381000	0.145880000
24.500401000	0.145063000
24.507340000	0.151998000
24.507364000	0.135916000
24.507373000	0.135921000
24.507378000	0.128976000
24.507382000	0.128904000
24.507386000	0.113981000
24.507390000	0.113952000
24.515442000	0.121882000
24.522399000	0.128769000
24.522427000	0.112905000
24.530506000	0.114146000
24.530534000	0.114089000
24.530538000	0.114045000
24.537481000	0.120869000
24.537505000	0.120778000
24.537509000	0.120669000
24.545389000	0.128438000
24.552406000	0.134927000
24.552435000	0.134927000
24.552438000	0.129002000
24.568425000	0.144965000
24.575451000	0.151875000
24.575474000	0.145015000
24.575478000	0.144981000
24.582457000	0.144008000
24.582478000	0.137001000
24.582482000	0.136968000
24.582485000	0.136918000
24.582487000	0.136869000
24.582490000	0.136819000
24.590486000	0.144123000
24.590568000	0.144168000
24.590590000	0.144097000
24.597365000	0.142886000
24.597393000	0.119936000
24.605432000	0.121035000
24.612303000	0.127819000
24.612325000	0.127793000
24.612328000	0.127744000
24.612331000	0.127695000
24.612335000	0.127647000
24.620316000	0.134948000
24.627468000	0.142058000
24.627496000	0.141997000
24.627502000	0.136040000
24.642361000	0.150859000
24.642392000	0.150797000
24.650434000	0.158120000
24.657534000	0.165050000
24.657558000	0.157153000
24.657562000	0.150203000
24.657565000	0.150158000
24.657568000	0.150106000
24.673380000	0.165865000
24.680464000	0.172894000
24.680487000	0.172861000
24.680491000	0.165024000
24.680494000	0.158072000
24.680496000	0.158038000
24.681473000	0.150942000
24.681495000	0.150934000
24.687360000	0.156748000
24.687384000	0.149886000
24.687387000	0.149857000
24.687390000	0.149770000
24.695368000	0.149962000
24.695392000	0.142969000
24.702421000	0.149965000
24.702445000	0.149943000
24.702450000	0.134006000
24.718408000	0.142940000
24.725369000	0.149823000
24.725397000	0.149770000
24.732464000	0.156782000
24.732486000	0.150011000
24.732490000	0.149978000
24.733301000	0.150738000
24.759314000	0.176699000
24.759344000	0.176677000
24.759352000	0.176633000
24.759356000	0.168850000
24.766365000	0.175778000
24.766402000	0.175734000
24.766408000	0.169024000
24.766414000	0.168994000
24.766418000	0.160968000
24.766422000	0.154104000
24.766426000	0.154070000
24.766429000	0.154021000
24.767399000	0.154938000
24.775332000	0.162819000
24.782471000	0.162140000
24.790402000	0.170034000
24.797421000	0.169929000
24.797455000	0.169923000
24.797461000	0.169878000
24.797466000	0.155078000
24.797470000	0.155053000
24.798332000	0.147879000
24.806414000	0.148860000
24.813452000	0.155822000
24.813481000	0.155749000
24.813489000	0.155659000
24.813493000	0.155627000
24.813497000	0.140097000
24.839498000	0.159018000
24.839525000	0.159014000
24.846516000	0.165953000
24.846544000	0.165928000
24.846550000	0.165881000
24.846554000	0.165066000
24.846558000	0.164960000
24.846562000	0.159185000
24.846567000	0.159148000
24.846577000	0.159071000
24.846581000	0.158993000
24.847386000	0.159716000
24.847402000	0.152013000
24.863411000	0.167946000
24.871319000	0.168877000
24.877452000	0.174970000
24.877476000	0.174906000
24.877480000	0.159049000
24.877483000	0.152090000
24.877486000	0.152057000
24.877489000	0.145009000
24.877491000	0.144975000
24.899358000	0.166790000
24.899384000	0.166065000
24.899388000	0.140052000
24.906318000	0.146950000
24.906346000	0.146861000
24.906351000	0.146832000
24.906356000	0.139965000
24.907351000	0.140904000
24.907375000	0.140876000
24.930419000	0.163866000
24.930453000	0.163845000
24.930458000	0.163792000
24.930462000	0.163744000
24.930466000	0.163694000
24.931421000	0.164597000
24.931444000	0.164033000
24.937305000	0.161948000
24.937328000	0.154831000
24.937332000	0.146912000
24.937407000	0.139967000
24.937418000	0.139927000
24.959347000	0.161810000
24.959373000	0.161784000
24.959377000	0.161735000
24.959384000	0.161037000
24.966374000	0.159943000
24.966403000	0.152931000
24.966410000	0.152898000
24.966414000	0.152847000
24.966418000	0.152798000
24.966422000	0.152713000
24.974325000	0.160550000
24.999431000	0.159910000
24.999468000	0.159908000
24.999473000	0.152933000
25.006332000	0.159607000
25.006361000	0.159591000
25.006367000	0.159542000
25.006387000	0.159507000
25.006523000	0.159588000
25.006538000	0.159549000
25.021412000	0.174371000
25.021437000	0.174343000
25.021440000	0.174043000
25.021443000	0.174000000
25.021446000	0.158019000
25.036494000	0.165149000
25.036520000	0.159051000
25.036524000	0.159013000
25.036527000	0.158928000
25.036531000	0.158865000
25.059347000	0.181608000
25.059373000	0.181583000
25.059376000	0.181533000
25.059379000	0.181483000
25.059382000	0.160001000
25.066390000	0.166980000
25.066414000	0.166951000
25.066418000	0.160077000
25.066422000	0.160050000
25.066425000	0.159959000
25.066428000	0.159918000
25.067403000	0.160036000
25.075345000	0.167936000
25.082335000	0.151891000
25.082358000	0.151877000
25.082502000	0.151967000
25.082522000	0.151888000
25.082525000	0.151810000
25.082527000	0.151090000
25.090327000	0.158814000
25.090349000	0.158753000
25.099379000	0.162054000
25.099402000	0.162043000
25.099406000	0.161991000
25.099409000	0.161944000
25.119376000	0.181860000
25.119411000	0.160041000
25.119416000	0.160014000
25.119422000	0.159925000
25.126328000	0.166803000
25.126340000	0.159946000
25.126343000	0.159905000
25.135368000	0.168880000
25.142447000	0.175906000
25.142460000	0.175866000
25.142464000	0.175818000
25.142467000	0.168126000
25.142472000	0.143015000
25.143339000	0.143849000
25.143351000	0.143808000
25.151353000	0.151759000
25.151434000	0.145077000
25.151446000	0.145052000
25.158396000	0.151914000
25.158408000	0.151873000
25.159346000	0.152769000
25.167359000	0.160729000
25.174329000	0.152895000
25.174341000	0.152873000
25.182430000	0.160865000
25.189407000	0.167805000
25.189420000	0.167766000
25.189424000	0.152911000
25.189427000	0.152884000
25.189431000	0.152767000
25.198365000	0.161597000
25.205509000	0.168642000
25.205522000	0.146156000
25.205525000	0.146128000
25.221403000	0.161912000
25.228380000	0.168804000
25.228466000	0.168808000
25.235412000	0.175673000
25.235430000	0.169020000
25.235436000	0.168984000
25.235441000	0.168939000
25.243344000	0.176789000
25.250304000	0.183694000
25.258305000	0.191640000
25.265426000	0.198012000
25.265440000	0.190076000
25.273342000	0.190987000
25.280335000	0.197904000
25.280347000	0.197828000
25.280383000	0.197775000
25.280388000	0.197685000
25.299388000	0.216650000
25.299405000	0.209062000
25.306407000	0.215989000
25.306421000	0.207026000
25.306426000	0.206969000
25.306430000	0.206886000
25.306435000	0.206810000
25.319382000	0.219675000
25.319395000	0.199988000
25.359362000	0.039820000
