0.033989000	0.033948000
0.073968000	0.034565000
0.084021000	0.044611000
0.084046000	0.044544000
0.088939000	0.049432000
0.088960000	0.049354000
0.092013000	0.052404000
0.092040000	0.052350000
0.092052000	0.052359000
0.092057000	0.052292000
0.092105000	0.052323000
0.108956000	0.034965000
0.108992000	0.034998000
0.113962000	0.029923000
0.118982000	0.034939000
0.119016000	0.034944000
0.121042000	0.036968000
0.121068000	0.032114000
0.121074000	0.032117000
0.121078000	0.032086000
0.121082000	0.032088000
0.123974000	0.031941000
0.124006000	0.031970000
0.128956000	0.036845000
0.128990000	0.036877000
0.132008000	0.039859000
0.132036000	0.039885000
0.132041000	0.039800000
0.132044000	0.039800000
0.133937000	0.041613000
0.133955000	0.041628000
0.139091000	0.030107000
0.144978000	0.035990000
0.145022000	0.036001000
0.146982000	0.037957000
0.147007000	0.033024000
0.147030000	0.033043000
0.149974000	0.030970000
0.150001000	0.030993000
0.153965000	0.034930000
0.153991000	0.034954000
0.156002000	0.034941000
0.156033000	0.034968000
0.156045000	0.034891000
0.156051000	0.034894000
0.156142000	0.034952000
0.158942000	0.037750000
0.158968000	0.037688000
0.161944000	0.040660000
0.161969000	0.040607000
0.161995000	0.040629000
0.162004000	0.038007000
0.163960000	0.039958000
0.163992000	0.039962000
0.165995000	0.041962000
0.166082000	0.037101000
0.166106000	0.037120000
0.166113000	0.037095000
0.166116000	0.037094000
0.168969000	0.036941000
0.168998000	0.036966000
0.171975000	0.039910000
0.171999000	0.039931000
0.172025000	0.039871000
0.172035000	0.039877000
0.172076000	0.039876000
0.174971000	0.041019000
0.174999000	0.040985000
0.176969000	0.037855000
0.178972000	0.033954000
0.179012000	0.033925000
0.179019000	0.032015000
0.184953000	0.037915000
0.184994000	0.037907000
0.186024000	0.036027000
0.186066000	0.036033000
0.186075000	0.032087000
0.186081000	0.032018000
0.188958000	0.034885000
0.188994000	0.032970000
0.193943000	0.037914000
0.193989000	0.037837000
0.197021000	0.040866000
0.197065000	0.040840000
0.197085000	0.040856000
0.197094000	0.040815000
0.197112000	0.040830000
0.197137000	0.040802000
0.197168000	0.040830000
0.197194000	0.038233000
0.197223000	0.038258000
0.198966000	0.039942000
0.199077000	0.040051000
0.201945000	0.039983000
0.201996000	0.040030000
0.202010000	0.040010000
0.202020000	0.040018000
0.202050000	0.040001000
0.202102000	0.040050000
0.204953000	0.042823000
0.204992000	0.042859000
0.206994000	0.043011000
0.207037000	0.043050000
0.207056000	0.043035000
0.207065000	0.043041000
0.207084000	0.041070000
0.207135000	0.041117000
0.207160000	0.041061000
0.207168000	0.041065000
0.207176000	0.041065000
0.207287000	0.041081000
0.207316000	0.041108000
0.209994000	0.043784000
0.210030000	0.043786000
0.212987000	0.046741000
0.213054000	0.044064000
0.213141000	0.044147000
0.213175000	0.044169000
0.213187000	0.044158000
0.213193000	0.041200000
0.213198000	0.041202000
0.213202000	0.041198000
0.213268000	0.041238000
0.213286000	0.041254000
0.216102000	0.044068000
0.216140000	0.044059000
0.216153000	0.044068000
0.216170000	0.044036000
0.216176000	0.041186000
0.219004000	0.044008000
0.219046000	0.044018000
0.219057000	0.043980000
0.224305000	0.047315000
0.224333000	0.047336000
0.224344000	0.045344000
0.224350000	0.045343000
0.224356000	0.045187000
0.224362000	0.044634000
0.224368000	0.044633000
0.224373000	0.044599000
0.224379000	0.039397000
0.224385000	0.039395000
0.224391000	0.039375000
0.225969000	0.040861000
0.226001000	0.039948000
0.226013000	0.039952000
0.226018000	0.039918000
0.226083000	0.039980000
0.226105000	0.039999000
0.228988000	0.042880000
0.229025000	0.042827000
0.231974000	0.045771000
0.233969000	0.047763000
0.234004000	0.047795000
0.236005000	0.049714000
0.236048000	0.049751000
0.236063000	0.047079000
0.236075000	0.047086000
0.236394000	0.047393000
0.236432000	0.047427000
0.236977000	0.043000000
0.237019000	0.043036000
0.237038000	0.043037000
0.237055000	0.043050000
0.237064000	0.040012000
0.237071000	0.040012000
0.238941000	0.041864000
0.238968000	0.041887000
0.242006000	0.044884000
0.242040000	0.044914000
0.242054000	0.044925000
0.242065000	0.044932000
0.242071000	0.044892000
0.242075000	0.044892000
0.242089000	0.044903000
0.242109000	0.044919000
0.242194000	0.044960000
0.242208000	0.044970000
0.242219000	0.044978000
0.242224000	0.044979000
0.242343000	0.045060000
0.242379000	0.045092000
0.244024000	0.045032000
0.244062000	0.045065000
0.245992000	0.046902000
0.246035000	0.046941000
0.246054000	0.044089000
0.246071000	0.044102000
0.246086000	0.044082000
0.246094000	0.044087000
0.247031000	0.045016000
0.247056000	0.045038000
0.247068000	0.045004000
0.247078000	0.045010000
0.247086000	0.045014000
0.247091000	0.045015000
0.247292000	0.045175000
0.247337000	0.045216000
0.247344000	0.042362000
0.247348000	0.042361000
0.248958000	0.043952000
0.248997000	0.043987000
0.252034000	0.045009000
0.252070000	0.045038000
0.252083000	0.045035000
0.252095000	0.045043000
0.252104000	0.045011000
0.252109000	0.045012000
0.252121000	0.045020000
0.252126000	0.045021000
0.252220000	0.045075000
0.253999000	0.046850000
0.254034000	0.046881000
0.256013000	0.048857000
0.256051000	0.048752000
0.256065000	0.048761000
0.256078000	0.048770000
0.256087000	0.048775000
0.256093000	0.048751000
0.258958000	0.051612000
0.259003000	0.051653000
0.263943000	0.056589000
0.263987000	0.056591000
0.267028000	0.059628000
0.267063000	0.057043000
0.267076000	0.057051000
0.267087000	0.057046000
0.267094000	0.054068000
0.267099000	0.054028000
0.267126000	0.053956000
0.267152000	0.053967000
0.267444000	0.054214000
0.267482000	0.054154000
0.268979000	0.052819000
0.269040000	0.052655000
0.272020000	0.055575000
0.272073000	0.053032000
0.272082000	0.053003000
0.272088000	0.052958000
0.272094000	0.047770000
0.272178000	0.047848000
0.272229000	0.047822000
0.272243000	0.047830000
0.272249000	0.047831000
0.272254000	0.047792000
0.272260000	0.047793000
0.274003000	0.049481000
0.274056000	0.049525000
0.277027000	0.052489000
0.277071000	0.052503000
0.277091000	0.052518000
0.277098000	0.052478000
0.277103000	0.052478000
0.277108000	0.052436000
0.277113000	0.052436000
0.278965000	0.054243000
0.279008000	0.054281000
0.281956000	0.057182000
0.282011000	0.057234000
0.282034000	0.057254000
0.282054000	0.057272000
0.282062000	0.057235000
0.282214000	0.057384000
0.282254000	0.057422000
0.282270000	0.056283000
0.282279000	0.056288000
0.282287000	0.056293000
0.282295000	0.056298000
0.282301000	0.056294000
0.283939000	0.057929000
0.283972000	0.057939000
0.286001000	0.059966000
0.286036000	0.059998000
0.286053000	0.060012000
0.286135000	0.060044000
0.286159000	0.060065000
0.288997000	0.062900000
0.289040000	0.062941000
0.291984000	0.065882000
0.292021000	0.065884000
0.292035000	0.065896000
0.292046000	0.065904000
0.292058000	0.065914000
0.293985000	0.067794000
0.294022000	0.065007000
0.296004000	0.066984000
0.296041000	0.067009000
0.296054000	0.067019000
0.296066000	0.064063000
0.296079000	0.064069000
0.297009000	0.063015000
0.297046000	0.063047000
0.297060000	0.063049000
0.297072000	0.063058000
0.297083000	0.061052000
0.297089000	0.061053000
0.297103000	0.061047000
0.297126000	0.061067000
0.297434000	0.061364000
0.297477000	0.061405000
0.297495000	0.061081000
0.297512000	0.061093000
0.297528000	0.061105000
0.297537000	0.061110000
0.297545000	0.061103000
0.297552000	0.061106000
0.297559000	0.060560000
0.297566000	0.060553000
0.297573000	0.060543000
0.298949000	0.061915000
0.298984000	0.061936000
0.298998000	0.061946000
0.301987000	0.064894000
0.302024000	0.064927000
0.302038000	0.064937000
0.302050000	0.064945000
0.303941000	0.066833000
0.303987000	0.066875000
0.305987000	0.067027000
0.306023000	0.067059000
0.306041000	0.067067000
0.306062000	0.067085000
0.306079000	0.064048000
0.306095000	0.064059000
0.309002000	0.066954000
0.309037000	0.066986000
0.312014000	0.069954000
0.312052000	0.069989000
0.312065000	0.069970000
0.312078000	0.069980000
0.312090000	0.069990000
0.312096000	0.069993000
0.312205000	0.070099000
0.312241000	0.070093000
0.312255000	0.070104000
0.312268000	0.070115000
0.312280000	0.070124000
0.312286000	0.070127000
0.312291000	0.070089000
0.312296000	0.070091000
0.312402000	0.070188000
0.312440000	0.070223000
0.312455000	0.070206000
0.312468000	0.070216000
0.312474000	0.070219000
0.312479000	0.070222000
0.312484000	0.070115000
0.312489000	0.070115000
0.312720000	0.070334000
0.312770000	0.070381000
0.313988000	0.069936000
0.314026000	0.069969000
0.315988000	0.071918000
0.316034000	0.071961000
0.316055000	0.070033000
0.316072000	0.070043000
0.316089000	0.070043000
0.316097000	0.070047000
0.317007000	0.070943000
0.317044000	0.070977000
0.317058000	0.070976000
0.317070000	0.070951000
0.319973000	0.073850000
0.320010000	0.073884000
0.322095000	0.075965000
0.322132000	0.075999000
0.322145000	0.075096000
0.322157000	0.075104000
0.322169000	0.075107000
0.322175000	0.075110000
0.322180000	0.075107000
0.322380000	0.075304000
0.322417000	0.075333000
0.322431000	0.075114000
0.322444000	0.075123000
0.323972000	0.076648000
0.324009000	0.076683000
0.325969000	0.078640000
0.326013000	0.078682000
0.326033000	0.078699000
0.326051000	0.078461000
0.326069000	0.078473000
0.327985000	0.080386000
0.328021000	0.080419000
0.328034000	0.080429000
0.328046000	0.080438000
0.328057000	0.079071000
0.329011000	0.080019000
0.329048000	0.080039000
0.333974000	0.084961000
0.334011000	0.081950000
0.336003000	0.083937000
0.336045000	0.083967000
0.336061000	0.083981000
0.336073000	0.083983000
0.336085000	0.083992000
0.336091000	0.083989000
0.338935000	0.086786000
0.338970000	0.086818000
0.341956000	0.089801000
0.341985000	0.089827000
0.341998000	0.089837000
0.342008000	0.089841000
0.343915000	0.091680000
0.343949000	0.091708000
0.345975000	0.091946000
0.346018000	0.091975000
0.346035000	0.089989000
0.346042000	0.089980000
0.346049000	0.089974000
0.346093000	0.089984000
0.348994000	0.092879000
0.349037000	0.092917000
0.351980000	0.092983000
0.353957000	0.094939000
0.354011000	0.090029000
0.356038000	0.092036000
0.356089000	0.089030000
0.356116000	0.089043000
0.356122000	0.089037000
0.356127000	0.088994000
0.356135000	0.088997000
0.358980000	0.091836000
0.359022000	0.091873000
0.361975000	0.094799000
0.362012000	0.094552000
0.362031000	0.094563000
0.362036000	0.094563000
0.364975000	0.097497000
0.365018000	0.097403000
0.366031000	0.098410000
0.366073000	0.098446000
0.366089000	0.098187000
0.366094000	0.098183000
0.366100000	0.098183000
0.366105000	0.098175000
0.373995000	0.105789000
0.374037000	0.105826000
0.375983000	0.107766000
0.376033000	0.107567000
0.376050000	0.107572000
0.376056000	0.107571000
0.376062000	0.107047000
0.378976000	0.109953000
0.379018000	0.109988000
0.382050000	0.112801000
0.382093000	0.112835000
0.382114000	0.112849000
0.382123000	0.112851000
0.382128000	0.112600000
0.382133000	0.112597000
0.382138000	0.110084000
0.383986000	0.111926000
0.384028000	0.111962000
0.386032000	0.113932000
0.386078000	0.113871000
0.386103000	0.113890000
0.386109000	0.113891000
0.386116000	0.113892000
0.386122000	0.112087000
0.389962000	0.115922000
0.390005000	0.115959000
0.391973000	0.117922000
0.392016000	0.117722000
0.392026000	0.117727000
0.393952000	0.119647000
0.393990000	0.119680000
0.396074000	0.121478000
0.396109000	0.121508000
0.396128000	0.121524000
0.396135000	0.121528000
0.396140000	0.121530000
0.396145000	0.121532000
0.397936000	0.123053000
0.397962000	0.123073000
0.397996000	0.123104000
0.401021000	0.126126000
0.401052000	0.126155000
0.404016000	0.129116000
0.404046000	0.129143000
0.404056000	0.129150000
0.404063000	0.128926000
0.404070000	0.128929000
0.404083000	0.128938000
0.404175000	0.129027000
0.404202000	0.129050000
0.404210000	0.129055000
0.404218000	0.129060000
0.406044000	0.130882000
0.406073000	0.130677000
0.406081000	0.130680000
0.406088000	0.130683000
0.406095000	0.130687000
0.409058000	0.133646000
0.409086000	0.133670000
0.409095000	0.133675000
0.409102000	0.133679000
0.409109000	0.133412000
0.409113000	0.133410000
0.409182000	0.133476000
0.409196000	0.133487000
0.409207000	0.133496000
0.409216000	0.133502000
0.409289000	0.133572000
0.409302000	0.133582000
0.413993000	0.138037000
0.414022000	0.138060000
0.414030000	0.136975000
0.414037000	0.136977000
0.414045000	0.136982000
0.414152000	0.137086000
0.414180000	0.137101000
0.414188000	0.137106000
0.414195000	0.137110000
0.414203000	0.137115000
0.415994000	0.138807000
0.416021000	0.138831000
0.416033000	0.138840000
0.416040000	0.138844000
0.416053000	0.138854000
0.418946000	0.141744000
0.418968000	0.141764000
0.422005000	0.144798000
0.422033000	0.144714000
0.422042000	0.144717000
0.422052000	0.144724000
0.422067000	0.144737000
0.422159000	0.144826000
0.422187000	0.144851000
0.422195000	0.144856000
0.422202000	0.144861000
0.422209000	0.144646000
0.422213000	0.144646000
0.422348000	0.144779000
0.422376000	0.144804000
0.422386000	0.143394000
0.422394000	0.143397000
0.422401000	0.143401000
0.422404000	0.143402000
0.422408000	0.143393000
0.422411000	0.143393000
0.423971000	0.144950000
0.424000000	0.144976000
0.424009000	0.142019000
0.428971000	0.146974000
0.429000000	0.146999000
0.434108000	0.152103000
0.434136000	0.152113000
0.436006000	0.153979000
0.436034000	0.153988000
0.436043000	0.153993000
0.436050000	0.153820000
0.436154000	0.153920000
0.437026000	0.154788000
0.437055000	0.154814000
0.437064000	0.154819000
0.437072000	0.154823000
0.437076000	0.154813000
0.437080000	0.154813000
0.437211000	0.154728000
0.437247000	0.154758000
0.437259000	0.154767000
0.437265000	0.154769000
0.439000000	0.156500000
0.439034000	0.156531000
0.442056000	0.159549000
0.442085000	0.159575000
0.442093000	0.159353000
0.442101000	0.159349000
0.442105000	0.158144000
0.442108000	0.158141000
0.442212000	0.158231000
0.442240000	0.158255000
0.442248000	0.156223000
0.442255000	0.156224000
0.442259000	0.156213000
0.442262000	0.156212000
0.442370000	0.156307000
0.442399000	0.156332000
0.442408000	0.156257000
0.442412000	0.156257000
0.442416000	0.156247000
0.442419000	0.156247000
0.442487000	0.153460000
0.442504000	0.153470000
0.442580000	0.153530000
0.442612000	0.153558000
0.442616000	0.150605000
0.442620000	0.150604000
0.442623000	0.150594000
0.442626000	0.150594000
0.442637000	0.150596000
0.442660000	0.150616000
0.442746000	0.150694000
0.442765000	0.150710000
0.442770000	0.150694000
0.442773000	0.150694000
0.442850000	0.148838000
0.442866000	0.148849000
0.442877000	0.148848000
0.442882000	0.148850000
0.442957000	0.146926000
0.442970000	0.146934000
0.443923000	0.147875000
0.443940000	0.147889000
0.445947000	0.149887000
0.445955000	0.149892000
0.446045000	0.149973000
0.446078000	0.150003000
0.446086000	0.149988000
0.446094000	0.149993000
0.447002000	0.149966000
0.447010000	0.149969000
0.447056000	0.150003000
0.447063000	0.150007000
0.447110000	0.150044000
0.447117000	0.150048000
0.447164000	0.150086000
0.447172000	0.150091000
0.447255000	0.150146000
0.447265000	0.150154000
0.447279000	0.150164000
0.447285000	0.150167000
0.447289000	0.150169000
0.447293000	0.150170000
0.447369000	0.150237000
0.447372000	0.150202000
0.447425000	0.149960000
0.447427000	0.149956000
0.447480000	0.149993000
0.447482000	0.149991000
0.447533000	0.150029000
0.447536000	0.150028000
0.447586000	0.150065000
0.447588000	0.150063000
0.447639000	0.149894000
0.447642000	0.149892000
0.447694000	0.149941000
0.447696000	0.149940000
0.447698000	0.149939000
0.448978000	0.151216000
0.449030000	0.151265000
0.452266000	0.154499000
0.452295000	0.154443000
0.452305000	0.154450000
0.452312000	0.154454000
0.452316000	0.154456000
0.453998000	0.156135000
0.454027000	0.156162000
0.456019000	0.157044000
0.456048000	0.157069000
0.456057000	0.157065000
0.456066000	0.157072000
0.456072000	0.157068000
0.458963000	0.159956000
0.459002000	0.156988000
0.462049000	0.160030000
0.462078000	0.160046000
0.462086000	0.160051000
0.462090000	0.160045000
0.462611000	0.160564000
0.462632000	0.160576000
0.462832000	0.160773000
0.463993000	0.160019000
0.464013000	0.160032000
0.465965000	0.161966000
0.465985000	0.161982000
0.466015000	0.160004000
0.466067000	0.160050000
0.466075000	0.160042000
0.466080000	0.160043000
0.466977000	0.160925000
0.467000000	0.160943000
0.467027000	0.160956000
0.467037000	0.160962000
0.467080000	0.160461000
0.467135000	0.160511000
0.467149000	0.160521000
0.467157000	0.160525000
0.467161000	0.158133000
0.468982000	0.159949000
0.469002000	0.159957000
0.473974000	0.164926000
0.473998000	0.161952000
0.474012000	0.161949000
0.475984000	0.163908000
0.476007000	0.163920000
0.476013000	0.163897000
0.476016000	0.163894000
0.476085000	0.163849000
0.476944000	0.164692000
0.476959000	0.164694000
0.476996000	0.164720000
0.477048000	0.164733000
0.478983000	0.166663000
0.479006000	0.166680000
0.479012000	0.166586000
0.482060000	0.169625000
0.482083000	0.169631000
0.482089000	0.169624000
0.482116000	0.169367000
0.482127000	0.169372000
0.482204000	0.169444000
0.482227000	0.169461000
0.482230000	0.169204000
0.482233000	0.169201000
0.483945000	0.170899000
0.483964000	0.169943000
0.486029000	0.171993000
0.486044000	0.170017000
0.486050000	0.169999000
0.486086000	0.170017000
0.486096000	0.170011000
0.486098000	0.169971000
0.488951000	0.172817000
0.488973000	0.171934000
0.494931000	0.177876000
0.494969000	0.177901000
0.496021000	0.178941000
0.496043000	0.176038000
0.496050000	0.176029000
0.496064000	0.173937000
0.496180000	0.174038000
0.499962000	0.177807000
0.499984000	0.177818000
0.505329000	0.183072000
0.505352000	0.183090000
0.505357000	0.183089000
0.505954000	0.183542000
0.505974000	0.183547000
0.506008000	0.183567000
0.506023000	0.183570000
0.506125000	0.182121000
0.508935000	0.184916000
0.508962000	0.182955000
0.514927000	0.188898000
0.514953000	0.188906000
0.515974000	0.189909000
0.516000000	0.189903000
0.516027000	0.188011000
0.516041000	0.188010000
0.516135000	0.188092000
0.518949000	0.190895000
0.518967000	0.190815000
0.519000000	0.189957000
0.524949000	0.195891000
0.524976000	0.190970000
0.525959000	0.191938000
0.525980000	0.189941000
0.526066000	0.190009000
0.526081000	0.190011000
0.526086000	0.190004000
0.529958000	0.193846000
0.529976000	0.193858000
0.535009000	0.196043000
0.536335000	0.197354000
0.536358000	0.194376000
0.536365000	0.194370000
0.536367000	0.194361000
0.536370000	0.194290000
0.536373000	0.194287000
0.538994000	0.195054000
0.539016000	0.195070000
0.542959000	0.199000000
0.542982000	0.198950000
0.542988000	0.196981000
0.544128000	0.198115000
0.544150000	0.198121000
0.546984000	0.200878000
0.547005000	0.200890000
0.547012000	0.200889000
0.547039000	0.200909000
0.547054000	0.200829000
0.547086000	0.200853000
0.548964000	0.202723000
0.548987000	0.202506000
0.554030000	0.207538000
0.554054000	0.205027000
0.555994000	0.206961000
0.556021000	0.206973000
0.556030000	0.206878000
0.556051000	0.204039000
0.556159000	0.204141000
0.556172000	0.202176000
0.558955000	0.204950000
0.558971000	0.204945000
0.563952000	0.209820000
0.563981000	0.207905000
0.565992000	0.209910000
0.566010000	0.209900000
0.566016000	0.209884000
0.566042000	0.209887000
0.566054000	0.209893000
0.566094000	0.209927000
0.568970000	0.212797000
0.568994000	0.212732000
0.573953000	0.217685000
0.573975000	0.217701000
0.577021000	0.220741000
0.577043000	0.218032000
0.577049000	0.218032000
0.577053000	0.218022000
0.577055000	0.218018000
0.578988000	0.216986000
0.579010000	0.217002000
0.581987000	0.219964000
0.582010000	0.219982000
0.582016000	0.219777000
0.582019000	0.219774000
0.584010000	0.221760000
0.584034000	0.221779000
0.585957000	0.220951000
0.585979000	0.220967000
0.586121000	0.221092000
0.586137000	0.221103000
0.586144000	0.220081000
0.586907000	0.220839000
0.588970000	0.222887000
0.588992000	0.222657000
0.591964000	0.225620000
0.592074000	0.225724000
0.592095000	0.225739000
0.592102000	0.225445000
0.592105000	0.225443000
0.592107000	0.225439000
0.593940000	0.226969000
0.593962000	0.226983000
0.596010000	0.221983000
0.596037000	0.222004000
0.596064000	0.222016000
0.596083000	0.221923000
0.596088000	0.220066000
0.596092000	0.220064000
0.596925000	0.220880000
0.598960000	0.222808000
0.598980000	0.222819000
0.601993000	0.225827000
0.602015000	0.225843000
0.602020000	0.225753000
0.603945000	0.227672000
0.603973000	0.227695000
0.606000000	0.226992000
0.606022000	0.227009000
0.606028000	0.226999000
0.606031000	0.226747000
0.606057000	0.223975000
0.606068000	0.223980000
0.606969000	0.224865000
0.606990000	0.224825000
0.607019000	0.224848000
0.607029000	0.224852000
0.607071000	0.224889000
0.607081000	0.224841000
0.608999000	0.226752000
0.609021000	0.226769000
0.611954000	0.229454000
0.611981000	0.229475000
0.612007000	0.229495000
0.613948000	0.231431000
0.613971000	0.229954000
0.615998000	0.231975000
0.616021000	0.231983000
0.616027000	0.231737000
0.616030000	0.229966000
0.616033000	0.229963000
0.619007000	0.232910000
0.619028000	0.232876000
0.621961000	0.235803000
0.622047000	0.235884000
0.622069000	0.235900000
0.622073000	0.235787000
0.622076000	0.235784000
0.624018000	0.237720000
0.624040000	0.237471000
0.626018000	0.239440000
0.626040000	0.236046000
0.626044000	0.236044000
0.626047000	0.236031000
0.626108000	0.235986000
0.628937000	0.236931000
0.629021000	0.237009000
0.632026000	0.239889000
0.632063000	0.239923000
0.632067000	0.239924000
0.632069000	0.238091000
0.632071000	0.238073000
0.632200000	0.238198000
0.633972000	0.237875000
0.634009000	0.237906000
0.635930000	0.239810000
0.636034000	0.239910000
0.636043000	0.239878000
0.636048000	0.239878000
0.636052000	0.239875000
0.636946000	0.238991000
0.636997000	0.239026000
0.637005000	0.238999000
0.637049000	0.236006000
0.637057000	0.236010000
0.637102000	0.233063000
0.639013000	0.234960000
0.639034000	0.234974000
0.642012000	0.237944000
0.642032000	0.237945000
0.642038000	0.237948000
0.642041000	0.237845000
0.642103000	0.237895000
0.642123000	0.237908000
0.642126000	0.237904000
0.642128000	0.236061000
0.642248000	0.236170000
0.642256000	0.236171000
0.642259000	0.236167000
0.642334000	0.236224000
0.642353000	0.233273000
0.642357000	0.233265000
0.642359000	0.233259000
0.642364000	0.233258000
0.642367000	0.233239000
0.642382000	0.233251000
0.643949000	0.234815000
0.643960000	0.234768000
0.645978000	0.236775000
0.645983000	0.236770000
0.646063000	0.236840000
0.646082000	0.236784000
0.646088000	0.236779000
0.648991000	0.234976000
0.649016000	0.234989000
0.653928000	0.239893000
0.653952000	0.239910000
0.655952000	0.241778000
0.656004000	0.241819000
0.656249000	0.242056000
0.656271000	0.242071000
0.656275000	0.242058000
0.656278000	0.240263000
0.658962000	0.242935000
0.658982000	0.242952000
0.662010000	0.245972000
0.662030000	0.245972000
0.662037000	0.245976000
0.662040000	0.243077000
0.662101000	0.243128000
0.662121000	0.240094000
0.662124000	0.240085000
0.662186000	0.240137000
0.662206000	0.240149000
0.662209000	0.240137000
0.662271000	0.240091000
0.907328000	0.245040000
0.913959000	0.251625000
0.914006000	0.251667000
0.915970000	0.251925000
0.915981000	0.249953000
0.916021000	0.249983000
0.916027000	0.249956000
0.916074000	0.249074000
0.919145000	0.252095000
0.919165000	0.252062000
0.924025000	0.256915000
0.924241000	0.256960000
0.924257000	0.256969000
0.924265000	0.256933000
0.924270000	0.252305000
0.924273000	0.252301000
0.924276000	0.252186000
0.924351000	0.252251000
0.924373000	0.252259000
0.924377000	0.252259000
0.924380000	0.252137000
0.924384000	0.252130000
0.924460000	0.252201000
0.924473000	0.252075000
0.924476000	0.252067000
0.924480000	0.250485000
0.924483000	0.248525000
0.924487000	0.248446000
0.924490000	0.248367000
0.924494000	0.247490000
0.924498000	0.247485000
0.924568000	0.247547000
0.924580000	0.247433000
0.924584000	0.245582000
0.924587000	0.242611000
0.924675000	0.242668000
0.924687000	0.242632000
0.924691000	0.242583000
0.924694000	0.242577000
0.924728000	0.242567000
0.924738000	0.242469000
0.924782000	0.242507000
0.924794000	0.240788000
0.926053000	0.240032000
0.926066000	0.240035000
0.926156000	0.240115000
0.926164000	0.240020000
0.926169000	0.239160000
0.926172000	0.239129000
0.928968000	0.241873000
0.928984000	0.241883000
0.932002000	0.244852000
0.932110000	0.243127000
0.932130000	0.240143000
0.932136000	0.240109000
0.932139000	0.240102000
0.932141000	0.238178000
0.932260000	0.238288000
0.932280000	0.237260000
0.932284000	0.237244000
0.932287000	0.237238000
0.932350000	0.237228000
0.932371000	0.237204000
0.932374000	0.236411000
0.932376000	0.236371000
0.932399000	0.236387000
0.932407000	0.233454000
0.932451000	0.233489000
0.932459000	0.232391000
0.932504000	0.232425000
0.932511000	0.232351000
0.932560000	0.232391000
0.932568000	0.232390000
0.932610000	0.232340000
0.932618000	0.232338000
0.933991000	0.229985000
0.934004000	0.227983000
0.935964000	0.229927000
0.935977000	0.229907000
0.936049000	0.229040000
0.936069000	0.229013000
0.936075000	0.229009000
0.936944000	0.229794000
0.936996000	0.229839000
0.937003000	0.229786000
0.937047000	0.228095000
0.937053000	0.228094000
0.938979000	0.226925000
0.939006000	0.226942000
0.942017000	0.229942000
0.942037000	0.229946000
0.942043000	0.229811000
0.942105000	0.229863000
0.942125000	0.229875000
0.942189000	0.229911000
0.942208000	0.229928000
0.942210000	0.228213000
0.942213000	0.228205000
0.942274000	0.226228000
0.943923000	0.227863000
0.943942000	0.227871000
0.945948000	0.228977000
0.946033000	0.229017000
0.946054000	0.222060000
0.946058000	0.220019000
0.946061000	0.219998000
0.948999000	0.221996000
0.949021000	0.216998000
0.953994000	0.221946000
0.954017000	0.221843000
0.955985000	0.223786000
0.956012000	0.223791000
0.956018000	0.223682000
0.956022000	0.219990000
0.956097000	0.219908000
0.956111000	0.214107000
0.958963000	0.216826000
0.958982000	0.216819000
0.963965000	0.221774000
0.963987000	0.221670000
0.965970000	0.219963000
0.965992000	0.219924000
0.973990000	0.217956000
0.974022000	0.215071000
0.976055000	0.215951000
0.976076000	0.215913000
0.976107000	0.215940000
0.976115000	0.210090000
0.976118000	0.209990000
0.978969000	0.211853000
0.978984000	0.211742000
0.983936000	0.216607000
0.983962000	0.214923000
0.985951000	0.213892000
0.986055000	0.213899000
0.986065000	0.212036000
0.986069000	0.209724000
0.988915000	0.211525000
0.988926000	0.211441000
0.993988000	0.216497000
0.994011000	0.211928000
0.996051000	0.213926000
0.996073000	0.212101000
0.996078000	0.210017000
0.996081000	0.209992000
0.996083000	0.209011000
0.998967000	0.211839000
0.998988000	0.206808000
1.004005000	0.211755000
1.004028000	0.211702000
1.012057000	0.216041000
1.012068000	0.212944000
1.012072000	0.207954000
1.012075000	0.207833000
1.012078000	0.205965000
1.013952000	0.201838000
1.013969000	0.201813000
1.015980000	0.203769000
1.015998000	0.203664000
1.016065000	0.203647000
1.016085000	0.203556000
1.016088000	0.203516000
1.018964000	0.206333000
1.018983000	0.206169000
1.019039000	0.172962000
1.023945000	0.174914000
1.023994000	0.171847000
1.026017000	0.173816000
1.026036000	0.173702000
1.026040000	0.172017000
1.026043000	0.171946000
1.026049000	0.171946000
1.028987000	0.172890000
1.029006000	0.170008000
1.033963000	0.171830000
1.033985000	0.171657000
1.034013000	0.171606000
1.036032000	0.173621000
1.036054000	0.173471000
1.036058000	0.173396000
1.036061000	0.173053000
1.036065000	0.172912000
1.038955000	0.175798000
1.038974000	0.175000000
1.044011000	0.179959000
1.044033000	0.177980000
1.045991000	0.178833000
1.046014000	0.178718000
1.046018000	0.178635000
1.046021000	0.178549000
1.046046000	0.178475000
1.046056000	0.178415000
1.048937000	0.181132000
1.076066000	0.167405000
1.078966000	0.170252000
1.078985000	0.170217000
1.084141000	0.175320000
1.084164000	0.175290000
1.085993000	0.170009000
1.086016000	0.169986000
1.086019000	0.166858000
1.086022000	0.161768000
1.086048000	0.161748000
1.089001000	0.164632000
1.089022000	0.164609000
1.089026000	0.164556000
1.093980000	0.169459000
1.095997000	0.171420000
1.096025000	0.171398000
1.096030000	0.171345000
1.096050000	0.171314000
1.096104000	0.171265000
1.098960000	0.174015000
1.098979000	0.173982000
1.103980000	0.177911000
1.104003000	0.177789000
1.106014000	0.177025000
1.106042000	0.173908000
1.106048000	0.173646000
1.106055000	0.173442000
1.106121000	0.173453000
1.108927000	0.176155000
1.108941000	0.172868000
1.113965000	0.177006000
1.116044000	0.178993000
1.116066000	0.177056000
1.116069000	0.174028000
1.116072000	0.173867000
1.116082000	0.173718000
1.116089000	0.172151000
1.118959000	0.172826000
1.118985000	0.172688000
1.124004000	0.169990000
1.124028000	0.169937000
1.126007000	0.169957000
1.126044000	0.169887000
1.126048000	0.169837000
1.126051000	0.169787000
1.126054000	0.167078000
1.129110000	0.170093000
1.129136000	0.165155000
1.133977000	0.169920000
1.134003000	0.167981000
1.134007000	0.159991000
1.135949000	0.161775000
1.135968000	0.161711000
1.136034000	0.161733000
1.136055000	0.161699000
1.136058000	0.161594000
1.138975000	0.164457000
1.138995000	0.164424000
1.143987000	0.167914000
1.144009000	0.167896000
1.145983000	0.169769000
1.146010000	0.169736000
1.146016000	0.166991000
1.146020000	0.162065000
1.146090000	0.162098000
1.146103000	0.160139000
1.148941000	0.162935000
1.148955000	0.162892000
1.153945000	0.167833000
1.153968000	0.167801000
1.156010000	0.169790000
1.156032000	0.159688000
1.156044000	0.157062000
1.156048000	0.157028000
1.156053000	0.152029000
1.158966000	0.154913000
1.168924000	0.156834000
1.173965000	0.161822000
1.175994000	0.163793000
1.176021000	0.163764000
1.176048000	0.163735000
1.176063000	0.163649000
1.176102000	0.163646000
1.183974000	0.169912000
1.184027000	0.167945000
1.185998000	0.169715000
1.186025000	0.167045000
1.186029000	0.166982000
1.186032000	0.166938000
1.186136000	0.166901000
1.188979000	0.164981000
1.189004000	0.164956000
1.193955000	0.167844000
1.193978000	0.167721000
1.196073000	0.169723000
1.196095000	0.169660000
1.196098000	0.169621000
1.196100000	0.167059000
1.196104000	0.162122000
1.198921000	0.164899000
1.198973000	0.164901000
1.203960000	0.169798000
1.203988000	0.167940000
1.204009000	0.167932000
1.206004000	0.169821000
1.206026000	0.169761000
1.206030000	0.169655000
1.206032000	0.169561000
1.206059000	0.167091000
1.208964000	0.169955000
1.208987000	0.169925000
1.212016000	0.167986000
1.212037000	0.167796000
1.214015000	0.168008000
1.214041000	0.167989000
1.215986000	0.169849000
1.219014000	0.166848000
1.224020000	0.170019000
1.224047000	0.167933000
1.226190000	0.170000000
1.226222000	0.169866000
1.226234000	0.169834000
1.229020000	0.172568000
1.229055000	0.172549000
1.233970000	0.177412000
1.234001000	0.177387000
1.235963000	0.176977000
1.235994000	0.176967000
1.236119000	0.172125000
1.236133000	0.172035000
1.236138000	0.170157000
1.238966000	0.172949000
1.238990000	0.172919000
1.239018000	0.172895000
1.242017000	0.175841000
1.242054000	0.175825000
1.242059000	0.175776000
1.242063000	0.175676000
1.246024000	0.177025000
1.246061000	0.176906000
1.246068000	0.176811000
1.246072000	0.171647000
1.246083000	0.170031000
1.248977000	0.172450000
1.249011000	0.172446000
1.253976000	0.177231000
1.254010000	0.177118000
1.255957000	0.179012000
1.255978000	0.178980000
1.255985000	0.178882000
1.256062000	0.177080000
1.256072000	0.177050000
1.258916000	0.174691000
1.258936000	0.172923000
1.264003000	0.177948000
1.264033000	0.177831000
1.264039000	0.177746000
1.266043000	0.179706000
1.266075000	0.179685000
1.266080000	0.177064000
1.266084000	0.177017000
1.266088000	0.176980000
1.268970000	0.174975000
1.269003000	0.172988000
1.271956000	0.175900000
1.273962000	0.177852000
1.273995000	0.177833000
1.276053000	0.179831000
1.276116000	0.177143000
1.276207000	0.177193000
1.276236000	0.177168000
1.276240000	0.172240000
1.276252000	0.172016000
1.278975000	0.174656000
1.279005000	0.172967000
1.281950000	0.175874000
1.283990000	0.177861000
1.284022000	0.177844000
1.286018000	0.179737000
1.286051000	0.179713000
1.286076000	0.179685000
1.286091000	0.179647000
1.286169000	0.179620000
1.286198000	0.177259000
1.288938000	0.179875000
1.288960000	0.179818000
1.291973000	0.177994000
1.292014000	0.175929000
1.292026000	0.175836000
1.293972000	0.177700000
1.294003000	0.177684000
1.295943000	0.179450000
1.296037000	0.172015000
1.304035000	0.179895000
1.304067000	0.179854000
1.306068000	0.180030000
1.306101000	0.180029000
1.306106000	0.179986000
1.306109000	0.179937000
1.306113000	0.179887000
1.308979000	0.182661000
1.309003000	0.179876000
1.313965000	0.184799000
1.314005000	0.180006000
1.315964000	0.181858000
1.316018000	0.181836000
1.316038000	0.181804000
1.316130000	0.180082000
1.316150000	0.180065000
1.316190000	0.180050000
1.317014000	0.180771000
1.317042000	0.180745000
1.317067000	0.180717000
1.317083000	0.178092000
1.318935000	0.179904000
1.318957000	0.174951000
1.322049000	0.177963000
1.322081000	0.176080000
1.322086000	0.176047000
1.322096000	0.175948000
1.322102000	0.175852000
1.324000000	0.177698000
1.324021000	0.177668000
1.325981000	0.179576000
1.329047000	0.175007000
1.329082000	0.172791000
1.334013000	0.177637000
1.334039000	0.177624000
1.336006000	0.179486000
1.336049000	0.179477000
1.357245000	0.171005000
1.357287000	0.171044000
1.358971000	0.172675000
1.359076000	0.170078000
1.363970000	0.174894000
1.364125000	0.170153000
1.366047000	0.171999000
1.366079000	0.171942000
1.366087000	0.171868000
1.366091000	0.169999000
1.366095000	0.169840000
1.368963000	0.172678000
1.368984000	0.172593000
1.369060000	0.170129000
1.372032000	0.173055000
1.372063000	0.168083000
1.372069000	0.168055000
1.373950000	0.169883000
1.376020000	0.156845000
1.378953000	0.159718000
1.378976000	0.159641000
1.384013000	0.164624000
1.384046000	0.164493000
1.388989000	0.169381000
1.389021000	0.164893000
1.394024000	0.167773000
1.394068000	0.167719000
1.395990000	0.169560000
1.396022000	0.166972000
1.396039000	0.162047000
1.396053000	0.162023000
1.396057000	0.161919000
1.398943000	0.162926000
1.398994000	0.162924000
1.401991000	0.165861000
1.402022000	0.165794000
1.402039000	0.165755000
1.402043000	0.165655000
1.402048000	0.163067000
1.402072000	0.163046000
1.402119000	0.163042000
1.403982000	0.161933000
1.404012000	0.161880000
1.406048000	0.163865000
1.406081000	0.163845000
1.406090000	0.159355000
1.406096000	0.158834000
1.406101000	0.158767000
1.406104000	0.158734000
1.408962000	0.161538000
1.408996000	0.161436000
1.414000000	0.164994000
1.414033000	0.160032000
1.415974000	0.161933000
1.416000000	0.161861000
1.416008000	0.161776000
1.416012000	0.161688000
1.416079000	0.160107000
1.418936000	0.162869000
1.418988000	0.162869000
1.419001000	0.162828000
1.421957000	0.165727000
1.421974000	0.163041000
1.422053000	0.163079000
1.431983000	0.167959000
1.432024000	0.167968000
1.432030000	0.167921000
1.432034000	0.167823000
1.432038000	0.165973000
1.432042000	0.165936000
1.432169000	0.165935000
1.432200000	0.165848000
1.432205000	0.165734000
1.432209000	0.163211000
1.432212000	0.163168000
1.432216000	0.160233000
1.432220000	0.158230000
1.432223000	0.158197000
1.432326000	0.156202000
1.432362000	0.156136000
1.432367000	0.156104000
1.432372000	0.156011000
1.432376000	0.155897000
1.432381000	0.155784000
1.432485000	0.155771000
1.432516000	0.153520000
1.433939000	0.154904000
1.433956000	0.151984000
1.435964000	0.151951000
1.435988000	0.151938000
1.436016000	0.149974000
1.436029000	0.149944000
1.436068000	0.149879000
1.437044000	0.150819000
1.437064000	0.150736000
1.437096000	0.150728000
1.437108000	0.150686000
1.437112000	0.150636000
1.437115000	0.150583000
1.437148000	0.148192000
1.444020000	0.151914000
1.444061000	0.150029000
1.445958000	0.151848000
1.445996000	0.149932000
1.446003000	0.149896000
1.446023000	0.149820000
1.446037000	0.149790000
1.448999000	0.152695000
1.449032000	0.152674000
1.451973000	0.155560000
1.454014000	0.147566000
1.454062000	0.145066000
1.455960000	0.146927000
1.455987000	0.141996000
1.456023000	0.141994000
1.456041000	0.141956000
1.456116000	0.140132000
1.458940000	0.142859000
1.458976000	0.142772000
1.464008000	0.147760000
1.464046000	0.147734000
1.465998000	0.149638000
1.466028000	0.148991000
1.466036000	0.148956000
1.466108000	0.148976000
1.466120000	0.148939000
1.466160000	0.147206000
1.468986000	0.149988000
1.469023000	0.146906000
1.471999000	0.149784000
1.472032000	0.149725000
1.472043000	0.149643000
1.472053000	0.149590000
1.472068000	0.149530000
1.472123000	0.148065000
1.472146000	0.142929000
1.473951000	0.144467000
1.473983000	0.144458000
1.475971000	0.146389000
1.475998000	0.141924000
1.476006000	0.141882000
1.476010000	0.141832000
1.476142000	0.140099000
1.479052000	0.142751000
1.479083000	0.142657000
1.495982000	0.138628000
1.499000000	0.141587000
1.504029000	0.146513000
1.506062000	0.148496000
1.512225000	0.154497000
1.512250000	0.154473000
1.517067000	0.158925000
1.517144000	0.158947000
1.527029000	0.168781000
1.527095000	0.168795000
1.527103000	0.168747000
1.527107000	0.168701000
1.527120000	0.163126000
1.527172000	0.163025000
1.527185000	0.161110000
1.527467000	0.161354000
1.527500000	0.161258000
1.527505000	0.161061000
1.527513000	0.161033000
1.527517000	0.158540000
1.527521000	0.158441000
1.529061000	0.159948000
1.529093000	0.159924000
1.533972000	0.161913000
1.534001000	0.161854000
1.535992000	0.162032000
1.536035000	0.161974000
1.536044000	0.159978000
1.536052000	0.159846000
1.536126000	0.159717000
1.536152000	0.159662000
1.538952000	0.162405000
1.538986000	0.162386000
1.551997000	0.175343000
1.552029000	0.175267000
1.552038000	0.175222000
1.552042000	0.175068000
1.552048000	0.174859000
1.554067000	0.176824000
1.555985000	0.177014000
1.556006000	0.176996000
1.556085000	0.172048000
1.556119000	0.172064000
1.556125000	0.171951000
1.556131000	0.167119000
1.558969000	0.169934000
1.559010000	0.169956000
1.564103000	0.170042000
1.564139000	0.169929000
1.565946000	0.169918000
1.565981000	0.169934000
1.565995000	0.169851000
1.566009000	0.169856000
1.566046000	0.167064000
1.566060000	0.167050000
1.568974000	0.169959000
1.569005000	0.166855000
1.573974000	0.171183000
1.574007000	0.171171000
1.576055000	0.173209000
1.576088000	0.173197000
1.576105000	0.172103000
1.576118000	0.172097000
1.576199000	0.172155000
1.576230000	0.170154000
1.578968000	0.172846000
1.579003000	0.172786000
1.583986000	0.177761000
1.584023000	0.177708000
1.586014000	0.179611000
1.586046000	0.179634000
1.586054000	0.179552000
1.586058000	0.177036000
1.586063000	0.177035000
1.588949000	0.179872000
1.588966000	0.174942000
1.589003000	0.174941000
1.593958000	0.179888000
1.593988000	0.177998000
1.595984000	0.179979000
1.596009000	0.179977000
1.596014000	0.179930000
1.596018000	0.179928000
1.596087000	0.177137000
1.599054000	0.180061000
1.599087000	0.180043000
1.603985000	0.182020000
1.604016000	0.182045000
1.605993000	0.183917000
1.606027000	0.183906000
1.606033000	0.174017000
1.606037000	0.173980000
1.608973000	0.176785000
1.609004000	0.176808000
1.614001000	0.181643000
1.614034000	0.181635000
1.615993000	0.183489000
1.616022000	0.183510000
1.616027000	0.183481000
1.616031000	0.183436000
1.616093000	0.183493000
1.618997000	0.186344000
1.619030000	0.186328000
1.624153000	0.191446000
1.624184000	0.191426000
1.625967000	0.193153000
1.625999000	0.193134000
1.626016000	0.193097000
1.626031000	0.193061000
1.626034000	0.193058000
1.628955000	0.195929000
1.628981000	0.195904000
1.634026000	0.200944000
1.634060000	0.200110000
1.636023000	0.202026000
1.636055000	0.200071000
1.636061000	0.200037000
1.636065000	0.199993000
1.636169000	0.200091000
1.639052000	0.201995000
1.639081000	0.202012000
1.639087000	0.201984000
1.643988000	0.206833000
1.644019000	0.206816000
1.646008000	0.208800000
1.646042000	0.208784000
1.646048000	0.202000000
1.646052000	0.201995000
1.646169000	0.202067000
1.648944000	0.204803000
1.648974000	0.204826000
1.653960000	0.209758000
1.653994000	0.209747000
1.656071000	0.211819000
1.656103000	0.210112000
1.656109000	0.210077000
1.656113000	0.210041000
1.656117000	0.209996000
1.656121000	0.209994000
1.658972000	0.212796000
1.658994000	0.209967000
1.663995000	0.214930000
1.664026000	0.212028000
1.666004000	0.211950000
1.666035000	0.211898000
1.666041000	0.211791000
1.666046000	0.211669000
1.666050000	0.211555000
1.668930000	0.214300000
1.673996000	0.219302000
1.674021000	0.219320000
1.676018000	0.220035000
1.676050000	0.220015000
1.676056000	0.219915000
1.676061000	0.219878000
1.678963000	0.219999000
1.678994000	0.220022000
1.683951000	0.224942000
1.683990000	0.224933000
1.685992000	0.221959000
1.686023000	0.221969000
1.686030000	0.220007000
1.686037000	0.219976000
1.686051000	0.219984000
1.688953000	0.222835000
1.688985000	0.222813000
1.693980000	0.224970000
1.694018000	0.224969000
1.695997000	0.223976000
1.696031000	0.223991000
1.696048000	0.223969000
1.696073000	0.223939000
1.696162000	0.224020000
1.698982000	0.226793000
1.699022000	0.226782000
1.699032000	0.226784000
1.703947000	0.231645000
1.703971000	0.231615000
1.705971000	0.233565000
1.706024000	0.233564000
1.706078000	0.232103000
1.706134000	0.232124000
1.706145000	0.232128000
1.708938000	0.232947000
1.708960000	0.232936000
1.714022000	0.237992000
1.714054000	0.237885000
1.715970000	0.239727000
1.715998000	0.239640000
1.716003000	0.236931000
1.716124000	0.237045000
1.716135000	0.237023000
1.716139000	0.236977000
1.759067000	0.263072000
1.759966000	0.263964000
1.764080000	0.268027000
1.766013000	0.266987000
1.766060000	0.262023000
1.766067000	0.262024000
1.769037000	0.262964000
1.769068000	0.262990000
1.774000000	0.261758000
1.775973000	0.263688000
1.786129000	0.273789000
1.792347000	0.275261000
1.792373000	0.275084000
1.795972000	0.278626000
1.796002000	0.278651000
1.807152000	0.280095000
1.807181000	0.280051000
1.807187000	0.280007000
1.807191000	0.279868000
1.808954000	0.281625000
1.813987000	0.286608000
1.814025000	0.286532000
1.827013000	0.297783000
1.827057000	0.297639000
1.827070000	0.297564000
1.827079000	0.293085000
1.863931000	0.327856000
1.866048000	0.329858000
1.866091000	0.329848000
1.866097000	0.327125000
1.866105000	0.314070000
1.866178000	0.314004000
1.866182000	0.313737000
1.868995000	0.314891000
1.869032000	0.312919000
1.871990000	0.312993000
1.872023000	0.312358000
1.872034000	0.312286000
1.872101000	0.307921000
1.872120000	0.306143000
1.872130000	0.306076000
1.872137000	0.305980000
1.873945000	0.304929000
1.873994000	0.304907000
1.875962000	0.301962000
1.875988000	0.301951000
1.876012000	0.299918000
1.876023000	0.299805000
1.876065000	0.299839000
1.876974000	0.297985000
1.878937000	0.294909000
1.878973000	0.292937000
1.883985000	0.297703000
1.884021000	0.290042000
1.895980000	0.301968000
1.896019000	0.299924000
1.898931000	0.302684000
1.898959000	0.299796000
1.903954000	0.297938000
1.903995000	0.297757000
1.906012000	0.296965000
1.908987000	0.294963000
1.909011000	0.294841000
1.916005000	0.299853000
1.918940000	0.294765000
1.918964000	0.292889000
1.923981000	0.297751000
1.923996000	0.297713000
1.925994000	0.297017000
1.926011000	0.296999000
1.929017000	0.294962000
1.934007000	0.299915000
1.934024000	0.297974000
1.935965000	0.299882000
1.935986000	0.299793000
1.936018000	0.299783000
1.938935000	0.302602000
1.938949000	0.299872000
1.943920000	0.304811000
1.943972000	0.304810000
1.945974000	0.301959000
1.945986000	0.301892000
1.946084000	0.300051000
1.946113000	0.299994000
1.946116000	0.299937000
1.948977000	0.302749000
1.948991000	0.300022000
1.953980000	0.304980000
1.953997000	0.299983000
1.955978000	0.299879000
1.956000000	0.299860000
1.956031000	0.299791000
1.956040000	0.299711000
1.956084000	0.299668000
1.956093000	0.299508000
1.958927000	0.302301000
1.958941000	0.299917000
1.964033000	0.300011000
1.964057000	0.298031000
1.966020000	0.299955000
1.968954000	0.302533000
1.974013000	0.307549000
1.975965000	0.309450000
1.975982000	0.307033000
1.976015000	0.301915000
1.976025000	0.299979000
1.976102000	0.299972000
1.978977000	0.302794000
1.979016000	0.302780000
1.983955000	0.304966000
1.984038000	0.305018000
1.986020000	0.302036000
1.986051000	0.300038000
1.986055000	0.299993000
1.986058000	0.299892000
1.986064000	0.299843000
1.988972000	0.299999000
1.988989000	0.299968000
1.993970000	0.304896000
1.993991000	0.299979000
1.996032000	0.301985000
1.996046000	0.301947000
1.996049000	0.300023000
1.996052000	0.299985000
1.996135000	0.300022000
1.996142000	0.299965000
1.998997000	0.299987000
1.999029000	0.299977000
2.001928000	0.297965000
2.003972000	0.299972000
2.003989000	0.299937000
2.005943000	0.299912000
2.006034000	0.299950000
2.006049000	0.299907000
2.006052000	0.299855000
2.006054000	0.297097000
2.008964000	0.299827000
2.008980000	0.294930000
2.016030000	0.299956000
2.019014000	0.302884000
2.019032000	0.302853000
2.025052000	0.308768000
2.071990000	0.355703000
2.102247000	0.343161000
2.102265000	0.342270000
2.102353000	0.338245000
2.103940000	0.337900000
2.106013000	0.339915000
2.106057000	0.339864000
2.108971000	0.339907000
2.112195000	0.342985000
2.134083000	0.306483000
2.134130000	0.270126000
2.136025000	0.271921000
2.136036000	0.269836000
2.138967000	0.272080000
2.138976000	0.272048000
2.143981000	0.277008000
2.143999000	0.276188000
2.145961000	0.278098000
2.148930000	0.279567000
2.159003000	0.285995000
2.169003000	0.295035000
2.169022000	0.295017000
2.174005000	0.299952000
2.174023000	0.297851000
2.175992000	0.297024000
2.442779000	0.266763000
2.442960000	0.266909000
2.442963000	0.263997000
2.442966000	0.260967000
2.442967000	0.260960000
2.442971000	0.260925000
2.442973000	0.260875000
2.442975000	0.260822000
2.442976000	0.260817000
2.442978000	0.260770000
2.442980000	0.260718000
2.443999000	0.261730000
2.444052000	0.261730000
2.445979000	0.263651000
2.445988000	0.263621000
2.446083000	0.263709000
2.446087000	0.260076000
2.449007000	0.251985000
2.449021000	0.251907000
2.453978000	0.256805000
2.453997000	0.256726000
2.456007000	0.258682000
2.456039000	0.258648000
2.456042000	0.249036000
2.456044000	0.249009000
2.456047000	0.248912000
2.458926000	0.251682000
2.458946000	0.251642000
2.463917000	0.256509000
2.463967000	0.246805000
2.465983000	0.248742000
2.466005000	0.248710000
2.466088000	0.244056000
2.466098000	0.243905000
2.466104000	0.240118000
2.468968000	0.242885000
2.469007000	0.240015000
2.473958000	0.241815000
2.473976000	0.241686000
2.475962000	0.243581000
2.475976000	0.243518000
2.476013000	0.239999000
2.476022000	0.239969000
2.476065000	0.239039000
2.478945000	0.241866000
2.478965000	0.240004000
2.478996000	0.236947000
2.483975000	0.241837000
2.483993000	0.241778000
2.486004000	0.239995000
2.493989000	0.241795000
2.494014000	0.237000000
2.495963000	0.233762000
2.495978000	0.233754000
2.496015000	0.233682000
2.496021000	0.229919000
2.496067000	0.229926000
2.498980000	0.231932000
2.499000000	0.231853000
2.503973000	0.235001000
2.503990000	0.231753000
2.504023000	0.230059000
2.506023000	0.232026000
2.506041000	0.231990000
2.506044000	0.230030000
2.506046000	0.229075000
2.506108000	0.227076000
2.508989000	0.226971000
2.509006000	0.226824000
2.513984000	0.230007000
2.514004000	0.224909000
2.516022000	0.223963000
2.516039000	0.223932000
2.516043000	0.223823000
2.516045000	0.222074000
2.516047000	0.221992000
2.518977000	0.222959000
2.519000000	0.221889000
2.523946000	0.226801000
2.523998000	0.217972000
2.524009000	0.217951000
2.525964000	0.216970000
2.526052000	0.213943000
2.526072000	0.213848000
2.526076000	0.213817000
2.526080000	0.213639000
2.528960000	0.216477000
2.529042000	0.216488000
2.536013000	0.223412000
2.558948000	0.166750000
2.558976000	0.166665000
2.563955000	0.171614000
2.563973000	0.171509000
2.566062000	0.173565000
2.566079000	0.173434000
2.566082000	0.164057000
2.566084000	0.163911000
2.566087000	0.163760000
2.568965000	0.166575000
2.568972000	0.166579000
2.569023000	0.166480000
2.573981000	0.171349000
2.573998000	0.171298000
2.575977000	0.163995000
2.575993000	0.163967000
2.576028000	0.163886000
2.576036000	0.163857000
2.576079000	0.153980000
2.579013000	0.156849000
2.579030000	0.152009000
2.583940000	0.156794000
2.583956000	0.156761000
2.586075000	0.158769000
2.586092000	0.154057000
2.588954000	0.156850000
2.588974000	0.156688000
2.593996000	0.161405000
2.594017000	0.161353000
2.595965000	0.158874000
2.595986000	0.158672000
2.596018000	0.153955000
2.603938000	0.160093000
2.603971000	0.160075000
2.605999000	0.161996000
2.606020000	0.161966000
2.606038000	0.161932000
2.606040000	0.161881000
2.608924000	0.164713000
2.614024000	0.164734000
2.614047000	0.164656000
2.615969000	0.161977000
2.615985000	0.161920000
2.616020000	0.159987000
2.616072000	0.159994000
2.616078000	0.159893000
2.628954000	0.172585000
2.628977000	0.165003000
2.633965000	0.169787000
2.633989000	0.167789000
2.636025000	0.167023000
2.636044000	0.162073000
2.636052000	0.159981000
2.636075000	0.159953000
2.636127000	0.159950000
2.638941000	0.159983000
2.638980000	0.159979000
2.643942000	0.164892000
2.643959000	0.159968000
2.643997000	0.157977000
2.646223000	0.152211000
2.646241000	0.152075000
2.646244000	0.152011000
2.646246000	0.151940000
2.646248000	0.151838000
2.646915000	0.152452000
2.648964000	0.154447000
2.648982000	0.154412000
2.652020000	0.157398000
2.652053000	0.157327000
2.652057000	0.156039000
2.652059000	0.155937000
2.652062000	0.155887000
2.652193000	0.155966000
2.653978000	0.157698000
2.654029000	0.157696000
2.656006000	0.156970000
2.656020000	0.156932000
2.659013000	0.152892000
2.659049000	0.152734000
2.664065000	0.154984000
2.664082000	0.150084000
2.666181000	0.152080000
2.666194000	0.151990000
2.666262000	0.150155000
2.666279000	0.150082000
2.666281000	0.150042000
2.668915000	0.152624000
2.676003000	0.157008000
2.676021000	0.156992000
2.676024000	0.152064000
2.676028000	0.152023000
2.676084000	0.152029000
2.678956000	0.152980000
2.678973000	0.152908000
2.684047000	0.157941000
2.684065000	0.157906000
2.685980000	0.159769000
2.685997000	0.157030000
2.686067000	0.157014000
2.686083000	0.156990000
2.686085000	0.150060000
2.688978000	0.130005000
2.688994000	0.129990000
2.692042000	0.132960000
2.692060000	0.132927000
2.692063000	0.132878000
2.692065000	0.132823000
2.692129000	0.132837000
2.692144000	0.132799000
2.692147000	0.132749000
2.692149000	0.132699000
2.692297000	0.132794000
2.692312000	0.132756000
2.692314000	0.132653000
2.692317000	0.132604000
2.693968000	0.130001000
2.693987000	0.129946000
2.696026000	0.129950000
2.696043000	0.129900000
2.696046000	0.129816000
2.696048000	0.129716000
2.696115000	0.129729000
2.699054000	0.130085000
2.699069000	0.130037000
2.704013000	0.134935000
2.704034000	0.130041000
2.705964000	0.131890000
2.705980000	0.131822000
2.706015000	0.129982000
2.706022000	0.129939000
2.706066000	0.129933000
2.708937000	0.132752000
2.708954000	0.132717000
2.711954000	0.132929000
2.711971000	0.132903000
2.712005000	0.128054000
2.712010000	0.128015000
2.713932000	0.127843000
2.714012000	0.127822000
2.716005000	0.126997000
2.716040000	0.126977000
2.716043000	0.122031000
2.716045000	0.121959000
2.716160000	0.121990000
2.718959000	0.124705000
2.718979000	0.124680000
2.719010000	0.124658000
2.721932000	0.125949000
2.723948000	0.127921000
2.723965000	0.127837000
2.725979000	0.129800000
2.725999000	0.122034000
2.728977000	0.124937000
2.728997000	0.124905000
2.733959000	0.129813000
2.738981000	0.134680000
2.743976000	0.139621000
2.743995000	0.139531000
2.746116000	0.141604000
2.746138000	0.141573000
2.746168000	0.141550000
2.746222000	0.141552000
2.746231000	0.141508000
2.748951000	0.142847000
2.748989000	0.142832000
2.751956000	0.145746000
2.751971000	0.143036000
2.752010000	0.137968000
2.752021000	0.137909000
2.753976000	0.139776000
2.753995000	0.139624000
2.756051000	0.141555000
2.756088000	0.141526000
2.756092000	0.141479000
2.756097000	0.141431000
2.756099000	0.141380000
2.758959000	0.144186000
2.759009000	0.143027000
2.763988000	0.147964000
2.764006000	0.147879000
2.764010000	0.147831000
2.766011000	0.137039000
2.766029000	0.136982000
2.766032000	0.136904000
2.766035000	0.136823000
2.766037000	0.136741000
2.768961000	0.139581000
2.768976000	0.134990000
2.773975000	0.139951000
2.773996000	0.139867000
2.776030000	0.141800000
2.776048000	0.141688000
2.776052000	0.141589000
2.776055000	0.141540000
2.776114000	0.140036000
2.776130000	0.139997000
2.778976000	0.142564000
2.778995000	0.142498000
2.783964000	0.147415000
2.783988000	0.147385000
2.786012000	0.149305000
2.786034000	0.149272000
2.786038000	0.149224000
2.786040000	0.147047000
2.786062000	0.142109000
2.786114000	0.142108000
2.789080000	0.145030000
2.789098000	0.144994000
2.794023000	0.149818000
2.794041000	0.147806000
2.795992000	0.149677000
2.796008000	0.149609000
2.796039000	0.149594000
2.796046000	0.149548000
2.796091000	0.149541000
2.798993000	0.152071000
2.799010000	0.150034000
2.799013000	0.149958000
2.801957000	0.152815000
2.803959000	0.151909000
2.803997000	0.151923000
2.806045000	0.153838000
2.806077000	0.153774000
2.806082000	0.153681000
2.809029000	0.156531000
2.809061000	0.156522000
2.814096000	0.160108000
2.814129000	0.160095000
2.816030000	0.160011000
2.816062000	0.160001000
2.816068000	0.157021000
2.819068000	0.159943000
2.819100000	0.159922000
2.826070000	0.166783000
2.826101000	0.166711000
2.826106000	0.166663000
2.826110000	0.162031000
2.826114000	0.161939000
2.828948000	0.164720000
2.828981000	0.162789000
2.833991000	0.167715000
2.834033000	0.167653000
2.836060000	0.169636000
2.836092000	0.169616000
2.836098000	0.169569000
2.836102000	0.169520000
2.836106000	0.167180000
2.836210000	0.160191000
2.838975000	0.162878000
2.839006000	0.162835000
2.841971000	0.165646000
2.842004000	0.165598000
2.842009000	0.163038000
2.843977000	0.164967000
2.844007000	0.159945000
2.846158000	0.162000000
2.846192000	0.160197000
2.846432000	0.160351000
2.846464000	0.160301000
2.879025000	0.192778000
2.879066000	0.190077000
2.884062000	0.194996000
2.884096000	0.194982000
2.886026000	0.193807000
2.886060000	0.193753000
2.886064000	0.193678000
2.886068000	0.193596000
2.886072000	0.193528000
2.889016000	0.196421000
2.889048000	0.196297000
2.891990000	0.199187000
2.892022000	0.199165000
2.892030000	0.198046000
2.892036000	0.195998000
2.892109000	0.195984000
2.892128000	0.195927000
2.892133000	0.195847000
2.892139000	0.195768000
2.892223000	0.195804000
2.892440000	0.188409000
2.892463000	0.186393000
2.892474000	0.186301000
2.892485000	0.183533000
2.892491000	0.180484000
2.892498000	0.180485000
2.893931000	0.181865000
2.893952000	0.180010000
2.895958000	0.182011000
2.896011000	0.179978000
2.896068000	0.180031000
2.896078000	0.180021000
2.896082000	0.179893000
2.896119000	0.179833000
2.897000000	0.178028000
2.897011000	0.178028000
2.897107000	0.178088000
2.897118000	0.175174000
2.897122000	0.173159000
2.897126000	0.173124000
2.897215000	0.171223000
2.897225000	0.171221000
2.897229000	0.171190000
2.898971000	0.169978000
2.898988000	0.169916000
2.901947000	0.172870000
2.901960000	0.155679000
2.903984000	0.157651000
2.904012000	0.155025000
2.904036000	0.155031000
2.906188000	0.157132000
2.906217000	0.154252000
2.906223000	0.154204000
2.906228000	0.152240000
2.906241000	0.152205000
2.909050000	0.154961000
2.909073000	0.152993000
2.912071000	0.155963000
2.912103000	0.155916000
2.912109000	0.155871000
2.912119000	0.155828000
2.912122000	0.155779000
2.914015000	0.155042000
2.914055000	0.155040000
2.915966000	0.151962000
2.916015000	0.151937000
2.916033000	0.151872000
2.916071000	0.150048000
2.916091000	0.149988000
2.916966000	0.150775000
2.916995000	0.150760000
2.917002000	0.150714000
2.918991000	0.150017000
2.919019000	0.150002000
2.921988000	0.147999000
2.922021000	0.147936000
2.922028000	0.145480000
2.925989000	0.146997000
2.926019000	0.146985000
2.926025000	0.146940000
2.926029000	0.142046000
2.928990000	0.144971000
2.929022000	0.144952000
2.934070000	0.148039000
2.934109000	0.148042000
2.935974000	0.149854000
2.936004000	0.149783000
2.936011000	0.149739000
2.936120000	0.149795000
2.936149000	0.149772000
2.938980000	0.149884000
2.939011000	0.149804000
2.941987000	0.147949000
2.942019000	0.147897000
2.942024000	0.146018000
2.942028000	0.145983000
2.942031000	0.145935000
2.942130000	0.145933000
2.942160000	0.143115000
2.943981000	0.144831000
2.946022000	0.144022000
2.946053000	0.142063000
2.946058000	0.142033000
2.946063000	0.139991000
2.946157000	0.140040000
2.949015000	0.142802000
2.949046000	0.139990000
2.954017000	0.144925000
2.954054000	0.139930000
2.956025000	0.141865000
2.956057000	0.141797000
2.956062000	0.140005000
2.956067000	0.139980000
2.956070000	0.139882000
2.956196000	0.137106000
2.958986000	0.132895000
2.959017000	0.132888000
2.961994000	0.135766000
2.962027000	0.135710000
2.962032000	0.135628000
2.962044000	0.135551000
2.962054000	0.135494000
2.962137000	0.135526000
2.962166000	0.135499000
2.963966000	0.134991000
2.963981000	0.134969000
2.966026000	0.132001000
2.966065000	0.131993000
2.966070000	0.129950000
2.966078000	0.129849000
2.966144000	0.129871000
2.969020000	0.132560000
2.969056000	0.130054000
2.971940000	0.132906000
2.971979000	0.129979000
2.971992000	0.129870000
2.972009000	0.128012000
2.973991000	0.129961000
2.974022000	0.127787000
2.975960000	0.129506000
2.975987000	0.129487000
2.975997000	0.096935000
2.976006000	0.096912000
2.976269000	0.092183000
2.978956000	0.094830000
2.978987000	0.092937000
2.978995000	0.092907000
2.981966000	0.095824000
2.982010000	0.095574000
2.982020000	0.095534000
2.982036000	0.095445000
2.983977000	0.094865000
2.984013000	0.091996000
2.986045000	0.093985000
2.992038000	0.099752000
2.992063000	0.099715000
2.992070000	0.099677000
2.993976000	0.101517000
2.994008000	0.100019000
2.994018000	0.099925000
2.995971000	0.101825000
2.996030000	0.101826000
2.996054000	0.101746000
2.996061000	0.101645000
2.996068000	0.101598000
2.998992000	0.104469000
2.999010000	0.104433000
3.004007000	0.109158000
3.004047000	0.107974000
3.006000000	0.109771000
3.006033000	0.109024000
3.006041000	0.108818000
3.006050000	0.108775000
3.013978000	0.116650000
3.014011000	0.116524000
3.015972000	0.116991000
3.016026000	0.116999000
3.016045000	0.114091000
3.016056000	0.113996000
3.016078000	0.113931000
3.018954000	0.116742000
3.018989000	0.116680000
3.023985000	0.121635000
3.024025000	0.121621000
3.026096000	0.123638000
3.026128000	0.123616000
3.026137000	0.123566000
3.026143000	0.123519000
3.026146000	0.123468000
3.026150000	0.123417000
3.026979000	0.122975000
3.027009000	0.122968000
3.027017000	0.122925000
3.029094000	0.122886000
3.029126000	0.122881000
3.032083000	0.125740000
3.032116000	0.125707000
3.032125000	0.125642000
3.032129000	0.125595000
3.032133000	0.125545000
3.032136000	0.125494000
3.032241000	0.123172000
3.032272000	0.123163000
3.032276000	0.120178000
3.032280000	0.120140000
3.032284000	0.120036000
3.032288000	0.120010000
3.034071000	0.121739000
3.034101000	0.120053000
3.034108000	0.120026000
3.036008000	0.120010000
3.036029000	0.119999000
3.036061000	0.119974000
3.036075000	0.119937000
3.036114000	0.119921000
3.036978000	0.119987000
3.036996000	0.119972000
3.037075000	0.119994000
3.038991000	0.121855000
3.039043000	0.119997000
3.041998000	0.119987000
3.042030000	0.119974000
3.042039000	0.119790000
3.042044000	0.119705000
3.044013000	0.121504000
3.044049000	0.121505000
3.046016000	0.123418000
3.046054000	0.123402000
3.046067000	0.123359000
3.046074000	0.120064000
3.046091000	0.120047000
3.048970000	0.122874000
3.049003000	0.122856000
3.052037000	0.123024000
3.052100000	0.123046000
3.052192000	0.118023000
3.052227000	0.116233000
3.052235000	0.116206000
3.054037000	0.117861000
3.054072000	0.117792000
3.056035000	0.117028000
3.056078000	0.117040000
3.056083000	0.114068000
3.056087000	0.113932000
3.056091000	0.113909000
3.058983000	0.116699000
3.059021000	0.116646000
3.064036000	0.121574000
3.064071000	0.121570000
3.066336000	0.123782000
3.066375000	0.122370000
3.066386000	0.122293000
3.066391000	0.120301000
3.066398000	0.120230000
3.066404000	0.120165000
3.066963000	0.117926000
3.066990000	0.117916000
3.066995000	0.112954000
3.067069000	0.112979000
3.069019000	0.112967000
3.069054000	0.112839000
3.069068000	0.112778000
3.071936000	0.115527000
3.071984000	0.112971000
3.072008000	0.112909000
3.072041000	0.109993000
3.074012000	0.111820000
3.074048000	0.111750000
3.076078000	0.113723000
3.076102000	0.112127000
3.076263000	0.112240000
3.076293000	0.110233000
3.076302000	0.110201000
3.076307000	0.110199000
3.078973000	0.112820000
3.079025000	0.112827000
3.081975000	0.112931000
3.082003000	0.112951000
3.082015000	0.112914000
3.084021000	0.114827000
3.084053000	0.112065000
3.086029000	0.114008000
3.086061000	0.113987000
3.086069000	0.113946000
3.086073000	0.112055000
3.086077000	0.112020000
3.089024000	0.114895000
3.089055000	0.113073000
3.093984000	0.117705000
3.094015000	0.117730000
3.096120000	0.119626000
3.096156000	0.119654000
3.096160000	0.117177000
3.096164000	0.117154000
3.096168000	0.117152000
3.096172000	0.114172000
3.098957000	0.116910000
3.099007000	0.116911000
3.102032000	0.119928000
3.102046000	0.118048000
3.102055000	0.118009000
3.102061000	0.117961000
3.102124000	0.118016000
3.102366000	0.116306000
3.106105000	0.114048000
3.106140000	0.114040000
3.106149000	0.113946000
3.108987000	0.116776000
3.109038000	0.115034000
3.113997000	0.119960000
3.114033000	0.119906000
3.116008000	0.121872000
3.116038000	0.120034000
3.116046000	0.119999000
3.116050000	0.119949000
3.116071000	0.119917000
3.119053000	0.120046000
3.119095000	0.120049000
3.122001000	0.117961000
3.122036000	0.117956000
3.122040000	0.115868000
3.122059000	0.115874000
3.123959000	0.117730000
3.123984000	0.117703000
3.125950000	0.119662000
3.126045000	0.119711000
3.126076000	0.112075000
3.126086000	0.112068000
3.126091000	0.112044000
3.129033000	0.114891000
3.129065000	0.113060000
3.129074000	0.113033000
3.134005000	0.117919000
3.134022000	0.117929000
3.136071000	0.119932000
3.136089000	0.112077000
3.136095000	0.112061000
3.136100000	0.109977000
3.136122000	0.109958000
3.138965000	0.112692000
3.138984000	0.112670000
3.143958000	0.116958000
3.143975000	0.116960000
3.146004000	0.118969000
3.146021000	0.116905000
3.146026000	0.116868000
3.146152000	0.114041000
3.146168000	0.114017000
3.146245000	0.113980000
3.146994000	0.112904000
3.147011000	0.112913000
3.147016000	0.112846000
3.147020000	0.112758000
3.148998000	0.114626000
3.149019000	0.114638000
3.149024000	0.114609000
3.151968000	0.117503000
3.151985000	0.117514000
3.151990000	0.117468000
3.151995000	0.115969000
3.154008000	0.117942000
3.154028000	0.117956000
3.155994000	0.119872000
3.156009000	0.119838000
3.156013000	0.119021000
3.156018000	0.118923000
3.156133000	0.119030000
3.158990000	0.119972000
3.159006000	0.119950000
3.172011000	0.129986000
3.172032000	0.129972000
3.172039000	0.129973000
3.172045000	0.129881000
3.172116000	0.129868000
3.172126000	0.128090000
3.172173000	0.128129000
3.172180000	0.128087000
3.172231000	0.126182000
3.172239000	0.126141000
3.172245000	0.126139000
3.172251000	0.126094000
3.172288000	0.126082000
3.172296000	0.123304000
3.172343000	0.123335000
3.172351000	0.120292000
3.172397000	0.120288000
3.172404000	0.120182000
3.172453000	0.120198000
3.172461000	0.120110000
3.172508000	0.118444000
3.172519000	0.118408000
3.173982000	0.119865000
3.173993000	0.117927000
3.175981000	0.119820000
3.175989000	0.119773000
3.176074000	0.117045000
3.176091000	0.112033000
3.176170000	0.109801000
3.176191000	0.109767000
3.179009000	0.112458000
3.179027000	0.112356000
3.188981000	0.119939000
3.189003000	0.117034000
3.193973000	0.121922000
3.193990000	0.121881000
3.195993000	0.121949000
3.196006000	0.121914000
3.196042000	0.121875000
3.196046000	0.119950000
3.196095000	0.119796000
3.198975000	0.122648000
3.198992000	0.122556000
3.203948000	0.124955000
3.203999000	0.124965000
3.205976000	0.123965000
3.205996000	0.123959000
3.206002000	0.121959000
3.206089000	0.122024000
3.206097000	0.122015000
3.206103000	0.120047000
3.209012000	0.122913000
3.209029000	0.122924000
3.211985000	0.125773000
3.212002000	0.125700000
3.212009000	0.122958000
3.213961000	0.119956000
3.216078000	0.122058000
3.216094000	0.119950000
3.216099000	0.119947000
3.216103000	0.119809000
3.216140000	0.117161000
3.228983000	0.129966000
3.232150000	0.130107000
3.232166000	0.130090000
3.232173000	0.130084000
3.232177000	0.130043000
3.232182000	0.129999000
3.232204000	0.129973000
3.232296000	0.129919000
3.242047000	0.135911000
3.243998000	0.137833000
3.244088000	0.137872000
3.246020000	0.137013000
3.246037000	0.136989000
3.246041000	0.136947000
3.246074000	0.132049000
3.246150000	0.132088000
3.246156000	0.130127000
3.249031000	0.132988000
3.249051000	0.132971000
3.251988000	0.135868000
3.252005000	0.135836000
3.252009000	0.135835000
3.253986000	0.134895000
3.254032000	0.134907000
3.256036000	0.136862000
3.256052000	0.134024000
3.256057000	0.133983000
3.256061000	0.133981000
3.256109000	0.133932000
3.264012000	0.141706000
3.264029000	0.141670000
3.265981000	0.143355000
3.274004000	0.151327000
3.274021000	0.150041000
3.276007000	0.151993000
3.276024000	0.150066000
3.279060000	0.152988000
3.279077000	0.152972000
3.283999000	0.157888000
3.284016000	0.154960000
3.286002000	0.156931000
3.286019000	0.156923000
3.356063000	0.069908000
