14.279810000	0.032936000
14.319841000	0.034677000
14.319873000	0.034702000
14.324759000	0.039526000
14.324780000	0.039541000
14.327846000	0.042511000
14.327872000	0.042533000
14.327876000	0.042459000
14.327883000	0.042462000
14.327933000	0.042459000
14.327944000	0.042468000
14.349788000	0.029923000
14.349838000	0.029968000
14.354767000	0.034833000
14.354799000	0.034863000
14.355739000	0.030966000
14.355793000	0.031016000
14.355808000	0.030995000
14.355847000	0.031031000
14.369753000	0.041889000
14.369781000	0.041912000
14.374741000	0.046801000
14.374766000	0.046824000
14.375845000	0.047769000
14.375870000	0.047790000
14.375895000	0.047715000
14.375910000	0.047726000
14.375948000	0.047665000
14.377947000	0.049660000
14.377970000	0.049585000
14.377975000	0.049586000
14.379730000	0.029900000
14.379760000	0.029926000
14.384817000	0.034949000
14.384859000	0.034989000
14.389777000	0.034987000
14.389805000	0.035010000
14.392840000	0.037972000
14.392882000	0.038010000
14.394768000	0.039011000
14.394795000	0.039034000
14.395778000	0.039976000
14.395863000	0.040058000
14.395892000	0.040037000
14.395899000	0.040041000
14.395909000	0.040004000
14.396001000	0.040093000
14.399730000	0.029956000
14.399752000	0.029974000
14.404781000	0.034977000
14.404812000	0.035006000
14.405923000	0.031164000
14.405948000	0.031185000
14.405955000	0.031161000
14.405958000	0.031161000
14.405971000	0.030108000
14.409838000	0.033971000
14.409863000	0.033963000
14.414761000	0.038853000
14.414788000	0.038834000
14.414796000	0.038840000
14.415819000	0.039779000
14.415844000	0.039799000
14.415876000	0.039755000
14.415892000	0.039766000
14.415899000	0.037932000
14.417838000	0.039849000
14.419751000	0.041671000
14.419778000	0.040025000
14.422773000	0.042988000
14.422801000	0.037945000
14.422807000	0.037885000
14.424801000	0.034999000
14.424833000	0.034907000
14.424839000	0.031961000
14.425772000	0.032826000
14.425850000	0.031059000
14.425859000	0.030991000
14.434786000	0.038986000
14.434829000	0.038818000
14.435848000	0.039833000
14.435886000	0.039801000
14.435899000	0.039811000
14.435905000	0.039765000
14.435909000	0.039766000
14.439736000	0.043542000
14.439780000	0.043583000
14.444765000	0.045020000
14.444804000	0.045055000
14.445832000	0.046048000
14.445878000	0.046092000
14.445902000	0.041099000
14.445911000	0.041103000
14.445920000	0.041078000
14.445926000	0.041081000
14.447806000	0.041865000
14.447842000	0.041897000
14.447855000	0.041902000
14.447861000	0.041886000
14.447866000	0.041889000
14.447993000	0.042014000
14.448033000	0.042011000
14.448041000	0.042016000
14.448045000	0.042018000
14.448051000	0.041970000
14.448055000	0.038198000
14.448060000	0.038200000
14.448065000	0.038196000
14.448077000	0.038168000
14.449766000	0.034985000
14.449803000	0.035019000
14.449842000	0.035048000
14.452845000	0.038028000
14.452878000	0.038059000
14.452894000	0.038073000
14.452906000	0.037069000
14.454771000	0.038931000
14.454808000	0.038959000
14.455831000	0.039947000
14.455868000	0.039981000
14.455881000	0.039992000
14.455890000	0.039922000
14.455994000	0.040019000
14.456031000	0.040014000
14.457832000	0.041812000
14.457870000	0.041848000
14.459769000	0.041909000
14.459812000	0.041909000
14.464774000	0.045001000
14.464817000	0.044970000
14.465836000	0.045983000
14.465878000	0.045909000
14.465890000	0.043050000
14.465899000	0.042975000
14.465905000	0.042975000
14.465911000	0.042902000
14.469800000	0.044979000
14.469900000	0.045074000
14.472789000	0.047931000
14.472824000	0.047877000
14.472832000	0.047808000
14.472838000	0.046923000
14.472903000	0.046979000
14.472955000	0.046976000
14.474746000	0.048762000
14.474789000	0.039976000
14.474799000	0.039978000
14.475829000	0.040973000
14.475857000	0.040996000
14.475868000	0.040958000
14.475874000	0.039997000
14.475881000	0.040000000
14.479779000	0.043886000
14.479808000	0.043912000
14.482811000	0.046886000
14.482845000	0.046917000
14.482859000	0.046928000
14.482869000	0.046935000
14.482875000	0.046848000
14.484774000	0.048741000
14.484803000	0.045036000
14.485826000	0.046052000
14.485861000	0.046070000
14.485874000	0.046080000
14.485884000	0.041090000
14.485890000	0.041091000
14.487773000	0.042962000
14.487809000	0.042995000
14.487817000	0.041954000
14.487825000	0.041955000
14.487828000	0.041932000
14.487891000	0.041991000
14.487893000	0.041806000
14.487943000	0.041849000
14.487996000	0.041899000
14.487998000	0.041897000
14.488000000	0.041871000
14.488051000	0.041916000
14.488053000	0.041915000
14.488101000	0.041961000
14.488103000	0.040271000
14.488153000	0.040316000
14.488156000	0.040307000
14.488232000	0.040380000
14.488243000	0.040360000
14.489822000	0.041937000
14.489858000	0.041970000
14.489870000	0.041979000
14.494803000	0.046786000
14.494835000	0.046813000
14.495768000	0.047743000
14.495795000	0.047768000
14.495807000	0.047724000
14.495882000	0.047796000
14.495895000	0.047807000
14.497768000	0.049677000
14.497796000	0.049595000
14.497868000	0.049661000
14.497882000	0.049672000
14.497892000	0.049679000
14.499771000	0.051447000
14.499800000	0.051470000
14.502855000	0.054522000
14.502885000	0.054550000
14.502894000	0.054447000
14.502902000	0.054449000
14.503005000	0.054549000
14.503033000	0.054575000
14.503041000	0.053248000
14.503049000	0.053251000
14.503055000	0.053221000
14.503060000	0.053222000
14.503068000	0.053216000
14.503079000	0.053151000
14.503170000	0.050301000
14.503203000	0.050329000
14.503208000	0.050320000
14.503212000	0.050321000
14.503215000	0.050312000
14.503316000	0.050389000
14.503347000	0.050416000
14.503352000	0.050417000
14.503355000	0.048556000
14.503358000	0.048554000
14.503362000	0.048547000
14.503498000	0.048680000
14.503529000	0.047671000
14.503533000	0.047670000
14.503536000	0.047661000
14.503539000	0.047661000
14.503543000	0.047656000
14.503553000	0.047646000
14.503566000	0.047656000
14.503668000	0.047755000
14.503699000	0.047678000
14.503703000	0.047677000
14.503706000	0.047667000
14.503709000	0.047667000
14.503712000	0.047667000
14.503775000	0.047717000
14.503788000	0.045928000
14.503884000	0.046019000
14.503896000	0.046019000
14.503900000	0.046020000
14.503903000	0.044103000
14.504797000	0.044991000
14.504811000	0.044780000
14.505800000	0.045761000
14.505835000	0.041028000
14.505843000	0.041030000
14.505846000	0.041007000
14.505915000	0.041070000
14.509782000	0.043699000
14.509841000	0.043693000
14.509848000	0.043694000
14.514756000	0.048597000
14.514800000	0.048547000
14.515813000	0.049555000
14.515831000	0.049537000
14.515906000	0.046021000
14.515939000	0.046046000
14.515945000	0.046036000
14.519778000	0.049797000
14.519818000	0.047003000
14.522786000	0.049957000
14.522819000	0.049959000
14.522828000	0.049917000
14.522834000	0.049874000
14.524770000	0.051805000
14.524802000	0.051789000
14.525891000	0.052830000
14.525921000	0.052854000
14.525929000	0.051150000
14.525933000	0.051113000
14.525936000	0.051108000
14.527764000	0.052889000
14.529779000	0.053931000
14.529822000	0.053969000
14.532829000	0.056965000
14.532859000	0.056961000
14.532867000	0.056966000
14.532874000	0.056969000
14.532878000	0.056924000
14.532882000	0.056924000
14.532985000	0.057023000
14.533013000	0.053211000
14.533021000	0.053200000
14.533029000	0.050192000
14.533033000	0.050178000
14.533037000	0.050171000
14.533138000	0.050242000
14.533168000	0.050268000
14.533179000	0.050275000
14.534755000	0.049958000
14.534784000	0.049976000
14.535899000	0.050046000
14.535929000	0.050059000
14.535938000	0.050058000
14.536161000	0.050200000
14.536191000	0.050227000
14.537918000	0.050121000
14.537950000	0.050136000
14.537959000	0.050137000
14.537967000	0.050117000
14.537971000	0.050118000
14.537975000	0.050072000
14.537978000	0.050070000
14.537981000	0.050020000
14.538171000	0.050163000
14.538200000	0.050186000
14.539741000	0.051722000
14.539795000	0.051734000
14.542832000	0.054766000
14.542849000	0.054781000
14.542918000	0.054807000
14.542946000	0.054830000
14.542953000	0.054786000
14.542960000	0.054788000
14.542965000	0.054726000
14.542976000	0.054728000
14.543071000	0.053222000
14.543099000	0.053232000
14.543108000	0.053233000
14.543115000	0.048287000
14.543119000	0.048276000
14.543122000	0.047334000
14.543225000	0.047421000
14.543253000	0.047439000
14.543261000	0.047370000
14.543268000	0.047366000
14.543273000	0.045483000
14.543276000	0.045474000
14.543379000	0.045500000
14.543409000	0.045522000
14.543418000	0.045529000
14.543422000	0.045515000
14.543425000	0.043631000
14.543428000	0.043623000
14.543491000	0.040612000
14.543504000	0.040613000
14.543511000	0.040612000
14.543514000	0.040597000
14.543599000	0.040572000
14.543607000	0.040569000
14.543614000	0.040568000
14.543622000	0.040539000
14.543705000	0.040619000
14.543712000	0.040624000
14.543720000	0.040530000
14.543727000	0.040532000
14.544782000	0.041585000
14.544789000	0.041453000
14.544837000	0.041496000
14.545783000	0.042439000
14.545793000	0.042417000
14.545861000	0.042482000
14.545870000	0.042488000
14.545877000	0.042359000
14.547794000	0.044272000
14.547809000	0.044284000
14.547912000	0.044355000
14.547941000	0.044381000
14.547949000	0.044386000
14.547956000	0.044268000
14.547964000	0.044272000
14.547968000	0.044273000
14.548098000	0.044318000
14.548126000	0.044343000
14.548135000	0.044349000
14.548149000	0.044316000
14.548156000	0.044320000
14.548160000	0.044321000
14.548167000	0.044279000
14.548170000	0.044279000
14.548402000	0.044508000
14.548430000	0.044491000
14.548436000	0.044494000
14.549792000	0.045847000
14.549817000	0.045824000
14.552798000	0.048802000
14.552828000	0.048830000
14.552836000	0.048790000
14.552843000	0.048794000
14.552847000	0.048795000
14.552943000	0.048139000
14.552972000	0.048165000
14.552981000	0.048163000
14.552989000	0.048132000
14.552993000	0.047166000
14.552997000	0.047166000
14.553103000	0.047263000
14.553132000	0.047208000
14.553144000	0.047216000
14.553149000	0.047217000
14.554781000	0.048812000
14.554811000	0.048838000
14.555874000	0.049898000
14.555903000	0.049879000
14.555912000	0.049884000
14.555921000	0.046096000
14.555926000	0.046094000
14.559830000	0.049994000
14.559859000	0.049980000
14.559867000	0.049984000
14.562825000	0.052938000
14.562853000	0.052929000
14.562869000	0.052941000
14.562876000	0.052944000
14.562939000	0.052962000
14.562949000	0.052968000
14.562955000	0.052970000
14.562962000	0.052931000
14.562992000	0.052957000
14.563006000	0.052968000
14.563097000	0.053012000
14.563107000	0.053019000
14.563114000	0.053022000
14.563120000	0.052982000
14.563202000	0.053061000
14.563210000	0.053065000
14.563217000	0.053023000
14.563223000	0.048432000
14.563256000	0.048461000
14.563266000	0.048461000
14.563308000	0.048476000
14.563315000	0.047491000
14.563360000	0.047533000
14.563367000	0.047532000
14.564840000	0.048914000
14.564869000	0.048939000
14.565914000	0.049980000
14.565947000	0.049976000
14.565960000	0.049986000
14.565964000	0.049987000
14.565967000	0.049896000
14.569887000	0.042101000
14.574749000	0.044917000
14.574766000	0.041913000
14.575840000	0.042976000
14.575858000	0.042961000
14.579803000	0.036079000
14.584755000	0.038965000
14.584775000	0.038907000
14.585897000	0.037758000
14.589790000	0.039987000
14.649764000	0.099903000
14.649785000	0.096964000
14.654857000	0.102016000
14.654875000	0.102010000
14.657893000	0.104915000
14.657909000	0.104898000
14.657914000	0.104897000
14.657918000	0.104780000
14.657921000	0.104758000
14.657926000	0.103121000
14.657937000	0.102040000
14.657941000	0.102024000
14.658053000	0.102108000
14.658071000	0.098206000
14.658076000	0.095229000
14.658081000	0.095207000
14.658085000	0.095139000
14.658122000	0.095163000
14.658128000	0.095127000
14.658149000	0.095101000
14.658233000	0.088253000
14.658277000	0.087781000
14.705358000	0.030364000
