5.072509000	0.032737000
5.112519000	0.034550000
5.117465000	0.039486000
5.117505000	0.039474000
5.117513000	0.039478000
5.120625000	0.042535000
5.120641000	0.042547000
5.120646000	0.042469000
5.120651000	0.042471000
5.120674000	0.042414000
5.120685000	0.042419000
5.147517000	0.034966000
5.151485000	0.036162000
5.151520000	0.034027000
5.151525000	0.032644000
5.151529000	0.032607000
5.151533000	0.029859000
5.152450000	0.030771000
5.157461000	0.033027000
5.162466000	0.038028000
5.162485000	0.035322000
5.162489000	0.035320000
5.162620000	0.032665000
5.162636000	0.032676000
5.162640000	0.029939000
5.167489000	0.034784000
5.167507000	0.032040000
5.172469000	0.036997000
5.172490000	0.036934000
5.174478000	0.036287000
5.174498000	0.036301000
5.177851000	0.030306000
5.182445000	0.034894000
5.185205000	0.033695000
5.185229000	0.033714000
5.185234000	0.032412000
5.185237000	0.032411000
5.187433000	0.032339000
5.192451000	0.037352000
5.192485000	0.035063000
5.196467000	0.039040000
5.196510000	0.036794000
5.196518000	0.036798000
5.196523000	0.034541000
5.196668000	0.034681000
5.196680000	0.032378000
5.197461000	0.033154000
5.197475000	0.030911000
5.202547000	0.035979000
5.202561000	0.033671000
5.206624000	0.037729000
5.206665000	0.035515000
5.206677000	0.035523000
5.206682000	0.035487000
5.206755000	0.033308000
5.207460000	0.034007000
5.207476000	0.031735000
5.212511000	0.036766000
5.212605000	0.034777000
5.212620000	0.034787000
5.216503000	0.036582000
5.216549000	0.036624000
5.216554000	0.035328000
5.216557000	0.035327000
5.216561000	0.034089000
5.217452000	0.033771000
5.217466000	0.032549000
5.222465000	0.036313000
5.222493000	0.035136000
5.226499000	0.037942000
5.226537000	0.036740000
5.226543000	0.036742000
5.226546000	0.036632000
5.226702000	0.035700000
5.226713000	0.035707000
5.227456000	0.034981000
5.227472000	0.034991000
5.232500000	0.039070000
5.232533000	0.039098000
5.235493000	0.038998000
5.235520000	0.039017000
5.235544000	0.038421000
5.235549000	0.038421000
5.235595000	0.037390000
5.236442000	0.038233000
5.236448000	0.037193000
5.236494000	0.037235000
5.236503000	0.036196000
5.236546000	0.036234000
5.237458000	0.036051000
5.237463000	0.036052000
5.240524000	0.038103000
5.240542000	0.038116000
5.240546000	0.037068000
5.240570000	0.037084000
5.240574000	0.036047000
5.242436000	0.037904000
5.242463000	0.036911000
5.245428000	0.038244000
5.245445000	0.037207000
5.252478000	0.043253000
5.256621000	0.046408000
5.256656000	0.045484000
5.256661000	0.044473000
5.256787000	0.043586000
5.256840000	0.042679000
5.256844000	0.035336000
5.257492000	0.034600000
5.257501000	0.033864000
5.266594000	0.042251000
5.266610000	0.041537000
5.266614000	0.040087000
5.266618000	0.039729000
5.266622000	0.039065000
5.267449000	0.039199000
5.272415000	0.034706000
5.272438000	0.030681000
5.277455000	0.034634000
5.277469000	0.033596000
5.279496000	0.034034000
5.279566000	0.033061000
5.279692000	0.032122000
5.287460000	0.034958000
5.287503000	0.034729000
5.289712000	0.033066000
5.289742000	0.032828000
5.289750000	0.032442000
5.289756000	0.032050000
5.292452000	0.034379000
5.297528000	0.039075000
5.297560000	0.038747000
5.299535000	0.040361000
5.299549000	0.039989000
5.299555000	0.039681000
5.299562000	0.039686000
5.299566000	0.039282000
5.299575000	0.039289000
5.300506000	0.039909000
5.300513000	0.039914000
5.300560000	0.039578000
5.300563000	0.039579000
5.302448000	0.041105000
5.302458000	0.041113000
5.313513000	0.052166000
5.313548000	0.051843000
5.313556000	0.051849000
5.313562000	0.051495000
5.313566000	0.051496000
5.313569000	0.051141000
5.313633000	0.051203000
5.313717000	0.050928000
5.313726000	0.050930000
5.313731000	0.050604000
5.313734000	0.050605000
5.313737000	0.050248000
5.313823000	0.050332000
5.313827000	0.049972000
5.313831000	0.049973000
5.313877000	0.049659000
5.313933000	0.049711000
5.313939000	0.049360000
5.314040000	0.049457000
5.314043000	0.049103000
5.314095000	0.049152000
5.314098000	0.048797000
5.314101000	0.048797000
5.314112000	0.048431000
5.314120000	0.048437000
5.314125000	0.048441000
5.314234000	0.048192000
5.314245000	0.048201000
5.314250000	0.047843000
5.314255000	0.047846000
5.314287000	0.047545000
5.314291000	0.047547000
5.314341000	0.047215000
5.314345000	0.047217000
5.314348000	0.046884000
5.314450000	0.046985000
5.314456000	0.046632000
5.314460000	0.046634000
5.314463000	0.046278000
5.314466000	0.046279000
5.314504000	0.045957000
5.314507000	0.045959000
5.314558000	0.045647000
5.314562000	0.045649000
5.314613000	0.045340000
5.314617000	0.045342000
5.314674000	0.045043000
5.314681000	0.045048000
5.314685000	0.044692000
5.314690000	0.044695000
5.314778000	0.044782000
5.317459000	0.047104000
5.317513000	0.047156000
5.319506000	0.048790000
5.319519000	0.048802000
5.319525000	0.048448000
5.319530000	0.048451000
5.319616000	0.048178000
5.319629000	0.048189000
5.320497000	0.048697000
5.320556000	0.048754000
5.320610000	0.048449000
5.320621000	0.048458000
5.320689000	0.048165000
5.320693000	0.048167000
5.320696000	0.047891000
5.320699000	0.047892000
5.320798000	0.047713000
5.320801000	0.047714000
5.320805000	0.047441000
5.320810000	0.047444000
5.322453000	0.048809000
5.322532000	0.048886000
5.333611000	0.059665000
5.333642000	0.059693000
5.333651000	0.059448000
5.333656000	0.059451000
5.333662000	0.059456000
5.333667000	0.059186000
5.333680000	0.059198000
5.333686000	0.058924000
5.333690000	0.058926000
5.333693000	0.058649000
5.333814000	0.058768000
5.333823000	0.058499000
5.333826000	0.058499000
5.333829000	0.058226000
5.334152000	0.058547000
5.334159000	0.058277000
5.334164000	0.058279000
5.334169000	0.058007000
5.334174000	0.058009000
5.334177000	0.057736000
5.334180000	0.057736000
5.334201000	0.057483000
5.334205000	0.057485000
5.334208000	0.057211000
5.334211000	0.057212000
5.334214000	0.056937000
5.334256000	0.056978000
5.334264000	0.056707000
5.334267000	0.056708000
5.334270000	0.056709000
5.334309000	0.056480000
5.334312000	0.056482000
5.334364000	0.056253000
5.334367000	0.056254000
5.334418000	0.056016000
5.334421000	0.056016000
5.334425000	0.055777000
5.334429000	0.055779000
5.334432000	0.055489000
5.334435000	0.055490000
5.334529000	0.055337000
5.334535000	0.055341000
5.334583000	0.055092000
5.334586000	0.055093000
5.334589000	0.054850000
5.334592000	0.054851000
5.334692000	0.054701000
5.334698000	0.054704000
5.334701000	0.054463000
5.334705000	0.054465000
5.335495000	0.055008000
5.335500000	0.055011000
5.335550000	0.054813000
5.335553000	0.054814000
5.335603000	0.054863000
5.335606000	0.054620000
5.335669000	0.053933000
5.335677000	0.053940000
5.335680000	0.053695000
5.335723000	0.053736000
5.335776000	0.053289000
5.337399000	0.034223000
5.355514000	0.052086000
5.355533000	0.041116000
5.355543000	0.039924000
5.355555000	0.039466000
5.360566000	0.040225000
5.360603000	0.039084000
5.370533000	0.048541000
5.375534000	0.052361000
5.375559000	0.050731000
5.375576000	0.049566000
5.375587000	0.049106000
5.380479000	0.052576000
5.380574000	0.046109000
5.380606000	0.045434000
5.381722000	0.046076000
5.387446000	0.051564000
5.390529000	0.051978000
5.392445000	0.053746000
5.392462000	0.053762000
5.397539000	0.058692000
5.397557000	0.058709000
5.400532000	0.061537000
5.400549000	0.061552000
5.400554000	0.061556000
5.400559000	0.061416000
5.400591000	0.061447000
5.402494000	0.063203000
5.402513000	0.063220000
5.405523000	0.066084000
5.405540000	0.066099000
5.405545000	0.065954000
5.405625000	0.066031000
5.405642000	0.065906000
5.405646000	0.065909000
5.405650000	0.065766000
5.405682000	0.065797000
5.405758000	0.065727000
5.405764000	0.065731000
5.405768000	0.065589000
5.405772000	0.065591000
5.405776000	0.065449000
5.405833000	0.065504000
5.405839000	0.065363000
5.405892000	0.065415000
5.405898000	0.065271000
5.405946000	0.065316000
5.405950000	0.065178000
5.406001000	0.065228000
5.406004000	0.065229000
5.406055000	0.065135000
5.406172000	0.065251000
5.406177000	0.065109000
5.407453000	0.066384000
5.407463000	0.066247000
5.410591000	0.069374000
5.410604000	0.069240000
5.410642000	0.069277000
5.410646000	0.069134000
5.410649000	0.069136000
5.410653000	0.068993000
5.410694000	0.069032000
5.410747000	0.068937000
5.410837000	0.069025000
5.410847000	0.068885000
5.410890000	0.068925000
5.410943000	0.068832000
5.410997000	0.068884000
5.411001000	0.068748000
5.411050000	0.068795000
5.411054000	0.068653000
5.411057000	0.068655000
5.411061000	0.068512000
5.411105000	0.068554000
5.411209000	0.068657000
5.411214000	0.068517000
5.411218000	0.068520000
5.411221000	0.068376000
5.411224000	0.068376000
5.411325000	0.068331000
5.411331000	0.068335000
5.411377000	0.068236000
5.411382000	0.068239000
5.411385000	0.068096000
5.411389000	0.068098000
5.412469000	0.069032000
5.412486000	0.069048000
5.415539000	0.071954000
5.415557000	0.071969000
5.415564000	0.071832000
5.415569000	0.071835000
5.417458000	0.073577000
5.417476000	0.073593000
5.420520000	0.076491000
5.420539000	0.076508000
5.420545000	0.076366000
5.420551000	0.076370000
5.420634000	0.076309000
5.420642000	0.076315000
5.420691000	0.076362000
5.420768000	0.076295000
5.420776000	0.076302000
5.420782000	0.076161000
5.420788000	0.076166000
5.420793000	0.076024000
5.420799000	0.076029000
5.420878000	0.075961000
5.420888000	0.075970000
5.420893000	0.075828000
5.420898000	0.075831000
5.420933000	0.075720000
5.420940000	0.075726000
5.420988000	0.075627000
5.420994000	0.075631000
5.421047000	0.075538000
5.421053000	0.075542000
5.422457000	0.076800000
5.422463000	0.076805000
5.422521000	0.076716000
5.425495000	0.079683000
5.425514000	0.079561000
5.425552000	0.079597000
5.467501000	0.029897000
