5.618457000	0.038441000
5.687562000	0.053109000
5.694518000	0.060054000
5.694551000	0.060059000
5.694557000	0.060061000
5.694569000	0.060017000
5.694573000	0.060015000
5.694576000	0.059955000
5.695446000	0.060821000
5.701548000	0.066873000
5.726646000	0.039058000
5.726671000	0.039078000
5.727502000	0.032959000
5.735601000	0.037136000
5.742471000	0.044001000
5.742497000	0.040174000
5.742501000	0.040174000
5.759502000	0.053295000
5.759527000	0.053316000
5.766498000	0.056379000
5.766530000	0.056406000
5.766547000	0.052577000
5.766558000	0.052585000
5.766562000	0.048687000
5.766565000	0.048686000
5.767423000	0.045680000
5.767598000	0.045852000
5.767610000	0.041988000
5.767617000	0.041993000
5.767622000	0.038076000
5.767627000	0.038076000
5.775532000	0.042520000
5.782602000	0.049584000
5.783447000	0.046964000
5.791530000	0.055042000
5.791558000	0.051615000
5.798608000	0.058660000
5.798659000	0.055266000
5.798664000	0.055269000
5.798668000	0.051782000
5.798671000	0.051781000
5.799443000	0.039921000
5.799471000	0.039938000
5.799624000	0.033101000
5.807551000	0.041014000
5.814460000	0.046174000
5.822427000	0.054135000
5.829499000	0.059711000
5.829540000	0.059747000
5.829556000	0.059714000
5.829563000	0.058303000
5.829718000	0.058453000
5.829729000	0.056994000
5.829732000	0.056992000
5.829735000	0.055507000
5.830568000	0.056335000
5.830587000	0.054945000
5.830593000	0.054946000
5.830598000	0.047971000
5.831517000	0.048884000
5.831533000	0.048060000
5.831537000	0.048056000
5.839585000	0.048036000
5.839607000	0.048053000
5.839611000	0.047283000
5.839614000	0.047281000
5.840538000	0.041905000
5.840559000	0.041921000
5.840569000	0.041172000
5.848541000	0.047684000
5.848562000	0.046206000
5.855503000	0.051704000
5.855519000	0.050240000
5.855523000	0.048719000
5.856582000	0.048358000
5.856600000	0.046870000
5.871547000	0.057057000
5.871582000	0.048392000
5.887548000	0.057244000
5.887574000	0.055834000
5.887588000	0.054553000
5.887591000	0.053263000
5.887595000	0.051946000
5.888498000	0.051548000
5.896444000	0.058237000
5.903552000	0.063992000
5.903587000	0.062794000
5.903594000	0.061506000
5.903600000	0.060215000
5.903605000	0.058934000
5.904550000	0.059875000
5.912525000	0.066525000
5.912557000	0.066551000
5.912566000	0.065276000
5.919597000	0.072303000
5.919631000	0.071057000
5.919645000	0.071068000
5.919653000	0.069893000
5.919657000	0.069896000
5.919659000	0.068618000
5.919663000	0.068617000
5.920476000	0.068289000
5.920497000	0.067060000
5.939513000	0.084902000
5.946495000	0.090672000
5.946665000	0.089701000
5.946693000	0.088813000
5.946698000	0.087915000
5.946702000	0.087047000
5.946706000	0.086153000
5.946710000	0.085193000
5.946713000	0.084344000
5.946717000	0.082512000
5.947420000	0.082336000
5.947579000	0.075509000
5.962590000	0.089609000
5.962668000	0.088827000
5.962677000	0.087910000
5.979469000	0.091444000
5.979504000	0.091440000
5.986608000	0.097675000
5.986642000	0.095902000
5.986648000	0.095011000
5.986656000	0.094108000
5.986661000	0.093203000
5.986667000	0.090469000
5.986686000	0.089587000
6.002604000	0.099029000
6.002638000	0.098593000
6.002643000	0.097663000
6.002647000	0.096740000
6.002651000	0.096739000
6.002656000	0.095908000
6.003467000	0.096718000
6.003486000	0.095824000
6.010547000	0.097997000
6.010578000	0.097541000
6.025491000	0.112449000
6.025531000	0.105908000
6.025566000	0.105926000
6.025570000	0.105465000
6.025573000	0.105463000
6.025576000	0.105385000
6.025579000	0.104573000
6.025661000	0.104650000
6.025671000	0.103765000
6.025674000	0.103765000
6.025677000	0.102832000
6.034493000	0.111643000
6.034625000	0.095084000
6.034635000	0.095086000
6.042578000	0.096058000
6.042608000	0.096083000
6.049455000	0.102448000
6.049487000	0.102477000
6.049601000	0.101710000
6.049617000	0.101721000
6.049623000	0.100894000
6.049627000	0.100893000
6.058507000	0.108925000
6.058538000	0.108951000
6.058547000	0.108205000
6.058552000	0.108204000
6.065630000	0.114484000
6.065662000	0.114515000
6.065670000	0.113686000
6.065674000	0.113685000
6.065678000	0.112891000
6.065681000	0.112888000
6.065701000	0.112104000
6.065705000	0.112103000
6.065708000	0.111300000
6.065711000	0.111300000
6.066508000	0.111266000
6.066524000	0.111279000
6.066528000	0.110471000
6.066531000	0.110469000
6.066543000	0.103912000
6.066547000	0.103895000
6.066550000	0.103595000
6.066554000	0.103186000
6.067563000	0.104192000
6.075474000	0.111294000
6.082489000	0.118307000
6.082526000	0.117526000
6.082539000	0.117534000
6.082545000	0.116732000
6.082550000	0.116734000
6.082555000	0.115925000
6.083481000	0.103986000
6.083503000	0.103596000
6.091572000	0.111663000
6.098550000	0.117792000
6.098582000	0.111950000
6.098591000	0.111545000
6.098595000	0.111546000
6.098599000	0.110744000
6.098603000	0.110744000
6.098606000	0.109938000
6.098609000	0.109938000
6.098612000	0.109105000
6.098616000	0.109104000
6.099587000	0.109264000
6.099603000	0.109275000
6.099607000	0.108512000
6.099610000	0.108514000
6.099613000	0.107704000
6.099616000	0.107702000
6.099619000	0.106895000
6.119490000	0.126761000
6.119530000	0.126000000
6.119541000	0.126007000
6.126541000	0.123913000
6.126578000	0.123945000
6.126592000	0.123547000
6.126598000	0.123549000
6.126604000	0.123512000
6.126609000	0.122752000
6.126614000	0.122754000
6.126618000	0.121892000
6.126623000	0.121892000
6.127603000	0.122066000
6.127620000	0.122078000
6.127623000	0.121307000
6.127627000	0.116626000
6.127631000	0.101699000
6.127635000	0.100846000
6.136601000	0.109021000
6.143447000	0.115054000
6.151512000	0.122333000
6.158538000	0.124020000
6.158572000	0.123513000
6.158680000	0.115645000
6.158687000	0.108796000
6.158698000	0.107994000
6.159568000	0.108021000
6.179590000	0.120611000
6.179625000	0.119867000
6.186514000	0.120427000
6.186616000	0.120454000
6.186625000	0.119742000
6.186630000	0.118932000
6.186633000	0.118087000
6.186636000	0.117320000
6.187456000	0.117339000
6.187465000	0.116530000
6.187468000	0.115671000
6.194452000	0.118955000
6.194486000	0.111950000
6.202518000	0.119551000
6.202550000	0.118787000
6.209599000	0.124996000
6.217611000	0.119036000
6.224564000	0.125550000
6.224598000	0.124797000
6.224604000	0.123965000
6.224608000	0.123180000
6.224611000	0.122375000
6.224615000	0.121576000
6.225526000	0.121676000
6.225542000	0.120875000
6.240470000	0.120523000
6.240490000	0.113921000
6.240496000	0.113492000
6.240502000	0.112692000
6.259551000	0.130929000
6.259569000	0.130135000
6.266496000	0.136255000
6.266513000	0.135465000
6.266517000	0.134653000
6.266521000	0.133818000
6.266525000	0.129900000
6.266657000	0.123185000
6.266663000	0.115128000
6.267497000	0.108935000
6.267508000	0.108526000
6.267512000	0.107721000
6.267516000	0.107634000
6.268499000	0.107892000
6.276512000	0.115103000
6.306535000	0.126919000
6.306554000	0.126478000
6.306561000	0.120025000
6.306568000	0.119619000
6.306574000	0.118815000
6.306617000	0.118049000
6.307473000	0.118058000
6.307485000	0.117298000
6.307489000	0.116425000
6.307493000	0.115677000
6.308525000	0.115899000
6.308535000	0.114059000
6.323520000	0.128626000
6.323530000	0.120990000
6.331460000	0.128488000
6.338554000	0.128930000
6.338563000	0.117476000
6.338567000	0.110564000
6.346523000	0.111663000
6.353576000	0.111964000
6.353602000	0.105183000
6.353609000	0.098360000
6.353616000	0.091580000
6.379492000	0.110660000
6.386648000	0.111006000
6.386671000	0.104232000
6.386673000	0.097419000
6.386675000	0.090621000
6.386677000	0.083811000
6.387559000	0.077893000
6.388446000	0.071976000
6.403599000	0.080302000
6.403609000	0.073507000
6.403611000	0.066698000
6.426541000	0.082822000
6.426565000	0.082806000
6.426570000	0.076042000
6.426574000	0.069279000
6.426578000	0.066937000
6.434588000	0.072605000
6.441435000	0.077083000
6.441455000	0.074748000
6.441458000	0.072428000
6.449520000	0.078150000
6.456528000	0.082783000
6.456611000	0.080596000
6.456629000	0.078276000
6.456633000	0.075868000
6.456635000	0.073598000
6.456638000	0.071230000
6.479488000	0.091756000
6.479513000	0.089458000
6.494545000	0.102153000
6.494576000	0.099814000
6.494581000	0.097517000
6.494586000	0.095164000
6.494613000	0.092867000
6.494623000	0.090513000
6.494626000	0.088152000
6.494630000	0.085835000
6.499602000	0.088469000
6.499614000	0.086110000
6.506511000	0.090729000
6.506528000	0.088377000
6.506535000	0.086045000
6.521586000	0.093827000
6.521611000	0.091534000
6.521616000	0.089205000
6.521620000	0.086869000
6.521624000	0.084537000
6.522513000	0.083084000
6.530609000	0.087986000
6.537466000	0.094808000
6.537482000	0.092518000
6.537624000	0.088082000
6.559471000	0.102923000
6.559485000	0.101730000
6.566530000	0.106470000
6.566551000	0.104145000
6.566555000	0.101781000
6.566558000	0.099414000
6.566560000	0.087051000
6.566563000	0.085846000
6.566565000	0.071993000
6.566696000	0.070943000
6.567577000	0.069492000
6.567592000	0.067168000
6.582509000	0.079746000
6.582523000	0.077420000
6.582528000	0.075085000
6.599606000	0.089822000
6.599629000	0.087501000
6.606478000	0.092018000
6.606617000	0.089794000
6.606635000	0.087468000
6.606638000	0.085154000
6.606641000	0.082824000
6.606644000	0.080483000
6.608473000	0.079973000
6.623436000	0.092561000
6.623590000	0.090412000
6.623599000	0.088085000
6.623602000	0.085746000
6.623606000	0.083382000
6.624552000	0.082014000
6.647540000	0.102660000
6.647561000	0.086906000
6.647565000	0.084541000
6.647567000	0.079849000
6.647570000	0.077451000
6.648444000	0.078232000
6.663546000	0.091139000
6.663557000	0.088812000
6.663559000	0.086472000
6.663562000	0.084125000
6.664550000	0.082785000
6.664576000	0.080474000
6.679533000	0.093058000
6.679544000	0.090761000
6.686525000	0.095407000
6.686534000	0.093027000
6.686538000	0.086912000
6.686540000	0.085940000
6.687633000	0.081135000
6.687643000	0.080185000
6.702565000	0.093186000
6.702584000	0.091381000
6.702588000	0.089526000
6.702590000	0.087633000
6.719449000	0.102654000
6.719474000	0.095031000
6.726474000	0.100178000
6.726501000	0.098364000
6.726506000	0.096466000
6.726510000	0.094629000
6.727549000	0.093764000
6.727560000	0.078436000
6.727563000	0.075322000
6.742515000	0.087126000
6.742537000	0.084054000
6.742540000	0.080913000
6.750440000	0.085724000
6.765573000	0.097724000
6.765598000	0.094614000
6.765602000	0.091499000
6.765604000	0.088412000
6.765607000	0.085229000
6.780644000	0.097212000
6.780658000	0.097188000
6.780661000	0.094109000
6.780666000	0.091743000
6.780669000	0.089431000
6.789507000	0.095933000
6.796564000	0.100614000
6.796578000	0.098329000
6.796581000	0.095989000
6.797444000	0.094465000
6.812555000	0.107254000
6.812569000	0.104966000
6.812574000	0.102592000
6.812577000	0.093106000
6.812581000	0.091871000
6.812585000	0.086088000
6.812589000	0.084914000
6.813415000	0.083364000
6.828510000	0.096153000
6.828593000	0.093868000
6.828604000	0.091516000
6.828607000	0.089234000
6.828610000	0.084899000
6.844601000	0.098526000
6.844613000	0.096227000
6.859469000	0.107810000
6.866548000	0.099779000
6.866560000	0.097424000
6.904489000	0.037810000
