21.497545000	0.359689000
21.858599000	0.360225000
21.866621000	0.368221000
21.866656000	0.368251000
21.866662000	0.368210000
21.873543000	0.375089000
21.873566000	0.375064000
21.873568000	0.375065000
21.883648000	0.385040000
22.151622000	0.293005000
22.151678000	0.293058000
22.151686000	0.285037000
22.158690000	0.292037000
22.158731000	0.292050000
22.158740000	0.292057000
22.158754000	0.292020000
22.158760000	0.292024000
22.158765000	0.285204000
22.158771000	0.285208000
22.158790000	0.285199000
22.158795000	0.285203000
22.158799000	0.285106000
22.158804000	0.285108000
22.158811000	0.284196000
22.158817000	0.275172000
22.158823000	0.275166000
22.159727000	0.276045000
22.314738000	0.163084000
22.314777000	0.163117000
22.314797000	0.163093000
22.314803000	0.163096000
22.321580000	0.169826000
22.321618000	0.169861000
22.321626000	0.162905000
22.321692000	0.162966000
22.321707000	0.162772000
22.321713000	0.162774000
22.321718000	0.162733000
22.321744000	0.162756000
22.321749000	0.162639000
22.321754000	0.162639000
22.328694000	0.169465000
22.328730000	0.169495000
22.328738000	0.169392000
22.328743000	0.169391000
22.328748000	0.169285000
22.328753000	0.169285000
22.328758000	0.169178000
22.328763000	0.169178000
22.328767000	0.169146000
22.328772000	0.169148000
22.328777000	0.169102000
22.328782000	0.169105000
22.330216000	0.170472000
22.330244000	0.170495000
22.330251000	0.170403000
22.337553000	0.177702000
22.337585000	0.177677000
22.337591000	0.177681000
22.344666000	0.184705000
22.344712000	0.184749000
22.344723000	0.184709000
22.344731000	0.184714000
22.471576000	0.156809000
22.471619000	0.156847000
22.486702000	0.171881000
22.486774000	0.171950000
22.486785000	0.171866000
22.486808000	0.171884000
22.486822000	0.171813000
22.486831000	0.171816000
22.486846000	0.165238000
22.486855000	0.165241000
22.486862000	0.165219000
22.486869000	0.165223000
22.486876000	0.165175000
22.486883000	0.165179000
22.486889000	0.165045000
22.494645000	0.172794000
22.494683000	0.172804000
22.501704000	0.179821000
22.501740000	0.179815000
22.501747000	0.179818000
22.501752000	0.179774000
22.501769000	0.179739000
22.501775000	0.179691000
22.501780000	0.179644000
22.511625000	0.182904000
22.511664000	0.182747000
22.511671000	0.182660000
22.526593000	0.197469000
22.526638000	0.197423000
22.526645000	0.197395000
22.526651000	0.197347000
22.531597000	0.202239000
22.531633000	0.202221000
22.531639000	0.202171000
22.538603000	0.208367000
22.546662000	0.209086000
22.546697000	0.209088000
22.546704000	0.208995000
22.546709000	0.208908000
22.561673000	0.223791000
22.561710000	0.223747000
22.569571000	0.231526000
22.569608000	0.224910000
22.569615000	0.224814000
22.576701000	0.231854000
22.576734000	0.231822000
22.618705000	0.273789000
22.689624000	0.218010000
22.696537000	0.224883000
22.696582000	0.209835000
22.696708000	0.209652000
22.696723000	0.209617000
22.704661000	0.217444000
22.704706000	0.217402000
22.704713000	0.217322000
22.711708000	0.224229000
22.720688000	0.233122000
22.720734000	0.233081000
22.720744000	0.233053000
22.727524000	0.239778000
22.727570000	0.239771000
22.727579000	0.239727000
22.728562000	0.233884000
22.736711000	0.241993000
22.736769000	0.235039000
22.736793000	0.235058000
22.743545000	0.241748000
22.743590000	0.241790000
22.743620000	0.241717000
22.743870000	0.241962000
22.743889000	0.241899000
22.743894000	0.241898000
22.743899000	0.241817000
22.744589000	0.242501000
22.745572000	0.243399000
22.753686000	0.251506000
22.753731000	0.251515000
22.760542000	0.258321000
22.760581000	0.258309000
22.760591000	0.258315000
22.760599000	0.258273000
22.760606000	0.258276000
22.760613000	0.258232000
22.768557000	0.266173000
22.768724000	0.257070000
22.768761000	0.257101000
22.775587000	0.263871000
22.775640000	0.263921000
22.775646000	0.263886000
22.775653000	0.263890000
22.775659000	0.263846000
22.775666000	0.263850000
22.775673000	0.263808000
22.775681000	0.263813000
22.775752000	0.263835000
22.775772000	0.263852000
22.775780000	0.249157000
22.775788000	0.249161000
22.775795000	0.248959000
22.775802000	0.248962000
22.775809000	0.248923000
22.776610000	0.249720000
22.784604000	0.257613000
22.784645000	0.257649000
22.784652000	0.257574000
22.791607000	0.264524000
22.791646000	0.264477000
22.791654000	0.264479000
22.791659000	0.264402000
22.799682000	0.272419000
22.806613000	0.279264000
22.806653000	0.279298000
22.806661000	0.275038000
22.806666000	0.275038000
22.806671000	0.275015000
22.806801000	0.275142000
22.806834000	0.275125000
22.806840000	0.275128000
22.806844000	0.275082000
22.806849000	0.275084000
22.806854000	0.275038000
22.806859000	0.275040000
22.806870000	0.275000000
22.807625000	0.275752000
22.807680000	0.269048000
22.807686000	0.269050000
22.807691000	0.269024000
22.831635000	0.292963000
22.831697000	0.285010000
22.831706000	0.285014000
22.831713000	0.284988000
22.838666000	0.291937000
22.838706000	0.291929000
22.838713000	0.291933000
22.838719000	0.291890000
22.838723000	0.291890000
22.838728000	0.291845000
22.838733000	0.291847000
22.838738000	0.291804000
22.838743000	0.291806000
22.838747000	0.291759000
22.838752000	0.291761000
22.838757000	0.291670000
22.839544000	0.292452000
22.839580000	0.277879000
22.839587000	0.277881000
22.851646000	0.289907000
22.851694000	0.289951000
22.851701000	0.289864000
22.858595000	0.296752000
22.858622000	0.296697000
22.858628000	0.296694000
22.858631000	0.289033000
22.858696000	0.289093000
22.866728000	0.297083000
22.866742000	0.297094000
22.873569000	0.303839000
22.873602000	0.303866000
22.873607000	0.303844000
22.873611000	0.303845000
22.874612000	0.304796000
22.882551000	0.312732000
22.882593000	0.312724000
22.882600000	0.312728000
22.889594000	0.312881000
22.897684000	0.320968000
22.897712000	0.320780000
22.897719000	0.320783000
22.931527000	0.354528000
22.931557000	0.354438000
22.991673000	0.372953000
23.118688000	0.429024000
23.118717000	0.428996000
23.118730000	0.422153000
23.118736000	0.422128000
23.118742000	0.422082000
23.134534000	0.437814000
23.141676000	0.444904000
23.141738000	0.444918000
23.142609000	0.445738000
23.148541000	0.451617000
23.148587000	0.443886000
23.148592000	0.443835000
23.148597000	0.443746000
23.149595000	0.444656000
23.157672000	0.452650000
23.157734000	0.452630000
23.157743000	0.445999000
23.164548000	0.443818000
23.164593000	0.443829000
23.180562000	0.459698000
23.187681000	0.460117000
23.187728000	0.460127000
23.187734000	0.460073000
23.187738000	0.459162000
23.187743000	0.450979000
23.188625000	0.451744000
23.188638000	0.451699000
23.194586000	0.457545000
23.194602000	0.451024000
23.194607000	0.450725000
23.194612000	0.449999000
23.194615000	0.449968000
23.194620000	0.449907000
23.194738000	0.449907000
23.202649000	0.457726000
23.209558000	0.464569000
23.209586000	0.464521000
23.209591000	0.464476000
23.209594000	0.464425000
23.225650000	0.480427000
23.232698000	0.487105000
23.232718000	0.487092000
23.232721000	0.478995000
23.232727000	0.478963000
23.232729000	0.478871000
23.232731000	0.472156000
23.239670000	0.479030000
23.239698000	0.479003000
23.239700000	0.478952000
23.239703000	0.478901000
23.239705000	0.478854000
23.239708000	0.478805000
23.239710000	0.478742000
23.239712000	0.471113000
23.239714000	0.470958000
23.247596000	0.478795000
23.254609000	0.478989000
23.256586000	0.480873000
23.264575000	0.488806000
23.264601000	0.487964000
23.264604000	0.487929000
23.271604000	0.494875000
23.271632000	0.494845000
23.271635000	0.494793000
23.271637000	0.494736000
23.271639000	0.494688000
23.271641000	0.494634000
23.271643000	0.494583000
23.272632000	0.495516000
23.272651000	0.495482000
23.280628000	0.503404000
23.280655000	0.503378000
23.280657000	0.496017000
23.311627000	0.526956000
23.311655000	0.526932000
23.311658000	0.520017000
23.311660000	0.519980000
23.326616000	0.534836000
23.326631000	0.534763000
23.326634000	0.526910000
23.326656000	0.520008000
23.326658000	0.519968000
23.326661000	0.519832000
23.326663000	0.519008000
23.326665000	0.518951000
23.326668000	0.518856000
23.326670000	0.518757000
23.326672000	0.518667000
23.326675000	0.518581000
23.326678000	0.518496000
23.326680000	0.518459000
23.326683000	0.518409000
23.326689000	0.518361000
23.326691000	0.518306000
23.326694000	0.518259000
23.334705000	0.526217000
23.334716000	0.526173000
23.334718000	0.503027000
23.341639000	0.509899000
23.341650000	0.509856000
23.349564000	0.517715000
23.349580000	0.510879000
23.349584000	0.510807000
23.349588000	0.510760000
23.356610000	0.517730000
23.356623000	0.517685000
23.356627000	0.517642000
23.356630000	0.517592000
23.364584000	0.525491000
23.364598000	0.525399000
23.364601000	0.525314000
23.364604000	0.525230000
23.371712000	0.532243000
23.371716000	0.532141000
23.371719000	0.532113000
23.373544000	0.533836000
23.381620000	0.529930000
23.381634000	0.529914000
23.381636000	0.529862000
23.381639000	0.523020000
23.388640000	0.529990000
23.388655000	0.529952000
23.396565000	0.537813000
23.396578000	0.537774000
23.396581000	0.529841000
23.403636000	0.536829000
23.403650000	0.530051000
23.403653000	0.530025000
23.403655000	0.529976000
23.418687000	0.544957000
23.418702000	0.544075000
23.418705000	0.536115000
23.418707000	0.536085000
23.418727000	0.536061000
23.418731000	0.529128000
23.426581000	0.528872000
23.451609000	0.553861000
23.451624000	0.553823000
23.451719000	0.520165000
23.458675000	0.527081000
23.458688000	0.527047000
23.458691000	0.526991000
23.486587000	0.494884000
23.493577000	0.501834000
23.569667000	0.450953000
23.576542000	0.457764000
23.576555000	0.457690000
23.576557000	0.457604000
23.583713000	0.464681000
23.583726000	0.464601000
23.583729000	0.464602000
23.583731000	0.464526000
23.583733000	0.464525000
23.583751000	0.464501000
23.583756000	0.464504000
23.583758000	0.464455000
23.606668000	0.487364000
23.606683000	0.487328000
23.606685000	0.487328000
23.606704000	0.472128000
23.606707000	0.472125000
23.606710000	0.472083000
23.606712000	0.472073000
23.606715000	0.465004000
23.606717000	0.465000000
23.606719000	0.464664000
23.613742000	0.471681000
23.613756000	0.471644000
23.613758000	0.471642000
23.613761000	0.471552000
23.613763000	0.471548000
23.613781000	0.471141000
23.613784000	0.471138000
23.613786000	0.471097000
23.613788000	0.471095000
23.613790000	0.465214000
23.613792000	0.465210000
23.613794000	0.465167000
23.613797000	0.465166000
23.613799000	0.465075000
23.613801000	0.465071000
23.621601000	0.472787000
23.621613000	0.472792000
23.621616000	0.471997000
23.621618000	0.471994000
23.628522000	0.470809000
23.628596000	0.470869000
23.628601000	0.470835000
23.644550000	0.486779000
23.659664000	0.501836000
23.659681000	0.501847000
23.659684000	0.495105000
23.659687000	0.495100000
23.659690000	0.495067000
23.659693000	0.495065000
23.659697000	0.495021000
23.659700000	0.479100000
23.659703000	0.479094000
23.659705000	0.471990000
23.659708000	0.471986000
23.659711000	0.471950000
23.659714000	0.471950000
23.659717000	0.471907000
23.659720000	0.471906000
23.659723000	0.471860000
23.659728000	0.471861000
23.659731000	0.471815000
23.659734000	0.471815000
23.659737000	0.471106000
23.666533000	0.477898000
23.666546000	0.477864000
23.666647000	0.477962000
23.666653000	0.472060000
23.666656000	0.472059000
23.666659000	0.472023000
23.666662000	0.472023000
23.666664000	0.471976000
23.666667000	0.471975000
23.681589000	0.486842000
23.691556000	0.496805000
23.691570000	0.496776000
23.691572000	0.496774000
23.698651000	0.503804000
23.698662000	0.503812000
23.698664000	0.503764000
23.698666000	0.503762000
23.698668000	0.503715000
23.698670000	0.495989000
23.698672000	0.495984000
23.698674000	0.489095000
23.698676000	0.489093000
23.698678000	0.489061000
23.698680000	0.489058000
23.706619000	0.496952000
23.721632000	0.511962000
23.721648000	0.511925000
23.721651000	0.511926000
23.721653000	0.511835000
23.721655000	0.495984000
23.721657000	0.495982000
23.721660000	0.488947000
23.721677000	0.488961000
23.721679000	0.488923000
23.721740000	0.488982000
23.729584000	0.496744000
23.729598000	0.496755000
23.729670000	0.496749000
23.736645000	0.503721000
23.736663000	0.503661000
23.736666000	0.503660000
23.736669000	0.503595000
23.736671000	0.503591000
23.736674000	0.496982000
23.736676000	0.496981000
23.737638000	0.497914000
23.738513000	0.498786000
23.746614000	0.506798000
23.746624000	0.506805000
23.746626000	0.506726000
23.753693000	0.513789000
23.753701000	0.513725000
23.753703000	0.513723000
23.761601000	0.521544000
23.761609000	0.521549000
23.761611000	0.521475000
23.761612000	0.521473000
23.791644000	0.551459000
23.791655000	0.551463000
23.791657000	0.551422000
23.791659000	0.551423000
23.798577000	0.558290000
23.798597000	0.550985000
23.798602000	0.550987000
23.798606000	0.543976000
23.798751000	0.544116000
23.798760000	0.542163000
23.798764000	0.542163000
23.798767000	0.534172000
23.798770000	0.534172000
23.798774000	0.534149000
23.798777000	0.534150000
23.799527000	0.534851000
23.799542000	0.534864000
23.799554000	0.534820000
23.800579000	0.528953000
23.800594000	0.528965000
23.808530000	0.536868000
23.808704000	0.537038000
23.831569000	0.559820000
23.831588000	0.559835000
23.831593000	0.559759000
23.838643000	0.566806000
23.838666000	0.566752000
23.838670000	0.566752000
23.838675000	0.566675000
23.838680000	0.566677000
23.838683000	0.566597000
23.838687000	0.566597000
23.838691000	0.566046000
23.838695000	0.566047000
23.838699000	0.566013000
23.838703000	0.566014000
23.839681000	0.566942000
23.839698000	0.559050000
23.839704000	0.559052000
23.871543000	0.590876000
23.871635000	0.590965000
23.878650000	0.597897000
23.878670000	0.597914000
23.878679000	0.567030000
23.878684000	0.567032000
23.878720000	0.567034000
23.878726000	0.567035000
23.878731000	0.566994000
23.878736000	0.566997000
23.878750000	0.566962000
24.269651000	0.390753000
