3.542575000	0.065630000
3.625744000	0.082372000
3.625758000	0.082376000
3.625763000	0.082328000
3.625774000	0.082334000
3.625777000	0.082293000
3.625781000	0.082286000
3.625784000	0.082225000
3.625793000	0.082231000
3.625799000	0.082096000
3.625804000	0.082098000
3.706708000	0.080953000
3.707595000	0.081710000
3.707612000	0.081723000
3.708602000	0.082670000
3.716566000	0.090385000
3.716606000	0.090322000
3.716614000	0.090324000
3.723545000	0.097170000
3.723590000	0.097209000
3.723676000	0.097209000
3.723693000	0.097218000
3.723700000	0.097188000
3.723705000	0.097188000
3.724592000	0.097997000
3.724619000	0.098020000
3.794708000	0.088026000
3.794753000	0.087145000
3.794765000	0.087146000
3.794773000	0.087119000
3.794782000	0.087124000
3.794791000	0.087083000
3.802636000	0.094922000
3.809573000	0.101815000
3.809619000	0.101858000
3.809631000	0.101008000
3.809646000	0.101020000
3.809654000	0.093058000
3.809662000	0.093062000
3.809669000	0.093039000
3.809676000	0.093043000
3.809683000	0.092962000
3.809690000	0.092963000
3.810548000	0.086974000
3.810568000	0.086988000
3.810577000	0.086890000
3.810584000	0.086894000
3.810592000	0.085989000
3.810599000	0.085993000
3.810606000	0.085958000
3.833536000	0.108885000
3.833666000	0.108952000
3.833679000	0.108962000
3.833692000	0.108917000
3.833697000	0.108919000
3.833701000	0.108828000
3.833706000	0.108827000
3.833710000	0.108746000
3.841609000	0.116640000
3.889578000	0.094853000
3.889596000	0.094866000
3.889602000	0.094786000
3.889607000	0.094787000
3.889621000	0.094743000
3.889627000	0.094702000
3.889633000	0.094645000
3.899564000	0.104530000
3.906673000	0.104007000
3.921711000	0.112104000
3.921757000	0.111929000
3.921765000	0.111875000
3.921774000	0.111827000
3.921778000	0.111777000
3.921781000	0.111724000
3.921785000	0.111673000
3.921788000	0.111619000
3.929598000	0.119374000
3.936614000	0.126337000
3.936626000	0.126065000
3.936630000	0.126004000
3.936634000	0.125955000
3.936637000	0.125905000
3.936641000	0.125855000
3.936644000	0.125804000
3.936648000	0.125753000
3.951630000	0.118084000
3.951643000	0.117970000
3.951648000	0.117923000
3.951651000	0.117825000
3.951655000	0.117794000
3.951659000	0.117747000
3.966531000	0.132566000
3.966592000	0.132574000
3.966597000	0.124956000
3.996660000	0.107070000
4.019738000	0.130086000
4.019750000	0.130030000
4.019755000	0.130001000
4.019761000	0.130004000
4.019764000	0.129958000
4.019767000	0.129958000
4.019770000	0.129911000
4.019774000	0.129912000
4.019777000	0.129866000
4.019780000	0.129866000
4.027611000	0.137647000
4.027646000	0.137680000
4.027656000	0.137640000
4.034627000	0.144608000
4.034641000	0.135064000
4.034649000	0.135069000
4.034652000	0.135048000
4.034656000	0.135049000
4.034788000	0.128103000
4.034801000	0.128113000
4.034806000	0.128104000
4.035637000	0.128834000
4.035649000	0.113908000
4.050698000	0.128953000
4.050728000	0.128786000
4.050737000	0.128791000
4.050741000	0.128750000
4.050744000	0.128750000
4.050747000	0.128658000
4.050750000	0.128655000
4.050753000	0.128570000
4.050756000	0.128567000
4.050760000	0.128486000
4.050763000	0.128483000
4.050766000	0.128402000
4.050769000	0.128398000
4.051620000	0.129163000
4.051639000	0.129176000
4.051646000	0.129098000
4.051650000	0.129096000
4.051653000	0.129063000
4.051657000	0.129064000
4.051660000	0.122036000
4.051663000	0.122032000
4.059658000	0.123038000
4.066556000	0.129933000
4.066566000	0.129803000
4.074508000	0.137741000
4.081590000	0.144774000
4.081620000	0.144801000
4.081629000	0.144715000
4.081633000	0.144713000
4.081637000	0.144635000
4.081640000	0.144632000
4.081643000	0.144549000
4.081646000	0.144546000
4.081794000	0.144614000
4.081809000	0.144623000
4.081814000	0.144543000
4.081818000	0.144541000
4.082609000	0.130972000
4.082637000	0.130997000
4.082643000	0.130969000
4.082649000	0.130972000
4.082654000	0.130886000
4.082659000	0.130885000
4.099583000	0.147735000
4.099616000	0.147762000
4.099625000	0.147696000
4.106681000	0.154746000
4.106690000	0.154680000
4.106698000	0.154682000
4.106701000	0.140142000
4.106709000	0.140143000
4.106712000	0.140093000
4.106716000	0.140094000
4.106718000	0.139987000
4.106721000	0.139987000
4.141580000	0.144913000
4.141594000	0.121849000
4.156611000	0.136816000
4.156643000	0.136751000
4.156649000	0.136671000
4.156661000	0.136641000
4.156672000	0.136600000
4.156676000	0.136552000
4.156679000	0.129026000
4.156682000	0.122047000
4.171718000	0.137047000
4.171731000	0.136937000
4.171736000	0.136092000
4.171739000	0.136075000
4.186576000	0.135854000
4.194651000	0.143866000
4.209587000	0.158705000
4.209618000	0.158645000
4.209623000	0.158583000
4.209627000	0.158519000
4.209631000	0.158454000
4.209658000	0.158014000
4.209668000	0.157990000
4.209680000	0.157949000
4.209685000	0.157901000
4.209690000	0.143127000
4.209693000	0.135158000
4.232728000	0.151102000
4.232744000	0.151080000
4.232751000	0.150946000
4.232757000	0.150125000
4.232762000	0.150081000
4.232767000	0.149962000
4.232773000	0.149852000
4.232778000	0.149765000
4.232783000	0.149735000
4.232788000	0.133165000
4.259629000	0.152942000
4.259641000	0.152904000
4.266636000	0.159799000
4.266703000	0.159816000
4.266709000	0.159753000
4.267596000	0.125994000
4.298567000	0.141933000
4.298600000	0.141934000
4.298605000	0.141848000
4.298609000	0.141772000
4.298744000	0.141826000
4.298755000	0.141756000
4.298760000	0.141680000
4.298763000	0.141602000
4.298767000	0.127042000
4.299558000	0.127803000
4.299569000	0.127678000
4.319746000	0.147787000
4.334729000	0.148147000
4.334744000	0.140070000
4.334749000	0.125140000
4.334752000	0.125089000
4.334757000	0.124930000
4.334767000	0.124903000
4.334771000	0.124857000
4.334775000	0.124808000
4.334778000	0.124758000
4.334783000	0.124710000
4.342609000	0.132484000
4.342641000	0.132463000
4.349641000	0.139410000
4.349654000	0.139370000
4.349659000	0.116918000
4.349664000	0.116756000
4.357580000	0.124616000
4.357613000	0.124554000
4.357619000	0.124471000
4.364606000	0.131367000
4.364644000	0.131316000
4.364651000	0.131232000
4.364655000	0.131145000
4.364659000	0.131111000
4.380662000	0.121024000
4.380675000	0.121014000
4.380679000	0.114015000
4.380683000	0.113940000
4.380694000	0.113864000
4.395728000	0.128123000
4.412608000	0.114012000
4.439587000	0.140960000
4.439604000	0.140852000
4.446613000	0.147046000
4.446648000	0.147049000
4.446653000	0.146955000
4.446657000	0.146878000
4.446660000	0.146800000
4.446664000	0.146721000
4.446668000	0.146689000
4.446671000	0.146637000
4.446675000	0.126920000
4.447660000	0.112920000
4.447671000	0.112868000
4.455644000	0.120735000
4.462562000	0.127565000
4.462574000	0.127504000
4.462587000	0.127447000
4.463486000	0.128296000
4.471635000	0.136391000
4.478663000	0.143366000
4.478696000	0.143344000
4.478701000	0.136065000
4.478705000	0.136021000
4.478708000	0.129057000
4.494727000	0.145045000
4.494739000	0.144933000
4.494752000	0.144830000
4.494756000	0.137148000
4.494760000	0.137112000
4.495712000	0.137969000
4.495744000	0.131106000
4.495748000	0.131063000
4.496633000	0.131904000
4.504583000	0.139803000
4.511550000	0.146717000
4.511739000	0.131067000
4.511755000	0.131035000
4.511762000	0.130898000
4.511767000	0.130844000
4.527646000	0.146672000
4.550572000	0.154835000
4.557683000	0.145065000
4.557694000	0.118094000
4.558599000	0.118953000
4.566554000	0.119911000
4.573502000	0.126809000
4.581549000	0.134762000
4.588655000	0.141787000
4.588683000	0.141734000
4.588687000	0.141657000
4.588690000	0.141603000
4.588694000	0.141538000
4.588697000	0.141491000
4.588701000	0.141033000
4.596582000	0.148893000
4.603757000	0.148104000
4.603768000	0.141197000
4.603773000	0.141080000
4.603782000	0.141008000
4.603786000	0.140261000
4.604676000	0.133015000
4.604709000	0.126022000
4.612600000	0.133877000
4.619607000	0.140787000
4.619637000	0.140728000
4.619658000	0.140682000
4.635549000	0.140816000
4.642650000	0.147750000
4.642663000	0.147712000
4.642669000	0.147641000
4.642673000	0.147570000
4.642676000	0.146941000
4.642680000	0.146905000
4.642683000	0.146811000
4.642687000	0.146037000
4.642691000	0.138085000
4.643669000	0.132108000
4.649617000	0.137870000
4.649630000	0.137713000
4.649634000	0.137637000
4.667633000	0.155590000
4.674609000	0.146956000
4.675598000	0.125019000
4.682699000	0.125010000
4.697574000	0.139864000
4.726697000	0.168090000
4.726709000	0.160131000
4.726713000	0.153186000
4.726723000	0.145151000
4.726727000	0.138066000
4.726730000	0.138012000
4.726734000	0.137967000
4.726737000	0.137911000
4.726741000	0.137870000
4.727557000	0.138633000
4.735458000	0.146482000
4.742655000	0.146050000
4.742667000	0.138905000
4.742671000	0.138748000
4.742675000	0.138695000
4.743618000	0.139546000
4.743633000	0.139511000
4.743640000	0.138941000
4.751477000	0.146740000
4.758675000	0.146051000
4.758687000	0.139059000
4.758693000	0.139007000
4.766537000	0.146797000
4.773559000	0.137981000
4.773780000	0.131123000
4.773792000	0.131086000
4.773797000	0.131038000
4.773801000	0.130991000
4.773804000	0.130942000
4.774541000	0.131626000
4.774572000	0.131603000
4.774579000	0.131558000
4.781630000	0.138556000
4.781664000	0.137973000
4.796724000	0.147101000
4.796736000	0.147087000
4.796740000	0.146988000
4.796744000	0.129102000
4.811629000	0.137014000
4.811644000	0.136022000
4.826577000	0.143870000
4.841606000	0.144025000
4.866603000	0.139900000
4.866615000	0.139857000
4.866619000	0.139734000
4.866623000	0.139698000
4.866629000	0.139607000
4.866632000	0.139520000
4.866636000	0.139458000
4.881658000	0.154406000
4.881671000	0.154367000
4.881684000	0.154327000
4.881688000	0.154119000
4.881692000	0.146214000
4.881695000	0.139031000
4.881698000	0.139001000
4.896625000	0.153826000
4.896632000	0.153736000
4.896637000	0.153008000
4.896642000	0.152979000
4.896646000	0.152920000
4.919668000	0.168151000
4.919674000	0.160990000
4.926650000	0.167939000
4.926656000	0.167838000
4.926661000	0.160098000
4.926666000	0.153080000
4.926674000	0.152885000
4.926679000	0.152857000
4.926683000	0.152762000
4.927586000	0.153561000
4.927603000	0.153487000
4.927608000	0.153041000
4.927613000	0.153013000
4.935609000	0.160956000
4.935625000	0.153967000
4.935630000	0.153924000
4.942658000	0.145925000
4.942664000	0.145770000
4.943547000	0.146590000
4.958693000	0.161640000
4.958699000	0.147058000
4.958703000	0.147030000
4.973774000	0.147188000
4.999606000	0.157991000
5.006782000	0.140170000
5.006789000	0.140017000
5.006794000	0.139965000
5.007564000	0.140633000
5.007570000	0.140550000
5.007574000	0.140462000
5.015655000	0.148479000
5.015672000	0.134005000
5.015677000	0.133960000
5.023587000	0.141762000
5.046588000	0.164676000
5.046594000	0.164597000
5.121673000	0.074744000
