2.077564000	0.449755000
2.361655000	0.283445000
2.361671000	0.283450000
2.361682000	0.283387000
2.361693000	0.283390000
2.362603000	0.284228000
2.362614000	0.284233000
2.376582000	0.298064000
2.811570000	0.449905000
2.811606000	0.449938000
2.818708000	0.456098000
2.818726000	0.456077000
2.818740000	0.456088000
2.818750000	0.456004000
2.818756000	0.456004000
2.818761000	0.455930000
2.827498000	0.464660000
2.827547000	0.464624000
2.827560000	0.464631000
2.827568000	0.464603000
2.827582000	0.464614000
2.827589000	0.464571000
2.827597000	0.464576000
2.858556000	0.481944000
2.858608000	0.481991000
3.141666000	0.330069000
3.141690000	0.330088000
3.141697000	0.330031000
3.141704000	0.330035000
3.142497000	0.323777000
3.142535000	0.323812000
3.142549000	0.323694000
3.142555000	0.323696000
3.143555000	0.324638000
3.158614000	0.339694000
3.158667000	0.339704000
3.158689000	0.339722000
3.158694000	0.339677000
3.158699000	0.339680000
3.158704000	0.339634000
3.158709000	0.339637000
3.158713000	0.331179000
3.159617000	0.332076000
3.159637000	0.331880000
3.159662000	0.331902000
3.159667000	0.331850000
3.160595000	0.332774000
3.175585000	0.347706000
3.175625000	0.347742000
3.175632000	0.347707000
3.175651000	0.347722000
3.175656000	0.347675000
3.175661000	0.347677000
3.175665000	0.347629000
3.175669000	0.347629000
3.175674000	0.317076000
3.184571000	0.325967000
3.184588000	0.325889000
3.184594000	0.325892000
3.486633000	0.344953000
3.495571000	0.353888000
3.495602000	0.353876000
3.495635000	0.353906000
3.495643000	0.353810000
3.495657000	0.353821000
3.495671000	0.353754000
3.495679000	0.353154000
3.495682000	0.353000000
3.510492000	0.367761000
3.510549000	0.367720000
3.510647000	0.367069000
3.510678000	0.352022000
3.510684000	0.351953000
3.510699000	0.351888000
3.510706000	0.351887000
3.511502000	0.352618000
3.519636000	0.360749000
3.526473000	0.367515000
3.526642000	0.367681000
3.526654000	0.367644000
3.526660000	0.367647000
3.526677000	0.367614000
3.526685000	0.367568000
3.526689000	0.367059000
3.527560000	0.367765000
3.527592000	0.367768000
3.527597000	0.367720000
3.528542000	0.367935000
3.543648000	0.368033000
3.543695000	0.368004000
3.543700000	0.367914000
3.543715000	0.367836000
3.543718000	0.367748000
3.543722000	0.367660000
3.543725000	0.367572000
3.544493000	0.368298000
3.544599000	0.368350000
3.553575000	0.368993000
3.568557000	0.383931000
3.568604000	0.383877000
3.600688000	0.415958000
3.870629000	0.383967000
3.886701000	0.391103000
3.894564000	0.398854000
3.901690000	0.405888000
3.901706000	0.405844000
3.901711000	0.405797000
3.901715000	0.405748000
3.901718000	0.405697000
3.902503000	0.406429000
3.902535000	0.406409000
3.902540000	0.406361000
3.919662000	0.409132000
3.919682000	0.409116000
3.919688000	0.409119000
3.926716000	0.416048000
3.926745000	0.416072000
3.926754000	0.416032000
3.926758000	0.416034000
3.926762000	0.415944000
3.926765000	0.415941000
3.926768000	0.415859000
3.926770000	0.415855000
3.926773000	0.415798000
3.926776000	0.415258000
3.926779000	0.407120000
3.926782000	0.400288000
3.926785000	0.400135000
3.927537000	0.400879000
3.927548000	0.400832000
3.927571000	0.400852000
3.927585000	0.400825000
3.927589000	0.400826000
3.927592000	0.400780000
3.927708000	0.400893000
3.935670000	0.408087000
3.942541000	0.414954000
3.942570000	0.414947000
3.942579000	0.414952000
3.942596000	0.414882000
3.942599000	0.414878000
3.942603000	0.414052000
3.943505000	0.414951000
3.951617000	0.407944000
3.958644000	0.414966000
3.958687000	0.414824000
3.958695000	0.414828000
3.958699000	0.414791000
3.958702000	0.414791000
3.958705000	0.414705000
3.958709000	0.414703000
3.958712000	0.414631000
3.958715000	0.414628000
3.958718000	0.414549000
3.959480000	0.415305000
3.959505000	0.415245000
3.959515000	0.415249000
3.959521000	0.415014000
3.959524000	0.415014000
3.959527000	0.414922000
3.959687000	0.415079000
3.959699000	0.406101000
3.960441000	0.406838000
3.960548000	0.391967000
3.960556000	0.391971000
3.975672000	0.407029000
3.975702000	0.407057000
4.023625000	0.422931000
4.282563000	0.411927000
4.290484000	0.419845000
4.312590000	0.425882000
4.312625000	0.425914000
4.312672000	0.418086000
4.312679000	0.418088000
4.313578000	0.411882000
4.313590000	0.411891000
4.321498000	0.419764000
4.321511000	0.419774000
4.328603000	0.426768000
4.328630000	0.426792000
4.328637000	0.426710000
4.328641000	0.426708000
4.328705000	0.426699000
4.328713000	0.426700000
4.328720000	0.426195000
4.328724000	0.426194000
4.328727000	0.426161000
4.328737000	0.426167000
4.328740000	0.426076000
4.328744000	0.426074000
4.329583000	0.409908000
4.329629000	0.409920000
4.339572000	0.412834000
4.339604000	0.412803000
4.339609000	0.412739000
4.346651000	0.419712000
4.346687000	0.419677000
4.346692000	0.419633000
4.346696000	0.419583000
4.346700000	0.419148000
4.346722000	0.419004000
4.346730000	0.418937000
4.362590000	0.426896000
4.369660000	0.427084000
4.369683000	0.427052000
4.376508000	0.433781000
4.376539000	0.424898000
4.376544000	0.417852000
4.376548000	0.417812000
4.376552000	0.417717000
4.376627000	0.417729000
4.376639000	0.417629000
4.376643000	0.417131000
4.376650000	0.417107000
4.377501000	0.417805000
4.377522000	0.417682000
4.377526000	0.416973000
4.399618000	0.423923000
4.437643000	0.414011000
4.741560000	0.451049000
4.741759000	0.429126000
4.759565000	0.446835000
4.766513000	0.452917000
4.767455000	0.445940000
4.767481000	0.438847000
4.767503000	0.438844000
4.782610000	0.453892000
4.782644000	0.453881000
4.782650000	0.453760000
4.782655000	0.453718000
4.782671000	0.453037000
4.782680000	0.443084000
4.782683000	0.443056000
4.782687000	0.442938000
4.782691000	0.436013000
4.783510000	0.436758000
4.799502000	0.452657000
4.799535000	0.452597000
4.806666000	0.459662000
4.806677000	0.459598000
4.806682000	0.459528000
4.806685000	0.459480000
4.806689000	0.444070000
4.806693000	0.437022000
4.813572000	0.443869000
4.813634000	0.437099000
4.813651000	0.437056000
4.813657000	0.437021000
4.813661000	0.436976000
4.813666000	0.436929000
4.839512000	0.462722000
4.839549000	0.462706000
4.839554000	0.462659000
4.846585000	0.469637000
4.846620000	0.469101000
4.846625000	0.469065000
4.846629000	0.468938000
4.846648000	0.447019000
4.886787000	0.449132000
5.283724000	0.542136000
5.283747000	0.541961000
5.307505000	0.547930000
5.314634000	0.548093000
5.329639000	0.562162000
5.329684000	0.562173000
5.329689000	0.562127000
5.329697000	0.547057000
5.329705000	0.546989000
5.329709000	0.546898000
5.337472000	0.554594000
5.344606000	0.561653000
5.344638000	0.561607000
5.344643000	0.561562000
5.344647000	0.561510000
5.344651000	0.561462000
5.344666000	0.561144000
5.353482000	0.553951000
5.360527000	0.560961000
5.360571000	0.553896000
5.360576000	0.553746000
5.360580000	0.553701000
5.361579000	0.554629000
5.376512000	0.569512000
5.376545000	0.569491000
5.376550000	0.562945000
5.376568000	0.562863000
5.376576000	0.562834000
5.376583000	0.562782000
5.385598000	0.571742000
5.392651000	0.578754000
5.392682000	0.553138000
5.392701000	0.553118000
5.392705000	0.553022000
5.392709000	0.546093000
5.392721000	0.546024000
5.392725000	0.545933000
5.407492000	0.560627000
5.407550000	0.560616000
5.445586000	0.558789000
5.800499000	0.516765000
5.800562000	0.516792000
5.823607000	0.516078000
5.824513000	0.509863000
5.830623000	0.500960000
5.830644000	0.500913000
5.859484000	0.529663000
5.859551000	0.529685000
5.859570000	0.529654000
5.866624000	0.536655000
5.866638000	0.529143000
5.866643000	0.522014000
5.866646000	0.521954000
5.866654000	0.521869000
5.866657000	0.521786000
5.866785000	0.521823000
5.866814000	0.521761000
5.867492000	0.513985000
5.867506000	0.506956000
5.867517000	0.506922000
5.867521000	0.506836000
5.867584000	0.506818000
5.879567000	0.517965000
5.879579000	0.503044000
5.899706000	0.523101000
5.906589000	0.529940000
5.906623000	0.529919000
5.906629000	0.529828000
5.922576000	0.545663000
5.939597000	0.553976000
5.939618000	0.546945000
5.946540000	0.553791000
5.946557000	0.553719000
5.961592000	0.568661000
5.961624000	0.568599000
5.961642000	0.568526000
5.961647000	0.568440000
5.961651000	0.554138000
5.970662000	0.563075000
5.999643000	0.591965000
6.021622000	0.576008000
6.406660000	0.606121000
6.406673000	0.606061000
6.409465000	0.585848000
6.439627000	0.615105000
6.439646000	0.609011000
6.440442000	0.609762000
6.440464000	0.580943000
6.448462000	0.588896000
6.448500000	0.588884000
6.455528000	0.588896000
6.455565000	0.588892000
6.455589000	0.588784000
6.455594000	0.588756000
6.456615000	0.589724000
6.456627000	0.589682000
6.479532000	0.612534000
6.479574000	0.612521000
6.479581000	0.612080000
6.486595000	0.619061000
6.486607000	0.619018000
6.486616000	0.618976000
6.486620000	0.618926000
6.486623000	0.618875000
6.486627000	0.607050000
6.486631000	0.607021000
6.486635000	0.586919000
6.487654000	0.581035000
6.487668000	0.581010000
6.487672000	0.580921000
6.487675000	0.565069000
6.487688000	0.548076000
6.488499000	0.548851000
6.488510000	0.541960000
6.519512000	0.572936000
6.526654000	0.565034000
6.526670000	0.565001000
6.526676000	0.564913000
6.526682000	0.564838000
6.526687000	0.564759000
6.526699000	0.556008000
6.527597000	0.527922000
6.559599000	0.537971000
6.589619000	0.567987000
6.926707000	0.520037000
6.942586000	0.535864000
6.967676000	0.558197000
6.968577000	0.528942000
6.968631000	0.528949000
6.991584000	0.551127000
6.999565000	0.559060000
6.999602000	0.551114000
6.999609000	0.551072000
7.006621000	0.558030000
7.006693000	0.551138000
7.006716000	0.550968000
7.006738000	0.550952000
7.006758000	0.550859000
7.007476000	0.550851000
7.007523000	0.550789000
7.007527000	0.527959000
7.007531000	0.527926000
7.007534000	0.527874000
7.022671000	0.536069000
7.022688000	0.536040000
7.022732000	0.535989000
7.023550000	0.536749000
7.031616000	0.544747000
7.031633000	0.544695000
7.038648000	0.551659000
7.038714000	0.551671000
7.039545000	0.551883000
7.039620000	0.551906000
7.048571000	0.560807000
7.048592000	0.560769000
7.056516000	0.568644000
7.063573000	0.575649000
7.063592000	0.575084000
7.063672000	0.575130000
7.063677000	0.544133000
7.064594000	0.537928000
7.065569000	0.538818000
7.080542000	0.553736000
7.080653000	0.553804000
7.080658000	0.553752000
7.081711000	0.554758000
7.081763000	0.554143000
7.098519000	0.538891000
7.146715000	0.587081000
7.244667000	0.655042000
7.419540000	0.492819000
7.426504000	0.483893000
7.442558000	0.474858000
7.457608000	0.489014000
7.457615000	0.488885000
7.457638000	0.466044000
7.457642000	0.465949000
7.458611000	0.459014000
7.458617000	0.458982000
7.458621000	0.458931000
7.458625000	0.451978000
7.479531000	0.472719000
7.479537000	0.472681000
7.486633000	0.479725000
7.486650000	0.479690000
7.486654000	0.479165000
7.486659000	0.479112000
7.486663000	0.479063000
7.486667000	0.479014000
7.486673000	0.478967000
7.486696000	0.478987000
7.846702000	0.343945000
