7.931937000	0.032941000
7.972231000	0.034792000
7.972269000	0.034820000
7.976901000	0.039376000
7.976932000	0.039399000
7.979915000	0.042302000
7.979939000	0.042321000
7.979965000	0.042263000
7.979975000	0.042268000
7.980069000	0.042280000
7.980079000	0.042284000
8.006888000	0.034630000
8.006923000	0.034659000
8.011890000	0.039597000
8.011922000	0.039626000
8.016953000	0.040031000
8.016985000	0.040057000
8.021908000	0.044953000
8.021939000	0.044981000
8.026877000	0.046946000
8.026907000	0.046972000
8.029979000	0.050010000
8.030011000	0.050039000
8.030023000	0.050003000
8.030031000	0.050008000
8.030034000	0.049960000
8.030041000	0.049965000
8.030139000	0.050015000
8.030151000	0.050025000
8.030256000	0.050080000
8.030291000	0.050113000
8.036969000	0.030056000
8.041983000	0.035065000
8.042013000	0.035067000
8.042964000	0.036015000
8.042997000	0.031085000
8.043002000	0.031085000
8.043006000	0.030989000
8.043009000	0.030988000
8.046925000	0.029950000
8.046957000	0.029977000
8.051887000	0.034843000
8.051919000	0.034871000
8.053043000	0.031113000
8.053075000	0.031140000
8.053100000	0.031122000
8.053112000	0.031131000
8.056939000	0.030041000
8.061953000	0.035051000
8.061985000	0.035054000
8.062907000	0.035973000
8.062945000	0.032944000
8.062957000	0.032951000
8.062963000	0.032818000
8.062967000	0.032819000
8.066875000	0.036597000
8.066905000	0.036620000
8.069939000	0.039616000
8.069971000	0.039643000
8.069980000	0.039602000
8.070086000	0.039704000
8.070116000	0.039681000
8.071915000	0.041476000
8.071947000	0.041456000
8.072986000	0.042491000
8.073017000	0.042467000
8.073025000	0.042421000
8.073029000	0.042372000
8.073032000	0.036037000
8.074934000	0.032925000
8.074967000	0.032923000
8.074972000	0.031980000
8.076906000	0.033870000
8.076937000	0.033859000
8.081913000	0.038782000
8.081966000	0.038726000
8.082907000	0.035954000
8.082953000	0.035965000
8.082960000	0.031046000
8.082968000	0.031022000
8.082973000	0.031023000
8.086960000	0.033895000
8.086992000	0.033922000
8.087003000	0.033897000
8.091911000	0.038802000
8.091943000	0.038744000
8.092939000	0.039737000
8.092969000	0.039702000
8.092979000	0.039706000
8.092983000	0.036021000
8.093046000	0.036079000
8.094940000	0.032965000
8.096944000	0.034964000
8.096976000	0.034985000
8.101935000	0.039875000
8.101966000	0.039034000
8.102935000	0.039996000
8.102966000	0.040013000
8.102977000	0.039991000
8.102981000	0.039990000
8.102985000	0.039990000
8.102994000	0.039952000
8.104951000	0.041905000
8.104984000	0.041934000
8.104996000	0.041898000
8.105000000	0.038105000
8.105004000	0.038104000
8.105141000	0.038222000
8.105176000	0.038242000
8.105182000	0.035221000
8.105189000	0.035223000
8.106874000	0.036897000
8.106917000	0.036920000
8.106928000	0.036928000
8.109912000	0.039909000
8.109935000	0.039829000
8.109963000	0.039852000
8.109973000	0.039853000
8.110015000	0.039858000
8.110025000	0.038088000
8.110034000	0.038092000
8.110041000	0.038089000
8.110120000	0.038038000
8.110131000	0.037124000
8.110172000	0.037160000
8.110184000	0.037137000
8.110198000	0.037145000
8.110274000	0.037097000
8.111869000	0.038577000
8.111914000	0.038614000
8.120980000	0.047563000
8.121018000	0.047486000
8.121033000	0.047486000
8.121037000	0.046077000
8.121040000	0.046042000
8.121252000	0.046249000
8.121274000	0.046222000
8.121278000	0.044310000
8.121286000	0.044310000
8.121290000	0.044263000
8.121293000	0.039344000
8.121300000	0.039340000
8.122165000	0.040003000
8.122200000	0.040031000
8.122903000	0.039964000
8.122935000	0.039988000
8.122950000	0.039950000
8.122957000	0.039909000
8.123025000	0.039973000
8.123052000	0.039996000
8.124876000	0.041817000
8.124931000	0.041829000
8.124948000	0.041842000
8.124961000	0.041851000
8.125044000	0.041930000
8.125060000	0.038078000
8.125074000	0.038087000
8.125087000	0.038090000
8.125104000	0.038104000
8.125110000	0.038089000
8.125115000	0.038091000
8.125181000	0.033247000
8.125196000	0.033257000
8.125210000	0.033260000
8.126909000	0.034956000
8.126932000	0.033972000
8.127172000	0.034207000
8.131883000	0.038909000
8.131920000	0.038943000
8.132896000	0.039899000
8.132950000	0.039950000
8.132967000	0.039964000
8.132981000	0.039931000
8.132994000	0.039941000
8.134943000	0.041887000
8.134981000	0.040019000
8.135007000	0.040040000
8.135021000	0.038054000
8.135031000	0.038059000
8.135040000	0.038058000
8.135107000	0.038123000
8.135123000	0.033166000
8.135136000	0.033174000
8.135149000	0.033177000
8.136940000	0.034965000
8.136973000	0.034017000
8.139929000	0.036968000
8.139960000	0.036989000
8.141979000	0.039005000
8.142011000	0.038848000
8.142942000	0.039775000
8.142974000	0.039804000
8.142987000	0.039814000
8.142997000	0.039788000
8.143006000	0.039794000
8.143010000	0.039795000
8.144933000	0.041715000
8.144963000	0.039990000
8.144973000	0.039995000
8.144983000	0.039993000
8.144992000	0.039999000
8.145005000	0.039987000
8.145056000	0.040035000
8.145067000	0.040043000
8.145108000	0.040081000
8.145120000	0.039960000
8.145162000	0.039997000
8.145179000	0.040011000
8.145193000	0.040023000
8.145207000	0.040020000
8.145274000	0.039972000
8.145290000	0.039982000
8.145326000	0.040015000
8.145341000	0.040027000
8.145355000	0.040038000
8.145369000	0.038460000
8.145443000	0.038530000
8.146890000	0.039968000
8.146914000	0.039989000
8.149909000	0.042976000
8.149939000	0.042994000
8.149950000	0.040023000
8.149960000	0.040030000
8.149970000	0.040031000
8.149994000	0.040052000
8.150044000	0.040077000
8.150047000	0.040077000
8.150303000	0.040326000
8.150325000	0.040346000
8.150339000	0.040319000
8.150352000	0.040330000
8.150366000	0.040337000
8.150376000	0.040344000
8.150381000	0.040343000
8.150386000	0.040316000
8.150392000	0.040319000
8.150397000	0.040322000
8.151948000	0.041823000
8.151980000	0.041852000
8.153018000	0.042883000
8.153049000	0.042907000
8.153061000	0.042883000
8.153071000	0.042890000
8.153082000	0.042892000
8.156910000	0.046718000
8.156951000	0.046756000
8.161978000	0.051681000
8.162016000	0.051713000
8.162986000	0.052642000
8.163024000	0.052674000
8.163041000	0.051148000
8.163046000	0.051142000
8.163050000	0.051126000
8.163182000	0.051236000
8.164906000	0.043904000
8.166935000	0.045925000
8.166972000	0.045713000
8.169955000	0.048690000
8.169994000	0.048547000
8.170029000	0.048539000
8.182986000	0.057793000
8.183098000	0.050175000
8.183111000	0.050124000
8.191915000	0.058914000
8.191932000	0.056964000
8.192916000	0.057927000
8.193211000	0.058197000
8.193228000	0.058201000
8.193233000	0.058162000
8.193238000	0.058159000
8.196919000	0.061803000
8.196935000	0.061806000
8.199955000	0.064813000
8.201914000	0.066759000
8.201932000	0.064969000
8.202918000	0.062968000
8.202935000	0.060929000
8.203179000	0.060198000
8.203190000	0.060196000
8.203198000	0.060194000
8.203203000	0.060118000
8.204878000	0.059920000
8.204892000	0.059921000
8.205140000	0.055182000
8.211910000	0.061943000
8.211929000	0.061929000
8.212896000	0.062890000
8.213153000	0.063080000
8.213163000	0.063081000
8.213167000	0.062846000
8.213171000	0.062836000
8.216909000	0.066560000
8.216925000	0.066562000
8.219942000	0.069522000
8.221911000	0.059900000
8.221941000	0.059917000
8.222959000	0.060929000
8.222974000	0.059961000
8.223220000	0.060202000
8.223234000	0.060201000
8.223239000	0.060201000
8.223243000	0.060174000
8.226935000	0.063861000
8.226952000	0.063745000
8.231949000	0.068733000
8.231964000	0.068742000
8.232938000	0.069711000
8.232954000	0.069446000
8.232959000	0.069444000
8.233198000	0.068266000
8.233212000	0.063233000
8.233223000	0.063236000
8.236914000	0.066911000
8.236932000	0.066923000
8.239918000	0.069884000
8.240189000	0.070137000
8.240207000	0.070150000
8.240220000	0.070157000
8.240226000	0.070068000
8.240232000	0.070068000
8.240237000	0.070068000
8.241934000	0.057507000
8.241983000	0.057553000
8.246948000	0.062513000
8.246960000	0.062523000
8.249956000	0.065516000
8.249973000	0.065530000
8.249977000	0.065532000
8.250249000	0.065566000
8.250265000	0.065577000
8.250270000	0.065579000
8.250274000	0.065581000
8.250278000	0.065582000
8.250281000	0.065582000
8.250285000	0.065583000
8.250289000	0.065585000
8.251914000	0.067207000
8.251932000	0.067222000
8.254938000	0.070225000
8.254955000	0.069981000
8.254959000	0.069979000
8.255231000	0.070248000
8.255248000	0.070263000
8.255252000	0.070264000
8.255256000	0.070265000
8.255260000	0.070266000
8.255264000	0.070268000
8.256893000	0.071894000
8.256908000	0.071906000
8.261906000	0.076901000
8.261923000	0.076681000
8.261927000	0.076676000
8.265000000	0.079746000
8.265017000	0.079760000
8.265022000	0.079762000
8.265026000	0.079764000
8.265318000	0.080053000
8.265334000	0.080067000
8.265339000	0.080069000
8.265343000	0.080070000
8.316918000	0.029843000
