0.039981000	0.039941000
0.072878000	0.032454000
0.072925000	0.032489000
0.076953000	0.036447000
0.077055000	0.036541000
0.077067000	0.036478000
0.077108000	0.036513000
0.077119000	0.036444000
0.077963000	0.037282000
0.077997000	0.037237000
0.082917000	0.042151000
0.107911000	0.035009000
0.107949000	0.035042000
0.109938000	0.037007000
0.109972000	0.037038000
0.109979000	0.033007000
0.109985000	0.033009000
0.109990000	0.032928000
0.112867000	0.035802000
0.112900000	0.035787000
0.117952000	0.040836000
0.117985000	0.040820000
0.117991000	0.040823000
0.119978000	0.042762000
0.120011000	0.042793000
0.120018000	0.042030000
0.120023000	0.042030000
0.120149000	0.042109000
0.120900000	0.042842000
0.120938000	0.037991000
0.120945000	0.037992000
0.142972000	0.035032000
0.143006000	0.035062000
0.144988000	0.037014000
0.145022000	0.037046000
0.145128000	0.035164000
0.145161000	0.035192000
0.145168000	0.035160000
0.147921000	0.037909000
0.147955000	0.037855000
0.151033000	0.040928000
0.151065000	0.040886000
0.151070000	0.040885000
0.151075000	0.040815000
0.151079000	0.040814000
0.151083000	0.038192000
0.151099000	0.038203000
0.152916000	0.039992000
0.152947000	0.040021000
0.155952000	0.037976000
0.155992000	0.038011000
0.156001000	0.037996000
0.156009000	0.038001000
0.156106000	0.037985000
0.156147000	0.038019000
0.157938000	0.037935000
0.157997000	0.037990000
0.161008000	0.040971000
0.161041000	0.041001000
0.161051000	0.040880000
0.161056000	0.040881000
0.161061000	0.040820000
0.161065000	0.040820000
0.161076000	0.040730000
0.161089000	0.040737000
0.161165000	0.040148000
0.161200000	0.040138000
0.181071000	0.038074000
0.181086000	0.038052000
0.181096000	0.036083000
0.181102000	0.036058000
0.181123000	0.035966000
0.182903000	0.037625000
0.182924000	0.034977000
0.185873000	0.037818000
0.190920000	0.042862000
0.190981000	0.039925000
0.191000000	0.039939000
0.191012000	0.039908000
0.191018000	0.039911000
0.191149000	0.039998000
0.191181000	0.040027000
0.191199000	0.039926000
0.191204000	0.039925000
0.191209000	0.039821000
0.192879000	0.041486000
0.192954000	0.041455000
0.197910000	0.046406000
0.197942000	0.046332000
0.199034000	0.047418000
0.199067000	0.046129000
0.199078000	0.046135000
0.199089000	0.046119000
0.199094000	0.046121000
0.199098000	0.043117000
0.199261000	0.043274000
0.199281000	0.043252000
0.199285000	0.043253000
0.199289000	0.043161000
0.199294000	0.043156000
0.199298000	0.043036000
0.199302000	0.043033000
0.199306000	0.043007000
0.199375000	0.043073000
0.199393000	0.043044000
0.199397000	0.043045000
0.199402000	0.041440000
0.199406000	0.041440000
0.199436000	0.041430000
0.199524000	0.041516000
0.199559000	0.038526000
0.199565000	0.038528000
0.199569000	0.038521000
0.199573000	0.038492000
0.199577000	0.038493000
0.199640000	0.038553000
0.202911000	0.041722000
0.202944000	0.041748000
0.232940000	0.051859000
0.235936000	0.054806000
0.235974000	0.054840000
0.235981000	0.054720000
0.235993000	0.054704000
0.235999000	0.054339000
0.236019000	0.054308000
0.241018000	0.059249000
0.242941000	0.060022000
0.247951000	0.064992000
0.247986000	0.065022000
0.248087000	0.065073000
0.248933000	0.065868000
0.248967000	0.057974000
0.248981000	0.057934000
0.248989000	0.056081000
0.249001000	0.049731000
0.252869000	0.053423000
0.252903000	0.053257000
0.255960000	0.056257000
0.255996000	0.056238000
0.256002000	0.056144000
0.257928000	0.058017000
0.257962000	0.058000000
0.257966000	0.057999000
0.258965000	0.058993000
0.258994000	0.056058000
0.259002000	0.056051000
0.259005000	0.056049000
0.286443000	0.053492000
0.286457000	0.053500000
0.286462000	0.050501000
0.286485000	0.050517000
0.286496000	0.050480000
0.286538000	0.050241000
0.286552000	0.050253000
0.286556000	0.050138000
0.286591000	0.050168000
0.287898000	0.051472000
0.287912000	0.051484000
0.288909000	0.052478000
0.288927000	0.052427000
0.288939000	0.052432000
0.288953000	0.052444000
0.289018000	0.052506000
0.289031000	0.052517000
0.292940000	0.056399000
0.292967000	0.056423000
0.295953000	0.059406000
0.296046000	0.059497000
0.296071000	0.059478000
0.296106000	0.059510000
0.296115000	0.059517000
0.296196000	0.059595000
0.296223000	0.059578000
0.296231000	0.059583000
0.296237000	0.059586000
0.296241000	0.059588000
0.296245000	0.059589000
0.296345000	0.059648000
0.296372000	0.059672000
0.296380000	0.059677000
0.296384000	0.059679000
0.297947000	0.061197000
0.297978000	0.061225000
0.297983000	0.061228000
0.298940000	0.062182000
0.298958000	0.062156000
0.298965000	0.062160000
0.298971000	0.062164000
0.299002000	0.062193000
0.300958000	0.064146000
0.300988000	0.064134000
0.301008000	0.064152000
0.301018000	0.064159000
0.301064000	0.064202000
0.301077000	0.064171000
0.301090000	0.064181000
0.301096000	0.064185000
0.301176000	0.064262000
0.301189000	0.064230000
0.302958000	0.065996000
0.302978000	0.066014000
0.305959000	0.068993000
0.305975000	0.069007000
0.306168000	0.065137000
0.306175000	0.065142000
0.306212000	0.065176000
0.306221000	0.065183000
0.306228000	0.065187000
0.306266000	0.065074000
0.306319000	0.065124000
0.306373000	0.065176000
0.306385000	0.065185000
0.306392000	0.065190000
0.306485000	0.063532000
0.307892000	0.064936000
0.307925000	0.064967000
0.308910000	0.065949000
0.309063000	0.061086000
0.309072000	0.061091000
0.318965000	0.070974000
0.318992000	0.070953000
0.319000000	0.070908000
0.319107000	0.071012000
0.319133000	0.070177000
0.319141000	0.070179000
0.319145000	0.070167000
0.319148000	0.070122000
0.319158000	0.070128000
0.319166000	0.070133000
0.319247000	0.070166000
0.319273000	0.070188000
0.319304000	0.070216000
0.319315000	0.070178000
0.319392000	0.070251000
0.319418000	0.070274000
0.319555000	0.070363000
0.319608000	0.070412000
0.319616000	0.070417000
0.319622000	0.070376000
0.319626000	0.070377000
0.319629000	0.070377000
0.319632000	0.070333000
0.319635000	0.070332000
0.319637000	0.070331000
0.319640000	0.070286000
0.319715000	0.070358000
0.319724000	0.070364000
0.319727000	0.070319000
0.319730000	0.070318000
0.319823000	0.070408000
0.319831000	0.070369000
0.319876000	0.070411000
0.319884000	0.070415000
0.320144000	0.070627000
0.320151000	0.070630000
0.320198000	0.070674000
0.320208000	0.070638000
0.320211000	0.070637000
0.320214000	0.070637000
0.320218000	0.070593000
0.320221000	0.070593000
0.320223000	0.070592000
0.322948000	0.073269000
0.322974000	0.073292000
0.322981000	0.070092000
0.325942000	0.073049000
0.325973000	0.073077000
0.325983000	0.073058000
0.325988000	0.073060000
0.326056000	0.073125000
0.326068000	0.072999000
0.326112000	0.073039000
0.326126000	0.073051000
0.326135000	0.073011000
0.326140000	0.073014000
0.326165000	0.073036000
0.327956000	0.074796000
0.327983000	0.074820000
0.329007000	0.075841000
0.329033000	0.075820000
0.329040000	0.075825000
0.329044000	0.073060000
0.329047000	0.073058000
0.329050000	0.073058000
0.331013000	0.074968000
0.331040000	0.074976000
0.331047000	0.074974000
0.331051000	0.074954000
0.331071000	0.074970000
0.331081000	0.074978000
0.331154000	0.075004000
0.331180000	0.075028000
0.331184000	0.075029000
0.331187000	0.074986000
0.331206000	0.075002000
0.331291000	0.075085000
0.331318000	0.075064000
0.331322000	0.075065000
0.331393000	0.075134000
0.331403000	0.075097000
0.331446000	0.075137000
0.331455000	0.075143000
0.331499000	0.073548000
0.331522000	0.073566000
0.331525000	0.073567000
0.331528000	0.073547000
0.331531000	0.073547000
0.331533000	0.073546000
0.331603000	0.073527000
0.331613000	0.073531000
0.331655000	0.073571000
0.331665000	0.073523000
0.331761000	0.072776000
0.331772000	0.072782000
0.331775000	0.072776000
0.331778000	0.072747000
0.331781000	0.072748000
0.331784000	0.072748000
0.331813000	0.072705000
0.331865000	0.072751000
0.357148000	0.070698000
0.357161000	0.070709000
0.357168000	0.070713000
0.357171000	0.070683000
0.357174000	0.070683000
0.357177000	0.070683000
0.357282000	0.070737000
0.357308000	0.070760000
0.357312000	0.070762000
0.357315000	0.070720000
0.357320000	0.070722000
0.357421000	0.070821000
0.357451000	0.070805000
0.357463000	0.070805000
0.357468000	0.070766000
0.357474000	0.070767000
0.357479000	0.070724000
0.357483000	0.070678000
0.357549000	0.070739000
0.366962000	0.079046000
0.367089000	0.078154000
0.367102000	0.078134000
0.367108000	0.078072000
0.374045000	0.081068000
0.374069000	0.078003000
0.374122000	0.078009000
0.374135000	0.077918000
0.374138000	0.077903000
0.374142000	0.077881000
0.374145000	0.077782000
0.374148000	0.077770000
0.374151000	0.076181000
0.374155000	0.076153000
0.374180000	0.075226000
0.374192000	0.075223000
0.374232000	0.075221000
0.374247000	0.073251000
0.374338000	0.073310000
0.374348000	0.073265000
0.374390000	0.073265000
0.374400000	0.073214000
0.374404000	0.071430000
0.374406000	0.068435000
0.374496000	0.068119000
0.376913000	0.070517000
0.377020000	0.069101000
0.377074000	0.069145000
0.378916000	0.069847000
0.378959000	0.059973000
0.378971000	0.059967000
0.378983000	0.059845000
0.380924000	0.061760000
0.380953000	0.061684000
0.380960000	0.061647000
0.380998000	0.061584000
0.381039000	0.061583000
0.381046000	0.061536000
0.381050000	0.061437000
0.381092000	0.061427000
0.381096000	0.061377000
0.381147000	0.061375000
0.381152000	0.061326000
0.381201000	0.061321000
0.381206000	0.061274000
0.381256000	0.061270000
0.382954000	0.059985000
0.383008000	0.060003000
0.385978000	0.059973000
0.385992000	0.059870000
0.386000000	0.059829000
0.386006000	0.059783000
0.386032000	0.058055000
0.386040000	0.057013000
0.386092000	0.057028000
0.386100000	0.056935000
0.386148000	0.055114000
0.387908000	0.056832000
0.387921000	0.056749000
0.387962000	0.056751000
0.388963000	0.057654000
0.398898000	0.066848000
0.416308000	0.059143000
0.416324000	0.058558000
0.416354000	0.058423000
0.430925000	0.063949000
0.430932000	0.063833000
0.430936000	0.063798000
0.435914000	0.068722000
0.436105000	0.062040000
0.436190000	0.061682000
0.436206000	0.061252000
0.436216000	0.060836000
0.436225000	0.060789000
0.436296000	0.059271000
0.437921000	0.060841000
0.438994000	0.060055000
0.446167000	0.065209000
0.502909000	0.036693000
