5.753622000	1388
5.753635000	2776
5.753667000	4164
5.753671000	5552
5.753716000	6940
5.753721000	8328
5.753762000	9716
5.753765000	11104
5.753815000	12492
5.753818000	13880
5.795024000	13880
5.795030000	15268
5.797062000	15268
5.797067000	16656
5.797104000	12492
5.797107000	13880
5.797201000	15268
5.797207000	16656
5.797287000	18044
5.797293000	19432
5.797375000	20820
5.797381000	22208
5.800015000	22208
5.800020000	23596
5.800048000	23596
5.800050000	24984
5.803068000	24984
5.803071000	26372
5.803113000	26372
5.803116000	27760
5.830032000	27760
5.830042000	29148
5.830074000	29148
5.830079000	30536
5.835048000	30536
5.835053000	31924
5.835082000	31924
5.835085000	33312
5.840008000	33312
5.840015000	34700
5.840056000	34700
5.840060000	36088
5.842035000	36088
5.842040000	37476
5.842069000	34700
5.842072000	36088
5.842175000	34700
5.842183000	36088
5.842258000	37476
5.842264000	38864
5.842346000	40252
5.842352000	41640
5.842387000	43028
5.842389000	44416
5.843107000	44416
5.843109000	45804
5.843159000	45804
5.843161000	47192
5.843211000	45804
5.843214000	47192
5.843265000	48580
5.843267000	49968
5.848075000	49968
5.848079000	51356
5.848119000	49968
5.848122000	51356
5.848170000	51356
5.848173000	52744
5.848223000	54132
5.848225000	55520
5.875063000	55520
5.875068000	56908
5.875096000	56908
5.875099000	58296
5.876104000	58296
5.876109000	59684
5.876140000	55520
5.876143000	56908
5.876237000	58296
5.876243000	59684
5.876330000	61072
5.876336000	62460
5.876418000	63848
5.876424000	65236
5.880068000	65236
5.880072000	66624
5.883067000	66624
5.883072000	68012
5.883099000	65236
5.883102000	66624
5.883149000	68012
5.883152000	69400
5.883202000	70788
5.883205000	72176
5.890016000	72176
5.890021000	73564
5.890055000	73564
5.890058000	74952
5.895043000	74952
5.895048000	76340
5.895077000	76340
5.895080000	77728
5.896051000	77728
5.896054000	79116
5.896090000	79116
5.896093000	80504
5.896140000	80504
5.896143000	81892
5.896194000	81892
5.896197000	83280
5.897994000	83280
5.897997000	84668
5.898122000	84668
5.898127000	86056
5.898159000	86056
5.898162000	87444
5.900041000	87444
5.900046000	88832
5.903124000	88832
5.903129000	90220
5.903160000	88832
5.903163000	90220
5.903212000	91608
5.903216000	92996
5.904983000	92996
5.904990000	94384
5.905023000	94384
5.905028000	95772
5.906042000	95772
5.906047000	97160
5.906081000	95772
5.906084000	97160
5.906172000	98548
5.906175000	99936
5.910061000	99936
5.910065000	101324
5.910099000	101324
5.910102000	102712
5.913021000	95772
5.913024000	97160
5.913114000	92996
5.913120000	94384
5.913202000	95772
5.913208000	97160
5.913289000	98548
5.913295000	99936
5.913379000	101324
5.913385000	102712
5.913497000	104100
5.913503000	105488
5.913538000	106876
5.913541000	108264
5.913591000	109652
5.913594000	111040
5.913645000	112428
5.913648000	113816
5.913699000	115204
5.913702000	116592
5.915010000	115204
5.915014000	116592
5.915051000	117980
5.915054000	119368
5.916026000	117980
5.916030000	119368
5.916033000	120756
5.916066000	115204
5.916069000	116592
5.916071000	117980
5.916126000	116592
5.916129000	117980
5.916131000	119368
5.916188000	120756
5.916191000	122144
5.916194000	123532
5.916242000	124920
5.916245000	126308
5.916248000	127696
5.916315000	129084
5.916318000	130472
5.916321000	131860
5.920026000	130472
5.920031000	131860
5.920034000	133248
5.920079000	130472
5.920083000	131860
5.920085000	133248
5.920175000	134636
5.920181000	136024
5.920184000	137412
5.920266000	138800
5.925066000	138800
5.925071000	140188
5.925081000	140188
5.925150000	141576
5.926072000	141576
5.926077000	142964
5.926086000	142964
5.926106000	141576
5.926109000	142964
5.926112000	144352
5.926161000	144352
5.926164000	145740
5.926166000	147128
5.926169000	148516
5.930031000	148516
5.930037000	149904
5.935083000	149904
5.935086000	151292
5.936223000	151292
5.936228000	152680
5.936238000	152680
5.936241000	154068
5.936263000	152680
5.936266000	154068
5.936269000	155456
5.936272000	156844
5.940028000	156844
5.940035000	158232
5.940049000	158232
5.940054000	159620
5.943096000	159620
5.943100000	161008
5.943111000	161008
5.943114000	162396
5.943313000	158232
5.943316000	159620
5.943319000	161008
5.943322000	162396
5.945010000	159620
5.945015000	161008
5.945018000	162396
5.945021000	163784
5.945061000	163784
5.945065000	165172
5.945068000	166560
5.945071000	167948
5.945111000	169336
5.945114000	170724
5.945117000	172112
5.945119000	173500
5.946075000	173500
5.946078000	174888
5.946085000	174888
5.946088000	176276
5.946118000	176276
5.946121000	177664
5.948045000	177664
5.948050000	179052
5.948060000	179052
5.948064000	180440
5.948083000	179052
5.948086000	180440
5.948089000	181828
5.948195000	180440
5.948200000	181828
5.948203000	183216
5.948206000	184604
5.948232000	180440
5.948236000	181828
5.948238000	183216
5.948241000	184604
5.948349000	184604
5.948355000	185992
5.948360000	187380
5.948363000	188768
5.950030000	184604
5.950035000	185992
5.950037000	187380
5.950040000	188768
5.950061000	188768
5.950064000	190156
5.950067000	191544
5.950069000	192932
5.950162000	194320
5.950168000	195708
5.950171000	197096
5.950174000	198484
5.950229000	199872
5.953043000	199872
5.953046000	201260
5.953054000	201260
5.953057000	202648
5.953077000	201260
5.953080000	202648
5.953083000	204036
5.953174000	205424
5.955058000	205424
5.955063000	206812
5.956061000	206812
5.956068000	208200
5.956081000	208200
5.956085000	209588
5.956095000	209588
5.956144000	209588
5.956149000	210976
5.956153000	212364
5.956183000	212364
5.956187000	213752
5.960049000	213752
5.960053000	215140
5.960064000	215140
5.960067000	216528
5.965036000	216528
5.965041000	217916
5.965052000	217916
5.965055000	219304
5.966052000	219304
5.966057000	220692
5.966067000	220692
5.966070000	222080
5.966099000	215140
5.966101000	216528
5.966104000	217916
5.966107000	219304
5.966196000	220692
5.966203000	222080
5.966205000	223468
5.966208000	224856
5.966293000	226244
5.966299000	227632
5.966302000	229020
5.966304000	230408
5.968076000	229020
5.968083000	230408
5.968087000	231796
5.968091000	233184
5.968110000	229020
5.968148000	227632
5.968155000	229020
5.968159000	230408
5.968163000	231796
5.968167000	233184
5.968196000	234572
5.968199000	235960
5.968202000	237348
5.968205000	238736
5.968208000	240124
5.968245000	241512
5.970123000	240124
5.970137000	241512
5.970140000	242900
5.970143000	244288
5.970152000	242900
5.970172000	244288
5.970175000	245676
5.970179000	247064
5.973059000	245676
5.973064000	247064
5.973067000	248452
5.973070000	249840
5.973081000	248452
5.973100000	247064
5.973102000	248452
5.973105000	249840
5.973108000	251228
5.973209000	248452
5.973214000	249840
5.973217000	251228
5.973220000	252616
5.973223000	254004
5.975045000	238736
5.975050000	240124
5.975053000	241512
5.975056000	242900
5.975059000	244288
5.975088000	244288
5.975092000	245676
5.975095000	247064
5.975098000	248452
5.975164000	249840
5.975167000	251228
5.975170000	252616
5.975173000	254004
5.975176000	255392
5.975215000	256780
5.975218000	258168
5.975220000	259556
5.975223000	260944
5.975226000	262332
5.975268000	263720
5.975270000	265108
5.975274000	266496
5.975276000	267884
5.975279000	269272
5.975321000	270660
5.975324000	272048
5.975327000	273436
5.975330000	274824
5.975407000	276212
5.975410000	277600
5.978038000	277600
5.978041000	278988
5.978091000	278988
5.978094000	280376
5.978101000	280376
5.978104000	281764
5.979994000	281764
5.979998000	283152
5.985033000	283152
5.985038000	284540
5.985048000	284540
5.985051000	285928
5.988092000	285928
5.988095000	287316
5.988104000	287316
5.988107000	288704
5.988114000	288704
5.988133000	287316
5.988136000	288704
5.988139000	290092
5.988142000	291480
5.988145000	292868
5.988188000	292868
5.988191000	294256
5.988198000	294256
5.988201000	295644
5.988241000	294256
5.988244000	295644
5.988247000	297032
5.988250000	298420
5.988257000	298420
5.988293000	299808
5.988417000	299808
5.988419000	301196
5.988427000	301196
5.988429000	302584
5.988437000	302584
5.988470000	302584
5.988473000	303972
5.988476000	305360
5.988526000	305360
5.988529000	306748
5.988536000	306748
5.988539000	308136
5.988545000	308136
5.988578000	306748
5.988581000	308136
5.988592000	309524
5.988595000	310912
5.988633000	310912
5.988636000	312300
5.988638000	313688
5.988686000	313688
5.988689000	315076
5.988695000	315076
5.988698000	316464
5.988790000	316464
5.988792000	317852
5.988799000	317852
5.988803000	319240
5.988842000	319240
5.988845000	320628
5.995009000	320628
5.995013000	322016
5.995022000	322016
5.995024000	323404
5.998104000	323404
5.998110000	324792
5.998120000	324792
5.998123000	326180
5.998130000	326180
5.998133000	327568
5.998152000	327568
5.998155000	328956
5.998204000	328956
5.998207000	330344
6.000054000	330344
6.000057000	331732
6.000066000	331732
6.000068000	333120
6.003097000	333120
6.003102000	334508
6.003113000	334508
6.003116000	335896
6.003125000	335896
6.003128000	337284
6.003146000	337284
6.003149000	338672
6.003200000	338672
6.003202000	340060
6.005204000	340060
6.005208000	341448
6.005219000	341448
6.005222000	342836
6.008077000	342836
6.008082000	344224
6.008091000	344224
6.008094000	345612
6.008116000	345612
6.008119000	347000
6.008171000	347000
6.008174000	348388
6.008222000	348388
6.008225000	349776
6.008232000	349776
6.008234000	351164
6.008241000	351164
6.008273000	349776
6.008276000	351164
6.008279000	352552
6.008282000	353940
6.008284000	355328
6.008346000	353940
6.008353000	355328
6.008360000	356716
6.008364000	358104
6.008384000	355328
6.008387000	356716
6.008393000	358104
6.008395000	359492
6.008401000	360880
6.008438000	356716
6.008441000	358104
6.008444000	359492
6.008447000	360880
6.008450000	362268
6.008540000	360880
6.008544000	362268
6.008547000	363656
6.008550000	365044
6.008553000	366432
6.008555000	367820
6.008594000	366432
6.008597000	367820
6.008600000	369208
6.008603000	370596
6.008681000	371984
6.008684000	373372
6.010088000	371984
6.010093000	373372
6.010096000	374760
6.010098000	376148
6.010109000	374760
6.010112000	376148
6.010130000	374760
6.010133000	376148
6.010136000	377536
6.010139000	378924
6.010229000	380312
6.010235000	381700
6.013104000	380312
6.013109000	381700
6.013112000	383088
6.013114000	384476
6.013125000	383088
6.013128000	384476
6.013146000	383088
6.013149000	384476
6.013151000	385864
6.013154000	387252
6.013244000	388640
6.013250000	390028
6.015022000	388640
6.015027000	390028
6.015030000	391416
6.015033000	392804
6.015043000	391416
6.015046000	392804
6.015061000	394192
6.015064000	395580
6.018106000	394192
6.018111000	395580
6.018114000	396968
6.018118000	398356
6.018128000	396968
6.018131000	398356
6.018157000	391416
6.018160000	392804
6.018163000	394192
6.018166000	395580
6.018169000	396968
6.018266000	398356
6.018272000	399744
6.018275000	401132
6.018278000	402520
6.018280000	403908
6.018283000	405296
6.018317000	406684
6.018321000	408072
6.018324000	409460
6.020040000	408072
6.020045000	409460
6.020050000	410848
6.020056000	412236
6.020069000	410848
6.020072000	412236
6.020098000	413624
6.020101000	415012
6.025000000	413624
6.025006000	415012
6.025009000	416400
6.025012000	417788
6.025021000	416400
6.025024000	417788
6.025046000	419176
6.025050000	420564
6.028106000	416400
6.028111000	417788
6.028113000	419176
6.028116000	420564
6.028119000	421952
6.028122000	423340
6.028155000	408072
6.028158000	409460
6.028160000	410848
6.028163000	412236
6.028165000	413624
6.028205000	415012
6.028208000	416400
6.028211000	417788
6.028213000	419176
6.028257000	420564
6.028261000	421952
6.028263000	423340
6.028266000	424728
6.028269000	426116
6.028309000	427504
6.028312000	428892
6.028315000	430280
6.028318000	431668
6.028362000	433056
6.028365000	434444
6.028368000	435832
6.028371000	437220
6.028373000	438608
6.028414000	439996
6.028417000	441384
6.028419000	442772
6.030113000	441384
6.030118000	442772
6.030122000	444160
6.030124000	445548
6.030134000	444160
6.030137000	445548
6.030152000	446936
6.030155000	448324
6.033106000	446936
6.033111000	448324
6.033114000	449712
6.033117000	451100
6.033128000	449712
6.033131000	451100
6.033163000	441384
6.033166000	442772
6.033169000	444160
6.033172000	445548
6.033175000	446936
6.033177000	448324
6.033264000	449712
6.033270000	451100
6.033273000	452488
6.033276000	453876
6.033278000	455264
6.033281000	456652
6.033315000	458040
6.033318000	459428
6.033321000	460816
6.033324000	462204
6.033413000	463592
6.033419000	464980
6.035157000	463592
6.035161000	464980
6.035165000	466368
6.035167000	467756
6.035177000	466368
6.035180000	467756
6.035183000	469144
6.035196000	470532
6.036019000	469144
6.036026000	470532
6.036030000	471920
6.036034000	473308
6.038057000	444160
6.038063000	445548
6.038066000	446936
6.038069000	448324
6.038071000	449712
6.038074000	451100
6.038077000	452488
6.038098000	452488
6.038101000	453876
6.038104000	455264
6.038106000	456652
6.038151000	456652
6.038154000	458040
6.038156000	459428
6.038159000	460816
6.038200000	459428
6.038203000	460816
6.038205000	462204
6.038208000	463592
6.038211000	464980
6.038252000	466368
6.038255000	467756
6.038258000	469144
6.038260000	470532
6.038305000	471920
6.038308000	473308
6.038310000	474696
6.038314000	476084
6.038316000	477472
6.038372000	478860
6.038375000	480248
6.038377000	481636
6.038380000	483024
6.038427000	484412
6.038430000	485800
6.038433000	487188
6.038436000	488576
6.038439000	489964
6.038442000	491352
6.038533000	492740
6.038541000	494128
6.038545000	495516
6.038549000	496904
6.038552000	498292
6.038556000	499680
6.038560000	501068
6.038572000	502456
6.038576000	503844
6.038579000	505232
6.038834000	506620
6.038838000	508008
6.038841000	509396
6.040075000	509396
6.040079000	510784
6.040090000	510784
6.040093000	512172
6.045016000	512172
6.045020000	513560
6.046181000	513560
6.046187000	514948
6.046195000	514948
6.046199000	516336
6.046205000	516336
6.046208000	517724
6.046215000	517724
6.046230000	517724
6.046233000	519112
6.046236000	520500
6.046284000	520500
6.046287000	521888
6.046294000	521888
6.046297000	523276
6.046335000	523276
6.046338000	524664
6.046345000	524664
6.046348000	526052
6.046387000	526052
6.046390000	527440
6.048094000	527440
6.048098000	528828
6.048106000	528828
6.048109000	530216
6.048116000	530216
6.048119000	531119
6.075055000	408975
6.078070000	408975
6.093815000	408975
6.116696000	408975
6.128146000	408975
6.143477000	408975
