4.767236000	1408
4.767240000	2816
4.767266000	4224
4.767267000	5632
4.767315000	7040
4.767317000	8448
4.767366000	9856
4.767367000	11264
4.767418000	12672
4.767419000	14080
4.807895000	14080
4.812837000	14080
4.812838000	15488
4.817778000	16896
4.817780000	18304
4.822718000	19712
4.823738000	21120
4.827660000	11264
4.827662000	22528
4.832621000	22528
4.832622000	23936
4.837540000	25344
4.837541000	26752
4.842509000	28160
4.842510000	29568
4.847444000	30976
4.847445000	32384
4.860781000	21120
4.860783000	22528
4.867748000	22528
4.867751000	23936
4.869683000	21120
4.869685000	22528
4.872783000	23936
4.872784000	25344
4.875882000	26752
4.875884000	28160
4.883733000	28160
4.883734000	29568
4.885294000	28160
4.885295000	29568
4.885351000	30976
4.888379000	32384
4.888380000	33792
4.891466000	35200
4.900703000	35200
4.902272000	30976
4.902274000	32384
4.905359000	30976
4.905360000	32384
4.908421000	33792
4.908422000	35200
4.911537000	33792
4.911538000	35200
4.913644000	36608
4.913646000	38016
4.915754000	39424
4.915755000	40832
4.917841000	42240
4.917842000	43648
4.919979000	43648
4.919980000	45056
4.922063000	46464
4.922064000	47872
4.924172000	49280
4.925740000	49280
4.926822000	46464
4.926823000	47872
4.928908000	49280
4.928909000	50688
4.931049000	52096
4.931051000	53504
4.933158000	54912
4.933777000	54912
4.935271000	56320
4.940817000	56320
4.941876000	45056
4.941877000	46464
4.941963000	47872
4.943675000	49280
4.943676000	50688
4.945448000	52096
4.945450000	53504
4.947223000	54912
4.947225000	56320
4.948967000	57728
4.948969000	59136
4.950767000	57728
4.950769000	59136
4.952513000	60544
4.952514000	61952
4.954285000	63360
4.954286000	64768
4.956085000	66176
4.956086000	67584
4.957860000	68992
4.957860000	70400
4.959631000	71808
4.959632000	73216
4.961406000	73216
4.967887000	73216
4.968776000	67584
4.968777000	68992
4.970558000	70400
4.970559000	71808
4.972308000	73216
4.990863000	73216
4.991770000	59136
4.991771000	60544
4.993106000	61952
4.993107000	63360
4.994417000	64768
4.994418000	66176
4.995753000	67584
4.995753000	68992
4.997116000	70400
4.997118000	71808
4.997176000	73216
4.998444000	74624
4.998444000	76032
4.999779000	77440
4.999780000	78848
5.001103000	77440
5.001103000	78848
5.002469000	80256
5.002471000	81664
5.007832000	81664
5.007834000	83072
5.008513000	76032
5.008514000	77440
5.009836000	68992
5.009838000	70400
5.011036000	71808
5.011037000	73216
5.012220000	74624
5.012221000	76032
5.013442000	77440
5.013443000	78848
5.014634000	80256
5.014636000	81664
5.015800000	83072
5.015801000	84480
5.017017000	85888
5.017019000	87296
5.018213000	88704
5.018214000	90112
5.019406000	91520
5.019407000	92928
5.020571000	94336
5.020572000	95744
5.021764000	92928
5.021765000	94336
5.022984000	95744
5.022985000	97152
5.023045000	98560
5.024169000	99968
5.024171000	101376
5.025373000	102784
5.025374000	104192
5.027941000	104192
5.027945000	104192
5.028544000	97152
5.028545000	98560
5.029737000	99968
5.029738000	101376
5.030955000	102784
5.030957000	104192
5.040826000	102784
5.040827000	104192
5.041427000	102784
5.041428000	104192
5.047792000	102784
5.047793000	104192
5.048419000	99968
5.048421000	101376
5.049499000	102784
5.049500000	104192
5.050628000	105600
5.050629000	107008
5.051703000	108416
5.051704000	109824
5.070772000	108416
5.070774000	109824
5.071353000	108416
5.071354000	109824
5.072433000	111232
5.072435000	112640
5.078695000	111232
5.078697000	112640
5.085741000	111232
5.085743000	112640
5.085813000	105600
5.086365000	107008
5.086365000	108416
5.087472000	109824
5.087473000	111232
5.088574000	112640
5.093745000	111232
5.094326000	112640
5.100809000	111232
5.101364000	104192
5.101365000	105600
5.102492000	107008
5.102493000	108416
5.103581000	109824
5.103582000	111232
5.104675000	112640
5.115769000	111232
5.116349000	98560
5.116350000	99968
5.117438000	98560
5.117439000	99968
5.118561000	101376
5.118562000	102784
5.119635000	104192
5.119636000	105600
5.120741000	107008
5.120742000	108416
5.121845000	109824
5.121846000	111232
5.122973000	112640
5.131749000	111232
5.132351000	101376
5.132352000	102784
5.133439000	104192
5.133440000	105600
5.134540000	107008
5.134542000	108416
5.135617000	109824
5.135618000	111232
5.135680000	112640
5.140800000	111232
5.140802000	112640
5.147793000	111232
5.147794000	112640
5.148378000	105600
5.148379000	107008
5.149454000	108416
5.149455000	109824
5.150585000	111232
5.150586000	112640
5.162748000	111232
5.162749000	112640
5.163335000	102784
5.163336000	104192
5.164436000	105600
5.164437000	107008
5.165513000	108416
5.165515000	109824
5.166616000	111232
5.166616000	112640
5.169724000	111232
5.169725000	112640
5.170308000	105600
5.170309000	107008
5.171395000	108416
5.171397000	109824
5.172515000	111232
5.172515000	112640
5.180872000	111232
5.180873000	112640
5.187786000	111232
5.187787000	112640
5.188329000	114048
5.188330000	115456
5.203849000	114048
5.203850000	115456
5.218926000	114048
5.219492000	101376
5.219494000	102784
5.220544000	104192
5.220545000	105600
5.221623000	107008
5.221624000	108416
5.222700000	109824
5.222701000	111232
5.223786000	112640
5.223788000	114048
5.224857000	115456
5.225774000	114048
5.226343000	115456
5.232881000	115456
5.233433000	105600
5.233434000	107008
5.234489000	99968
5.234489000	101376
5.235548000	102784
5.235550000	104192
5.236609000	105600
5.236610000	107008
5.237668000	108416
5.237670000	109824
5.238755000	111232
5.238756000	112640
5.239788000	114048
5.239789000	115456
5.240848000	116864
5.240849000	118272
5.260822000	118272
5.260824000	118272
5.261356000	118272
5.267814000	118272
5.268370000	107008
5.268370000	108416
5.269404000	94336
5.269405000	95744
5.269431000	97152
5.270465000	87296
5.270465000	88704
5.271524000	90112
5.271525000	91520
5.272586000	92928
5.272587000	94336
5.273647000	95744
5.273649000	97152
5.274715000	98560
5.274716000	99968
5.275792000	101376
5.275794000	102784
5.276825000	104192
5.276830000	105600
5.277912000	107008
5.277913000	108416
5.278945000	109824
5.278946000	111232
5.280032000	112640
5.280033000	114048
5.281063000	111232
5.281064000	112640
5.282152000	114048
5.282153000	115456
5.283185000	116864
5.283186000	118272
5.287745000	118272
5.287748000	118272
5.288304000	115456
5.288305000	116864
5.289363000	118272
5.294869000	118272
5.295429000	111232
5.295430000	112640
5.296489000	114048
5.296490000	115456
5.296544000	116864
5.297522000	118272
5.301754000	118272
5.309675000	118272
5.316823000	118272
5.317386000	109824
5.317388000	111232
5.318417000	105600
5.318419000	107008
5.319477000	105600
5.319478000	107008
5.320534000	108416
5.320535000	109824
5.321624000	111232
5.321625000	112640
5.322656000	114048
5.322657000	115456
5.323741000	116864
5.323742000	118272
5.334748000	118272
5.341808000	118272
5.342369000	112640
5.342370000	114048
5.343424000	109824
5.343425000	111232
5.344460000	112640
5.344461000	114048
5.345519000	115456
5.345519000	116864
5.346580000	118272
5.348785000	118272
5.349341000	112640
5.349343000	114048
5.350375000	112640
5.350376000	114048
5.351455000	115456
5.351457000	116864
5.352491000	118272
5.380694000	116864
5.380695000	118272
5.381223000	116864
5.381225000	118272
5.387919000	116864
5.387921000	118272
5.388474000	99968
5.388475000	101376
5.397271000	91520
5.397272000	92928
5.406105000	94336
5.406107000	95744
5.414911000	80256
5.414912000	81664
5.423732000	83072
5.423733000	84480
5.432556000	83072
5.432559000	84480
5.441373000	68992
5.441374000	70400
5.450193000	49280
5.450194000	50688
5.458169000	52096
5.458171000	53504
5.466126000	38016
5.466126000	39424
5.468318000	40832
5.468320000	42240
5.470537000	43648
5.470539000	45056
5.472728000	46464
5.472730000	47872
5.474890000	46464
5.474891000	47872
5.477107000	49280
5.477108000	50688
5.479298000	52096
5.479299000	53504
5.479353000	54912
5.481489000	56320
5.481490000	57728
5.483653000	59136
5.483653000	60544
5.485870000	61952
5.485870000	63360
5.488059000	64768
5.488060000	66176
5.490251000	61952
5.490252000	63360
5.492444000	64768
5.492445000	66176
5.494610000	67584
5.494611000	68992
5.496800000	70400
5.496801000	71808
5.498991000	73216
5.498992000	74624
5.501182000	76032
5.501183000	77440
5.503400000	78848
5.503401000	80256
5.505565000	70400
5.505566000	71808
5.507753000	73216
5.507754000	74624
5.509946000	76032
5.509947000	77440
5.512137000	78848
5.512138000	80256
5.514328000	78848
5.514330000	80256
5.518004000	81664
5.518005000	83072
5.521631000	78848
5.521633000	80256
5.521661000	81664
5.525312000	83072
5.525313000	84480
5.528934000	85888
5.528935000	87296
5.532616000	88704
5.532618000	90112
5.536262000	88704
5.536263000	90112
5.539891000	91520
5.539892000	92928
5.543868000	91520
5.543869000	92928
5.550729000	91520
5.550731000	92928
5.552587000	91520
5.552589000	92928
5.558679000	91520
5.558680000	92928
5.565716000	91520
5.565717000	92928
5.567088000	83072
5.567089000	84480
5.569828000	85888
5.569829000	87296
5.572594000	88704
5.572595000	90112
5.575311000	88704
5.575312000	90112
5.578045000	91520
5.578047000	92928
5.581749000	91520
5.581750000	92928
5.583522000	85888
5.583523000	87296
5.586260000	88704
5.586260000	90112
5.589024000	91520
5.589024000	92928
5.600800000	91520
5.602171000	90112
5.602172000	91520
5.604911000	92928
5.607856000	91520
5.609227000	78848
5.609227000	80256
5.611998000	81664
5.611999000	83072
5.614739000	84480
5.614741000	85888
5.617445000	84480
5.617446000	85888
5.620184000	87296
5.620185000	88704
5.622923000	90112
5.622924000	91520
5.625685000	92928
5.630719000	91520
5.632089000	81664
5.632090000	83072
5.634856000	84480
5.634857000	85888
5.637599000	87296
5.637600000	88704
5.640335000	90112
5.640336000	91520
5.643056000	92928
5.645890000	91520
5.647261000	76032
5.647262000	77440
5.650000000	78848
5.650000000	80256
5.652740000	81664
5.652742000	83072
5.655506000	81664
5.655507000	83072
5.655564000	84480
5.658218000	85888
5.658220000	87296
5.660956000	88704
5.660957000	90112
5.663722000	83072
5.663723000	84480
5.666432000	85888
5.666432000	87296
5.669172000	88704
5.669173000	90112
5.671940000	91520
5.671941000	92928
5.676783000	91520
5.676784000	92928
5.678155000	85888
5.678155000	87296
5.680894000	88704
5.680894000	90112
5.683659000	91520
5.683660000	92928
5.692713000	91520
5.692714000	92928
5.694085000	88704
5.694085000	90112
5.696825000	91520
5.696826000	92928
5.707777000	91520
5.707778000	92928
5.709148000	88704
5.709149000	90112
5.711917000	91520
5.711918000	92928
5.715671000	91520
5.715672000	92928
5.722738000	91520
5.722740000	92928
5.746777000	91520
5.746780000	92928
5.746836000	88704
5.748218000	90112
5.748219000	91520
5.750974000	92928
5.753728000	91520
5.755128000	87296
5.755129000	88704
5.757837000	90112
5.757838000	91520
5.760578000	92928
5.761728000	91520
5.763316000	90112
5.763317000	91520
5.766083000	92928
5.768782000	91520
5.770153000	90112
5.770153000	91520
5.772893000	92928
5.783848000	91520
5.785219000	78848
5.785219000	80256
5.787983000	81664
5.787985000	83072
5.790725000	84480
5.790727000	85888
5.793465000	87296
5.793466000	88704
5.796199000	90112
5.796200000	91520
5.798913000	78848
5.798913000	80256
5.801653000	81664
5.801654000	83072
5.804392000	84480
5.804393000	85888
5.807158000	87296
5.807159000	88704
5.807217000	90112
5.809897000	91520
5.809898000	92928
5.813700000	91520
5.813702000	92928
5.815346000	91520
5.815347000	92928
5.821708000	91520
5.821709000	92928
5.823082000	91520
5.823083000	92928
5.848806000	91520
5.848807000	92928
5.849932000	91520
5.849933000	92928
5.855832000	91520
5.855833000	92928
5.856932000	88704
5.856933000	90112
5.859150000	91520
5.859151000	92928
5.862689000	91520
5.862690000	92928
5.863790000	91520
5.863791000	92928
5.920808000	91520
5.920809000	92928
5.927892000	91520
5.929720000	52096
5.929721000	53504
5.933400000	54912
5.933401000	56320
5.937024000	57728
5.937025000	59136
5.940676000	60544
5.940677000	61952
5.944354000	63360
5.944356000	64768
5.948007000	60544
5.948008000	61952
5.951658000	63360
5.951660000	64768
5.955282000	66176
5.955284000	67584
5.958934000	68992
5.958935000	70400
5.962587000	52096
5.962588000	53504
5.966263000	54912
5.966264000	56320
5.969889000	57728
5.969891000	59136
5.973541000	60544
5.973542000	61952
5.977222000	49280
5.977223000	50688
5.979931000	52096
5.979932000	53504
5.982671000	54912
5.982672000	56320
5.985435000	57728
5.985437000	59136
5.988148000	60544
5.988150000	61952
5.988209000	63360
5.990887000	64768
5.990888000	66176
5.993652000	67584
5.993653000	68992
5.996364000	70400
5.996365000	71808
5.999103000	73216
5.999104000	74624
6.001868000	70400
6.001869000	71808
6.004581000	73216
6.004582000	74624
6.007319000	76032
6.007320000	77440
6.010057000	56320
6.010059000	57728
6.012795000	59136
6.012796000	60544
6.015534000	61952
6.015535000	63360
6.018301000	64768
6.018302000	66176
6.021011000	64768
6.021011000	66176
6.023778000	67584
6.023779000	68992
6.026514000	70400
6.026516000	71808
6.029230000	70400
6.029231000	71808
6.031965000	73216
6.031965000	74624
6.034728000	76032
6.034728000	77440
6.037474000	78848
6.037475000	80256
6.037532000	81664
6.040183000	83072
6.040184000	84480
6.042949000	85888
6.042950000	87296
6.045689000	88704
6.045690000	90112
6.048398000	91520
6.048399000	92928
6.051160000	80256
6.051161000	81664
6.053905000	83072
6.053906000	84480
6.056616000	85888
6.056618000	87296
6.059380000	85888
6.059382000	87296
6.062092000	88704
6.062094000	90112
6.064830000	91520
6.064831000	92928
6.067593000	85888
6.067594000	87296
6.070308000	88704
6.070309000	90112
6.073047000	91520
6.073048000	92928
6.075813000	91520
6.075814000	92928
6.081864000	91520
6.081866000	92928
6.083236000	74624
6.083237000	76032
6.085976000	77440
6.085977000	78848
6.088747000	80256
6.088748000	81664
6.091482000	82955
