13.969241000	1388
13.969243000	2776
13.969298000	4164
13.969300000	5552
13.969347000	6940
13.969348000	8328
13.969400000	9716
13.969401000	11104
13.969453000	12492
13.969454000	13880
14.018010000	13880
14.018011000	15268
14.021004000	15268
14.021005000	16656
14.021083000	13880
14.021084000	15268
14.021162000	15268
14.021163000	16656
14.021241000	18044
14.021243000	19432
14.021320000	20820
14.021321000	22208
14.022942000	22208
14.022943000	23596
14.022988000	23596
14.022988000	24984
14.025965000	24984
14.025967000	26372
14.026015000	26372
14.026016000	27760
14.071615000	27760
14.071616000	29148
14.071658000	27760
14.071659000	29148
14.071712000	27760
14.071713000	29148
14.071761000	30536
14.071762000	31924
14.071814000	33312
14.071815000	34700
14.072949000	34700
14.072950000	36088
14.072999000	36088
14.073000000	37476
14.073051000	37476
14.073052000	38864
14.076026000	38864
14.076028000	40252
14.076054000	38864
14.076111000	38864
14.076113000	40252
14.076189000	38864
14.076191000	40252
14.076268000	36088
14.076269000	37476
14.076352000	36088
14.076353000	37476
14.076394000	38864
14.076395000	40252
14.076445000	41640
14.076446000	43028
14.076497000	44416
14.076498000	45804
14.076549000	47192
14.076550000	48580
14.076601000	49968
14.076602000	51356
14.076653000	52744
14.076653000	54132
14.076705000	55520
14.117107000	55520
14.117108000	56908
14.117129000	56908
14.117131000	58296
14.117970000	58296
14.117971000	59684
14.118045000	59684
14.118047000	61072
14.122949000	61072
14.122951000	62460
14.122994000	62460
14.122996000	63848
14.126054000	63848
14.126056000	65236
14.126134000	63848
14.126135000	65236
14.126212000	63848
14.126214000	65236
14.126261000	61072
14.126263000	62460
14.126347000	61072
14.126348000	62460
14.126418000	58296
14.126419000	59684
14.126493000	61072
14.126494000	62460
14.126551000	63848
14.126552000	65236
14.126603000	66624
14.126604000	68012
14.126655000	69400
14.126657000	70788
14.126707000	72176
14.126708000	73564
14.126759000	74952
14.126760000	76340
14.126811000	77728
14.126812000	79116
14.126863000	80504
14.126864000	81892
14.126915000	83280
14.126916000	84668
14.128012000	84668
14.128014000	86056
14.128031000	84668
14.128033000	86056
14.128090000	86056
14.128091000	87444
14.128143000	88832
14.128144000	90220
14.131023000	90220
14.131024000	91608
14.131103000	90220
14.131105000	91608
14.131159000	88832
14.131160000	90220
14.131201000	88832
14.131202000	90220
14.131257000	90220
14.131258000	91608
14.131304000	92996
14.131305000	94384
14.131357000	95772
14.131358000	97160
14.131409000	98548
14.131410000	99936
14.131461000	101324
14.131462000	102712
14.133100000	101324
14.133101000	102712
14.133146000	104100
14.133147000	105488
14.135990000	104100
14.136005000	105488
14.136055000	106876
14.136056000	108264
14.136096000	106876
14.136097000	108264
14.136192000	109652
14.136193000	111040
14.153050000	109652
14.153051000	111040
14.157959000	109652
14.157961000	111040
14.158010000	106876
14.158011000	108264
14.158056000	109652
14.158057000	111040
14.159021000	109652
14.159022000	111040
14.159068000	109652
14.159070000	111040
14.162951000	111040
14.162954000	111040
14.167979000	111040
14.167983000	111040
14.168979000	111040
14.178006000	111040
14.178010000	111040
14.178999000	111040
14.179000000	112428
14.179046000	112428
14.179049000	112428
14.179130000	112428
14.179133000	112428
14.182986000	112428
14.182990000	112428
14.185995000	112428
14.185998000	112428
14.186074000	112428
14.186078000	112428
14.186153000	111040
14.186155000	112428
14.186235000	108264
14.186239000	109652
14.186303000	106876
14.186304000	108264
14.186378000	108264
14.186379000	109652
14.186463000	105488
14.186464000	106876
14.186515000	102712
14.186516000	104100
14.186566000	102712
14.186567000	104100
14.186620000	105488
14.186621000	106876
14.186672000	108264
14.186673000	109652
14.186724000	111040
14.186725000	112428
14.186776000	113816
14.187981000	113816
14.188031000	113816
14.188155000	113816
14.189057000	113816
14.189060000	113816
14.189109000	113816
14.189112000	113816
14.189162000	113816
14.191331000	113816
14.191384000	91608
14.191385000	92996
14.191391000	92996
14.199055000	94384
14.199059000	95772
14.200960000	97160
14.203275000	98548
14.206071000	99936
14.206148000	101324
14.206152000	102712
14.206229000	104100
14.206386000	105488
14.206506000	106876
14.206556000	108264
14.210070000	109652
14.210142000	111040
14.210144000	112428
14.210217000	113816
14.220990000	115204
14.220993000	116592
14.221030000	117980
14.221083000	119368
14.221208000	120756
14.221211000	122144
14.221294000	123532
14.221297000	124920
14.222988000	126308
14.228030000	127696
14.230004000	129084
14.230008000	130472
14.230052000	131860
14.230105000	133248
14.230108000	134636
14.230972000	136024
14.230977000	137412
14.231032000	138800
14.233221000	140188
14.236025000	141576
14.236028000	142964
14.236116000	144352
14.236118000	145740
14.236167000	147128
14.236169000	148516
14.236218000	149904
14.236221000	151292
14.236271000	152680
14.236273000	154068
14.236323000	155456
14.236325000	156844
14.236376000	158232
14.238013000	159620
14.238016000	161008
14.241015000	162396
14.241094000	163784
14.241097000	165172
14.241173000	166560
14.241189000	74952
14.246067000	74952
14.246068000	76340
14.246140000	74952
14.246141000	76340
14.246223000	77728
14.246224000	79116
14.246294000	79116
14.246295000	80504
14.246366000	77728
14.246367000	79116
14.246418000	80504
14.248007000	80504
14.248025000	80504
14.252920000	80504
14.253002000	80504
14.255012000	80504
14.255091000	80504
14.255098000	80504
14.255171000	80504
14.260982000	80504
14.287095000	13880
14.287096000	15268
14.287148000	16656
14.287149000	18044
14.287212000	19432
14.287214000	20820
14.287286000	22208
14.287287000	23596
14.287361000	24984
14.287363000	26372
14.287439000	27760
14.287440000	29148
14.287491000	30536
14.287492000	31924
14.287543000	33312
14.287544000	34700
14.287595000	36088
14.287596000	37476
14.287647000	38864
14.287648000	40252
14.287699000	41640
14.287700000	43028
14.287751000	44416
14.287752000	45804
14.287803000	47192
14.287804000	48580
14.287855000	49968
14.287856000	51356
14.287908000	52744
14.287909000	54132
14.287962000	54132
14.287963000	55520
14.288012000	55520
14.288013000	56908
14.288064000	58296
14.288065000	59684
14.288116000	61072
14.288117000	62460
14.288170000	63848
14.288173000	65236
14.288220000	66624
14.288221000	68012
14.288272000	69400
14.288273000	70788
14.288325000	72176
14.288326000	73564
14.288377000	74952
14.288378000	76340
14.288429000	77728
14.288430000	79116
14.288481000	80504
14.288482000	81892
14.288533000	83280
14.295977000	83280
14.295980000	83280
14.296145000	83280
14.296189000	83280
14.296191000	83280
14.296267000	83280
14.301021000	83280
14.332932000	83280
14.335044000	83280
14.335048000	83280
14.335092000	83280
14.335094000	83280
14.335148000	83280
14.335200000	83280
14.338038000	83280
14.341047000	83280
14.341052000	83280
14.341089000	83280
14.341092000	83280
14.341192000	83280
14.341194000	83280
14.341241000	83280
14.341326000	83280
14.341405000	83280
14.341408000	83280
14.341484000	81892
14.341485000	83280
14.341562000	79116
14.341564000	80504
14.341641000	79116
14.341642000	80504
14.341687000	76340
14.341688000	77728
14.341739000	76340
14.341740000	77728
14.341792000	76340
14.341793000	77728
14.341844000	76340
14.341845000	77728
14.341896000	79116
14.341897000	80504
14.341951000	81892
14.341952000	83280
14.342954000	83280
14.342956000	83280
14.346012000	83280
14.346015000	83280
14.346088000	80504
14.346090000	81892
14.346166000	83280
14.347936000	83280
14.347941000	83280
14.347982000	84668
14.352997000	84668
14.353001000	84668
14.353065000	84668
14.357043000	84668
14.357047000	84668
14.357119000	81892
14.357121000	83280
14.357196000	84668
14.357994000	84668
14.357998000	84668
14.359095000	84668
14.359138000	84668
14.359221000	84668
14.359225000	84668
14.359277000	84668
14.367479000	84668
14.367482000	84668
14.367516000	84668
14.367970000	84668
14.367986000	84668
14.372960000	84668
14.372964000	84668
14.376988000	84668
14.377000000	84668
14.377034000	84668
14.377117000	84668
14.377120000	84668
14.377970000	84668
14.377977000	84668
14.383001000	84668
14.383005000	84668
14.386121000	84668
14.386125000	84668
14.386199000	80504
14.386201000	81892
14.386276000	83280
14.386278000	84668
14.388045000	84668
14.388049000	84668
14.388112000	84668
14.388115000	84668
14.388188000	84668
14.392969000	84668
14.392972000	84668
14.396023000	84668
14.396028000	84668
14.396069000	84668
14.396122000	84668
14.396126000	84668
14.396175000	84668
14.396178000	84668
14.396227000	84668
14.396231000	83280
14.396280000	81892
14.396281000	83280
14.396331000	84668
14.398026000	83280
14.398027000	84668
14.398125000	83280
14.398126000	84668
14.398180000	83280
14.398181000	84668
14.398230000	86056
14.398283000	84668
14.398284000	86056
14.398334000	84668
14.398335000	86056
14.398401000	84668
14.398402000	86056
14.403060000	84668
14.403065000	86056
14.403094000	84668
14.403096000	86056
14.405968000	84668
14.405969000	86056
14.408099000	84668
14.408101000	86056
14.420123000	84668
14.420125000	86056
14.420178000	84668
14.420179000	86056
14.421163000	84668
14.421164000	86056
14.421214000	81892
14.421215000	83280
14.421266000	79116
14.421267000	80504
14.421327000	81892
14.421328000	83280
14.421376000	84668
14.421377000	86056
14.422997000	84668
14.422999000	86056
14.430044000	84668
14.430045000	86056
14.430131000	84668
14.430133000	86056
14.430212000	84668
14.430213000	86056
14.433015000	84668
14.433016000	86056
14.433091000	84668
14.433092000	86056
14.438002000	84668
14.438004000	86056
14.438049000	84668
14.438050000	86056
14.441019000	84668
14.441020000	86056
14.441099000	81892
14.441101000	83280
14.441978000	59684
14.441980000	61072
14.442079000	54132
14.442080000	55520
14.442128000	54132
14.442129000	55520
14.442188000	56908
14.442189000	58296
14.442233000	59684
14.442235000	61072
14.442286000	62460
14.442287000	63848
14.442338000	65236
14.442339000	66624
14.442389000	68012
14.442390000	69400
14.442443000	70788
14.442444000	72176
14.442496000	73564
14.442497000	74952
14.442548000	76340
14.442549000	77728
14.442600000	79116
14.442602000	80504
14.442653000	81892
14.442654000	83280
14.442704000	84668
14.442705000	86056
14.462996000	84668
14.462998000	86056
14.463041000	87444
14.465188000	86056
14.465190000	87444
14.465238000	86056
14.465239000	87444
14.478004000	86056
14.478006000	87444
14.478038000	86056
14.478041000	87444
14.483013000	86056
14.483015000	87444
14.485010000	86056
14.485011000	87444
14.486050000	86056
14.486051000	87444
14.490986000	86056
14.490988000	87444
14.491066000	86056
14.491067000	87444
14.491143000	77728
14.491144000	79116
14.491226000	77728
14.491227000	79116
14.491276000	61072
14.491277000	62460
14.503004000	38864
14.503006000	40252
14.503068000	41640
14.503069000	43028
14.503106000	44416
14.503108000	45804
14.503160000	47192
14.503161000	48580
14.503212000	49968
14.503214000	51356
14.503265000	52744
14.503267000	54132
14.503318000	55520
14.503320000	56908
14.503371000	58296
14.503372000	59684
14.503422000	61072
14.503423000	62460
14.503475000	63848
14.503476000	65236
14.503526000	66624
14.503528000	68012
14.503579000	69400
14.503580000	70788
14.503631000	72176
14.503632000	73564
14.503684000	74952
14.503686000	76340
14.503737000	77728
14.503738000	79116
14.503789000	80504
14.503790000	81892
14.503841000	83280
14.503842000	84668
14.503894000	86056
14.503895000	87444
14.511547000	79116
14.511548000	80504
14.511597000	79116
14.511599000	80504
14.511647000	81892
14.511648000	83280
14.511699000	84668
14.511700000	86056
14.511751000	87444
14.511752000	88832
14.512954000	87444
14.512956000	88832
14.513024000	87444
14.513025000	88832
14.523018000	87444
14.523034000	88832
14.528036000	87444
14.528038000	88832
14.528131000	87444
14.528132000	88832
14.532957000	87444
14.532959000	88832
14.538041000	87444
14.538042000	88832
14.538116000	87444
14.538117000	88832
14.542983000	87444
14.542985000	88832
14.546193000	87444
14.546194000	88832
14.546239000	87444
14.546240000	88832
14.547979000	87444
14.547980000	88832
14.548016000	84668
14.548017000	86056
14.548067000	84668
14.548068000	86056
14.548119000	87444
14.548121000	88832
14.550951000	87444
14.550953000	88832
14.550998000	87444
14.550999000	88832
14.551049000	84668
14.551050000	86056
14.551102000	84668
14.551103000	86056
14.551154000	87444
14.551155000	88832
14.553411000	87444
14.553412000	88832
14.553500000	87444
14.553502000	88832
14.555984000	87444
14.555985000	88832
14.556058000	87444
14.556059000	88832
14.556105000	81892
14.556106000	83280
14.556188000	81892
14.556190000	83280
14.556266000	76340
14.556268000	77728
14.556345000	79116
14.556347000	80504
14.556394000	81892
14.556395000	83280
14.556446000	84668
14.556448000	86056
14.556499000	87444
14.556499000	88832
14.557984000	87444
14.557985000	88832
14.558029000	86056
14.558030000	87444
14.558085000	88832
14.566131000	87444
14.566132000	88832
14.566199000	87444
14.566201000	88832
14.568008000	86056
14.568009000	87444
14.568058000	86056
14.568059000	87444
14.568108000	88832
14.572958000	87444
14.572960000	88832
14.577983000	87444
14.577985000	88832
14.578060000	90220
14.579133000	88832
14.579134000	90220
14.582991000	88832
14.582992000	90220
14.588048000	88832
14.588050000	90220
14.589091000	88832
14.589093000	90220
14.589174000	88832
14.589175000	90220
14.603013000	88832
14.603015000	90220
14.603081000	88832
14.603083000	90220
14.603618000	88832
14.603619000	90220
14.603664000	88832
14.603664000	90220
14.603767000	88832
14.603768000	90220
14.603819000	88832
14.603820000	90220
14.604310000	88832
14.604311000	90220
14.604361000	86056
14.604362000	87444
14.604414000	83280
14.604414000	84668
14.604466000	86056
14.604467000	87444
14.604518000	88832
14.604519000	90220
14.604712000	88832
14.604713000	90220
14.604765000	88832
14.604766000	90220
14.607980000	88832
14.607982000	90220
14.608027000	88832
14.608028000	90220
14.610938000	88832
14.610939000	90220
14.611019000	88832
14.611020000	90220
14.611065000	86056
14.611066000	87444
14.611118000	86056
14.611119000	87444
14.611171000	88832
14.611173000	90220
14.616228000	88832
14.616229000	90220
14.616277000	88832
14.616278000	90220
14.616330000	88832
14.616331000	90220
14.617984000	88832
14.617985000	90220
14.618071000	86056
14.618072000	87444
14.630978000	86056
14.630980000	87444
14.631057000	86056
14.631058000	87444
14.631106000	88832
14.631107000	90220
14.633017000	88832
14.633018000	90220
14.635147000	88832
14.635148000	89735
