28.108086000	1408
28.108096000	2816
28.108171000	4224
28.108179000	5632
28.108260000	7040
28.108266000	8448
28.108353000	9856
28.108359000	11264
28.108393000	12672
28.108396000	14080
28.227428000	14080
28.227432000	15488
28.227490000	9856
28.227494000	11264
28.227544000	12672
28.227548000	14080
28.227599000	15488
28.227603000	16896
28.227655000	18304
28.227660000	19712
28.227711000	21120
28.227715000	22528
28.235452000	23936
28.250451000	25344
28.250460000	25344
28.250553000	21120
28.250557000	22528
28.250615000	23936
28.340417000	23936
28.340420000	25344
28.347456000	25344
28.347461000	26752
28.347573000	23936
28.347577000	25344
28.347638000	26752
28.347642000	28160
28.347738000	29568
28.347744000	30976
28.355474000	30976
28.355479000	32384
28.362431000	32384
28.362436000	33792
28.362491000	33792
28.362500000	35200
28.362551000	28160
28.362554000	29568
28.362623000	30976
28.362630000	32384
28.362659000	33792
28.362662000	35200
28.362709000	36608
28.362712000	38016
28.362762000	39424
28.362765000	40832
28.362814000	42240
28.362817000	43648
28.363365000	43648
28.363369000	45056
28.363390000	45056
28.363392000	46464
28.380361000	46464
28.380365000	47872
28.476395000	47872
28.476398000	49280
28.483416000	49280
28.483420000	50688
28.483444000	49280
28.483447000	50688
28.483547000	50688
28.483552000	52096
28.484422000	39424
28.484426000	40832
28.484457000	38016
28.484461000	39424
28.484509000	40832
28.484513000	42240
28.484562000	43648
28.484567000	45056
28.484616000	46464
28.484621000	47872
28.484668000	49280
28.484673000	50688
28.484721000	52096
28.484725000	53504
28.484774000	54912
28.484778000	56320
28.484826000	57728
28.484830000	59136
28.484879000	60544
28.484893000	61952
28.484933000	63360
28.484937000	64768
28.484985000	66176
28.484989000	67584
28.485038000	68992
28.485042000	70400
28.485090000	71808
28.485094000	73216
28.500354000	73216
28.500361000	74624
28.500523000	71808
28.500528000	73216
28.500591000	74624
28.500595000	76032
28.500648000	77440
28.500652000	78848
28.507425000	78848
28.507430000	80256
28.507476000	74624
28.507480000	76032
28.507525000	77440
28.507530000	78848
28.507579000	80256
28.507583000	81664
28.507633000	83072
28.507637000	84480
28.507685000	85888
28.507695000	87296
28.515362000	87296
28.515367000	88704
28.522509000	88704
28.522512000	90112
28.522545000	85888
28.522548000	87296
28.522653000	88704
28.522656000	90112
28.522738000	91520
28.522744000	92928
28.522843000	94336
28.522846000	95744
28.613393000	95744
28.613396000	97152
28.613424000	97152
28.613427000	98560
28.628513000	98560
28.628516000	99968
28.629005000	97152
28.629010000	98560
28.629061000	99968
28.629064000	101376
28.629152000	102784
28.629158000	104192
28.640493000	104192
28.640497000	105600
28.647476000	104192
28.647479000	105600
28.647680000	80256
28.647684000	81664
28.647735000	83072
28.647738000	84480
28.647836000	85888
28.647842000	87296
28.647956000	88704
28.647962000	90112
28.648074000	91520
28.648080000	92928
28.648195000	94336
28.648201000	95744
28.648312000	97152
28.648318000	98560
28.648353000	99968
28.648357000	101376
28.648407000	102784
28.648410000	104192
28.648460000	105600
28.648463000	107008
28.648514000	108416
28.648517000	109824
28.648568000	111232
28.648571000	112640
28.648622000	114048
28.648625000	115456
28.648675000	116864
28.648678000	118272
28.648729000	119680
28.648732000	121088
28.648783000	122496
28.648785000	123904
28.648837000	125312
28.648840000	126720
28.648890000	128128
28.648893000	129536
28.648944000	130944
28.648947000	132352
28.648998000	133760
28.649001000	135168
28.668451000	133760
28.668456000	135168
28.668485000	128128
28.668488000	129536
28.668586000	130944
28.668592000	132352
28.668684000	133760
28.668690000	135168
28.668716000	136576
28.668719000	137984
28.668769000	139392
28.668772000	140800
28.668822000	142208
28.668825000	143616
28.668878000	145024
28.668881000	146432
28.675460000	145024
28.675467000	146432
28.675498000	142208
28.675502000	143616
28.675549000	145024
28.675553000	146432
28.675602000	147840
28.675605000	149248
28.675654000	150656
28.675658000	152064
28.675708000	153472
28.675711000	154880
28.682461000	153472
28.682465000	154880
28.682671000	139392
28.682676000	140800
28.682735000	142208
28.682738000	143616
28.682834000	145024
28.682840000	146432
28.682921000	147840
28.682927000	149248
28.683012000	150656
28.683020000	152064
28.683056000	153472
28.683061000	154880
28.683111000	156288
28.683115000	157696
28.683169000	159104
28.683172000	160512
28.683218000	161920
28.683221000	163328
28.683272000	164736
28.683275000	166144
28.683325000	167552
28.683328000	168960
28.683379000	170368
28.683382000	171776
28.683461000	170368
28.683464000	171776
28.683487000	170368
28.683490000	171776
28.683540000	173184
28.683542000	174592
28.683593000	176000
28.683596000	177408
28.683647000	178816
28.683650000	180224
28.691380000	178816
28.691384000	180224
28.691471000	181632
28.691477000	183040
28.698390000	181632
28.698393000	183040
28.698415000	181632
28.698418000	183040
28.698525000	184448
28.728534000	183040
28.728537000	184448
28.807460000	183040
28.807464000	184448
28.807500000	177408
28.807505000	178816
28.807564000	180224
28.807568000	181632
28.807610000	183040
28.807614000	184448
28.808443000	183040
28.808446000	184448
28.808471000	180224
28.808474000	181632
28.808523000	183040
28.808526000	184448
28.846436000	183040
28.846441000	184448
28.846681000	174592
28.846685000	176000
28.847473000	170368
28.847479000	171776
28.847521000	161920
28.847524000	163328
28.847630000	164736
28.847636000	166144
28.847718000	167552
28.847724000	168960
28.847830000	170368
28.847836000	171776
28.847917000	173184
28.847924000	174592
28.848005000	176000
28.848011000	177408
28.848046000	178816
28.848049000	180224
28.848099000	181632
28.848102000	183040
28.848153000	184448
28.848156000	185856
28.848207000	187264
28.848210000	188672
28.848260000	190080
28.848263000	191488
28.848314000	192896
28.848318000	194304
28.848369000	195712
28.848372000	197120
28.848422000	198528
28.848425000	199936
28.848487000	199936
28.848490000	201344
28.848530000	195712
28.848533000	197120
28.848586000	198528
28.848589000	199936
28.848637000	201344
28.848640000	202752
28.848691000	204160
28.848694000	205568
28.848747000	206976
28.848752000	208384
28.848799000	209792
28.848802000	211200
28.848852000	212608
28.848855000	214016
28.848906000	215424
28.848909000	216832
28.848960000	218240
28.848962000	219648
28.849013000	221056
28.849016000	222464
28.849067000	223872
28.849071000	225280
28.849121000	226688
28.849124000	228096
28.849175000	229504
28.849178000	230912
28.849229000	232320
28.849232000	233728
28.849282000	235136
28.849285000	236544
28.849336000	237952
28.849347000	239360
28.849390000	240768
28.849393000	242176
28.849443000	243584
28.849446000	244992
28.849495000	246400
28.849499000	247808
28.849548000	249216
28.849551000	250624
28.849601000	252032
28.856450000	252032
28.856455000	253440
28.856491000	252032
28.856495000	253440
28.856589000	254848
28.856595000	256256
28.863408000	256256
28.863413000	257664
28.863452000	250624
28.863455000	252032
28.863552000	253440
28.863560000	254848
28.863642000	256256
28.863648000	257664
28.863732000	259072
28.863738000	260480
28.863820000	261888
28.863826000	263296
28.863911000	264704
28.863918000	266112
28.872334000	266112
28.872340000	267520
28.872375000	261888
28.872378000	263296
28.872426000	264704
28.872430000	266112
28.872480000	267520
28.872483000	268928
28.872533000	270336
28.872536000	271744
28.872587000	273152
28.872590000	274560
28.887577000	274560
28.887585000	275968
28.887977000	260480
28.887984000	261888
28.888046000	263296
28.888051000	264704
28.888103000	266112
28.888108000	267520
28.888160000	268928
28.888165000	270336
28.888215000	271744
28.888219000	273152
28.888271000	274560
28.888276000	275968
28.888327000	277376
28.888331000	278784
28.888418000	280192
28.888424000	281600
28.888459000	283008
28.888462000	284416
28.888525000	284416
28.888528000	285824
28.889373000	274560
28.889375000	275968
28.889410000	273152
28.889413000	274560
28.889463000	275968
28.889467000	277376
28.889517000	278784
28.889520000	280192
28.889571000	281600
28.889574000	283008
28.889625000	284416
28.889628000	285824
28.889679000	287232
28.889682000	288640
28.889733000	290048
28.889735000	291456
28.889786000	292864
28.889789000	294272
28.889840000	295680
28.889843000	297088
28.889894000	298496
28.889897000	299904
28.889950000	301312
28.889953000	302720
28.890001000	304128
28.890004000	305536
28.890055000	306944
28.890058000	308352
28.890108000	309760
28.890111000	311168
28.900351000	311168
28.900356000	312576
28.900402000	311168
28.900406000	312576
28.900498000	313984
28.900505000	315392
28.907529000	315392
28.907534000	316800
28.907578000	306944
28.907581000	308352
28.907677000	309760
28.907682000	311168
28.907764000	312576
28.907771000	313984
28.907852000	315392
28.907858000	316800
28.907939000	318208
28.907945000	319616
28.908027000	321024
28.908033000	322432
28.908117000	323840
28.908124000	325248
28.908158000	326656
28.908161000	328064
28.908279000	328064
28.908282000	329472
28.908378000	329472
28.908381000	330880
28.908429000	330880
28.908432000	332288
28.916390000	332288
28.916396000	333696
28.923365000	333696
28.923370000	335104
28.923407000	333696
28.923411000	335104
28.923517000	335104
28.923522000	336512
28.924338000	330880
28.924341000	332288
28.924358000	332288
28.924456000	333696
28.924462000	335104
28.924545000	336512
28.924552000	337920
28.924593000	339328
28.924598000	340736
28.924648000	342144
28.924652000	343552
28.924701000	344960
28.924705000	346368
28.924756000	347776
28.925329000	347776
28.925332000	349184
28.925365000	347776
28.925369000	349184
28.925419000	350592
28.925422000	352000
28.933377000	350592
28.933382000	352000
28.933421000	353408
28.933425000	354816
28.940343000	353408
28.940348000	354816
28.940378000	350592
28.940381000	352000
28.940430000	353408
28.940434000	354816
28.940486000	353408
28.940489000	354816
28.940535000	356224
28.940539000	357632
28.940587000	359040
28.940591000	360448
28.940640000	361856
28.940643000	363264
28.940693000	364672
28.940696000	366080
28.960480000	364672
28.960483000	366080
28.960497000	367488
28.960619000	368896
28.967478000	367488
28.967481000	368896
28.967533000	367488
28.967536000	368896
28.967761000	370304
28.967773000	371712
28.967823000	373120
28.967826000	374528
29.007368000	374528
29.007372000	375936
29.044452000	374528
29.044455000	375936
29.044469000	377344
29.044582000	378752
29.059512000	377344
29.059515000	378752
29.059533000	377344
29.059537000	378752
29.059631000	380160
29.059637000	381568
29.059719000	382976
29.059725000	384384
29.060471000	382976
29.060476000	384384
29.060548000	385792
29.060551000	387200
29.090356000	385792
29.090362000	387200
29.090392000	384384
29.090395000	385792
29.090442000	387200
29.090445000	388608
29.090494000	390016
29.090505000	391424
29.090547000	392832
29.090550000	394240
29.091381000	394240
29.091384000	395648
29.120427000	395648
29.120430000	397056
29.127555000	397056
29.127560000	398464
29.127630000	381568
29.127633000	382976
29.127726000	384384
29.127732000	385792
29.127844000	387200
29.127850000	388608
29.127965000	390016
29.127971000	391424
29.128006000	392832
29.128010000	394240
29.128060000	395648
29.128063000	397056
29.128114000	398464
29.128116000	399872
29.128167000	401280
29.128170000	402688
29.128221000	404096
29.128223000	405504
29.128275000	406912
29.128277000	408320
29.128329000	409728
29.128332000	411136
29.128382000	412544
29.128385000	413952
29.128436000	415360
29.128439000	416768
29.128503000	416768
29.128506000	418176
29.128572000	401280
29.128575000	402688
29.128626000	404096
29.128628000	405504
29.128679000	406912
29.128682000	408320
29.128733000	409728
29.128735000	411136
29.128787000	412544
29.128790000	413952
29.128840000	415360
29.128843000	416768
29.128894000	418176
29.128897000	419584
29.128948000	420992
29.128951000	422400
29.129002000	423808
29.129004000	425216
29.129056000	426624
29.129059000	428032
29.129110000	429440
29.129112000	430848
29.129163000	432256
29.129165000	433664
29.129217000	435072
29.129220000	436480
29.129417000	436480
29.129420000	437888
29.129469000	436480
29.129472000	437888
29.129524000	437888
29.129527000	439296
29.129576000	435072
29.129579000	436480
29.129630000	437888
29.129633000	439296
29.129683000	440704
29.129686000	442112
29.129737000	443520
29.129740000	444928
29.129791000	446336
29.129794000	447744
29.130376000	447744
29.130381000	449152
29.130423000	449152
29.130429000	450560
29.137484000	450560
29.137489000	451968
29.152507000	451968
29.152515000	453376
29.152572000	446336
29.152579000	447744
29.152625000	449152
29.152630000	450560
29.152681000	451968
29.152684000	453376
29.152773000	454784
29.152779000	456192
29.152854000	457600
29.152861000	459008
29.152935000	460416
29.152941000	461824
29.153359000	461824
29.153364000	463232
29.153393000	459008
29.153396000	460416
29.153445000	461824
29.153448000	463232
29.153501000	464640
29.153506000	466048
29.153552000	467456
29.153555000	468864
29.162341000	468864
29.162347000	470272
29.170461000	470272
29.170466000	471680
29.170498000	471680
29.170501000	473088
29.177421000	473088
29.177426000	474496
29.177459000	473088
29.177463000	474496
29.177557000	471680
29.177563000	473088
29.177622000	474496
29.177625000	475904
29.177700000	477312
29.177704000	478720
29.177775000	480128
29.177779000	481536
29.178504000	481536
29.178507000	482944
29.178544000	475904
29.178548000	477312
29.178599000	478720
29.178603000	480128
29.178652000	481536
29.178654000	482944
29.178705000	484352
29.178708000	485760
29.178759000	487168
29.178761000	488576
29.178813000	489984
29.178816000	491392
29.179366000	491392
29.179369000	492800
29.179418000	488576
29.179421000	489984
29.179472000	491392
29.179474000	492800
29.179526000	494208
29.179531000	495616
29.179579000	497024
29.179582000	498432
29.180326000	498432
29.180329000	499840
29.180378000	494208
29.180388000	495616
29.180433000	497024
29.180436000	498432
29.180486000	499840
29.180488000	501248
29.180538000	502656
29.180541000	504064
29.180590000	505472
29.180593000	506880
29.181375000	506880
29.181378000	508288
29.181423000	506880
29.181426000	508288
29.181476000	509696
29.181478000	511104
29.182380000	511104
29.182386000	512512
29.185369000	512512
29.185372000	513920
29.185452000	513920
29.185457000	515328
29.193363000	515328
29.193369000	516736
29.200382000	516736
29.200388000	518144
29.200436000	506880
29.200439000	508288
29.200489000	509696
29.200492000	511104
29.200540000	512512
29.200542000	513920
29.200592000	515328
29.200595000	516736
29.200645000	518144
29.200648000	519552
29.200698000	520960
29.200701000	522368
29.200750000	523776
29.200754000	525184
29.200803000	526592
29.200806000	527883
