10.272446000	1388
10.272455000	2776
10.272530000	4164
10.272537000	5552
10.272614000	6940
10.272620000	8328
10.272700000	9716
10.272705000	11104
10.272786000	12492
10.272791000	13880
10.309992000	13880
10.309998000	15268
10.310036000	15268
10.310041000	16656
10.315588000	16656
10.315592000	18044
10.315656000	18044
10.315659000	19432
10.317024000	19432
10.317029000	20820
10.317083000	16656
10.317086000	18044
10.317140000	19432
10.317146000	20820
10.317182000	22208
10.317185000	23596
10.317234000	24984
10.317237000	26372
10.317961000	26372
10.317964000	27760
10.345054000	27760
10.345060000	29148
10.345090000	29148
10.345093000	30536
10.349060000	30536
10.349065000	31924
10.349097000	31924
10.349100000	33312
10.360056000	33312
10.360060000	34700
10.362056000	34700
10.362062000	36088
10.362116000	31924
10.362119000	33312
10.362171000	34700
10.362175000	36088
10.362226000	37476
10.362230000	38864
10.362281000	40252
10.362285000	41640
10.365370000	41640
10.365375000	43028
10.365464000	43028
10.365468000	44416
10.370076000	44416
10.370082000	45804
10.370135000	41640
10.370138000	43028
10.370189000	44416
10.370192000	45804
10.370244000	47192
10.370248000	48580
10.370301000	49968
10.370306000	51356
10.375012000	51356
10.375016000	52744
10.375163000	52744
10.375173000	54132
10.378040000	54132
10.378043000	55520
10.379965000	55520
10.379969000	56908
10.384995000	56908
10.385000000	58296
10.385119000	56908
10.385122000	58296
10.385168000	59684
10.385170000	61072
10.389317000	61072
10.389321000	62460
10.389352000	59684
10.389355000	61072
10.389404000	62460
10.389407000	63848
10.389456000	65236
10.389458000	66624
10.395009000	66624
10.395015000	68012
10.395061000	68012
10.395065000	69400
10.400066000	69400
10.400071000	70788
10.400106000	66624
10.400109000	68012
10.400201000	69400
10.400206000	70788
10.400290000	72176
10.400296000	73564
10.400377000	74952
10.400383000	76340
10.405050000	76340
10.405054000	77728
10.405171000	77728
10.405175000	79116
10.408061000	79116
10.408065000	80504
10.408097000	80504
10.408100000	81892
10.408207000	81892
10.408212000	83280
10.408254000	76340
10.408257000	77728
10.408377000	79116
10.408382000	80504
10.408485000	81892
10.408491000	83280
10.408573000	84668
10.408576000	86056
10.408609000	87444
10.408611000	88832
10.408663000	90220
10.408665000	91608
10.410001000	91608
10.410004000	92996
10.410037000	91608
10.410040000	92996
10.410094000	92996
10.410097000	94384
10.410099000	95772
10.410144000	95772
10.410146000	97160
10.410149000	98548
10.413039000	98548
10.413042000	99936
10.413050000	99936
10.413082000	99936
10.413085000	101324
10.413087000	102712
10.413159000	98548
10.413165000	99936
10.413168000	101324
10.413231000	102712
10.413234000	104100
10.413236000	105488
10.413268000	106876
10.413270000	108264
10.420083000	106876
10.420086000	108264
10.420088000	109652
10.420139000	108264
10.420143000	109652
10.420146000	111040
10.420186000	112428
10.420190000	113816
10.422986000	112428
10.422990000	113816
10.422994000	115204
10.423024000	116592
10.425112000	113816
10.425116000	115204
10.425119000	116592
10.425149000	115204
10.425152000	116592
10.425154000	117980
10.425199000	119368
10.425201000	120756
10.425204000	122144
10.425251000	123532
10.430052000	122144
10.430056000	123532
10.430059000	124920
10.430108000	119368
10.430127000	120756
10.430129000	122144
10.430233000	123532
10.430238000	124920
10.430242000	126308
10.430354000	127696
10.430359000	129084
10.430362000	130472
10.430468000	131860
10.430473000	133248
10.433013000	131860
10.433018000	133248
10.433020000	134636
10.433052000	133248
10.433058000	134636
10.433063000	136024
10.433181000	137412
10.433188000	138800
10.440028000	137412
10.440033000	138800
10.440036000	140188
10.440039000	141576
10.440072000	138800
10.440075000	140188
10.440078000	141576
10.440080000	142964
10.440166000	144352
10.440172000	145740
10.444034000	145740
10.444039000	147128
10.444277000	147128
10.444282000	148516
10.444292000	148516
10.444295000	149904
10.444318000	148516
10.444321000	149904
10.444324000	151292
10.444326000	152680
10.445156000	152680
10.445161000	154068
10.445172000	154068
10.445175000	155456
10.448018000	155456
10.448022000	156844
10.448033000	156844
10.448036000	158232
10.448059000	156844
10.448062000	158232
10.448064000	159620
10.448067000	161008
10.449989000	161008
10.449993000	162396
10.459990000	162396
10.459995000	163784
10.460024000	163784
10.460027000	165172
10.464008000	165172
10.464013000	166560
10.464026000	166560
10.464029000	167948
10.464054000	166560
10.464057000	167948
10.464059000	169336
10.464163000	169336
10.464168000	170724
10.464170000	172112
10.465004000	172112
10.465009000	173500
10.465019000	173500
10.465036000	174888
10.468071000	174888
10.468073000	176276
10.468082000	176276
10.468116000	176276
10.468119000	177664
10.468122000	179052
10.468193000	177664
10.468199000	179052
10.468207000	180440
10.468231000	179052
10.468234000	180440
10.468237000	181828
10.468289000	181828
10.468293000	183216
10.468296000	184604
10.468343000	180440
10.468347000	181828
10.468349000	183216
10.468383000	184604
10.468386000	185992
10.468389000	187380
10.468440000	187380
10.468443000	188768
10.468445000	190156
10.468493000	188768
10.468496000	190156
10.468498000	191544
10.468546000	191544
10.468549000	192932
10.468551000	194320
10.468599000	194320
10.468602000	195708
10.468605000	197096
10.468650000	198484
10.470052000	198484
10.470056000	199872
10.470065000	199872
10.470090000	201260
10.473015000	201260
10.473018000	202648
10.473026000	202648
10.473120000	202648
10.473125000	204036
10.473128000	205424
10.473139000	205424
10.473273000	177664
10.473277000	179052
10.473280000	180440
10.473282000	181828
10.473313000	141576
10.473473000	142964
10.473476000	144352
10.473479000	145740
10.473481000	147128
10.473483000	148516
10.473534000	149904
10.473536000	151292
10.473539000	152680
10.473541000	154068
10.473605000	155456
10.473608000	156844
10.473612000	158232
10.473615000	159620
10.473619000	161008
10.473657000	162396
10.473661000	163784
10.473664000	165172
10.473667000	166560
10.473670000	167948
10.473710000	169336
10.473714000	170724
10.473717000	172112
10.473720000	173500
10.473765000	174888
10.473769000	176276
10.473772000	177664
10.473775000	179052
10.473779000	180440
10.473862000	181828
10.473866000	183216
10.473870000	184604
10.473873000	185992
10.473877000	187380
10.473902000	188768
10.473905000	190156
10.473908000	191544
10.473918000	192932
10.473955000	194320
10.473959000	195708
10.473962000	197096
10.473965000	198484
10.474008000	199872
10.474012000	201260
10.474015000	202648
10.474018000	204036
10.474022000	205424
10.474061000	206812
10.474065000	208200
10.474068000	209588
10.474071000	210976
10.474115000	212364
10.474118000	213752
10.474122000	215140
10.474125000	216528
10.474128000	217916
10.474169000	219304
10.474172000	220692
10.474176000	222080
10.474179000	223468
10.474222000	224856
10.474226000	226244
10.474229000	227632
10.474232000	229020
10.474235000	230408
10.474276000	231796
10.474279000	233184
10.474282000	234572
10.474286000	235960
10.474330000	237348
10.474333000	238736
10.474336000	240124
10.474339000	241512
10.474342000	242900
10.474383000	244288
10.474386000	245676
10.474390000	247064
10.474393000	248452
10.474438000	249840
10.474442000	251228
10.474445000	252616
10.474448000	254004
10.474451000	255392
10.474490000	256780
10.474494000	258168
10.474497000	259556
10.474500000	260944
10.474544000	262332
10.474548000	263720
10.474551000	265108
10.474554000	266496
10.474557000	267884
10.474598000	269272
10.474602000	270660
10.474605000	272048
10.474608000	273436
10.474652000	274824
10.474656000	276212
10.474659000	277600
10.475023000	265108
10.475026000	266496
10.475028000	267884
10.475030000	269272
10.475032000	270660
10.475058000	272048
10.475061000	273436
10.475063000	274824
10.475065000	276212
10.475111000	277600
10.479994000	276212
10.479996000	277600
10.479999000	278988
10.480001000	280376
10.485094000	252616
10.485098000	254004
10.485101000	255392
10.485103000	256780
10.485106000	258168
10.485108000	259556
10.485133000	260944
10.485136000	262332
10.485138000	263720
10.485141000	265108
10.485303000	266496
10.485306000	267884
10.485309000	269272
10.485312000	270660
10.495012000	269272
10.495016000	270660
10.495019000	272048
10.495022000	273436
10.495025000	274824
10.495027000	276212
10.495049000	273436
10.495052000	274824
10.495055000	276212
10.495057000	277600
10.495147000	278988
10.495153000	280376
10.495155000	281764
10.495158000	283152
10.495161000	284540
10.495163000	285928
10.495240000	287316
10.495245000	288704
10.495247000	290092
10.495250000	291480
10.495252000	292868
10.495255000	294256
10.495332000	295644
10.495337000	297032
10.495339000	298420
10.495342000	299808
10.500013000	298420
10.500018000	299808
10.500020000	301196
10.500023000	302584
10.500025000	303972
10.500028000	305360
10.500031000	306748
10.505095000	291480
10.505099000	292868
10.505102000	294256
10.505105000	295644
10.505108000	297032
10.505110000	298420
10.505113000	299808
10.505132000	301196
10.505135000	302584
10.511659000	301196
10.511663000	302584
10.511666000	303972
10.511668000	305360
10.511671000	306748
10.511673000	308136
10.511676000	309524
10.511697000	309524
10.511700000	310912
10.511703000	312300
10.511705000	313688
10.511795000	315076
10.511800000	316464
10.511803000	317852
10.515080000	317852
10.515096000	306748
10.515099000	308136
10.515109000	309524
10.515112000	310912
10.515114000	312300
10.515117000	313688
10.515215000	312300
10.515220000	313688
10.515223000	315076
10.515226000	316464
10.515228000	317852
10.515231000	319240
10.515234000	320628
10.515321000	322016
10.515326000	323404
10.519980000	323404
10.519993000	322016
10.519996000	323404
10.520984000	322016
10.520987000	323404
10.520997000	322016
10.520999000	323404
10.521007000	322016
10.521010000	323404
10.521082000	322016
10.521085000	323404
10.521092000	322016
10.521094000	323404
10.524969000	322016
10.524976000	323404
10.528047000	315076
10.528054000	316464
10.528058000	317852
10.528061000	319240
10.528065000	320628
10.528090000	308136
10.528094000	309524
10.528112000	310912
10.528116000	312300
10.528119000	313688
10.528122000	315076
10.528126000	316464
10.528129000	317852
10.530037000	303972
10.530044000	305360
10.530047000	306748
10.530051000	308136
10.530055000	309524
10.530058000	310912
10.530062000	312300
10.530411000	313688
10.530417000	315076
10.535057000	315076
10.535062000	316464
10.535065000	317852
10.535067000	319240
10.535070000	320628
10.535073000	322016
10.535075000	323404
10.535192000	323404
10.535198000	324792
10.535201000	326180
10.535203000	327568
10.535206000	328956
10.548065000	328956
10.548069000	330344
10.548072000	331732
10.548084000	331732
10.548086000	333120
10.548089000	334508
10.548099000	334508
10.548353000	327568
10.548358000	328956
10.548360000	330344
10.548363000	331732
10.548365000	333120
10.548368000	334508
10.548644000	319240
10.548650000	320628
10.548653000	322016
10.548656000	323404
10.548660000	324792
10.548663000	326180
10.548697000	326180
10.548888000	327568
10.549999000	328956
10.550014000	330344
10.551053000	331732
10.551065000	333120
10.551072000	334508
10.551094000	335896
10.553081000	337284
10.553095000	338672
10.553126000	340060
10.553139000	340060
10.553178000	340060
10.553191000	341448
10.553203000	342836
10.553228000	344224
10.553285000	345612
10.553293000	347000
10.553337000	348388
10.553344000	349776
10.553352000	351164
10.553390000	352552
10.553443000	353940
10.553451000	355328
10.553458000	356716
10.553498000	358104
10.553505000	359492
10.553604000	360880
10.553612000	362268
10.553620000	363656
10.553654000	365044
10.554085000	366432
10.554187000	367820
10.554195000	369208
10.554203000	370596
10.554239000	371984
10.554293000	373372
10.554301000	374760
10.554309000	376148
10.554342000	377536
10.554454000	378924
10.554463000	380312
10.554562000	381700
10.554570000	383088
10.554617000	384476
10.554627000	385864
10.554635000	387252
10.554666000	388640
10.554723000	390028
10.554731000	391416
10.554739000	392804
10.554778000	394192
10.554836000	395580
10.554890000	396968
10.554899000	398356
10.554943000	399744
10.554952000	401132
10.554997000	402520
10.555005000	403908
10.555050000	405296
10.555105000	406684
10.555115000	408072
10.555164000	409460
10.555174000	410848
10.555183000	412236
10.555207000	413624
10.555266000	415012
10.555277000	416400
10.566072000	417788
10.566117000	419176
10.566168000	420564
10.566178000	421952
10.566187000	423340
10.566222000	424728
10.566232000	426116
10.566275000	427504
10.566284000	428892
10.566329000	430280
10.566338000	431668
10.566382000	433056
10.566391000	434444
10.566437000	435832
10.566446000	437220
10.566455000	438608
10.566465000	439996
10.566543000	441384
10.566553000	442772
10.566562000	444160
10.566572000	445548
10.566598000	446936
10.566609000	448324
10.566704000	449712
10.566714000	451100
10.566723000	452488
10.566733000	453876
10.566759000	455264
10.566768000	456652
10.566865000	458040
10.566874000	459428
10.566884000	460816
10.566919000	462204
10.566929000	463592
10.566972000	464980
10.566982000	466368
10.567026000	467756
10.567036000	469144
10.567080000	470532
10.567134000	471920
10.567144000	473308
10.567188000	474696
10.567198000	476084
10.567295000	477472
10.567306000	478860
10.567402000	480248
10.567456000	481636
10.567511000	483024
10.567573000	484412
10.567589000	485800
10.568002000	487188
10.568023000	488576
10.568040000	489964
10.568057000	491352
10.568073000	492740
10.568155000	494128
10.568171000	495516
10.568207000	496904
10.568224000	498292
10.568239000	499680
10.568255000	501068
10.568271000	502456
10.569992000	503844
10.570025000	505232
10.575040000	506620
10.578071000	508008
10.578090000	509396
10.578107000	510784
10.578123000	512172
10.578142000	513560
10.578182000	514948
10.578243000	516336
10.578262000	517724
10.578279000	519112
10.578296000	520500
10.578314000	521888
10.578405000	523276
10.578425000	524664
10.578443000	526052
10.578461000	527440
10.578479000	528828
10.578537000	530216
10.578604000	531604
10.578623000	532992
10.578712000	534380
10.580086000	535768
10.583196000	537156
10.583214000	538544
10.583347000	539932
10.583365000	541320
10.583378000	542708
10.583390000	544096
10.583403000	545484
10.583444000	546872
10.583563000	548260
10.583582000	549648
10.583595000	551036
10.583608000	552424
10.583621000	553812
10.583633000	555200
10.583707000	556588
10.583821000	557976
10.583840000	559364
10.583854000	560752
10.583868000	562140
10.583881000	563528
10.583894000	564916
10.583940000	566304
10.584061000	567692
10.584080000	569080
10.584095000	570468
10.584111000	571856
10.584130000	573244
10.584144000	574632
10.584169000	576020
10.585042000	577408
10.590071000	578796
10.590091000	580184
10.590106000	581572
10.590121000	582960
10.593151000	584348
10.593172000	585736
10.593187000	587124
10.593202000	588512
10.593216000	589900
10.593231000	591288
10.593245000	592676
10.593294000	594064
10.595082000	595452
10.595110000	596840
10.598058000	598228
10.598079000	599616
10.598103000	572759
10.623093000	116107
10.638875000	116107
