11.843202000	1408
11.843212000	2816
11.843240000	4224
11.843243000	5632
11.843305000	7040
11.843311000	8448
11.843359000	9856
11.843363000	11264
11.843412000	12672
11.843415000	14080
11.976360000	14080
11.976363000	15488
11.984284000	15488
11.984293000	16896
11.991413000	16896
11.991420000	18304
11.991647000	9856
11.991650000	11264
11.991716000	12672
11.991720000	14080
11.991781000	15488
11.991785000	16896
11.991825000	18304
11.991829000	19712
11.991880000	21120
11.991884000	22528
11.991936000	23936
11.991939000	25344
11.991991000	26752
12.141384000	26752
12.141388000	28160
12.141488000	28160
12.141492000	29568
12.156375000	29568
12.156380000	30976
12.156429000	28160
12.156432000	29568
12.156527000	30976
12.156534000	32384
12.156627000	33792
12.156633000	35200
12.157387000	35200
12.157395000	36608
12.157435000	36608
12.157439000	38016
12.165382000	38016
12.165385000	39424
12.172388000	39424
12.172393000	40832
12.172457000	35200
12.172460000	36608
12.172554000	38016
12.172560000	39424
12.172642000	40832
12.172648000	42240
12.172734000	43648
12.172740000	45056
12.172821000	46464
12.172827000	47872
12.173434000	47872
12.173439000	49280
12.173570000	46464
12.173574000	47872
12.173657000	49280
12.173663000	50688
12.173698000	52096
12.173701000	53504
12.368467000	53504
12.368472000	54912
12.368502000	53504
12.368505000	54912
12.368600000	56320
12.368606000	57728
12.375440000	57728
12.375445000	59136
12.375484000	59136
12.375487000	60544
12.383424000	60544
12.383429000	61952
12.390435000	61952
12.390439000	63360
12.390659000	53504
12.390664000	54912
12.390726000	56320
12.390730000	57728
12.390783000	59136
12.390787000	60544
12.390838000	61952
12.390843000	63360
12.390894000	64768
12.390899000	66176
12.390950000	67584
12.390955000	68992
12.391013000	70400
12.391019000	71808
12.391070000	73216
12.391073000	74624
12.391384000	74624
12.391389000	76032
12.391485000	76032
12.391489000	77440
12.399453000	77440
12.399458000	78848
12.406339000	78848
12.406344000	80256
12.406383000	80256
12.406386000	81664
12.407440000	81664
12.407448000	83072
12.407499000	81664
12.407504000	83072
12.407547000	84480
12.407551000	85888
12.415475000	85888
12.415480000	87296
12.415514000	87296
12.415517000	88704
12.422348000	88704
12.422353000	90112
12.422522000	90112
12.422527000	91520
12.422711000	88704
12.422717000	90112
12.422782000	91520
12.422786000	92928
12.422827000	94336
12.422830000	95744
12.423374000	95744
12.423377000	97152
12.423432000	92928
12.423435000	94336
12.423484000	95744
12.423487000	97152
12.423537000	98560
12.423539000	99968
12.423589000	101376
12.423592000	102784
12.424321000	102784
12.424325000	104192
12.424379000	102784
12.424382000	104192
12.424471000	105600
12.424477000	107008
12.620587000	107008
12.620590000	108416
12.620661000	99968
12.620664000	101376
12.620795000	102784
12.620802000	104192
12.620831000	105600
12.620834000	107008
12.620881000	108416
12.620884000	109824
12.620934000	111232
12.620937000	112640
12.620986000	114048
12.620989000	115456
12.621039000	116864
12.621042000	118272
12.621504000	118272
12.621507000	119680
12.621555000	112640
12.621558000	114048
12.621655000	115456
12.621661000	116864
12.621743000	118272
12.621749000	119680
12.622358000	119680
12.622374000	119680
12.622408000	116864
12.622412000	118272
12.622468000	118272
12.622472000	119680
12.622520000	118272
12.622524000	119680
12.653386000	119680
12.653399000	119680
12.653418000	119680
12.660477000	119680
12.660489000	119680
12.660548000	111232
12.660551000	112640
12.660640000	114048
12.660647000	115456
12.660736000	116864
12.660743000	118272
12.660824000	119680
12.660830000	121088
12.661428000	119680
12.661433000	121088
12.661490000	111232
12.661493000	112640
12.661581000	114048
12.661587000	115456
12.661668000	116864
12.661674000	118272
12.661709000	119680
12.661712000	121088
12.662429000	119680
12.662433000	121088
12.670383000	119680
12.670388000	121088
12.670427000	122496
12.677441000	121088
12.677446000	122496
12.677475000	115456
12.677478000	116864
12.677576000	118272
12.677582000	119680
12.677664000	121088
12.677670000	122496
12.678324000	121088
12.678328000	122496
12.686321000	121088
12.686326000	122496
12.693438000	121088
12.693441000	122496
12.693473000	112640
12.693476000	114048
12.693523000	115456
12.693526000	116864
12.693577000	118272
12.693580000	119680
12.693627000	121088
12.693630000	122496
12.693680000	123904
12.713409000	122496
12.713412000	123904
12.713431000	122496
12.713434000	123904
12.750489000	123904
12.853517000	122496
12.853521000	123904
12.853543000	122496
12.853547000	123904
12.854496000	122496
12.854499000	123904
12.854522000	119680
12.854525000	121088
12.854621000	122496
12.854627000	123904
12.855306000	122496
12.855311000	123904
12.863429000	123904
12.863434000	125312
12.870393000	125312
12.870406000	125312
12.870451000	119680
12.870454000	121088
12.870549000	122496
12.870554000	123904
12.870639000	125312
12.871381000	125312
12.893443000	125312
12.893468000	125312
12.893488000	125312
12.900535000	125312
12.900547000	125312
12.900612000	111232
12.900615000	112640
12.900736000	114048
12.900743000	115456
12.900856000	116864
12.900862000	118272
12.900976000	119680
12.900982000	121088
12.901065000	122496
12.901072000	123904
12.901153000	125312
12.901159000	126720
12.901544000	126720
12.901552000	126720
12.901734000	119680
12.901738000	121088
12.901789000	122496
12.901792000	123904
12.901842000	125312
12.901845000	126720
12.902293000	126720
12.902312000	126720
12.902402000	126720
12.933392000	126720
12.933404000	126720
12.933423000	126720
12.940550000	126720
12.940561000	126720
12.940614000	112640
12.940617000	114048
12.940712000	115456
12.940718000	116864
12.940805000	118272
12.940811000	119680
12.940893000	121088
12.940899000	122496
12.940980000	123904
12.940986000	125312
12.941067000	126720
12.941073000	128128
12.941477000	128128
12.941489000	128128
12.941516000	123904
12.941518000	125312
12.941569000	126720
12.941572000	128128
12.942323000	128128
12.942330000	128128
12.942374000	128128
12.942377000	129536
12.950303000	129536
12.957456000	129536
12.957468000	129536
12.957500000	123904
12.957503000	125312
12.957598000	126720
12.957604000	128128
12.957687000	129536
12.958371000	129536
12.958388000	129536
12.973361000	129536
12.973373000	129536
12.973417000	128128
12.973420000	129536
13.010392000	129536
13.147482000	129536
13.147489000	129536
13.155404000	129536
13.162403000	129536
13.170296000	129536
13.170304000	130944
13.177547000	130944
13.177558000	130944
13.177809000	119680
13.177814000	121088
13.177848000	122496
13.177853000	123904
13.177946000	125312
13.177954000	126720
13.177986000	128128
13.177989000	129536
13.178088000	130944
13.178443000	129536
13.178446000	130944
13.178474000	129536
13.178478000	130944
13.185462000	129536
13.185468000	130944
13.200308000	129536
13.200313000	130944
13.200341000	129536
13.200344000	130944
13.200393000	132352
13.215500000	130944
13.215505000	132352
13.215553000	119680
13.215556000	121088
13.215650000	122496
13.215656000	123904
13.215739000	125312
13.215745000	126720
13.215826000	128128
13.215832000	129536
13.215913000	130944
13.215919000	132352
13.230446000	130944
13.230454000	132352
13.230510000	125312
13.230514000	126720
13.230564000	128128
13.230569000	129536
13.230620000	130944
13.230624000	132352
13.230675000	133760
13.231320000	132352
13.231324000	133760
13.246470000	132352
13.246475000	133760
13.246513000	129536
13.246516000	130944
13.246610000	132352
13.246616000	133760
13.254399000	132352
13.254404000	133760
13.261409000	132352
13.261414000	133760
13.261449000	121088
13.261453000	122496
13.261500000	123904
13.261504000	125312
13.261555000	126720
13.261558000	128128
13.261607000	129536
13.261610000	130944
13.261659000	132352
13.261662000	133760
13.261711000	135168
13.276394000	133760
13.276402000	135168
13.276666000	116864
13.276670000	118272
13.276730000	119680
13.276735000	121088
13.276787000	122496
13.276792000	123904
13.276843000	125312
13.276847000	126720
13.276897000	128128
13.276902000	129536
13.276955000	130944
13.276959000	132352
13.277011000	133760
13.277015000	135168
13.277420000	133760
13.277425000	135168
13.277458000	136576
13.301455000	135168
13.301458000	136576
13.308417000	135168
13.308425000	136576
13.330407000	135168
13.330411000	136576
13.473465000	135168
13.473471000	136576
13.480364000	135168
13.480367000	136576
13.480551000	135168
13.480555000	136576
13.488437000	135168
13.488442000	136576
13.495426000	135168
13.495431000	136576
13.495475000	135168
13.495479000	136576
13.503402000	135168
13.503410000	136576
13.503445000	137984
13.518392000	136576
13.518395000	137984
13.518436000	125312
13.518439000	126720
13.518486000	128128
13.518489000	129536
13.518539000	130944
13.518543000	132352
13.518591000	133760
13.518594000	135168
13.518644000	136576
13.518647000	137984
13.533352000	136576
13.533357000	137984
13.533402000	136576
13.533405000	137984
13.540447000	136576
13.540452000	137984
13.540506000	119680
13.540509000	121088
13.540558000	122496
13.540561000	123904
13.540610000	125312
13.540613000	126720
13.540664000	128128
13.540667000	129536
13.540716000	130944
13.540719000	132352
13.540768000	133760
13.540771000	135168
13.540821000	136576
13.540825000	137984
13.540874000	139392
13.541387000	137984
13.541390000	139392
13.541428000	137984
13.541431000	139392
13.556407000	137984
13.556412000	139392
13.556593000	132352
13.556597000	133760
13.556646000	135168
13.556649000	136576
13.556745000	137984
13.556751000	139392
13.556833000	140800
13.573389000	139392
13.573394000	140800
13.573430000	136576
13.573433000	137984
13.573528000	139392
13.573537000	140800
13.580410000	139392
13.580414000	140800
13.580464000	128128
13.580467000	129536
13.580514000	130944
13.580518000	132352
13.580567000	133760
13.580570000	135168
13.580620000	136576
13.580624000	137984
13.580674000	139392
13.580677000	140800
13.580726000	142208
13.613341000	140800
13.613346000	142208
13.613372000	137984
13.613375000	139392
13.613470000	140800
13.613476000	142208
13.628386000	140800
13.628391000	142208
13.628422000	140800
13.628425000	142208
13.628504000	132352
13.628506000	133760
13.628597000	135168
13.628603000	136576
13.628703000	137984
13.628705000	139392
13.628788000	140800
13.628794000	142208
13.628893000	143616
13.643431000	142208
13.643434000	143616
13.705431000	143616
13.780416000	142208
13.780419000	143616
13.789371000	142208
13.789377000	143616
13.796428000	142208
13.796431000	143616
13.813342000	142208
13.813347000	143616
13.813382000	142208
13.813385000	143616
13.820393000	142208
13.820398000	143616
13.820451000	136576
13.820454000	137984
13.820543000	139392
13.820549000	140800
13.820631000	142208
13.820637000	143616
13.820719000	145024
13.821341000	143616
13.821347000	145024
13.821509000	143616
13.821513000	145024
13.836404000	143616
13.836410000	145024
13.836446000	140800
13.836450000	142208
13.836583000	143616
13.836590000	145024
13.851466000	143616
13.851471000	145024
13.851510000	132352
13.851513000	133760
13.851635000	135168
13.851641000	136576
13.851723000	137984
13.851729000	139392
13.851762000	140800
13.851766000	142208
13.851815000	143616
13.851819000	145024
13.851867000	146432
13.852285000	145024
13.852289000	146432
13.852321000	139392
13.852324000	140800
13.852389000	142208
13.852393000	143616
13.852426000	145024
13.852429000	146432
13.860431000	145024
13.860436000	146432
13.867385000	145024
13.867391000	146432
13.893438000	145024
13.893443000	146432
13.893477000	142208
13.893481000	143616
13.893521000	145024
13.893524000	146432
13.893574000	147840
13.900434000	146432
13.900442000	147840
13.900545000	121088
13.900550000	122496
13.900599000	123904
13.900603000	125312
13.900654000	126720
13.900658000	128128
13.900709000	129536
13.900713000	130944
13.900765000	132352
13.900769000	133760
13.900821000	135168
13.900825000	136576
13.900876000	137984
13.900880000	139392
13.900930000	140800
13.900934000	142208
13.900984000	143616
13.900988000	145024
13.901038000	146432
13.901042000	147840
13.901092000	149248
13.901354000	147840
13.901358000	149248
13.901404000	142208
13.901407000	143616
13.901497000	136576
13.901504000	137984
13.901528000	139392
13.901663000	140800
13.901667000	142208
13.901702000	143616
13.901706000	145024
13.901757000	146432
13.901761000	147840
13.901811000	149248
13.920366000	147840
13.920374000	149248
13.920411000	150656
13.928306000	149248
13.928311000	150656
13.935403000	149248
13.935408000	150656
13.983513000	149248
13.983516000	150656
14.040528000	149248
14.040531000	150656
14.041474000	149248
14.041477000	150656
14.042286000	149248
14.042290000	150656
14.047425000	149248
14.047430000	150656
14.047476000	149248
14.047479000	150656
14.054363000	149248
14.054368000	150656
14.073327000	149248
14.073332000	150656
14.073407000	149248
14.073411000	150656
14.073522000	152064
14.080432000	150656
14.080437000	152064
14.080514000	133760
14.080517000	135168
14.080600000	136576
14.080606000	137984
14.080687000	139392
14.080693000	140800
14.080767000	142208
14.080774000	143616
14.080848000	145024
14.080855000	146432
14.080929000	147840
14.080935000	149248
14.081018000	150656
14.081024000	152064
14.081278000	150656
14.081282000	152064
14.081319000	153472
14.081378000	152064
14.081381000	153472
14.081427000	149248
14.081430000	150656
14.081481000	152064
14.081484000	153472
14.089300000	152064
14.089307000	153472
14.096379000	152064
14.096384000	153472
14.096430000	143616
14.096433000	145024
14.096528000	146432
14.096534000	147840
14.096616000	149248
14.096623000	150656
14.096714000	152064
14.096720000	153472
14.113440000	152064
14.113445000	153472
14.113479000	152064
14.113483000	153472
14.113576000	154880
14.128401000	153472
14.128406000	154880
14.128731000	125312
14.128736000	126720
14.128805000	128128
14.128808000	129536
14.128918000	130944
14.128924000	132352
14.129036000	133760
14.129042000	135168
14.129153000	136576
14.129159000	137984
14.129271000	139392
14.129277000	140800
14.129389000	142208
14.129395000	143616
14.129429000	145024
14.129433000	146432
14.129483000	147840
14.129486000	149248
14.129537000	150656
14.129540000	152064
14.129591000	153472
14.129593000	154880
14.129644000	156288
14.136278000	154880
14.136283000	156288
14.143453000	154880
14.143457000	156288
14.143510000	140800
14.143513000	142208
14.143608000	143616
14.143614000	145024
14.143696000	146432
14.143702000	147840
14.143791000	149248
14.143797000	150656
14.143823000	152064
14.143827000	153472
14.143882000	154880
14.143886000	156288
14.143936000	157696
14.144371000	156288
14.144374000	157696
14.173425000	156288
14.173431000	157696
14.173468000	153472
14.173471000	154880
14.173590000	156288
14.173595000	157696
14.197481000	156288
14.197486000	157696
14.235485000	157696
14.261387000	156288
14.261390000	157696
14.276359000	156288
14.276363000	157579
