14.882801000	1388
14.882803000	2776
14.882829000	4164
14.882831000	5552
14.882879000	6940
14.882879000	8328
14.882931000	9716
14.882932000	11104
14.882983000	12492
14.882984000	13880
14.917581000	13880
14.917583000	15268
14.917617000	15268
14.917619000	16656
14.922553000	16656
14.922554000	18044
14.922587000	18044
14.922588000	19432
14.926446000	19432
14.926448000	20820
14.926522000	15268
14.926523000	16656
14.926604000	18044
14.926606000	19432
14.926668000	20820
14.926670000	22208
14.926718000	23596
14.926719000	24984
14.926770000	26372
14.926770000	27760
14.952536000	27760
14.952538000	29148
14.952602000	29148
14.952603000	30536
14.956059000	30536
14.956061000	31924
14.956188000	31924
14.956190000	33312
14.956271000	33312
14.956272000	34700
14.956320000	33312
14.956321000	34700
14.956401000	36088
14.956403000	37476
14.957613000	37476
14.957614000	38864
14.957660000	38864
14.957661000	40252
14.962574000	40252
14.962576000	41640
14.962646000	41640
14.962647000	43028
14.967590000	43028
14.967591000	44416
14.967631000	44416
14.967633000	45804
14.970568000	45804
14.970570000	47192
14.970607000	47192
14.970608000	48580
14.970664000	45804
14.970666000	47192
14.970714000	45804
14.970716000	47192
14.970802000	48580
14.970804000	49968
14.970882000	51356
14.970883000	52744
14.970930000	54132
14.970932000	55520
14.987557000	55520
14.987559000	56908
14.987623000	56908
14.987625000	58296
14.990553000	58296
14.990555000	59684
14.990640000	59684
14.990642000	61072
14.990688000	58296
14.990689000	59684
14.990771000	61072
14.990773000	62460
14.990820000	63848
14.990822000	65236
14.992524000	65236
14.992526000	66624
14.992571000	66624
14.992573000	68012
14.997592000	68012
14.997594000	69400
14.997664000	69400
14.997666000	70788
15.000562000	70788
15.000563000	72176
15.000640000	70788
15.000641000	72176
15.000718000	70788
15.000720000	72176
15.000796000	70788
15.000797000	72176
15.000874000	73564
15.000875000	74952
15.000925000	76340
15.000926000	77728
15.000980000	79116
15.000981000	80504
15.002558000	80504
15.002559000	81892
15.002614000	81892
15.002616000	83280
15.005529000	83280
15.005530000	84668
15.005573000	84668
15.005574000	86056
15.005640000	86056
15.005641000	87444
15.007583000	87444
15.007584000	88832
15.007650000	88832
15.007652000	90220
15.010591000	90220
15.010593000	91608
15.010635000	88832
15.010636000	90220
15.010688000	90220
15.010689000	91608
15.010690000	92996
15.010739000	94384
15.010740000	95772
15.010741000	97160
15.012503000	97160
15.012506000	98548
15.012511000	98548
15.012543000	99936
15.015588000	99936
15.015589000	101324
15.015593000	101324
15.015634000	99936
15.015635000	101324
15.015636000	102712
15.015694000	101324
15.015695000	102712
15.015696000	104100
15.015746000	102712
15.015747000	104100
15.015748000	105488
15.015797000	106876
15.015798000	108264
15.015799000	109652
15.015849000	111040
15.022543000	109652
15.022545000	111040
15.022546000	112428
15.022638000	111040
15.022639000	112428
15.022641000	113816
15.022717000	115204
15.022719000	116592
15.025604000	115204
15.025605000	116592
15.025606000	117980
15.025684000	116592
15.025685000	117980
15.025686000	119368
15.025729000	115204
15.025730000	116592
15.025731000	117980
15.025781000	119368
15.025782000	120756
15.025783000	122144
15.025833000	123532
15.025834000	124920
15.025835000	126308
15.025884000	127696
15.027507000	127696
15.027508000	129084
15.027555000	129084
15.027556000	130472
15.032514000	130472
15.032516000	131860
15.032521000	131860
15.032592000	133248
15.032677000	133248
15.032678000	134636
15.035816000	134636
15.035817000	136024
15.035821000	136024
15.035824000	136024
15.035890000	137412
15.035892000	138800
15.037545000	138800
15.037547000	140188
15.037553000	140188
15.037555000	141576
15.040583000	141576
15.040584000	142964
15.040588000	142964
15.040589000	144352
15.040661000	144352
15.040662000	145740
15.040665000	145740
15.040667000	147128
15.042829000	147128
15.042830000	148516
15.042834000	148516
15.042835000	149904
15.045636000	149904
15.045637000	151292
15.045640000	151292
15.045641000	152680
15.045713000	148516
15.045715000	149904
15.045716000	151292
15.045717000	152680
15.045802000	152680
15.045804000	154068
15.045805000	155456
15.045806000	156844
15.045886000	156844
15.045887000	158232
15.045889000	159620
15.045890000	161008
15.045951000	161008
15.045952000	162396
15.047534000	162396
15.047536000	163784
15.047539000	163784
15.047540000	165172
15.050542000	165172
15.050543000	166560
15.050588000	166560
15.050589000	167948
15.050649000	167948
15.050650000	169336
15.050654000	169336
15.050655000	170724
15.050702000	169336
15.050703000	170724
15.050705000	172112
15.050706000	173500
15.050752000	166560
15.050753000	167948
15.050754000	169336
15.050755000	170724
15.050809000	163784
15.050810000	165172
15.050812000	166560
15.050813000	167948
15.050855000	166560
15.050856000	167948
15.050857000	169336
15.050858000	170724
15.050907000	172112
15.050908000	173500
15.050909000	174888
15.050910000	176276
15.050958000	177664
15.050959000	179052
15.050961000	180440
15.050962000	181828
15.051011000	183216
15.051011000	184604
15.051012000	185992
15.051013000	187380
15.051062000	188768
15.051063000	190156
15.051064000	191544
15.051066000	192932
15.052505000	191544
15.052506000	192932
15.052508000	194320
15.052509000	195708
15.052553000	191544
15.052554000	192932
15.052555000	194320
15.052556000	195708
15.052557000	197096
15.052604000	198484
15.052605000	199872
15.052606000	201260
15.055559000	199872
15.055560000	201260
15.055561000	202648
15.055563000	204036
15.055568000	192932
15.055633000	194320
15.055635000	195708
15.055636000	197096
15.055637000	198484
15.055638000	199872
15.055715000	201260
15.055719000	202648
15.055722000	204036
15.055726000	205424
15.055729000	206812
15.055793000	208200
15.055795000	209588
15.055796000	210976
15.055797000	212364
15.055798000	213752
15.055842000	215140
15.055843000	216528
15.062556000	198484
15.062558000	199872
15.062559000	201260
15.062560000	202648
15.062561000	204036
15.062568000	194320
15.062654000	195708
15.062656000	197096
15.062657000	198484
15.062658000	199872
15.062659000	201260
15.062660000	202648
15.062738000	204036
15.062740000	205424
15.062741000	206812
15.062742000	208200
15.062743000	209588
15.062743000	210976
15.062817000	212364
15.062819000	213752
15.062820000	215140
15.062820000	216528
15.062821000	217916
15.062822000	219304
15.062908000	220692
15.062909000	222080
15.062910000	223468
15.062911000	224856
15.062912000	226244
15.062913000	227632
15.063001000	229020
15.063003000	230408
15.063004000	231796
15.063005000	233184
15.063006000	234572
15.063007000	235960
15.063036000	237348
15.063037000	238736
15.063038000	240124
15.063089000	241512
15.063090000	242900
15.063091000	244288
15.063092000	245676
15.063093000	247064
15.065562000	247064
15.065563000	248452
15.065568000	244288
15.065569000	245676
15.065570000	247064
15.065570000	248452
15.065609000	245676
15.065610000	247064
15.065611000	248452
15.065612000	249840
15.065613000	251228
15.065660000	248452
15.065661000	249840
15.065662000	251228
15.065663000	252616
15.065711000	254004
15.065712000	255392
15.065713000	256780
15.065714000	258168
15.065763000	259556
15.065764000	260944
15.065764000	262332
15.067570000	260944
15.067572000	262332
15.067573000	263720
15.067574000	265108
15.067579000	262332
15.067581000	263720
15.067618000	265108
15.067619000	266496
15.067620000	267884
15.067622000	269272
15.072537000	269272
15.072539000	270660
15.072542000	269272
15.072543000	270660
15.072544000	272048
15.072545000	273436
15.075719000	272048
15.075721000	273436
15.075722000	274824
15.075723000	276212
15.075726000	274824
15.075727000	276212
15.075728000	277600
15.075797000	276212
15.075798000	277600
15.075799000	278988
15.075800000	280376
15.075801000	281764
15.075805000	280376
15.075806000	281764
15.075873000	277600
15.075875000	278988
15.075891000	280376
15.075893000	281764
15.075894000	283152
15.075895000	284540
15.076158000	285928
15.076160000	287316
15.076161000	288704
15.077534000	287316
15.077536000	288704
15.077555000	287316
15.077556000	288704
15.082576000	287316
15.082578000	288704
15.082620000	287316
15.082621000	288704
15.087569000	287316
15.087570000	288704
15.092921000	287316
15.092923000	288704
15.095568000	287316
15.095569000	288704
15.095573000	287316
15.095574000	288704
15.095645000	287316
15.095647000	288704
15.095654000	272048
15.095655000	273436
15.095656000	274824
15.095657000	276212
15.095658000	277600
15.095727000	258168
15.095728000	259556
15.095729000	260944
15.095732000	262332
15.095733000	263720
15.095779000	265108
15.095779000	266496
15.095780000	267884
15.095781000	269272
15.095810000	270660
15.095812000	272048
15.095812000	273436
15.095813000	274824
15.095814000	276212
15.095861000	277600
15.095862000	278988
15.095863000	280376
15.095864000	281764
15.097510000	272048
15.097512000	273436
15.097513000	274824
15.097514000	276212
15.097515000	277600
15.097517000	278988
15.097518000	280376
15.097553000	277600
15.097555000	278988
15.097556000	280376
15.097557000	281764
15.097559000	283152
15.102579000	280376
15.102580000	281764
15.102581000	283152
15.102583000	284540
15.102587000	280376
15.102588000	281764
15.102589000	283152
15.102646000	284540
15.102648000	285928
15.105601000	283152
15.105603000	284540
15.105604000	285928
15.105604000	287316
15.105609000	284540
15.105610000	285928
15.105611000	287316
15.105680000	278988
15.105681000	280376
15.105682000	281764
15.105683000	283152
15.105684000	284540
15.105685000	285928
15.105686000	287316
15.105755000	288704
15.107562000	287316
15.107564000	288704
15.107567000	287316
15.107568000	288704
15.112515000	287316
15.112516000	288704
15.112520000	287316
15.112521000	288704
15.112600000	287316
15.112601000	288704
15.115648000	287316
15.115650000	288704
15.115653000	287316
15.115654000	288704
15.115658000	287316
15.115659000	288704
15.115661000	287316
15.115693000	285928
15.115694000	287316
15.115695000	288704
15.117521000	287316
15.117522000	288704
15.117525000	287316
15.117526000	288704
15.120561000	287316
15.120563000	288704
15.122629000	287316
15.122630000	288704
15.122634000	287316
15.122635000	288704
15.125618000	287316
15.125620000	288704
15.125624000	287316
15.125625000	288704
15.125696000	287316
15.125698000	288704
15.125702000	287316
15.125703000	288704
15.125704000	290092
15.125704000	291480
15.125707000	291480
15.125780000	290092
15.125782000	291480
15.125783000	292868
15.125784000	294256
15.125785000	295644
15.125786000	297032
15.125787000	298420
15.125865000	292868
15.125867000	294256
15.125868000	295644
15.125869000	297032
15.126120000	295644
15.126121000	297032
15.126122000	298420
15.126123000	299808
15.126406000	301196
15.126407000	302584
15.126408000	303972
15.126409000	305360
15.126543000	306748
15.126544000	308136
15.126546000	309524
15.126547000	310912
15.126602000	312300
15.126603000	313688
15.126603000	315076
15.126605000	316464
15.126655000	317852
15.126656000	319240
15.126657000	320628
15.127583000	320628
15.127585000	322016
15.127586000	323404
15.127588000	323404
15.127617000	324792
15.127618000	326180
15.130628000	326180
15.130630000	327568
15.130631000	328956
15.130633000	328956
15.130707000	326180
15.130708000	327568
15.130709000	328956
15.130710000	330344
15.130786000	328956
15.130788000	330344
15.130789000	331732
15.130790000	333120
15.130868000	328956
15.130869000	330344
15.130870000	331732
15.130871000	333120
15.130944000	334508
15.130945000	335896
15.130946000	337284
15.130947000	338672
15.130992000	340060
15.130993000	341448
15.130994000	342836
15.130995000	344224
15.131044000	345612
15.131045000	347000
15.131046000	348388
15.131047000	349776
15.131096000	351164
15.131097000	352552
15.131098000	353940
15.131099000	355328
15.131148000	356716
15.131149000	358104
15.132504000	358104
15.132505000	359492
15.132508000	360880
15.132510000	360880
15.132552000	362268
15.132554000	363656
15.135577000	363656
15.135578000	365044
15.135579000	366432
15.135582000	366432
15.135654000	365044
15.135656000	366432
15.135657000	367820
15.135658000	369208
15.135733000	366432
15.135734000	367820
15.135735000	369208
15.135736000	370596
15.135810000	370596
15.135811000	371984
15.135812000	373372
15.135813000	374760
15.135890000	374760
15.135891000	376148
15.135892000	377536
15.135893000	378924
15.135937000	370596
15.135938000	371984
15.135939000	373372
15.135940000	374760
15.135994000	374760
15.135996000	376148
15.135997000	377536
15.135998000	378924
15.136046000	377536
15.136047000	378924
15.136048000	380312
15.136049000	381700
15.136097000	383088
15.136099000	384476
15.136100000	385864
15.136101000	387252
15.136149000	388640
15.136150000	390028
15.136152000	391416
15.136153000	392804
15.136201000	394192
15.136202000	395580
15.136203000	396968
15.136204000	398356
15.136252000	399744
15.136253000	401132
15.136254000	402520
15.136256000	403908
15.136303000	405296
15.136304000	406684
15.136306000	408072
15.136307000	409460
15.136355000	410848
15.136356000	412236
15.136358000	413624
15.136358000	415012
15.136407000	416400
15.136408000	417788
15.137503000	417788
15.137505000	419176
15.137506000	420564
15.137509000	420564
15.137552000	421952
15.137554000	423340
15.137555000	424728
15.138530000	424728
15.138532000	426116
15.138533000	427504
15.138535000	427504
15.138579000	427504
15.138580000	428892
15.138581000	430280
15.138582000	431668
15.138631000	433056
15.142560000	434444
15.142561000	435832
15.142565000	437220
15.142566000	438608
15.143776000	438608
15.143780000	439996
15.143855000	441384
15.143859000	442772
15.143861000	444160
15.143863000	445548
15.143901000	446936
15.143902000	448324
15.143904000	449712
15.145679000	451100
15.145834000	452488
15.145837000	453876
15.147568000	455264
15.152563000	456652
15.155582000	458040
15.155585000	459428
15.155587000	460816
15.155659000	462204
15.155662000	463592
15.155741000	464980
15.155952000	466368
15.156031000	467756
15.156034000	469144
15.156036000	470532
15.156040000	471920
15.157525000	473308
15.160664000	474696
15.160667000	476084
15.160757000	477472
15.160760000	478860
15.160778000	480248
15.160789000	481636
15.160790000	483024
15.160875000	484412
15.160879000	485800
15.160971000	487188
15.160975000	488576
15.160979000	489964
15.161023000	491352
15.161027000	492740
15.161078000	494128
15.161180000	495516
15.161185000	496904
15.161188000	498292
15.161283000	499680
15.161287000	501068
15.161335000	502456
15.165527000	503844
15.165532000	505232
15.165579000	506620
15.165661000	508008
15.167566000	509396
15.168581000	510784
15.168661000	512172
15.168747000	513560
15.168754000	514948
15.168758000	516336
15.168760000	517724
15.168824000	519112
15.168916000	520500
15.168922000	521888
15.168924000	523276
15.168927000	524664
15.168997000	526052
15.169048000	527440
15.169101000	528828
15.169120000	530216
15.169152000	531604
15.169154000	532992
15.172524000	534380
15.173600000	535768
15.173603000	537156
15.173676000	538544
