5.307890000	1408
5.307903000	2816
5.307923000	4224
5.307927000	5632
5.307979000	7040
5.307984000	8448
5.308026000	9856
5.308030000	11264
5.308078000	12672
5.308081000	14080
5.360023000	14080
5.360028000	15488
5.367040000	15488
5.369995000	5632
5.370078000	7040
5.372878000	8448
5.372881000	9856
5.375822000	11264
5.375827000	12672
5.378708000	14080
5.378713000	15488
5.381650000	16896
5.381656000	18304
5.384543000	19712
5.384549000	21120
5.387478000	22528
5.387483000	23936
5.390382000	25344
5.390387000	26752
5.393312000	28160
5.414983000	28160
5.416482000	25344
5.416487000	26752
5.419398000	28160
5.419403000	29568
5.422272000	30976
5.422274000	32384
5.425189000	32384
5.425191000	33792
5.428124000	35200
5.430047000	35200
5.431546000	25344
5.431551000	26752
5.434455000	28160
5.434460000	29568
5.437401000	30976
5.437406000	32384
5.440294000	32384
5.440299000	33792
5.440393000	35200
5.443197000	36608
5.443202000	38016
5.446080000	32384
5.446084000	33792
5.449028000	35200
5.449033000	36608
5.451949000	38016
5.451954000	39424
5.454855000	39424
5.454860000	40832
5.456829000	42240
5.456834000	43648
5.458805000	45056
5.458811000	46464
5.468020000	46464
5.468027000	47872
5.468976000	39424
5.468980000	40832
5.470588000	42240
5.470593000	43648
5.472161000	45056
5.472166000	46464
5.473733000	47872
5.473738000	49280
5.475342000	50688
5.475347000	52096
5.476925000	53504
5.476930000	54912
5.478501000	56320
5.478506000	57728
5.487831000	57728
5.487837000	59136
5.488635000	59136
5.488637000	60544
5.494980000	60544
5.494986000	61952
5.495014000	59136
5.495837000	60544
5.495841000	61952
5.497420000	56320
5.497424000	57728
5.498988000	59136
5.498993000	60544
5.500592000	61952
5.500597000	63360
5.502143000	56320
5.502146000	57728
5.503710000	56320
5.503715000	57728
5.505250000	59136
5.505255000	60544
5.506737000	61952
5.506742000	63360
5.508232000	64768
5.508236000	66176
5.509748000	67584
5.509753000	68992
5.511248000	70400
5.511253000	71808
5.512718000	73216
5.512719000	74624
5.514247000	76032
5.514252000	77440
5.518031000	77440
5.518037000	78848
5.518827000	74624
5.518833000	76032
5.520265000	77440
5.520271000	78848
5.521721000	80256
5.533031000	78848
5.533776000	71808
5.533781000	73216
5.535197000	71808
5.535202000	73216
5.535284000	74624
5.536559000	76032
5.536565000	77440
5.537978000	78848
5.537984000	80256
5.539292000	81664
5.539297000	83072
5.540695000	84480
5.540701000	85888
5.542042000	84480
5.542046000	85888
5.543413000	87296
5.543415000	88704
5.548979000	87296
5.548983000	88704
5.549740000	87296
5.549745000	88704
5.551087000	87296
5.551093000	88704
5.552154000	90112
5.552158000	91520
5.564958000	90112
5.564963000	91520
5.565521000	84480
5.565524000	85888
5.566619000	81664
5.566623000	83072
5.567719000	84480
5.567723000	85888
5.568811000	87296
5.568815000	88704
5.569907000	90112
5.569911000	91520
5.571006000	92928
5.571011000	94336
5.572102000	95744
5.572107000	97152
5.572217000	98560
5.573195000	99968
5.573197000	101376
5.574313000	102784
5.574319000	104192
5.575423000	105600
5.575428000	107008
5.576492000	108416
5.580901000	107008
5.581458000	105600
5.581462000	107008
5.582585000	108416
5.587847000	107008
5.588406000	102784
5.588412000	104192
5.589504000	105600
5.589508000	107008
5.590594000	108416
5.595927000	107008
5.596481000	108416
5.602923000	107008
5.603499000	102784
5.603502000	104192
5.604580000	105600
5.604585000	107008
5.605702000	108416
5.610937000	107008
5.611527000	108416
5.617931000	107008
5.618488000	102784
5.618518000	104192
5.619582000	105600
5.619584000	107008
5.620712000	108416
5.633055000	107008
5.633651000	102784
5.633656000	104192
5.634724000	105600
5.634727000	107008
5.634800000	108416
5.647895000	108416
5.647903000	108416
5.648458000	105600
5.648460000	107008
5.649587000	108416
5.656862000	108416
5.664030000	108416
5.664038000	108416
5.664626000	105600
5.664631000	107008
5.665690000	105600
5.665693000	107008
5.666795000	108416
5.680070000	108416
5.680642000	99968
5.680716000	101376
5.681721000	97152
5.681723000	98560
5.682821000	97152
5.682824000	98560
5.683977000	99968
5.683982000	101376
5.685045000	102784
5.685060000	104192
5.686110000	105600
5.686113000	107008
5.687227000	108416
5.689938000	108416
5.696894000	108416
5.696961000	108416
5.697549000	102784
5.697555000	104192
5.698630000	98560
5.698633000	99968
5.699749000	99968
5.699754000	101376
5.699836000	102784
5.700840000	104192
5.700845000	105600
5.701935000	107008
5.701940000	108416
5.706874000	108416
5.714101000	108416
5.714683000	99968
5.714687000	101376
5.715752000	101376
5.715754000	102784
5.716882000	104192
5.716887000	105600
5.718025000	107008
5.718031000	108416
5.722950000	108416
5.722962000	108416
5.723534000	108416
5.729911000	108416
5.730471000	105600
5.730476000	107008
5.731578000	108416
5.745094000	107008
5.745680000	94336
5.745685000	95744
5.746745000	88704
5.746746000	90112
5.747845000	91520
5.747849000	92928
5.748920000	94336
5.748925000	95744
5.749988000	97152
5.749995000	98560
5.751078000	99968
5.751083000	101376
5.752082000	102784
5.752084000	104192
5.752157000	105600
5.753162000	107008
5.753168000	108416
5.754223000	108416
5.754227000	109824
5.755283000	111232
5.777071000	111232
5.777613000	98560
5.777616000	99968
5.778678000	98560
5.778680000	99968
5.779779000	101376
5.779784000	102784
5.780851000	104192
5.780856000	105600
5.781887000	107008
5.781892000	108416
5.782982000	109824
5.782988000	111232
5.799908000	109824
5.799911000	111232
5.800490000	109824
5.800494000	111232
5.807075000	109824
5.807078000	111232
5.807652000	101376
5.807658000	102784
5.808686000	90112
5.808688000	91520
5.809786000	92928
5.809792000	94336
5.810830000	95744
5.810834000	97152
5.811927000	98560
5.811932000	99968
5.812989000	101376
5.812994000	102784
5.814025000	104192
5.814027000	105600
5.814074000	107008
5.815124000	108416
5.815129000	109824
5.816167000	111232
5.822951000	109824
5.823484000	102784
5.823518000	104192
5.824547000	105600
5.824549000	107008
5.825656000	108416
5.825663000	109824
5.826716000	111232
5.830866000	109824
5.831424000	99968
5.831427000	101376
5.832473000	102784
5.832475000	104192
5.833547000	105600
5.833552000	107008
5.834616000	108416
5.834621000	109824
5.835701000	111232
5.838960000	109824
5.839516000	111232
5.861100000	109824
5.861644000	97152
5.861702000	98560
5.862705000	91520
5.862707000	92928
5.863837000	94336
5.863842000	95744
5.864882000	97152
5.864887000	98560
5.865916000	99968
5.865920000	101376
5.866981000	102784
5.866985000	104192
5.867058000	105600
5.868044000	107008
5.868046000	108416
5.869152000	109824
5.869158000	111232
5.879946000	109824
5.879951000	111232
5.886923000	109824
5.886929000	111232
5.887493000	101376
5.887496000	102784
5.888566000	98560
5.888571000	99968
5.889605000	101376
5.889611000	102784
5.890659000	104192
5.890661000	105600
5.891740000	107008
5.891743000	108416
5.892797000	109824
5.892800000	111232
5.906829000	109824
5.906837000	111232
5.922078000	109824
5.922081000	111232
5.922638000	98560
5.922642000	99968
5.923718000	92928
5.923723000	94336
5.924779000	95744
5.924784000	97152
5.925834000	98560
5.925839000	99968
5.926898000	101376
5.926903000	102784
5.927949000	104192
5.927952000	105600
5.928991000	107008
5.928995000	108416
5.929036000	109824
5.930050000	111232
5.930923000	109824
5.931474000	111232
5.938065000	109824
5.938633000	99968
5.938637000	101376
5.939694000	94336
5.939699000	95744
5.940778000	97152
5.940783000	98560
5.941822000	99968
5.941826000	101376
5.942835000	102784
5.942840000	104192
5.943871000	105600
5.943873000	107008
5.944900000	108416
5.944904000	109824
5.945959000	111232
5.945963000	112640
5.947025000	114048
5.959834000	112640
5.960366000	111232
5.960369000	112640
5.961411000	114048
5.975058000	112640
5.975589000	102784
5.975619000	104192
5.984379000	102784
5.984383000	104192
5.993209000	85888
5.993214000	87296
6.001686000	88704
6.001690000	90112
6.010199000	77440
6.010205000	78848
6.010285000	80256
6.018741000	81664
6.018747000	83072
6.027233000	84480
6.027239000	85888
6.035744000	81664
6.035750000	83072
6.044284000	78848
6.044290000	80256
6.052770000	53504
6.052775000	54912
6.061317000	47872
6.061323000	49280
6.069830000	47872
6.069835000	49280
6.078327000	50688
6.078333000	52096
6.086819000	36608
6.086821000	38016
6.089744000	39424
6.089747000	40832
6.092678000	42240
6.092682000	43648
6.095610000	45056
6.095615000	46464
6.098528000	45056
6.098530000	46464
6.101481000	47872
6.101486000	49280
6.104384000	50688
6.104388000	52096
6.107347000	53504
6.107353000	54912
6.110239000	56320
6.110244000	57728
6.113201000	53504
6.113206000	54912
6.116131000	56320
6.116136000	57728
6.116233000	59136
6.119013000	60544
6.119015000	61952
6.121979000	63360
6.121982000	64768
6.124877000	66176
6.124883000	67584
6.127833000	68992
6.127838000	70400
6.130728000	71808
6.130733000	73216
6.133681000	74624
6.133686000	76032
6.136612000	74624
6.136617000	76032
6.139540000	77440
6.139545000	78848
6.142460000	80256
6.142465000	81664
6.151013000	80256
6.151016000	81664
6.152487000	74624
6.152490000	76032
6.155413000	77440
6.155415000	78848
6.158340000	80256
6.158342000	81664
6.166006000	80256
6.166015000	81664
6.167529000	80256
6.167534000	81664
6.181018000	80256
6.181024000	81664
6.182492000	71808
6.182494000	73216
6.185442000	74624
6.185444000	76032
6.185524000	77440
6.188398000	78848
6.188403000	80256
6.191305000	81664
6.196940000	80256
6.198414000	81664
6.203907000	80256
6.205374000	73216
6.205377000	74624
6.208302000	76032
6.208305000	77440
6.211281000	78848
6.211286000	80256
6.214161000	81664
6.218986000	80256
6.220454000	61952
6.220456000	63360
6.223408000	64768
6.223411000	66176
6.226310000	67584
6.226313000	68992
6.229275000	70400
6.229280000	71808
6.232205000	73216
6.232210000	74624
6.235097000	56320
6.235102000	57728
6.238054000	59136
6.238059000	60544
6.240974000	61952
6.240980000	63360
6.243930000	61952
6.243936000	63360
6.246801000	64768
6.246805000	66176
6.249731000	67584
6.249736000	68992
6.249795000	70400
6.252682000	63360
6.252688000	64768
6.255575000	66176
6.255577000	67584
6.258564000	68992
6.258569000	70400
6.261438000	68992
6.261442000	70400
6.264355000	71808
6.264356000	73216
6.267312000	63360
6.267316000	64768
6.270238000	66176
6.270243000	67584
6.273135000	68992
6.273137000	70400
6.276072000	71808
6.276078000	73216
6.279028000	74624
6.279033000	76032
6.281921000	77440
6.281926000	78848
6.284882000	80256
6.284887000	81664
6.290119000	80256
6.290123000	81664
6.291613000	71808
6.291618000	73216
6.294552000	74624
6.294559000	76032
6.297451000	77440
6.297455000	78848
6.300383000	80256
6.300390000	81664
6.304930000	80256
6.304938000	81664
6.306116000	68992
6.306120000	70400
6.306192000	71808
6.308463000	73216
6.308469000	74624
6.310864000	76032
6.310869000	77440
6.313172000	78848
6.313178000	80256
6.315489000	81664
6.319916000	80256
6.321091000	81664
6.326925000	80256
6.328133000	67584
6.328138000	68992
6.330473000	70400
6.330478000	71808
6.332846000	73216
6.332851000	74624
6.335157000	76032
6.335162000	77440
6.337507000	78848
6.337512000	80256
6.339844000	81664
6.341975000	80256
6.343158000	73216
6.343162000	74624
6.347087000	76032
6.347092000	77440
6.350957000	78848
6.350961000	80256
6.354919000	81664
6.358066000	80256
6.360025000	70400
6.360028000	71808
6.363923000	73216
6.363925000	74624
6.367837000	76032
6.367843000	77440
6.367891000	78848
6.371773000	77440
6.371778000	78848
6.375664000	63360
6.375669000	64768
6.379538000	60544
6.379542000	61952
6.383434000	63360
6.383436000	64768
6.387379000	66176
6.387385000	67584
6.391273000	68992
6.391278000	70400
6.395146000	71808
6.395150000	73216
6.399050000	74624
6.399055000	76032
6.402957000	71808
6.402963000	73216
6.405912000	74624
6.405917000	76032
6.408808000	60544
6.408813000	61952
6.411761000	63360
6.411766000	64768
6.414664000	66176
6.414670000	67584
6.417613000	68992
6.417618000	70400
6.420512000	71808
6.420517000	73216
6.423467000	63360
6.423472000	64768
6.426370000	63360
6.426376000	64768
6.429295000	66176
6.429299000	67584
6.432267000	68992
6.432271000	70400
6.432381000	71808
6.435174000	73216
6.435179000	74624
6.438073000	76032
6.438079000	77440
6.440994000	61952
6.440998000	63360
6.443921000	64768
6.443923000	66176
6.446870000	67584
6.446873000	68992
6.449777000	70400
6.449781000	71808
6.452698000	73216
6.452701000	74624
6.455690000	76032
6.455695000	77440
6.458586000	78848
6.458591000	80256
6.461483000	78848
6.461486000	80256
6.464409000	81664
6.467263000	80256
6.468732000	70400
6.468734000	71808
6.471661000	73216
6.471665000	74624
6.474624000	76032
6.474629000	77440
6.477552000	76032
6.477557000	77440
6.480472000	78848
6.480477000	80256
6.483368000	73216
6.483371000	74624
6.486319000	76032
6.486324000	77440
6.486405000	78848
6.489282000	80256
6.489287000	81664
6.497918000	80256
6.497922000	81664
6.499395000	68992
6.499397000	70400
6.502336000	71808
6.502338000	73216
6.505248000	74624
6.505253000	76032
6.508173000	77440
6.508176000	78848
6.511131000	80256
6.511136000	81664
6.514072000	80256
6.514075000	81664
6.516991000	74624
6.516996000	76032
6.519910000	77440
6.519915000	78848
6.522809000	80256
6.522814000	81664
6.539952000	80256
6.539957000	81664
6.547104000	80256
6.547108000	81664
6.548576000	57728
6.548578000	59136
6.551508000	60544
6.551511000	61952
6.554436000	63360
6.554440000	64768
6.557419000	63360
6.557424000	64768
6.560302000	66176
6.560305000	67584
6.563249000	68992
6.563254000	70400
6.563337000	71808
6.566142000	73216
6.566147000	74624
6.569097000	76032
6.569103000	77440
6.572041000	73216
6.572047000	74624
6.574926000	76032
6.574930000	77440
6.577878000	78848
6.577883000	80256
6.580787000	81664
6.594045000	80256
6.595512000	64651
