14.803563000	1408
14.803573000	2816
14.803600000	4224
14.803603000	5632
14.803658000	7040
14.803660000	8448
14.803704000	9856
14.803707000	11264
14.803757000	12672
14.803760000	14080
14.912702000	14080
14.912709000	15488
14.912858000	12672
14.912862000	14080
14.912912000	15488
14.912917000	16896
14.912970000	18304
14.912975000	19712
14.920651000	21120
14.920662000	22528
14.927686000	22528
14.927710000	18304
14.927815000	16896
14.927819000	18304
14.927876000	19712
14.927879000	21120
14.927931000	22528
15.017677000	22528
15.017682000	23936
15.017753000	22528
15.017756000	23936
15.017789000	25344
15.017792000	26752
15.018618000	26752
15.018624000	28160
15.033699000	28160
15.033704000	29568
15.033865000	19712
15.033868000	21120
15.033919000	22528
15.033923000	23936
15.034018000	25344
15.034025000	26752
15.034119000	28160
15.034125000	29568
15.034200000	30976
15.034206000	32384
15.034289000	33792
15.034295000	35200
15.034370000	36608
15.034376000	38016
15.034411000	39424
15.034413000	40832
15.034691000	40832
15.034694000	42240
15.034741000	40832
15.034744000	42240
15.034796000	43648
15.034799000	45056
15.132736000	45056
15.132739000	46464
15.150683000	46464
15.150688000	47872
15.150724000	47872
15.150726000	49280
15.157682000	49280
15.157688000	50688
15.157772000	43648
15.157775000	45056
15.157866000	46464
15.157884000	47872
15.157930000	49280
15.157933000	50688
15.157974000	52096
15.157978000	53504
15.158027000	54912
15.158030000	56320
15.158080000	57728
15.158083000	59136
15.158563000	59136
15.158569000	60544
15.173726000	60544
15.173731000	61952
15.173772000	53504
15.173776000	54912
15.173823000	56320
15.173826000	57728
15.173875000	59136
15.173878000	60544
15.173927000	61952
15.173930000	63360
15.173981000	64768
15.173984000	66176
15.174033000	67584
15.174044000	68992
15.174086000	70400
15.174089000	71808
15.174626000	71808
15.174631000	73216
15.189750000	73216
15.189756000	74624
15.189949000	63360
15.189952000	64768
15.190002000	66176
15.190005000	67584
15.190095000	68992
15.190101000	70400
15.190176000	71808
15.190182000	73216
15.190257000	74624
15.190263000	76032
15.190340000	77440
15.190345000	78848
15.190419000	80256
15.190425000	81664
15.190501000	83072
15.190507000	84480
15.190541000	85888
15.190544000	87296
15.190606000	87296
15.190609000	88704
15.190742000	88704
15.190744000	90112
15.257732000	90112
15.257737000	91520
15.257797000	90112
15.257800000	91520
15.257890000	92928
15.257896000	94336
15.272666000	94336
15.272671000	95744
15.272758000	87296
15.272762000	88704
15.272870000	90112
15.272877000	91520
15.272904000	92928
15.272907000	94336
15.272954000	95744
15.272956000	97152
15.273007000	98560
15.273010000	99968
15.273061000	101376
15.273064000	102784
15.273113000	104192
15.273116000	105600
15.273694000	105600
15.273700000	107008
15.288781000	107008
15.288784000	108416
15.288834000	98560
15.288837000	99968
15.288974000	101376
15.288978000	102784
15.288995000	104192
15.289042000	105600
15.289045000	107008
15.289094000	108416
15.289097000	109824
15.289146000	111232
15.289149000	112640
15.289200000	114048
15.289203000	115456
15.289253000	116864
15.289256000	118272
15.289306000	119680
15.289667000	119680
15.289672000	121088
15.297683000	121088
15.297689000	122496
15.304702000	122496
15.304707000	123904
15.304760000	109824
15.304763000	111232
15.304904000	112640
15.304914000	114048
15.304943000	115456
15.304947000	116864
15.304992000	118272
15.304996000	119680
15.305045000	121088
15.305049000	122496
15.305097000	123904
15.305100000	125312
15.305150000	126720
15.305153000	128128
15.305203000	129536
15.305206000	130944
15.305255000	132352
15.305258000	133760
15.305308000	135168
15.305312000	136576
15.305361000	137984
15.305364000	139392
15.312627000	137984
15.312634000	139392
15.312668000	140800
15.312672000	142208
15.319792000	140800
15.319797000	142208
15.319845000	140800
15.319848000	142208
15.319910000	143616
15.319915000	145024
15.319984000	146432
15.319990000	147840
15.334638000	146432
15.334644000	147840
15.334686000	129536
15.334688000	130944
15.334737000	132352
15.334740000	133760
15.334790000	135168
15.334793000	136576
15.334841000	137984
15.334844000	139392
15.334895000	140800
15.334897000	142208
15.334947000	143616
15.334950000	145024
15.335000000	146432
15.335004000	147840
15.335094000	149248
15.335100000	150656
15.335175000	152064
15.335181000	153472
15.335256000	154880
15.335262000	156288
15.335337000	157696
15.335343000	159104
15.335397000	160512
15.335401000	161920
15.335466000	163328
15.335469000	164736
15.335516000	166144
15.335519000	167552
15.335570000	168960
15.335573000	170368
15.342723000	168960
15.342727000	170368
15.342805000	171776
15.342811000	173184
15.349694000	171776
15.349700000	173184
15.349981000	171776
15.349985000	173184
15.350065000	174592
15.350069000	176000
15.350118000	177408
15.350123000	178816
15.402728000	178816
15.402733000	180224
15.425607000	178816
15.425614000	180224
15.425649000	181632
15.425653000	183040
15.432756000	183040
15.432761000	184448
15.432827000	181632
15.432830000	183040
15.432940000	184448
15.432946000	185856
15.433077000	187264
15.433080000	188672
15.448665000	188672
15.448672000	190080
15.448747000	187264
15.448751000	188672
15.448793000	190080
15.448797000	191488
15.448847000	192896
15.448851000	194304
15.470849000	194304
15.470855000	195712
15.470883000	194304
15.470886000	195712
15.470937000	197120
15.470940000	198528
15.477863000	198528
15.477868000	199936
15.477962000	183040
15.477965000	184448
15.478082000	185856
15.478088000	187264
15.478166000	188672
15.478169000	190080
15.478278000	191488
15.478284000	192896
15.478403000	194304
15.478409000	195712
15.478486000	197120
15.478492000	198528
15.478567000	199936
15.478573000	201344
15.478608000	202752
15.478611000	204160
15.478662000	205568
15.478665000	206976
15.478715000	208384
15.478718000	209792
15.478780000	209792
15.478783000	211200
15.479612000	202752
15.479616000	204160
15.479662000	202752
15.479665000	204160
15.479716000	205568
15.479719000	206976
15.479771000	208384
15.479775000	209792
15.479826000	211200
15.479830000	212608
15.479881000	214016
15.479894000	215424
15.479935000	216832
15.479939000	218240
15.479991000	219648
15.479995000	221056
15.480045000	222464
15.480049000	223872
15.480100000	225280
15.480104000	226688
15.480154000	228096
15.480158000	229504
15.480209000	230912
15.480213000	232320
15.487751000	232320
15.487756000	233728
15.494707000	233728
15.494714000	235136
15.494777000	225280
15.494781000	226688
15.494832000	228096
15.494836000	229504
15.494887000	230912
15.494891000	232320
15.494944000	233728
15.494948000	235136
15.495000000	236544
15.495005000	237952
15.495057000	239360
15.495061000	240768
15.495114000	242176
15.495119000	243584
15.495165000	244992
15.495169000	246400
15.495549000	246400
15.495554000	247808
15.495590000	247808
15.495594000	249216
15.503687000	249216
15.503691000	250624
15.510772000	250624
15.510777000	252032
15.510825000	236544
15.510828000	237952
15.510948000	239360
15.510955000	240768
15.511064000	242176
15.511070000	243584
15.511181000	244992
15.511187000	246400
15.511274000	247808
15.511277000	249216
15.511345000	250624
15.511364000	252032
15.511446000	253440
15.511450000	254848
15.511497000	256256
15.511501000	257664
15.511571000	256256
15.511574000	257664
15.511605000	259072
15.511608000	260480
15.511658000	261888
15.511661000	263296
15.511711000	264704
15.511714000	266112
15.511763000	267520
15.511766000	268928
15.511816000	270336
15.511819000	271744
15.520661000	270336
15.520666000	271744
15.520708000	273152
15.520711000	274560
15.528750000	273152
15.528755000	274560
15.528793000	275968
15.528797000	277376
15.543723000	275968
15.543728000	277376
15.544120000	253440
15.544123000	254848
15.544153000	256256
15.544156000	257664
15.544275000	259072
15.544281000	260480
15.544390000	261888
15.544396000	263296
15.544510000	264704
15.544516000	266112
15.544628000	267520
15.544634000	268928
15.544747000	270336
15.544753000	271744
15.544861000	273152
15.544867000	274560
15.544895000	275968
15.544898000	277376
15.544948000	278784
15.544952000	280192
15.545002000	281600
15.545005000	283008
15.545056000	284416
15.545059000	285824
15.545109000	287232
15.545112000	288640
15.545163000	290048
15.545166000	291456
15.545217000	292864
15.545220000	294272
15.545271000	295680
15.545274000	297088
15.545325000	298496
15.545328000	299904
15.545379000	301312
15.545381000	302720
15.545432000	304128
15.545435000	305536
15.551614000	304128
15.551619000	305536
15.551650000	306944
15.551654000	308352
15.558769000	306944
15.558774000	308352
15.558821000	287232
15.558824000	288640
15.558922000	290048
15.558928000	291456
15.558955000	292864
15.558958000	294272
15.559007000	295680
15.559011000	297088
15.559060000	298496
15.559063000	299904
15.559116000	301312
15.559122000	302720
15.559167000	304128
15.559170000	305536
15.559219000	306944
15.559222000	308352
15.559274000	309760
15.559278000	311168
15.559327000	312576
15.559331000	313984
15.559379000	315392
15.559383000	316800
15.559434000	318208
15.559439000	319616
15.559487000	321024
15.559491000	322432
15.559540000	323840
15.559544000	325248
15.559607000	323840
15.559612000	325248
15.559646000	318208
15.559650000	319616
15.559699000	321024
15.559704000	322432
15.559779000	323840
15.559783000	325248
15.559830000	326656
15.559835000	328064
15.559884000	329472
15.559901000	330880
15.559937000	332288
15.559941000	333696
15.559990000	335104
15.559994000	336512
15.560044000	337920
15.560051000	339328
15.560123000	340736
15.560128000	342144
15.560180000	343552
15.560185000	344960
15.567748000	343552
15.567753000	344960
15.567782000	346368
15.567785000	347776
15.574716000	346368
15.574721000	347776
15.574763000	349184
15.574766000	350592
15.590726000	349184
15.590731000	350592
15.590768000	349184
15.590771000	350592
15.590859000	352000
15.590865000	353408
15.590967000	354816
15.590973000	356224
15.619787000	354816
15.619792000	356224
15.619857000	357632
15.619860000	359040
15.657655000	357632
15.657660000	359040
15.657720000	350592
15.657723000	352000
15.657805000	353408
15.657812000	354816
15.657895000	356224
15.657901000	357632
15.657974000	359040
15.657981000	360448
15.658056000	361856
15.658062000	363264
15.658137000	364672
15.658143000	366080
15.658219000	367488
15.658225000	368896
15.658262000	370304
15.658267000	371712
15.665713000	371712
15.665717000	373120
15.672693000	373120
15.672700000	374528
15.672811000	367488
15.672815000	368896
15.672856000	370304
15.672860000	371712
15.672964000	373120
15.672967000	374528
15.673040000	375936
15.673046000	377344
15.673136000	378752
15.673139000	380160
15.673213000	381568
15.673219000	382976
15.687662000	382976
15.687669000	384384
15.688218000	377344
15.688223000	378752
15.688299000	380160
15.688305000	381568
15.688382000	382976
15.688388000	384384
15.688461000	385792
15.688467000	387200
15.688542000	388608
15.688548000	390016
15.688625000	391424
15.688630000	392832
15.688720000	392832
15.688724000	394240
15.696623000	394240
15.696629000	395648
15.703798000	395648
15.703803000	397056
15.703879000	388608
15.703883000	390016
15.703973000	391424
15.703976000	392832
15.704081000	394240
15.704084000	395648
15.704157000	397056
15.704164000	398464
15.704238000	399872
15.704244000	401280
15.704319000	402688
15.704325000	404096
15.704400000	405504
15.704406000	406912
15.704694000	406912
15.704697000	408320
15.712686000	408320
15.712691000	409728
15.719788000	409728
15.719793000	411136
15.719824000	406912
15.719827000	408320
15.719876000	409728
15.719879000	411136
15.719936000	412544
15.719940000	413952
15.720041000	415360
15.720047000	416768
15.727614000	416768
15.727620000	418176
15.734708000	418176
15.734714000	419584
15.734804000	404096
15.734807000	405504
15.734844000	406912
15.734848000	408320
15.734897000	409728
15.734900000	411136
15.734949000	412544
15.734952000	413952
15.735001000	415360
15.735005000	416768
15.735054000	418176
15.735057000	419584
15.735107000	420992
15.735113000	422400
15.735158000	423808
15.735162000	425216
15.735212000	426624
15.735215000	428032
15.735264000	429440
15.735267000	430848
15.735317000	432256
15.735320000	433664
15.735370000	435072
15.735373000	436480
15.735691000	436480
15.735694000	437888
15.735734000	429440
15.735738000	430848
15.735788000	432256
15.735791000	433664
15.735842000	435072
15.735845000	436480
15.735953000	437888
15.735957000	439296
15.736040000	440704
15.736050000	442112
15.736080000	443520
15.736083000	444928
15.736134000	446336
15.736137000	447744
15.736553000	447744
15.736557000	449152
15.744678000	449152
15.744683000	450560
15.751789000	450560
15.751796000	451968
15.751863000	433664
15.751866000	435072
15.751914000	436480
15.751918000	437888
15.751965000	439296
15.751969000	440704
15.752018000	442112
15.752021000	443520
15.752070000	444928
15.752073000	446336
15.752123000	447744
15.752125000	449152
15.752178000	450560
15.752181000	451968
15.752230000	453376
15.752232000	454784
15.752282000	456192
15.752285000	457600
15.752335000	459008
15.752338000	460416
15.752388000	461824
15.752390000	463232
15.752440000	464640
15.752443000	466048
15.752493000	467456
15.752496000	468864
15.752553000	468864
15.752556000	470272
15.752599000	470272
15.752601000	471680
15.752655000	471680
15.752658000	473088
15.752705000	471680
15.752708000	473088
15.752757000	474496
15.752760000	475904
15.752808000	477312
15.752811000	478720
15.760773000	478720
15.760779000	480128
15.767725000	480128
15.767730000	481536
15.767759000	480128
15.767762000	481536
15.767808000	471680
15.767811000	473088
15.767862000	474496
15.767865000	475904
15.767924000	477312
15.767927000	478720
15.767967000	480128
15.767970000	481536
15.768020000	482944
15.768023000	484352
15.768073000	485760
15.768076000	487168
15.768126000	488576
15.768129000	489984
15.768178000	491392
15.768181000	492800
15.768231000	494208
15.768233000	495616
15.768575000	495616
15.768578000	497024
15.768617000	492800
15.768620000	494208
15.768670000	495616
15.768673000	497024
15.768808000	498432
15.768814000	499840
15.768926000	501248
15.768932000	502656
15.783849000	502656
15.783854000	504064
15.783950000	491392
15.783953000	492800
15.784015000	494208
15.784018000	495616
15.784067000	497024
15.784070000	498432
15.784120000	499840
15.784123000	501248
15.784172000	502656
15.784176000	504064
15.784226000	505472
15.784230000	506880
15.784278000	508288
15.784281000	509696
15.784331000	511104
15.784334000	512512
15.784383000	513920
15.784387000	515328
15.784436000	516736
15.784439000	518144
15.784591000	518144
15.784594000	519552
15.784634000	513920
15.784637000	515328
15.784688000	516736
15.784692000	518144
15.784741000	519552
15.784744000	520960
15.784793000	522368
15.784797000	523776
15.784846000	525184
15.784850000	526592
15.792702000	526592
15.792707000	528000
15.807709000	527883
