0.135242000	1388
0.135249000	2776
0.135316000	4164
0.135322000	5552
0.135397000	6940
0.135402000	8328
0.135479000	9716
0.135484000	11104
0.135561000	12492
0.135566000	13880
0.174885000	13880
0.178023000	5552
0.178025000	6940
0.181194000	5552
0.181197000	6940
0.184282000	8328
0.184283000	9716
0.187437000	11104
0.187441000	12492
0.190533000	13880
0.190536000	15268
0.193653000	16656
0.193656000	18044
0.196770000	19432
0.196772000	20820
0.199893000	22208
0.199896000	23596
0.199929000	24984
0.203013000	26372
0.203014000	27760
0.214025000	27760
0.214029000	29148
0.219861000	29148
0.219865000	30536
0.223938000	30536
0.223942000	31924
0.225389000	27760
0.225390000	29148
0.228281000	30536
0.228284000	31924
0.231169000	31924
0.231172000	33312
0.234055000	29148
0.234056000	30536
0.236947000	29148
0.236951000	30536
0.239838000	30536
0.239840000	31924
0.242744000	31924
0.242746000	33312
0.245532000	29148
0.245533000	30536
0.245585000	31924
0.247929000	33312
0.247931000	34700
0.250327000	36088
0.250328000	37476
0.252726000	38864
0.252728000	40252
0.255123000	36088
0.255124000	37476
0.256510000	38864
0.256512000	40252
0.257893000	41640
0.257894000	43028
0.259278000	44416
0.259280000	45804
0.260697000	45804
0.260701000	47192
0.262049000	48580
0.262050000	49968
0.263433000	51356
0.263434000	52744
0.264828000	52744
0.264832000	54132
0.266202000	52744
0.266204000	54132
0.266284000	55520
0.267588000	56908
0.267590000	58296
0.268972000	59684
0.268973000	61072
0.270358000	61072
0.270359000	62460
0.271744000	63848
0.272979000	63848
0.273674000	62460
0.273675000	63848
0.275060000	62460
0.275061000	63848
0.276377000	65236
0.276379000	66624
0.277685000	68012
0.277686000	69400
0.278998000	70788
0.283029000	70788
0.283686000	70788
0.283687000	72176
0.285022000	70788
0.285026000	72176
0.286319000	73564
0.286322000	74952
0.287634000	76340
0.293838000	76340
0.293840000	77728
0.294500000	74952
0.294502000	76340
0.295812000	76340
0.295813000	77728
0.297125000	79116
0.297126000	80504
0.300017000	80504
0.302928000	80504
0.304935000	80504
0.307999000	80504
0.308658000	76340
0.308659000	77728
0.309971000	74952
0.309972000	76340
0.311283000	77728
0.311284000	79116
0.312598000	80504
0.314018000	79116
0.314677000	80504
0.319906000	79116
0.320572000	80504
0.324135000	76340
0.324805000	77728
0.324809000	79116
0.324880000	80504
0.326097000	81892
0.326101000	83280
0.327331000	84668
0.327335000	86056
0.333956000	74952
0.333959000	76340
0.334546000	77728
0.334547000	79116
0.335720000	80504
0.335723000	81892
0.336919000	83280
0.336923000	84668
0.338056000	86056
0.338058000	87444
0.339258000	88832
0.339261000	90220
0.340427000	88832
0.340431000	90220
0.341603000	91608
0.341606000	92996
0.342733000	94384
0.342735000	95772
0.343902000	97160
0.343904000	98548
0.344969000	97160
0.345591000	98548
0.353961000	97160
0.354550000	98548
0.359967000	90220
0.360554000	91608
0.360555000	92996
0.361726000	94384
0.361729000	95772
0.362893000	97160
0.362894000	98548
0.368285000	97160
0.368289000	98548
0.368939000	91608
0.368942000	92996
0.370048000	94384
0.370051000	95772
0.371154000	97160
0.371156000	98548
0.413021000	98548
0.418037000	97160
0.418611000	98548
0.454070000	80504
0.454642000	81892
0.454644000	83280
0.454718000	84668
0.455812000	86056
0.455815000	87444
0.456922000	88832
0.456925000	90220
0.458060000	91608
0.458063000	92996
0.459198000	94384
0.459201000	95772
0.460335000	97160
0.460337000	98548
0.474022000	98548
0.474036000	98548
0.474611000	98548
0.484950000	98548
0.488115000	98548
0.488125000	98548
0.489899000	98548
0.568078000	98548
0.568087000	98548
0.568120000	97160
0.568693000	98548
0.568945000	97160
0.569854000	87444
0.569855000	88832
0.570970000	90220
0.570972000	91608
0.572105000	92996
0.572106000	94384
0.573245000	92996
0.573247000	94384
0.574421000	95772
0.574425000	97160
0.575558000	98548
0.604987000	97160
0.605563000	98548
0.609919000	97160
0.610493000	95772
0.610495000	97160
0.611665000	98548
0.620013000	97160
0.620607000	98548
0.624059000	97160
0.624685000	95772
0.624687000	97160
0.624756000	98548
0.629898000	97160
0.629902000	98548
0.638273000	97160
0.638278000	98548
0.643179000	97160
0.643185000	98548
0.643762000	94384
0.643765000	95772
0.644902000	97160
0.644905000	98548
0.684019000	98548
0.703958000	97160
0.704554000	98548
0.704863000	97160
0.705699000	98548
0.719921000	97160
0.720501000	98548
0.729910000	97160
0.730484000	98548
0.752962000	97160
0.753538000	98548
0.773095000	97160
0.773693000	81892
0.773697000	83280
0.773778000	84668
0.774840000	80504
0.774845000	81892
0.775946000	83280
0.775949000	84668
0.777120000	86056
0.777125000	87444
0.778280000	88832
0.778284000	90220
0.779397000	91608
0.779402000	92996
0.780523000	94384
0.780528000	95772
0.781671000	97160
0.781676000	98548
0.782999000	98548
0.783148000	98548
0.783946000	98548
0.784199000	98548
0.785048000	97160
0.785051000	98548
0.787932000	98548
0.787945000	98548
0.788523000	98548
0.789896000	98548
0.789908000	98548
0.792941000	98548
0.792954000	98548
0.794011000	98548
0.794023000	98548
0.794669000	94384
0.794673000	95772
0.795894000	95772
0.795896000	97160
0.796943000	98548
0.797889000	98548
0.798480000	98548
0.799846000	98548
0.800418000	98548
0.803902000	98548
0.804473000	92996
0.804475000	94384
0.805611000	92996
0.805612000	94384
0.806753000	95772
0.806756000	97160
0.807930000	98548
0.815926000	98548
0.816497000	87444
0.816499000	88832
0.816539000	90220
0.817638000	91608
0.817640000	92996
0.818773000	94384
0.818775000	95772
0.819914000	97160
0.819916000	98548
0.848072000	98548
0.851040000	98548
0.851615000	95772
0.851618000	97160
0.852785000	98548
0.854094000	98548
0.854670000	98548
0.854879000	98548
0.855937000	98548
0.868001000	98548
0.868576000	94384
0.868579000	95772
0.869741000	97160
0.869746000	98548
0.870875000	97160
0.870880000	98548
0.872911000	98548
0.872924000	98548
0.872945000	97160
0.873523000	79116
0.873526000	80504
0.874659000	72176
0.874663000	73564
0.875802000	72176
0.875807000	73564
0.876935000	74952
0.876938000	76340
0.878070000	70788
0.878072000	72176
0.879208000	69400
0.879210000	70788
0.880369000	72176
0.880371000	73564
0.881487000	74952
0.881489000	76340
0.882622000	77728
0.882625000	79116
0.883764000	77728
0.883768000	79116
0.884904000	80504
0.884909000	81892
0.886039000	83280
0.886040000	84668
0.886103000	86056
0.887173000	87444
0.887175000	88832
0.888313000	90220
0.888315000	91608
0.889447000	91608
0.889449000	92996
0.890585000	94384
0.890587000	95772
0.891723000	97160
0.891724000	98548
0.901053000	98548
0.901062000	98548
0.901634000	92996
0.901636000	94384
0.902773000	90220
0.902775000	91608
0.903910000	92996
0.903912000	94384
0.905092000	95772
0.905098000	97160
0.906186000	98548
0.908029000	98548
0.908610000	94384
0.908615000	95772
0.908657000	97160
0.909764000	98548
0.909860000	98548
0.958968000	97160
0.958974000	98548
0.959015000	97160
0.959589000	98548
0.970953000	97160
0.971527000	95772
0.971529000	97160
0.972664000	90220
0.972668000	91608
0.973724000	92996
0.973727000	94384
0.974789000	95772
0.974793000	97160
0.975886000	98548
0.975891000	99936
0.976940000	101324
0.979912000	99936
0.980445000	98548
0.980447000	99936
0.989418000	84668
0.989423000	86056
0.998264000	84668
0.998268000	86056
1.007169000	76340
1.007171000	77728
1.016110000	68012
1.016115000	69400
1.016190000	70788
1.025033000	66624
1.025035000	68012
1.033929000	66624
1.033933000	68012
1.042802000	69400
1.042809000	70788
1.051745000	63848
1.051750000	65236
1.060674000	52744
1.060679000	54132
1.069548000	55520
1.069552000	56908
1.078461000	58296
1.078466000	59684
1.087334000	61072
1.087335000	62460
1.096248000	58296
1.096252000	59684
1.105179000	36088
1.105183000	37476
1.108211000	38864
1.108215000	40252
1.111275000	41640
1.111278000	43028
1.111316000	44416
1.114334000	40252
1.114336000	41640
1.117401000	43028
1.117405000	44416
1.120459000	29148
1.120461000	30536
1.123521000	31924
1.123524000	33312
1.126584000	34700
1.126586000	36088
1.129692000	37476
1.129694000	38864
1.132710000	40252
1.132714000	41640
1.135767000	37476
1.135769000	38864
1.138865000	37476
1.138870000	38864
1.141890000	37476
1.141892000	38864
1.144958000	40252
1.144962000	41640
1.148056000	43028
1.148061000	44416
1.148141000	45804
1.151120000	47192
1.151122000	48580
1.154144000	49968
1.154148000	51356
1.157201000	52744
1.157204000	54132
1.160289000	52744
1.160293000	54132
1.163322000	55520
1.163324000	56908
1.166387000	47192
1.166389000	48580
1.169486000	49968
1.169491000	51356
1.172509000	52744
1.172512000	54132
1.175638000	47192
1.175643000	48580
1.178632000	49968
1.178634000	51356
1.181734000	52744
1.181739000	54132
1.184766000	49968
1.184768000	51356
1.184815000	52744
1.187818000	54132
1.187820000	55520
1.190886000	51356
1.190891000	52744
1.193943000	54132
1.193946000	55520
1.197018000	56908
1.197021000	58296
1.200066000	59684
1.200067000	61072
1.203131000	51356
1.203135000	52744
1.206194000	51356
1.206200000	52744
1.209256000	48580
1.209260000	49968
1.212314000	51356
1.212316000	52744
1.215376000	37476
1.215378000	38864
1.218474000	40252
1.218480000	41640
1.221479000	43028
1.221481000	44416
1.221515000	45804
1.224565000	44416
1.224570000	45804
1.227626000	47192
1.227631000	48580
1.230640000	47192
1.230642000	48580
1.233755000	49968
1.233759000	51356
1.236746000	47192
1.236749000	48580
1.239821000	49968
1.239826000	51356
1.242858000	49968
1.242862000	51356
1.245907000	52744
1.245910000	54132
1.248995000	55520
1.249001000	56908
1.252008000	58296
1.252011000	59684
1.255065000	58296
1.255067000	59684
1.258113000	61072
1.258116000	62460
1.258150000	63848
1.261165000	62460
1.261167000	63848
1.264218000	65236
1.264220000	66624
1.267271000	68012
1.267272000	69400
1.270353000	68012
1.270357000	69400
1.273380000	65236
1.273382000	66624
1.276431000	65236
1.276434000	66624
1.279524000	68012
1.279529000	69400
1.282542000	70788
1.282546000	72176
1.287914000	70788
1.287920000	72176
1.289455000	65236
1.289458000	66624
1.292506000	68012
1.292509000	69400
1.295566000	65236
1.295567000	66624
1.295653000	68012
1.298610000	69400
1.298613000	70788
1.301664000	72176
1.302932000	70788
1.304713000	72176
1.304953000	70788
1.307799000	72176
1.314903000	70788
1.316435000	72176
1.322897000	70788
1.324425000	63848
1.324426000	65236
1.327477000	66624
1.327478000	68012
1.330534000	69400
1.330537000	70788
1.333584000	66624
1.333585000	68012
1.336028000	66624
1.336030000	68012
1.338472000	69400
1.338475000	70788
1.340911000	69400
1.340912000	70788
1.340942000	72176
1.343357000	62460
1.343360000	63848
1.345798000	62460
1.345800000	63848
1.348240000	65236
1.348242000	66624
1.350685000	65236
1.350689000	66624
1.353129000	68012
1.353132000	69400
1.355568000	68012
1.355570000	69400
1.358006000	68012
1.358008000	69400
1.360482000	65236
1.360486000	66624
1.362895000	65236
1.362898000	66624
1.365358000	65236
1.365360000	66624
1.367782000	68012
1.367783000	69400
1.370239000	70788
1.370242000	72176
1.372977000	70788
1.372981000	72176
1.373019000	68012
1.376736000	69400
1.376737000	70788
1.380841000	72176
1.409882000	72176
1.494946000	70788
1.494951000	72176
1.504907000	70788
1.506469000	72176
1.507911000	70788
1.509492000	63848
1.509494000	65236
1.512543000	66624
1.512545000	68012
1.515603000	63848
1.515607000	65236
1.518648000	63848
1.518649000	65236
1.521703000	66624
1.521707000	68012
1.524760000	58296
1.524765000	59684
1.527808000	55520
1.527810000	56908
1.530910000	58296
1.530913000	59684
1.533938000	61072
1.533941000	62460
1.536971000	63848
1.536974000	65236
1.540020000	52744
1.540023000	54132
1.540058000	55520
1.543071000	56908
1.543073000	58296
1.546133000	56908
1.546138000	58296
1.549176000	51356
1.549178000	52744
1.552237000	54132
1.552241000	55520
1.555286000	56908
1.555287000	58296
1.558360000	59684
1.558362000	61072
1.561430000	62460
1.561435000	63848
1.564480000	65236
1.564485000	66624
1.567535000	68012
1.567541000	69400
1.570551000	70788
1.570555000	72176
1.575097000	70788
1.575102000	72176
1.583018000	70788
1.583023000	72176
1.583159000	70788
1.584695000	72176
1.585027000	70788
1.587742000	72176
1.588129000	70788
1.590797000	61072
1.590799000	62460
1.593860000	47192
1.593866000	48580
1.596931000	41640
1.596936000	43028
1.599957000	44416
1.599960000	45804
1.603008000	41640
1.603010000	43028
1.606062000	33312
1.606065000	34700
1.609120000	33312
1.609122000	34700
1.612169000	33312
1.612172000	34700
1.615246000	33312
1.615250000	34700
1.618270000	36088
1.618272000	37476
1.618304000	38864
1.621332000	40252
1.621336000	41640
1.624381000	43028
1.624385000	44416
1.627464000	45804
1.627469000	47192
1.630484000	48580
1.630486000	49968
1.633575000	51356
1.633579000	52744
1.636628000	54132
1.636633000	55520
1.639640000	56908
1.639641000	58296
1.642697000	59684
1.642700000	61072
1.645745000	56908
1.645747000	58296
1.648863000	59684
1.648867000	61072
1.651860000	62460
1.651866000	63848
1.654935000	62460
1.654938000	63848
1.654991000	62460
1.657958000	63848
1.657959000	65236
1.661015000	66624
1.661018000	68012
1.664063000	66624
1.664068000	68012
1.667155000	69400
1.667160000	70788
1.670177000	72176
1.672998000	70788
1.674533000	72176
1.674910000	70788
1.677582000	72176
1.677931000	70788
1.680657000	63848
1.680659000	65236
1.683720000	66624
1.683725000	68012
1.686739000	66624
1.686741000	68012
1.689187000	55520
1.689189000	56908
1.691632000	58296
1.691635000	59684
1.691675000	61072
1.694116000	62460
1.694119000	63848
1.696509000	65236
1.696510000	66624
1.698988000	68012
1.698994000	69400
1.701420000	65236
1.701424000	66624
1.703837000	68012
1.703839000	69400
1.706278000	70788
1.706279000	72176
1.709868000	70788
1.709873000	72176
1.722976000	70788
1.722981000	72176
1.725021000	61975
