10.287342000	1388
10.287346000	2776
10.287411000	4164
10.287413000	5552
10.287460000	6940
10.287461000	8328
10.287555000	9716
10.287556000	11104
10.287637000	12492
10.287639000	13880
10.325007000	13880
10.325009000	15268
10.325048000	15268
10.325050000	16656
10.327039000	16656
10.327043000	18044
10.327082000	15268
10.327083000	16656
10.327167000	16656
10.327169000	18044
10.327215000	19432
10.327216000	20820
10.327267000	22208
10.327268000	23596
10.330046000	23596
10.330048000	24984
10.330123000	24984
10.330124000	26372
10.333015000	26372
10.333016000	27760
10.365042000	27760
10.365044000	29148
10.365087000	29148
10.365087000	30536
10.365982000	30536
10.365983000	31924
10.366034000	30536
10.366034000	31924
10.366085000	30536
10.366086000	31924
10.366138000	31924
10.366139000	33312
10.366190000	34700
10.366191000	36088
10.366242000	37476
10.366243000	38864
10.370032000	38864
10.370034000	40252
10.370074000	40252
10.370075000	41640
10.373031000	41640
10.373033000	43028
10.373109000	43028
10.373111000	44416
10.373188000	43028
10.373189000	44416
10.373265000	45804
10.373267000	47192
10.374953000	47192
10.374954000	48580
10.375000000	48580
10.375001000	49968
10.375052000	49968
10.375053000	51356
10.376003000	51356
10.376004000	52744
10.376086000	52744
10.376087000	54132
10.376133000	54132
10.376134000	55520
10.400021000	55520
10.400022000	56908
10.404991000	56908
10.404993000	58296
10.410037000	58296
10.410039000	59684
10.410115000	59684
10.410117000	61072
10.410164000	59684
10.410166000	61072
10.410250000	59684
10.410252000	61072
10.410331000	62460
10.410332000	63848
10.410410000	65236
10.410412000	66624
10.413129000	66624
10.413130000	68012
10.413208000	68012
10.413209000	69400
10.413287000	69400
10.413289000	70788
10.413367000	70788
10.413369000	72176
10.413446000	72176
10.413447000	73564
10.413495000	72176
10.413496000	73564
10.413580000	72176
10.413581000	73564
10.413627000	74952
10.413628000	76340
10.413679000	77728
10.413680000	79116
10.414957000	79116
10.414958000	80504
10.420030000	80504
10.420032000	81892
10.420069000	81892
10.420070000	83280
10.423034000	83280
10.423036000	84668
10.423103000	83280
10.423104000	84668
10.423178000	84668
10.423179000	86056
10.423255000	84668
10.423256000	86056
10.423306000	87444
10.423307000	88832
10.423358000	90220
10.423359000	91608
10.425121000	91608
10.425122000	92996
10.425173000	92996
10.425174000	94384
10.428038000	94384
10.428040000	95772
10.428116000	95772
10.428118000	97160
10.428164000	92996
10.428165000	94384
10.428215000	87444
10.428217000	88832
10.428267000	90220
10.428268000	91608
10.428319000	92996
10.428320000	94384
10.428371000	95772
10.428372000	97160
10.428423000	98548
10.428424000	99936
10.428475000	101324
10.428476000	102712
10.428527000	104100
10.428529000	105488
10.428580000	106876
10.428581000	108264
10.428631000	109652
10.428632000	111040
10.440054000	109652
10.440056000	111040
10.440101000	112428
10.440102000	113816
10.445215000	112428
10.445217000	113816
10.445218000	115204
10.445293000	116592
10.449983000	115204
10.449985000	116592
10.449986000	117980
10.450063000	116592
10.450064000	117980
10.450065000	119368
10.450140000	120756
10.450142000	122144
10.460022000	122144
10.460023000	123532
10.460026000	123532
10.460093000	124920
10.465081000	124920
10.465082000	126308
10.465085000	126308
10.465129000	126308
10.465133000	127696
10.465134000	129084
10.465179000	127696
10.465180000	129084
10.465181000	130472
10.465230000	131860
10.468040000	131860
10.468041000	133248
10.468044000	133248
10.468118000	133248
10.468120000	134636
10.468121000	136024
10.470042000	131860
10.470044000	133248
10.470045000	134636
10.470120000	134636
10.470122000	136024
10.470123000	137412
10.470201000	138800
10.470202000	140188
10.470203000	141576
10.470280000	142964
10.473053000	142964
10.473054000	144352
10.473132000	144352
10.473133000	145740
10.473136000	145740
10.473211000	145740
10.473212000	147128
10.473213000	148516
10.473287000	145740
10.473289000	147128
10.473290000	148516
10.473360000	148516
10.473361000	149904
10.473362000	151292
10.473411000	149904
10.473412000	151292
10.473413000	152680
10.473462000	151292
10.473463000	152680
10.473464000	154068
10.473514000	151292
10.473515000	152680
10.473516000	154068
10.473613000	123532
10.473614000	124920
10.473615000	126308
10.473616000	127696
10.473643000	129084
10.473644000	130472
10.473645000	131860
10.473695000	133248
10.473697000	134636
10.473697000	136024
10.473698000	137412
10.473747000	138800
10.473748000	140188
10.473749000	141576
10.473750000	142964
10.473800000	144352
10.473801000	145740
10.473802000	147128
10.473802000	148516
10.473851000	149904
10.473852000	151292
10.473853000	152680
10.473854000	154068
10.473903000	155456
10.473904000	156844
10.473905000	158232
10.473906000	159620
10.473955000	161008
10.473955000	162396
10.473956000	163784
10.473957000	165172
10.474006000	166560
10.474007000	167948
10.474008000	169336
10.474009000	170724
10.474058000	172112
10.474059000	173500
10.474059000	174888
10.474060000	176276
10.474110000	177664
10.474111000	179052
10.474112000	180440
10.474113000	181828
10.474161000	183216
10.474162000	184604
10.474163000	185992
10.474164000	187380
10.474213000	188768
10.474214000	190156
10.474215000	191544
10.474216000	192932
10.474265000	194320
10.474266000	195708
10.476042000	195708
10.476043000	197096
10.476046000	197096
10.476047000	198484
10.476123000	198484
10.476124000	199872
10.476127000	198484
10.476128000	199872
10.476204000	198484
10.476205000	199872
10.476206000	201260
10.476207000	202648
10.476281000	204036
10.476283000	205424
10.479956000	204036
10.479961000	205424
10.479965000	206812
10.479969000	208200
10.485084000	206812
10.485086000	208200
10.485087000	209588
10.485088000	210976
10.485156000	209588
10.485158000	210976
10.485159000	212364
10.485160000	213752
10.490021000	206812
10.490023000	208200
10.490024000	209588
10.490025000	210976
10.490099000	212364
10.490100000	213752
10.490101000	215140
10.490102000	216528
10.490171000	217916
10.490172000	219304
10.490173000	220692
10.490174000	222080
10.492084000	220692
10.492085000	222080
10.492086000	223468
10.492087000	224856
10.493004000	223468
10.493005000	224856
10.493006000	226244
10.493007000	227632
10.493052000	226244
10.493053000	227632
10.493054000	229020
10.493055000	230408
10.493105000	229020
10.493106000	230408
10.493106000	231796
10.493157000	227632
10.493158000	229020
10.493159000	230408
10.493160000	231796
10.493207000	233184
10.493208000	234572
10.493210000	235960
10.493211000	237348
10.493259000	238736
10.503024000	237348
10.503026000	238736
10.503027000	240124
10.503027000	241512
10.503031000	240124
10.503068000	238736
10.503069000	240124
10.503070000	241512
10.503071000	242900
10.503117000	242900
10.503118000	244288
10.503119000	245676
10.503120000	247064
10.503176000	248452
10.507996000	248452
10.507998000	249840
10.508075000	249840
10.508077000	251228
10.513100000	251228
10.513101000	252616
10.513104000	252616
10.513106000	254004
10.513175000	254004
10.513177000	255392
10.513179000	255392
10.513180000	256780
10.513183000	256780
10.513265000	258168
10.514037000	258168
10.514038000	259556
10.514041000	259556
10.514042000	260944
10.514116000	260944
10.514117000	262332
10.514120000	262332
10.514121000	263720
10.514195000	263720
10.514196000	265108
10.515015000	265108
10.515017000	266496
10.515020000	266496
10.515021000	267884
10.518021000	267884
10.518022000	269272
10.518025000	269272
10.518026000	270660
10.518090000	270660
10.518091000	272048
10.518094000	272048
10.518095000	273436
10.518097000	273436
10.518166000	273436
10.518168000	274824
10.518169000	276212
10.518248000	276212
10.518249000	277600
10.518252000	277600
10.518253000	278988
10.518255000	278988
10.518260000	276212
10.518329000	276212
10.518330000	277600
10.518331000	278988
10.518332000	280376
10.518333000	281764
10.518334000	283152
10.518400000	284540
10.518401000	285928
10.530023000	285928
10.530025000	287316
10.530028000	287316
10.530029000	288704
10.533050000	288704
10.533051000	290092
10.533054000	290092
10.533056000	291480
10.533058000	291480
10.533129000	290092
10.533131000	291480
10.533132000	292868
10.533133000	294256
10.533134000	295644
10.535071000	295644
10.535072000	297032
10.535075000	297032
10.535076000	298420
10.538088000	298420
10.538090000	299808
10.538092000	299808
10.538093000	301196
10.538096000	301196
10.538168000	299808
10.538169000	301196
10.538170000	302584
10.538171000	303972
10.538172000	305360
10.538247000	303972
10.538249000	305360
10.538249000	306748
10.538250000	308136
10.538269000	308136
10.538346000	303972
10.538348000	305360
10.538349000	306748
10.538351000	308136
10.538352000	309524
10.538439000	306748
10.538440000	308136
10.538441000	309524
10.538442000	310912
10.538443000	312300
10.538568000	309524
10.538569000	310912
10.538570000	312300
10.538571000	313688
10.538572000	315076
10.538667000	309524
10.538669000	310912
10.538670000	312300
10.538671000	313688
10.538672000	315076
10.538715000	312300
10.538716000	313688
10.538717000	315076
10.538718000	316464
10.538719000	317852
10.538766000	316464
10.538767000	317852
10.538768000	319240
10.538769000	320628
10.538818000	320628
10.538819000	322016
10.538820000	323404
10.538820000	324792
10.538821000	326180
10.538870000	322016
10.538871000	323404
10.538872000	324792
10.538873000	326180
10.538921000	326180
10.538922000	327568
10.538923000	328956
10.538924000	330344
10.538973000	326180
10.538974000	327568
10.538975000	328956
10.538978000	330344
10.538979000	331732
10.539025000	330344
10.539026000	331732
10.539027000	333120
10.539028000	334508
10.539077000	334508
10.539078000	335896
10.539079000	337284
10.539080000	338672
10.539128000	337284
10.539129000	338672
10.539130000	340060
10.539131000	341448
10.539132000	342836
10.539179000	344224
10.539180000	345612
10.539181000	347000
10.539182000	348388
10.539230000	349776
10.539231000	351164
10.539232000	352552
10.539233000	353940
10.539282000	355328
10.539283000	356716
10.539284000	358104
10.540014000	358104
10.540015000	359492
10.540052000	359492
10.540053000	360880
10.543047000	360880
10.543048000	362268
10.543050000	362268
10.543051000	363656
10.543129000	363656
10.543130000	365044
10.543133000	365044
10.543134000	366432
10.543136000	366432
10.543207000	366432
10.543209000	367820
10.543209000	369208
10.543213000	369208
10.543214000	370596
10.543254000	369208
10.543255000	370596
10.543256000	371984
10.543257000	373372
10.543259000	373372
10.543306000	371984
10.543307000	373372
10.543307000	374760
10.543309000	376148
10.543309000	377536
10.544986000	377536
10.544987000	378924
10.544990000	378924
10.544991000	380312
10.550031000	377536
10.550033000	378924
10.550034000	380312
10.550034000	381700
10.550035000	383088
10.550106000	383088
10.550107000	384476
10.550108000	385864
10.553060000	385864
10.553062000	387252
10.553068000	387252
10.553069000	388640
10.553070000	390028
10.553105000	391416
10.553158000	391416
10.553161000	391416
10.553212000	392804
10.553313000	394192
10.553315000	395580
10.553365000	396968
10.553418000	398356
10.553469000	399744
10.554977000	401132
10.558083000	402520
10.558087000	403908
10.558263000	405296
10.558267000	406684
10.558270000	408072
10.558425000	409460
10.558565000	410848
10.558568000	412236
10.558572000	413624
10.558619000	415012
10.558623000	416400
10.558671000	417788
10.558826000	419176
10.558878000	420564
10.558982000	421952
10.562989000	421952
10.563069000	421952
10.573018000	423340
10.573109000	424728
10.573113000	426116
10.573195000	427504
10.573279000	428892
10.573284000	430280
10.573360000	431668
10.573365000	433056
10.573439000	434444
10.573552000	435832
10.573556000	437220
10.573591000	438608
10.573642000	439996
10.573694000	441384
10.574995000	442772
10.577083000	444160
10.577135000	445548
10.578101000	446936
10.578152000	448324
10.578205000	449712
10.578257000	451100
10.578309000	452488
10.578363000	453876
10.578415000	455264
10.578468000	456652
10.578520000	458040
10.578572000	459428
10.578625000	460816
10.578629000	462204
10.578730000	463592
10.578784000	464980
10.578838000	466368
10.578844000	467756
10.578941000	469144
10.579995000	470532
10.583144000	470532
10.583152000	470532
10.583241000	471920
10.583294000	473308
10.583301000	474696
10.583345000	476084
10.583423000	477472
10.583498000	478860
10.583573000	480248
10.583579000	481636
10.583583000	483024
10.583648000	484412
10.583699000	485800
10.583751000	487188
10.583804000	488576
10.583856000	489964
10.586031000	491352
10.588057000	492740
10.588134000	494128
10.594078000	495516
10.594086000	496904
10.594152000	498292
10.594201000	499680
10.594309000	501068
10.594389000	502456
10.594396000	503844
10.594402000	505232
10.595006000	506620
10.597032000	508008
10.597111000	509396
10.599177000	510784
10.599183000	512172
10.599252000	513560
10.599259000	514948
10.599401000	516336
10.605060000	517724
10.607063000	519112
10.607159000	520500
10.613109000	521888
10.613116000	523276
10.613182000	524664
10.613265000	526052
10.613273000	527440
10.613344000	528828
10.613425000	530216
10.613549000	531604
10.613601000	532992
10.613606000	534380
10.613660000	534380
10.615998000	535768
10.617074000	537156
10.617150000	538544
10.618124000	539932
10.618133000	539932
10.618289000	541320
10.618336000	542708
10.618342000	544096
10.618349000	545484
10.618439000	546872
10.618445000	548260
10.618491000	549648
10.618596000	551036
10.618602000	552424
10.619968000	553812
10.624161000	555200
10.624169000	556588
10.632219000	488576
10.635035000	488576
10.655109000	383088
10.655111000	384476
10.655112000	385864
10.655199000	387252
10.655202000	388640
10.657005000	390028
10.657084000	391416
10.657088000	392804
10.663084000	394192
10.663088000	395580
10.663153000	396968
10.663158000	398356
10.663167000	399744
10.663225000	401132
10.663228000	402520
10.663235000	403908
10.663300000	405296
10.663375000	406684
10.663379000	408072
10.663425000	409460
10.663483000	410848
10.663531000	412236
10.663581000	413624
10.663584000	415012
10.663632000	416400
10.663794000	416400
10.663798000	416400
10.667067000	283152
10.667068000	284540
10.667116000	285928
10.668096000	287316
10.668100000	288704
10.668158000	290092
10.668162000	291480
10.670002000	292868
10.675019000	294256
10.678064000	295644
10.678068000	297032
10.678137000	298420
10.678141000	299808
10.678216000	301196
10.678220000	302584
10.678262000	303972
10.678265000	305360
10.678314000	306748
10.679975000	308136
10.683010000	309524
10.684091000	310912
10.684171000	312300
10.684253000	313688
10.684302000	315076
10.684306000	316464
10.684378000	317852
10.684382000	319240
10.684561000	320628
10.684565000	322016
10.684611000	323404
10.684613000	324792
10.684666000	326180
10.684669000	327568
10.684672000	328956
10.684714000	330344
10.684767000	331732
10.684819000	333120
10.684822000	334508
10.684824000	335896
10.684871000	323404
10.684877000	324792
10.684926000	326180
10.684980000	327568
10.684992000	245676
10.685078000	247064
10.685132000	248452
10.685239000	249840
10.685343000	251228
10.685348000	252616
10.687027000	254004
10.687144000	198484
10.694989000	199872
10.699145000	201260
10.699194000	202648
10.700005000	204036
10.710232000	205424
10.710237000	206812
10.714109000	208200
10.714112000	209588
10.714166000	210491
