0.000000000	1388
0.002103000	2776
0.002652000	4164
0.002653000	5552
0.002683000	6940
0.003742000	8328
0.003744000	9716
0.004830000	11104
0.004831000	12492
0.005904000	13880
0.005905000	15268
0.006977000	16656
0.006979000	18044
0.008052000	19432
0.008054000	20820
0.014054000	22208
0.014057000	23596
0.014608000	24984
0.014609000	26372
0.015745000	27760
0.015746000	29148
0.016872000	30536
0.016873000	31924
0.018004000	33312
0.018005000	34700
0.019137000	36088
0.019138000	37476
0.020275000	38864
0.020276000	40252
0.022074000	41640
0.022650000	43028
0.022652000	44416
0.023772000	45804
0.023774000	47192
0.024895000	48580
0.024896000	49968
0.025941000	51356
0.025942000	52744
0.026987000	54132
0.026988000	55520
0.028031000	56908
0.028032000	58296
0.029078000	59684
0.029079000	61072
0.030122000	62460
0.030123000	63848
0.031166000	65236
0.031167000	66624
0.032210000	68012
0.032211000	69400
0.033259000	70788
0.033260000	72176
0.034306000	72176
0.034307000	73564
0.034336000	74952
0.035313000	76340
0.035314000	77728
0.036320000	79116
0.036321000	80504
0.037326000	81892
0.037327000	83280
0.038332000	84668
0.038334000	86056
0.039338000	87444
0.039339000	88832
0.040346000	90220
0.040347000	91608
0.041351000	92996
0.041352000	94384
0.042358000	95772
0.042359000	97160
0.043364000	98548
0.044091000	97160
0.044601000	87444
0.044602000	88832
0.045625000	90220
0.045626000	91608
0.046651000	92996
0.046653000	94384
0.046682000	95772
0.047675000	97160
0.047676000	98548
0.049075000	97160
0.049077000	98548
0.049734000	97160
0.049735000	98548
0.054059000	97160
0.054061000	98548
0.054583000	88832
0.054584000	90220
0.055601000	91608
0.055602000	92996
0.056619000	94384
0.056620000	95772
0.057637000	97160
0.057638000	98548
0.059048000	97160
0.059050000	98548
0.059673000	97160
0.059674000	98548
0.064113000	97160
0.064115000	98548
0.064631000	86056
0.064632000	87444
0.064660000	88832
0.065656000	90220
0.065658000	91608
0.066682000	92996
0.066683000	94384
0.067707000	95772
0.067708000	97160
0.068733000	98548
0.069077000	97160
0.069764000	95772
0.069765000	97160
0.070799000	98548
0.072087000	97160
0.072610000	92996
0.072612000	94384
0.073657000	95772
0.073658000	97160
0.074704000	84668
0.074706000	86056
0.075734000	87444
0.075735000	88832
0.076764000	90220
0.076765000	91608
0.077794000	92996
0.077795000	94384
0.077824000	95772
0.078824000	97160
0.078825000	98548
0.079854000	91608
0.079855000	92996
0.080873000	94384
0.080874000	95772
0.081892000	97160
0.081893000	98548
0.082911000	97160
0.082912000	98548
0.083934000	99936
0.084032000	98548
0.084962000	99936
0.089038000	98548
0.089564000	97160
0.089565000	98548
0.090623000	99936
0.094066000	98548
0.094610000	88832
0.094612000	90220
0.095735000	91608
0.095736000	92996
0.096860000	94384
0.096861000	95772
0.097984000	83280
0.097985000	84668
0.098014000	86056
0.099093000	81892
0.099094000	83280
0.100186000	84668
0.100187000	86056
0.101281000	87444
0.101282000	88832
0.102371000	90220
0.102372000	91608
0.103464000	92996
0.103465000	94384
0.104555000	81892
0.104557000	83280
0.105610000	84668
0.105611000	86056
0.106666000	87444
0.106667000	88832
0.107721000	90220
0.107722000	91608
0.108776000	92996
0.108777000	94384
0.109831000	90220
0.109832000	91608
0.110887000	92996
0.110889000	94384
0.110917000	95772
0.111942000	97160
0.111943000	98548
0.112997000	99936
0.114080000	98548
0.114614000	86056
0.114616000	87444
0.115669000	88832
0.115670000	90220
0.116723000	91608
0.116725000	92996
0.117778000	88832
0.117779000	90220
0.118825000	91608
0.118826000	92996
0.119874000	88832
0.119875000	90220
0.120920000	91608
0.120922000	92996
0.121967000	94384
0.121968000	95772
0.123012000	88832
0.123013000	90220
0.124049000	88832
0.124050000	90220
0.124094000	88832
0.125083000	84668
0.125084000	86056
0.126078000	87444
0.126081000	88832
0.127074000	90220
0.127075000	91608
0.128070000	92996
0.128071000	94384
0.129064000	92996
0.129066000	94384
0.130045000	92996
0.130060000	94384
0.131012000	95772
0.131013000	97160
0.131978000	98548
0.131979000	99936
0.132944000	101324
0.134064000	99936
0.134550000	90220
0.134551000	91608
0.135494000	92996
0.135495000	94384
0.136438000	95772
0.136439000	97160
0.136467000	98548
0.137382000	99936
0.137383000	101324
0.139047000	99936
0.139049000	101324
0.139524000	99936
0.139525000	101324
0.144062000	99936
0.144064000	101324
0.144545000	88832
0.144546000	90220
0.145500000	91608
0.145501000	92996
0.146455000	94384
0.146456000	95772
0.147411000	97160
0.147412000	98548
0.148365000	99936
0.148366000	101324
0.149321000	97160
0.149322000	98548
0.150283000	99936
0.150284000	101324
0.154080000	99936
0.154082000	101324
0.154127000	97160
0.154625000	92996
0.154626000	94384
0.155615000	95772
0.155617000	97160
0.156604000	98548
0.156605000	99936
0.157594000	101324
0.159072000	99936
0.159574000	98548
0.159575000	99936
0.160583000	101324
0.162019000	99936
0.162531000	95772
0.162532000	97160
0.163561000	98548
0.163562000	99936
0.164591000	101324
0.165056000	99936
0.165628000	90220
0.165630000	91608
0.166663000	92996
0.166664000	94384
0.167698000	95772
0.167699000	97160
0.167732000	98548
0.168734000	99936
0.168735000	101324
0.169768000	97160
0.169769000	98548
0.170808000	99936
0.170809000	101324
0.173999000	99936
0.174001000	101324
0.174531000	99936
0.174532000	101324
0.175591000	86056
0.175592000	87444
0.176628000	88832
0.176629000	90220
0.177664000	91608
0.177665000	92996
0.178700000	94384
0.178701000	95772
0.179737000	91608
0.179739000	92996
0.180774000	94384
0.180776000	95772
0.181812000	97160
0.181813000	98548
0.181841000	99936
0.182853000	98548
0.182854000	99936
0.183890000	101324
0.183891000	102712
0.184932000	98548
0.184933000	99936
0.185970000	84668
0.185971000	86056
0.186960000	87444
0.186961000	88832
0.187949000	90220
0.187950000	91608
0.188938000	92996
0.188939000	94384
0.189927000	90220
0.189931000	91608
0.190898000	92996
0.190900000	94384
0.191874000	95772
0.191879000	97160
0.192841000	98548
0.192843000	99936
0.193812000	101324
0.193814000	102712
0.194016000	101324
0.194784000	99936
0.194786000	101324
0.195757000	102712
0.197036000	101324
0.197526000	99936
0.197527000	101324
0.198505000	102712
0.199068000	101324
0.199560000	99936
0.199561000	101324
0.200539000	102712
0.204069000	101324
0.204563000	99936
0.204564000	101324
0.205554000	102712
0.207011000	101324
0.207512000	102712
0.219059000	101324
0.219581000	99936
0.219582000	101324
0.220655000	102712
0.224057000	101324
0.224624000	99936
0.224625000	101324
0.224676000	102712
0.226167000	101324
0.226172000	102712
0.226952000	92996
0.226953000	94384
0.228197000	95772
0.228198000	97160
0.229443000	92996
0.229444000	94384
0.230709000	95772
0.230711000	97160
0.231968000	98548
0.231969000	99936
0.233231000	81892
0.233233000	83280
0.234483000	79116
0.234484000	80504
0.235722000	81892
0.235723000	83280
0.236963000	84668
0.236965000	86056
0.238203000	65236
0.238205000	66624
0.239378000	68012
0.239379000	69400
0.240553000	70788
0.240554000	72176
0.240582000	73564
0.241727000	74952
0.241729000	76340
0.242905000	77728
0.242906000	79116
0.244077000	80504
0.244079000	81892
0.245253000	83280
0.245254000	84668
0.246428000	86056
0.246430000	87444
0.247602000	88832
0.247604000	90220
0.248778000	91608
0.248779000	92996
0.249953000	88749
