7.406382000	1388
7.406392000	2776
7.406476000	4164
7.406483000	5552
7.406530000	6940
7.406533000	8328
7.406583000	9716
7.406586000	11104
7.406635000	12492
7.406638000	13880
7.438894000	13880
7.438897000	15268
7.443920000	15268
7.443925000	16656
7.443988000	16656
7.443992000	18044
7.445925000	18044
7.445933000	19432
7.445988000	15268
7.445991000	16656
7.446033000	18044
7.446035000	19432
7.446095000	20820
7.446098000	22208
7.446197000	23596
7.446203000	24984
7.448857000	24984
7.448864000	26372
7.448918000	26372
7.448920000	27760
7.476988000	27760
7.476996000	29148
7.477155000	24984
7.477160000	26372
7.477216000	27760
7.477220000	29148
7.477274000	30536
7.477279000	31924
7.477330000	33312
7.477335000	34700
7.478896000	34700
7.478901000	36088
7.478928000	36088
7.478931000	37476
7.483910000	37476
7.483915000	38864
7.483950000	38864
7.483953000	40252
7.491261000	40252
7.491266000	41640
7.491312000	38864
7.491315000	40252
7.491387000	34700
7.491400000	36088
7.491412000	37476
7.491469000	37476
7.491472000	38864
7.491519000	40252
7.491522000	41640
7.491571000	43028
7.491574000	44416
7.491624000	45804
7.491633000	47192
7.491677000	48580
7.491679000	49968
7.491733000	51356
7.491736000	52744
7.491929000	52744
7.491934000	54132
7.521892000	54132
7.521897000	55520
7.521934000	55520
7.521937000	56908
7.521985000	58296
7.522874000	58296
7.522878000	59684
7.522920000	55520
7.522923000	56908
7.523010000	58296
7.523020000	59684
7.523047000	61072
7.523050000	62460
7.523098000	63848
7.523101000	65236
7.524054000	65236
7.524058000	66624
7.524085000	66624
7.524088000	68012
7.528914000	68012
7.528927000	68012
7.531915000	68012
7.531933000	68012
7.531966000	65236
7.531970000	66624
7.532020000	65236
7.532024000	66624
7.532068000	68012
7.568911000	68012
7.568925000	68012
7.573857000	68012
7.573875000	68012
7.578856000	68012
7.581957000	68012
7.581967000	68012
7.581996000	68012
7.582004000	68012
7.582051000	68012
7.582059000	68012
7.582174000	63848
7.582180000	65236
7.582227000	66624
7.582232000	66624
7.587071000	58296
7.587075000	59684
7.587104000	58296
7.587109000	59684
7.587168000	41640
7.587172000	43028
7.587219000	37476
7.587222000	38864
7.587276000	33312
7.587280000	34700
7.587317000	36088
7.587321000	37476
7.587413000	38864
7.587420000	40252
7.587451000	41640
7.587455000	43028
7.587501000	44416
7.587505000	45804
7.587555000	47192
7.587559000	48580
7.587607000	49968
7.587611000	51356
7.587661000	52744
7.587665000	54132
7.587714000	55520
7.587718000	56908
7.587768000	58296
7.587785000	59684
7.587832000	61072
7.587836000	62460
7.587874000	63848
7.587878000	65236
7.587926000	66624
7.587930000	68012
7.587978000	69400
7.587982000	70788
7.603905000	69400
7.603910000	70788
7.603932000	69400
7.603936000	70788
7.604030000	72176
7.622909000	70788
7.622913000	72176
7.622950000	61072
7.622953000	62460
7.623051000	63848
7.623057000	65236
7.623118000	66624
7.623121000	68012
7.623192000	69400
7.623196000	70788
7.623268000	72176
7.643879000	70788
7.643886000	72176
7.644150000	72176
7.645884000	72176
7.645909000	72176
7.645938000	72176
7.648901000	72176
7.648906000	73564
7.648939000	73564
7.651941000	73564
7.651953000	73564
7.652025000	73564
7.652046000	73564
7.652077000	72176
7.652080000	73564
7.652128000	73564
7.652238000	73564
7.652245000	73564
7.652286000	70788
7.652289000	72176
7.652360000	72176
7.652375000	73564
7.652409000	74952
7.652416000	76340
7.652451000	77728
7.652502000	79116
7.652509000	80504
7.652555000	81892
7.652606000	83280
7.652613000	84668
7.652734000	86056
7.653854000	87444
7.655933000	88832
7.656036000	90220
7.658862000	91608
7.658880000	92996
7.663909000	94384
7.666944000	95772
7.666955000	97160
7.666990000	98548
7.666993000	99936
7.682346000	101324
7.682358000	102712
7.683888000	104100
7.686967000	105488
7.687046000	106876
7.693862000	108264
7.694872000	109652
7.694882000	111040
7.694927000	112428
7.695016000	113816
7.696944000	115204
7.696956000	116592
7.696987000	117980
7.697128000	47192
7.697133000	48580
7.697309000	41640
7.697313000	43028
7.698912000	40252
7.698917000	41640
7.698995000	41640
7.698998000	43028
7.699090000	44416
7.699094000	45804
7.699153000	47192
7.699158000	48580
7.699229000	49968
7.699233000	51356
7.701869000	51356
7.701958000	51356
7.701987000	51356
7.702007000	48580
7.702010000	49968
7.702059000	49968
7.702061000	51356
7.702110000	51356
7.702167000	51356
7.702174000	51356
7.718895000	49968
7.718898000	51356
7.723929000	49968
7.723932000	51356
7.734915000	49968
7.734921000	51356
7.734989000	44416
7.734992000	45804
7.735080000	47192
7.735087000	48580
7.735146000	49968
7.735150000	51356
7.738941000	51356
7.738954000	51356
7.740903000	51356
7.740915000	51356
7.740940000	47192
7.740943000	48580
7.741042000	49968
7.741048000	51356
7.741130000	52744
7.741958000	52744
7.741977000	52744
7.742112000	52744
7.742119000	52744
7.742139000	51356
7.742141000	52744
7.742194000	52744
7.742202000	52744
7.742299000	52744
7.743947000	52744
7.746935000	52744
7.746946000	52744
7.746991000	49968
7.746995000	51356
7.747097000	51356
7.747104000	52744
7.760921000	51356
7.760926000	52744
7.760987000	49968
7.760991000	51356
7.761073000	52744
7.770981000	52744
7.773978000	52744
7.776938000	52744
7.776963000	52744
7.776984000	51356
7.776987000	52744
7.777115000	52744
7.778909000	52744
7.778921000	52744
7.781838000	52744
7.781850000	52744
7.781869000	52744
7.781924000	52744
7.781927000	54132
7.781975000	52744
7.781978000	54132
7.782028000	52744
7.782031000	54132
7.782077000	51356
7.782080000	52744
7.782151000	51356
7.782158000	52744
7.782189000	52744
7.782192000	54132
7.783844000	54132
7.783853000	52744
7.783890000	54132
7.786906000	52744
7.786910000	54132
7.788911000	52744
7.788916000	54132
7.788948000	52744
7.788960000	54132
7.800955000	52744
7.800958000	54132
7.801183000	52744
7.801186000	54132
7.801894000	52744
7.801901000	54132
7.820942000	52744
7.820946000	54132
7.820974000	52744
7.820977000	54132
7.822004000	52744
7.822009000	54132
7.822040000	47192
7.822043000	48580
7.822165000	49968
7.822171000	51356
7.822284000	52744
7.822290000	54132
7.823933000	52744
7.823938000	54132
7.823982000	52744
7.823985000	54132
7.824031000	55520
7.826869000	54132
7.826875000	55520
7.826920000	48580
7.826924000	49968
7.826992000	48580
7.826994000	49968
7.827044000	48580
7.827051000	49968
7.827082000	51356
7.827086000	52744
7.827130000	54132
7.827134000	55520
7.828842000	54132
7.828846000	55520
7.828880000	54132
7.828883000	55520
7.847077000	54132
7.847082000	55520
7.847126000	54132
7.847129000	55520
7.847246000	54132
7.847249000	55520
7.873962000	54132
7.873965000	55520
7.874923000	54132
7.874930000	55520
7.874970000	54132
7.874973000	55520
7.875084000	54132
7.875088000	55520
7.878957000	54132
7.878964000	55520
7.879004000	51356
7.879008000	52744
7.879059000	54132
7.879064000	55520
7.881926000	54132
7.881931000	55520
7.881957000	51356
7.881960000	52744
7.882055000	54132
7.882061000	55520
7.883905000	54132
7.883911000	55520
7.884871000	54132
7.884878000	55520
7.884949000	45804
7.884952000	47192
7.885043000	48580
7.885051000	49968
7.885083000	51356
7.885088000	52744
7.885135000	54132
7.885139000	55520
7.886876000	54132
7.886881000	55520
7.901958000	54132
7.901963000	55520
7.902039000	54132
7.902043000	55520
7.902168000	54132
7.902173000	55520
7.913955000	54132
7.913960000	55520
7.913989000	56908
7.916888000	55520
7.916893000	56908
7.916948000	49968
7.916951000	51356
7.917039000	52744
7.917045000	54132
7.917128000	55520
7.917135000	56908
7.918827000	55520
7.918834000	56908
7.918862000	55520
7.918866000	56908
7.921868000	55520
7.921873000	56908
7.921909000	49968
7.921913000	51356
7.921964000	52744
7.921969000	54132
7.922017000	55520
7.922021000	56908
7.923895000	55520
7.923897000	56908
7.925880000	55520
7.925883000	56908
7.925977000	55520
7.925982000	56908
7.926115000	52744
7.926118000	54132
7.926169000	55520
7.926172000	56908
7.926870000	55520
7.926875000	56908
7.955953000	55520
7.955958000	56908
7.956012000	52744
7.956015000	54132
7.956107000	55520
7.956114000	56908
7.966067000	55520
7.966070000	56908
7.968929000	55520
7.968932000	56908
7.976905000	55520
7.976910000	56908
7.976945000	47192
7.976948000	48580
7.977055000	47192
7.977060000	48580
7.977226000	36088
7.977231000	37476
7.977366000	30536
7.977370000	31924
7.977417000	33312
7.977420000	34700
7.977511000	36088
7.977517000	37476
7.977544000	38864
7.977547000	40252
7.977598000	41640
7.977601000	43028
7.977649000	44416
7.977652000	45804
7.977702000	47192
7.977705000	48580
7.977754000	49968
7.977757000	51356
7.977811000	52744
7.977817000	54132
7.977859000	55520
7.977863000	56908
7.978842000	55520
7.978849000	56908
7.985945000	55520
7.985948000	56908
7.993848000	55520
7.993853000	56908
7.993879000	55520
7.993882000	56908
7.993930000	58296
8.006859000	56908
8.006864000	58296
8.006906000	56908
8.006909000	58296
8.013927000	56908
8.013930000	58296
8.018828000	56908
8.018834000	58296
8.018871000	56908
8.018874000	58296
8.021907000	56908
8.021910000	58296
8.021933000	54132
8.021937000	55520
8.022042000	54132
8.022047000	55520
8.022078000	54132
8.022082000	55520
8.022177000	56908
8.022183000	58296
8.023906000	56908
8.023911000	58296
8.023943000	56908
8.023947000	58296
8.026872000	56908
8.026875000	58296
8.026928000	54132
8.026932000	55520
8.026995000	51356
8.026998000	52744
8.027058000	54132
8.027061000	55520
8.027097000	56908
8.027100000	58296
8.031932000	56908
8.031935000	58296
8.032083000	56908
8.032086000	58296
8.034036000	56908
8.034041000	58296
8.034069000	56908
8.034072000	58296
8.056864000	56908
8.056870000	58296
8.057184000	56908
8.057189000	58296
8.062016000	56908
8.062021000	58296
8.062094000	43028
8.062097000	44416
8.062130000	45804
8.062135000	47192
8.062182000	48580
8.062186000	49968
8.062236000	51356
8.062239000	52744
8.062288000	54132
8.062292000	55520
8.062347000	56908
8.062350000	58296
8.063863000	56908
8.063868000	58296
8.063890000	56908
8.063893000	58296
8.066893000	56908
8.066898000	58296
8.066930000	54132
8.066933000	55520
8.067006000	56908
8.067014000	58296
8.068985000	56908
8.068988000	58296
8.071927000	56908
8.071930000	58296
8.071975000	56908
8.071978000	58296
8.072181000	56908
8.072184000	58296
8.073918000	56908
8.073921000	58296
8.076901000	56908
8.076905000	58296
8.076940000	56908
8.076944000	58296
8.096941000	56908
8.096944000	58296
8.096978000	56908
8.096981000	58296
8.097029000	59684
8.101880000	58296
8.101885000	59684
8.106879000	58296
8.106884000	59684
8.106909000	55520
8.106913000	56908
8.107025000	55520
8.107031000	56908
8.107161000	38864
8.107174000	37476
8.107240000	36088
8.107244000	37476
8.107312000	36088
8.107314000	37476
8.107359000	38864
8.107361000	40252
8.107409000	41640
8.107412000	43028
8.107465000	44416
8.107470000	45804
8.107519000	47192
8.107523000	48580
8.107576000	49968
8.107580000	51356
8.107629000	52744
8.107633000	54132
8.107683000	55520
8.107687000	56908
8.107735000	58296
8.107738000	59684
8.113847000	58296
8.113853000	59684
8.118862000	58296
8.118868000	59684
8.118896000	58296
8.118900000	59684
8.121855000	58296
8.121860000	59684
8.141922000	58296
8.141929000	59684
8.142006000	58296
8.142010000	59684
8.142068000	58296
8.142072000	59684
8.146873000	58296
8.146878000	59684
8.147917000	58296
8.147922000	59684
8.147976000	52744
8.147978000	54132
8.148069000	55520
8.148075000	56908
8.148162000	58296
8.148168000	59684
8.151848000	58296
8.151855000	59684
8.151893000	58296
8.151898000	59684
8.153853000	58296
8.153857000	59684
8.153891000	58296
8.153894000	59684
8.156921000	58296
8.156926000	59684
8.157051000	49968
8.157054000	51356
8.158934000	47192
8.158939000	48580
8.158972000	47192
8.158976000	48580
8.159025000	49968
8.159029000	51356
8.159080000	52744
8.159084000	54132
8.159135000	55520
8.159139000	56908
8.159190000	58296
8.159195000	59684
8.160853000	58296
8.160858000	59684
8.181937000	58296
8.181942000	59684
8.182013000	61072
8.186945000	59684
8.186950000	61072
8.187002000	59684
8.187005000	61072
8.187124000	59684
8.187128000	61072
8.187149000	59684
8.187153000	61072
8.188950000	59684
8.188953000	61072
8.191935000	59684
8.191940000	61072
8.192004000	51356
8.192007000	52744
8.192049000	48580
8.192052000	49968
8.192101000	51356
8.192104000	52744
8.192182000	54132
8.192189000	55520
8.192217000	56908
8.192221000	58296
8.192269000	59684
8.192272000	61072
8.193948000	59684
8.193953000	61072
8.206935000	59684
8.206938000	61072
8.206957000	56908
8.206960000	58296
8.207008000	56908
8.207011000	58296
8.207062000	56908
8.207064000	58296
8.207116000	54132
8.207119000	55520
8.207169000	56908
8.207171000	58296
8.207222000	59684
8.207225000	61072
8.229936000	59684
8.229941000	61072
8.229998000	56908
8.230001000	58296
8.230094000	56908
8.230100000	58296
8.233847000	54132
8.233852000	55520
8.233885000	56908
8.233888000	58296
8.233983000	59684
8.233990000	61072
8.238882000	59684
8.238887000	61072
8.240907000	59684
8.240910000	61072
8.240995000	59684
8.240998000	61072
8.241927000	59684
8.241930000	61072
8.242199000	48580
8.242203000	49968
8.242291000	51356
8.242295000	52744
8.242336000	54132
8.242339000	55520
8.242389000	56908
8.242392000	58296
8.242441000	59684
8.242444000	61072
8.247060000	59684
8.247063000	61072
8.247122000	56908
8.247125000	58296
8.247162000	56908
8.247165000	58296
8.247221000	59684
8.247224000	61072
8.248849000	59684
8.248857000	61072
8.248895000	59684
8.248900000	61072
8.250932000	59684
8.250937000	61072
8.263903000	59684
8.263906000	61072
8.263920000	62460
8.273913000	61072
8.273916000	62460
8.273936000	61072
8.273938000	62460
8.276947000	61072
8.276950000	62460
8.276973000	61072
8.276976000	62460
8.277084000	61072
8.277089000	62460
8.277127000	61072
8.277130000	62460
8.283889000	61072
8.283895000	61975
