5.573093000	1388
5.573096000	2776
5.573150000	4164
5.573152000	5552
5.573228000	6940
5.573229000	8328
5.573301000	9716
5.573302000	11104
5.573379000	12492
5.573380000	13880
5.645808000	15268
5.651270000	15268
5.652832000	15268
5.652833000	16656
5.652884000	15268
5.652885000	16656
5.652936000	18044
5.652937000	19432
5.655941000	19432
5.655943000	20820
5.656012000	16656
5.656013000	18044
5.656087000	18044
5.656088000	19432
5.656164000	20820
5.656165000	22208
5.656242000	23596
5.656243000	24984
5.656318000	26372
5.656319000	27760
5.678178000	27760
5.678179000	29148
5.692954000	29148
5.692955000	30536
5.709056000	30536
5.709058000	31924
5.709141000	31924
5.709142000	33312
5.709214000	33312
5.709215000	34700
5.709268000	33312
5.709269000	34700
5.709316000	34700
5.709317000	36088
5.709368000	36088
5.709369000	37476
5.709421000	34700
5.709421000	36088
5.709470000	37476
5.709471000	38864
5.709523000	40252
5.709524000	41640
5.709574000	43028
5.709575000	44416
5.712950000	44416
5.712952000	45804
5.715918000	45804
5.715919000	47192
5.715966000	43028
5.715968000	44416
5.716014000	44416
5.716015000	45804
5.716075000	44416
5.716076000	45804
5.716153000	45804
5.716154000	47192
5.716235000	48580
5.716237000	49968
5.716314000	51356
5.716316000	52744
5.716397000	54132
5.716400000	55520
5.716446000	56908
5.716447000	58296
5.727847000	58296
5.727848000	59684
5.732865000	59684
5.732868000	61072
5.747825000	61072
5.747827000	62460
5.747901000	62460
5.747903000	63848
5.758922000	63848
5.758924000	65236
5.759012000	65236
5.759013000	66624
5.759072000	66624
5.759073000	68012
5.763850000	68012
5.763853000	69400
5.763871000	69400
5.763872000	70788
5.763925000	69400
5.763926000	70788
5.763975000	70788
5.763976000	72176
5.764031000	72176
5.764032000	73564
5.764076000	72176
5.764077000	73564
5.764131000	72176
5.764132000	73564
5.764179000	73564
5.764180000	74952
5.764231000	74952
5.764232000	76340
5.764283000	76340
5.764283000	77728
5.764335000	76340
5.764336000	77728
5.764387000	76340
5.764388000	77728
5.764439000	77728
5.764440000	79116
5.764496000	79116
5.764497000	80504
5.764544000	77728
5.764545000	79116
5.764595000	79116
5.764596000	80504
5.764648000	81892
5.764648000	83280
5.764699000	84668
5.764700000	86056
5.764753000	87444
5.764756000	88832
5.764804000	90220
5.764805000	91608
5.764856000	92996
5.764857000	94384
5.764908000	95772
5.764909000	97160
5.764961000	98548
5.764961000	99936
5.765875000	99936
5.765876000	101324
5.765899000	101324
5.765900000	102712
5.765950000	101324
5.765951000	102712
5.766001000	102712
5.766002000	104100
5.766053000	104100
5.766054000	105488
5.766105000	106876
5.766106000	108264
5.766158000	108264
5.766159000	109652
5.766209000	105488
5.766210000	106876
5.766268000	105488
5.766269000	106876
5.766269000	108264
5.766315000	106876
5.766315000	108264
5.766316000	109652
5.766368000	109652
5.766368000	111040
5.766369000	112428
5.766420000	113816
5.766421000	115204
5.766422000	116592
5.766469000	117980
5.766469000	119368
5.766521000	120756
5.766522000	122144
5.785890000	122144
5.785892000	123532
5.786874000	122144
5.786876000	123532
5.786877000	124920
5.786943000	126308
5.792814000	124920
5.792816000	126308
5.792817000	127696
5.792886000	129084
5.797871000	127696
5.797872000	129084
5.797876000	130472
5.797920000	129084
5.797922000	130472
5.797923000	131860
5.797977000	133248
5.797978000	134636
5.798967000	133248
5.798968000	134636
5.798969000	136024
5.799007000	137412
5.802851000	136024
5.802852000	137412
5.802853000	138800
5.802925000	137412
5.802926000	138800
5.802927000	140188
5.803004000	141576
5.803006000	142964
5.807837000	141576
5.807839000	142964
5.807840000	144352
5.807911000	142964
5.807912000	144352
5.807913000	145740
5.807959000	147128
5.807960000	148516
5.808966000	147128
5.808967000	148516
5.808968000	149904
5.808969000	151292
5.809098000	149904
5.809099000	151292
5.809100000	152680
5.809101000	154068
5.809148000	152680
5.809149000	154068
5.809150000	155456
5.809151000	156844
5.817978000	155456
5.817980000	156844
5.817981000	158232
5.817982000	159620
5.818972000	158232
5.818973000	159620
5.818975000	161008
5.818976000	162396
5.819027000	161008
5.819028000	162396
5.819029000	163784
5.819081000	148516
5.819083000	149904
5.819084000	151292
5.819085000	152680
5.819125000	154068
5.819126000	155456
5.819127000	156844
5.819128000	158232
5.819176000	159620
5.819177000	161008
5.819178000	162396
5.819179000	163784
5.819227000	165172
5.819243000	166560
5.819244000	167948
5.819246000	169336
5.819278000	170724
5.819280000	172112
5.819281000	173500
5.819282000	174888
5.819366000	176276
5.819368000	177664
5.819369000	179052
5.819370000	180440
5.819444000	181828
5.822919000	180440
5.822921000	181828
5.822922000	183216
5.822922000	184604
5.827871000	183216
5.827872000	184604
5.827873000	185992
5.827874000	187380
5.828854000	185992
5.828856000	187380
5.828857000	188768
5.828858000	190156
5.828935000	176276
5.828937000	177664
5.828938000	179052
5.828939000	180440
5.829005000	156844
5.829006000	158232
5.829007000	159620
5.829008000	161008
5.829035000	162396
5.829036000	163784
5.829037000	165172
5.829131000	166560
5.829132000	167948
5.829133000	169336
5.829134000	170724
5.829184000	172112
5.829185000	173500
5.829186000	174888
5.829202000	176276
5.829264000	177664
5.829265000	179052
5.829266000	180440
5.829267000	181828
5.829340000	183216
5.829341000	184604
5.829342000	185992
5.829358000	187380
5.829396000	188768
5.829397000	190156
5.829398000	191544
5.829399000	192932
5.829448000	194320
5.829449000	195708
5.829450000	197096
5.829451000	198484
5.829501000	199872
5.829502000	201260
5.829503000	202648
5.829504000	204036
5.829553000	205424
5.829554000	206812
5.829555000	208200
5.829556000	209588
5.844004000	195708
5.844007000	197096
5.844008000	198484
5.844009000	199872
5.844061000	195708
5.844062000	197096
5.844077000	198484
5.844078000	199872
5.844109000	195708
5.844111000	197096
5.844112000	198484
5.844113000	199872
5.844169000	201260
5.844170000	202648
5.844171000	204036
5.844172000	205424
5.844220000	206812
5.844222000	208200
5.844223000	209588
5.844224000	210976
5.844271000	212364
5.844273000	213752
5.844274000	215140
5.844275000	216528
5.844323000	217916
5.844324000	219304
5.844326000	220692
5.844327000	222080
5.844407000	223468
5.848954000	206812
5.848956000	208200
5.848957000	209588
5.848958000	210976
5.848959000	212364
5.848997000	213752
5.848999000	215140
5.849000000	216528
5.849001000	217916
5.849050000	219304
5.849051000	220692
5.849053000	222080
5.849054000	223468
5.850964000	223468
5.850966000	224856
5.850967000	226244
5.850970000	226244
5.850971000	227632
5.851043000	227632
5.851044000	229020
5.851046000	230408
5.851120000	227632
5.851121000	229020
5.851122000	230408
5.851198000	226244
5.851200000	227632
5.851201000	229020
5.851245000	226244
5.851246000	227632
5.851247000	229020
5.851250000	229020
5.851297000	229020
5.851298000	230408
5.851299000	231796
5.851300000	233184
5.851349000	231796
5.851350000	233184
5.851351000	234572
5.851351000	235960
5.851400000	234572
5.851401000	235960
5.851402000	237348
5.851403000	238736
5.851452000	237348
5.851453000	238736
5.851454000	240124
5.851455000	241512
5.851504000	240124
5.851505000	241512
5.851506000	242900
5.851507000	244288
5.851555000	241512
5.851556000	242900
5.851557000	244288
5.851558000	245676
5.851608000	245676
5.851609000	247064
5.851610000	248452
5.851611000	249840
5.851659000	251228
5.851660000	252616
5.851661000	254004
5.851662000	255392
5.851711000	256780
5.851712000	258168
5.851713000	259556
5.851713000	260944
5.851764000	262332
5.851766000	263720
5.851767000	265108
5.851768000	266496
5.851814000	267884
5.851815000	269272
5.851816000	270660
5.851817000	272048
5.851866000	273436
5.851867000	274824
5.851868000	276212
5.851869000	277600
5.852878000	277600
5.855940000	277600
5.856012000	277600
5.856016000	277600
5.856083000	277600
5.862891000	277600
5.867842000	277600
5.867848000	277600
5.868849000	277600
5.870933000	277600
5.870936000	277600
5.870938000	277600
5.871010000	276212
5.871012000	277600
5.871015000	277600
5.871097000	277600
5.871103000	277600
5.871203000	277600
5.872851000	277600
5.872854000	277600
5.872855000	278988
5.872923000	278988
5.875911000	278988
5.875920000	278988
5.875922000	278988
5.875986000	277600
5.875988000	278988
5.875991000	278988
5.876066000	278988
5.876070000	278988
5.876072000	278988
5.876145000	277600
5.876146000	278988
5.876150000	278988
5.876225000	278988
5.876228000	278988
5.876230000	278988
5.876306000	277600
5.876307000	278988
5.876310000	278988
5.876351000	278988
5.876352000	280376
5.876355000	280376
5.877868000	280376
5.878850000	280376
5.878900000	280376
5.878903000	280376
5.878952000	280376
5.878955000	280376
5.880854000	280376
5.880856000	280376
5.880942000	280376
5.880945000	280376
5.881020000	280376
5.881023000	280376
5.881094000	280376
5.881100000	280376
5.881144000	280376
5.881147000	280376
5.881197000	280376
5.881250000	280376
5.881252000	280376
5.881253000	281764
5.881326000	281764
5.882851000	281764
5.886077000	281764
5.886157000	281764
5.886160000	281764
5.886162000	281764
5.886235000	280376
5.886237000	281764
5.886240000	281764
5.886314000	278988
5.886315000	280376
5.886316000	281764
5.886393000	278988
5.886395000	280376
5.886396000	281764
5.887975000	281764
5.887979000	281764
5.888887000	281764
5.888890000	281764
5.888937000	281764
5.888938000	283152
5.888940000	283152
5.888990000	284540
5.892829000	285928
5.892896000	285928
5.895904000	287316
5.895907000	288704
5.895983000	290092
5.895986000	291480
5.896062000	292868
5.897879000	294256
5.902876000	295644
5.907852000	297032
5.908928000	298420
5.910935000	299808
5.910938000	301196
5.911099000	302584
5.911101000	303972
5.911106000	305360
5.911185000	306748
5.911187000	308136
5.911191000	309524
5.911235000	310912
5.911237000	312300
5.911300000	313688
5.911347000	315076
5.911350000	316464
5.911402000	316464
5.911451000	316464
5.911501000	316464
5.911505000	317852
5.911557000	319240
5.911712000	320628
5.911716000	322016
5.912892000	323404
5.915866000	324792
5.915945000	326180
5.915950000	327568
5.915953000	328956
5.916026000	330344
5.916029000	331732
5.917862000	333120
5.918851000	334508
5.918901000	335896
5.918905000	337284
5.922870000	338672
5.925942000	340060
5.925953000	341448
5.925961000	342836
5.926017000	344224
5.926098000	345612
5.926102000	347000
5.926105000	348388
5.926177000	349776
5.926181000	351164
5.926279000	352552
5.926329000	353940
5.926382000	355328
5.926385000	356716
5.928895000	358104
5.929052000	359492
5.929069000	360880
5.931043000	362268
5.931047000	363656
5.931089000	365044
5.931092000	366432
5.931096000	367820
5.931174000	369208
5.931176000	370596
5.931253000	371984
5.931256000	373372
5.931261000	374760
5.931325000	376148
5.931376000	377536
5.931379000	377536
5.931430000	378924
5.931480000	380312
5.931483000	381700
5.931534000	383088
5.931584000	384476
5.931637000	385864
5.931639000	387252
5.931646000	388640
5.931691000	390028
5.931742000	391416
5.931796000	392804
5.931906000	394192
5.931910000	395580
5.931913000	396968
5.932818000	398356
5.937879000	399744
5.938900000	401132
5.940907000	402520
5.940916000	403908
5.940986000	405296
5.940990000	406684
5.941068000	408072
5.941071000	409460
5.941137000	410848
5.941213000	412236
5.942834000	413624
5.945952000	415012
5.945956000	416400
5.946024000	417788
5.946028000	419176
5.946105000	420564
5.946109000	421952
5.946112000	423340
5.946185000	424728
5.946228000	426116
5.946280000	427504
5.946283000	428892
5.946335000	428892
5.946385000	430280
5.946437000	431668
5.946440000	433056
5.946489000	434444
5.946541000	435832
5.946544000	437220
5.946550000	438608
5.947815000	439996
5.948837000	441384
5.948935000	442772
5.948938000	444160
5.950886000	445548
5.950896000	446936
5.952844000	448324
5.955932000	449712
5.956003000	451100
5.956008000	452488
5.956084000	453876
5.966102000	310912
5.966296000	312300
5.966307000	313688
5.966311000	315076
5.966317000	316464
5.966425000	317852
5.967820000	319240
5.968877000	320628
5.968881000	322016
5.968930000	323404
5.970903000	324792
5.970907000	326180
5.970911000	327568
5.970979000	328956
5.970984000	330344
5.970987000	331732
5.970990000	333120
5.972834000	334508
5.972838000	335896
5.975911000	337284
5.975916000	338672
5.975988000	340060
5.975995000	341448
5.975999000	342836
5.976002000	344224
5.976064000	345612
5.976069000	347000
5.976143000	348388
5.976148000	349776
5.976151000	351164
5.976155000	352552
5.976222000	353940
5.976226000	355328
5.976301000	356716
5.976305000	358104
5.976309000	359492
5.976312000	360880
5.976375000	362268
5.976378000	363656
5.976381000	365044
5.976424000	366432
5.976441000	288704
5.976442000	290092
5.976443000	291480
5.976476000	292868
5.976528000	294256
5.976531000	295644
5.976533000	297032
5.976580000	298420
5.977825000	299808
5.977928000	301196
5.978871000	302584
5.978874000	303972
5.978919000	305360
5.978922000	306748
5.980923000	308136
5.980926000	309524
5.981079000	310912
5.981089000	312300
5.981092000	313688
5.981096000	315076
5.981126000	316464
5.981204000	317852
5.981207000	319240
5.981210000	320628
5.981219000	322016
5.982850000	323404
5.982854000	324792
5.985905000	326180
5.985908000	327568
5.985911000	328956
5.985976000	330344
5.987834000	331732
5.987838000	333120
5.989884000	334508
5.989889000	335896
5.989953000	337284
5.989957000	338672
5.990962000	340060
5.990993000	136024
5.990994000	137412
5.991009000	133248
5.991010000	134636
5.991059000	134636
5.991060000	136024
5.991061000	137412
5.991111000	136024
5.991112000	137412
5.991113000	138800
5.991163000	138800
5.991164000	140188
5.991165000	141576
5.991215000	142964
5.991216000	144352
5.991217000	145740
5.991267000	147128
5.991268000	148516
5.991269000	149904
5.991319000	151292
5.991320000	152680
5.991321000	154068
5.991371000	155456
5.991372000	156844
5.991372000	158232
5.991423000	159620
5.991424000	161008
5.991425000	162396
5.991474000	163784
5.991475000	165172
5.991476000	166560
5.991526000	167948
5.991527000	169336
5.991528000	170724
5.991578000	172112
5.991579000	173500
5.991580000	174888
5.991630000	176276
5.991631000	177664
5.991632000	179052
5.991682000	180440
5.991683000	181828
5.991684000	183216
5.991737000	184604
5.991740000	185992
5.991743000	187380
5.991785000	188768
5.991786000	190156
5.991787000	191544
5.991837000	192932
5.991838000	194320
5.991839000	195708
5.991889000	197096
5.992810000	196611
