29.405367000	1408
29.405371000	2816
29.405396000	4224
29.405398000	5632
29.405447000	7040
29.405448000	8448
29.405499000	9856
29.405500000	11264
29.405552000	12672
29.405553000	14080
29.509877000	14080
29.509879000	15488
29.516808000	15488
29.516809000	16896
29.516841000	14080
29.516842000	15488
29.516901000	16896
29.516903000	18304
29.516945000	19712
29.516946000	21120
29.516998000	22528
29.524856000	23936
29.531893000	23936
29.531899000	18304
29.531950000	19712
29.531952000	21120
29.613866000	21120
29.613867000	22528
29.613904000	22528
29.613905000	23936
29.628827000	23936
29.628829000	25344
29.628866000	22528
29.628868000	23936
29.628920000	25344
29.628922000	26752
29.629008000	26752
29.629011000	28160
29.629050000	23936
29.629051000	25344
29.629101000	26752
29.629102000	28160
29.629153000	29568
29.629154000	30976
29.629249000	32384
29.629250000	33792
29.629328000	35200
29.629329000	36608
29.629758000	36608
29.629759000	38016
29.629800000	35200
29.629801000	36608
29.629852000	38016
29.629852000	39424
29.629904000	40832
29.629904000	42240
29.720837000	42240
29.720838000	43648
29.720902000	43648
29.720904000	45056
29.735991000	45056
29.735992000	46464
29.736033000	39424
29.736034000	40832
29.736130000	42240
29.736131000	43648
29.736166000	45056
29.736167000	46464
29.736219000	47872
29.736220000	49280
29.736280000	50688
29.736282000	52096
29.736389000	53504
29.736391000	54912
29.736823000	54912
29.736824000	56320
29.736865000	56320
29.736866000	57728
29.759838000	57728
29.759840000	59136
29.759905000	59136
29.759907000	60544
29.766879000	60544
29.766880000	61952
29.767056000	61952
29.767056000	63360
29.767102000	52096
29.767165000	53504
29.767167000	54912
29.767239000	56320
29.767241000	57728
29.767317000	59136
29.767318000	60544
29.767369000	61952
29.767370000	63360
29.767420000	64768
29.767421000	66176
29.767473000	67584
29.767474000	68992
29.767525000	70400
29.767526000	71808
29.767577000	73216
29.767578000	74624
29.767648000	76032
29.767809000	76032
29.767809000	77440
29.767861000	74624
29.767862000	76032
29.767911000	77440
29.767912000	78848
29.767967000	80256
29.767968000	81664
29.768014000	81664
29.768015000	83072
29.768067000	83072
29.768068000	84480
29.864799000	84480
29.864801000	85888
29.864872000	84480
29.864874000	85888
29.864955000	87296
29.864956000	88704
29.871934000	88704
29.871935000	90112
29.886895000	90112
29.886896000	91520
29.886945000	84480
29.886946000	85888
29.887011000	87296
29.887013000	88704
29.887085000	90112
29.887086000	91520
29.887135000	92928
29.887136000	94336
29.887188000	95744
29.887189000	97152
29.887286000	98560
29.887287000	99968
29.887741000	99968
29.887743000	101376
29.887790000	101376
29.887792000	102784
29.895762000	101376
29.895765000	102784
29.895805000	101376
29.895807000	102784
29.895857000	104192
29.895858000	105600
29.895909000	107008
29.895911000	108416
29.919874000	107008
29.919876000	108416
29.919916000	109824
29.919917000	111232
29.919963000	109824
29.919964000	111232
29.920015000	109824
29.920016000	111232
29.920086000	112640
29.920087000	114048
29.920162000	115456
29.920164000	116864
29.926846000	115456
29.926847000	116864
29.926915000	104192
29.926916000	105600
29.926978000	107008
29.926980000	108416
29.927057000	109824
29.927059000	111232
29.927140000	112640
29.927142000	114048
29.927219000	115456
29.927221000	116864
29.927269000	118272
29.927270000	119680
29.927336000	121088
29.927337000	122496
29.927374000	123904
29.927376000	125312
29.927426000	126720
29.927428000	128128
29.927478000	129536
29.927480000	130944
29.927530000	132352
29.927532000	133760
29.934872000	132352
29.934888000	133760
29.934940000	135168
29.934941000	136576
29.941919000	135168
29.941922000	136576
29.941990000	126720
29.941992000	128128
29.942071000	129536
29.942073000	130944
29.942146000	132352
29.942148000	133760
29.942194000	135168
29.942195000	136576
29.942245000	137984
29.942246000	139392
29.942297000	140800
29.942298000	142208
29.942349000	143616
29.942350000	145024
29.942440000	146432
29.942442000	147840
29.942489000	149248
29.942490000	150656
29.949897000	149248
29.949900000	150656
29.949941000	149248
29.949942000	150656
29.949992000	152064
29.949994000	153472
29.950085000	154880
29.950087000	156288
29.956966000	154880
29.956967000	156288
29.957020000	149248
29.957021000	150656
29.957056000	152064
29.957057000	153472
29.957108000	154880
29.957109000	156288
29.957160000	157696
29.957161000	159104
29.957212000	160512
29.957213000	161920
29.957264000	163328
29.957265000	164736
29.957316000	166144
29.957317000	167552
30.006838000	167552
30.006839000	168960
30.061949000	167552
30.061950000	168960
30.062021000	164736
30.062023000	166144
30.062101000	167552
30.062102000	168960
30.062184000	170368
30.062186000	171776
30.062232000	173184
30.062234000	174592
30.062295000	176000
30.062297000	177408
30.076901000	177408
30.076902000	178816
30.076967000	178816
30.076969000	180224
30.091865000	180224
30.091866000	181632
30.091942000	180224
30.091943000	181632
30.091982000	183040
30.091983000	184448
30.099879000	184448
30.099880000	185856
30.106841000	185856
30.106842000	187264
30.106877000	187264
30.106878000	188672
30.107013000	188672
30.107014000	190080
30.107062000	185856
30.107064000	187264
30.107137000	188672
30.107138000	190080
30.107212000	191488
30.107213000	192896
30.107263000	194304
30.107264000	195712
30.114843000	195712
30.114844000	197120
30.121984000	197120
30.121985000	198528
30.122057000	187264
30.122058000	188672
30.122147000	190080
30.122149000	191488
30.122232000	192896
30.122234000	194304
30.122289000	195712
30.122290000	197120
30.122338000	198528
30.122339000	199936
30.122389000	201344
30.122391000	202752
30.122442000	204160
30.122443000	205568
30.122494000	206976
30.122495000	208384
30.122546000	209792
30.122547000	211200
30.122936000	211200
30.122937000	212608
30.130883000	212608
30.130884000	214016
30.137910000	214016
30.137911000	215424
30.137988000	205568
30.137989000	206976
30.138080000	208384
30.138082000	209792
30.138159000	211200
30.138161000	212608
30.138243000	214016
30.138245000	215424
30.138322000	216832
30.138324000	218240
30.138371000	219648
30.138372000	221056
30.138424000	222464
30.138424000	223872
30.138476000	225280
30.138476000	226688
30.139904000	226688
30.139905000	228096
30.159934000	228096
30.159936000	229504
30.160002000	229504
30.160004000	230912
30.166902000	230912
30.166903000	232320
30.166976000	230912
30.166978000	232320
30.167055000	225280
30.167057000	226688
30.167129000	228096
30.167130000	229504
30.167180000	230912
30.167181000	232320
30.167232000	233728
30.167233000	235136
30.167284000	236544
30.167285000	237952
30.167347000	239360
30.167348000	240768
30.167399000	242176
30.167400000	243584
30.167832000	243584
30.167833000	244992
30.167867000	242176
30.167868000	243584
30.167921000	244992
30.167922000	246400
30.167973000	247808
30.167974000	249216
30.168025000	249216
30.168026000	250624
30.168076000	250624
30.168091000	252032
30.182826000	252032
30.182828000	253440
30.182983000	253440
30.182984000	254848
30.183055000	249216
30.183056000	250624
30.183130000	252032
30.183131000	253440
30.183182000	254848
30.183183000	256256
30.183234000	257664
30.183235000	259072
30.183286000	260480
30.183287000	261888
30.183835000	261888
30.183836000	263296
30.183887000	257664
30.183888000	259072
30.183939000	260480
30.183940000	261888
30.183991000	263296
30.183992000	264704
30.184043000	266112
30.184044000	267520
30.184095000	268928
30.184096000	270336
30.191793000	268928
30.191795000	270336
30.191865000	271744
30.191867000	273152
30.198833000	271744
30.198834000	273152
30.198914000	268928
30.198915000	270336
30.199005000	268928
30.199007000	270336
30.199084000	271744
30.199086000	273152
30.199160000	274560
30.199162000	275968
30.199236000	277376
30.199237000	278784
30.199287000	280192
30.199288000	281600
30.199339000	283008
30.199340000	284416
30.206822000	283008
30.206824000	284416
30.206865000	285824
30.206866000	287232
30.213891000	285824
30.213893000	287232
30.213968000	274560
30.213969000	275968
30.214015000	277376
30.214016000	278784
30.214066000	280192
30.214068000	281600
30.214118000	283008
30.214119000	284416
30.214201000	285824
30.214203000	287232
30.214280000	288640
30.214281000	290048
30.214359000	291456
30.214361000	292864
30.214448000	294272
30.214449000	295680
30.214522000	297088
30.214523000	298496
30.214573000	299904
30.214574000	301312
30.214625000	302720
30.214626000	304128
30.239839000	302720
30.239841000	304128
30.239915000	299904
30.239916000	301312
30.239988000	302720
30.239989000	304128
30.240068000	305536
30.240075000	306944
30.240146000	308352
30.240147000	309760
30.240233000	311168
30.240235000	312576
30.246969000	311168
30.246970000	312576
30.247041000	297088
30.247042000	298496
30.247123000	299904
30.247125000	301312
30.247196000	302720
30.247197000	304128
30.247272000	305536
30.247273000	306944
30.247324000	308352
30.247325000	309760
30.247375000	311168
30.247376000	312576
30.247428000	313984
30.247429000	315392
30.247480000	316800
30.247481000	318208
30.247531000	319616
30.247532000	321024
30.247584000	322432
30.247585000	323840
30.247650000	325248
30.247651000	326656
30.247695000	328064
30.247696000	329472
30.247747000	330880
30.247749000	332288
30.261933000	330880
30.261934000	332288
30.261993000	333696
30.261995000	335104
30.276972000	333696
30.276973000	335104
30.277018000	336512
30.277019000	337920
30.336876000	336512
30.336877000	337920
30.336935000	335104
30.336937000	336512
30.337020000	337920
30.337021000	339328
30.337097000	340736
30.337098000	342144
30.337175000	343552
30.337177000	344960
30.344894000	344960
30.344896000	346368
30.351917000	346368
30.351918000	347776
30.351951000	337920
30.351953000	339328
30.352003000	340736
30.352004000	342144
30.352054000	343552
30.352055000	344960
30.352108000	346368
30.352111000	347776
30.352209000	349184
30.352210000	350592
30.352287000	352000
30.352289000	353408
30.352352000	354816
30.352354000	356224
30.352401000	357632
30.352402000	359040
30.352765000	359040
30.352766000	360448
30.367935000	360448
30.367936000	361856
30.368000000	360448
30.368002000	361856
30.368095000	363264
30.368096000	364672
30.368772000	364672
30.368774000	366080
30.379867000	366080
30.379869000	367488
30.379937000	364672
30.379939000	366080
30.379987000	367488
30.379988000	368896
30.380070000	370304
30.380072000	371712
30.386914000	371712
30.386915000	373120
30.386983000	366080
30.386985000	367488
30.387064000	368896
30.387066000	370304
30.387144000	371712
30.387145000	373120
30.387217000	374528
30.387218000	375936
30.387268000	377344
30.387269000	378752
30.387320000	380160
30.387321000	381568
30.387758000	381568
30.387759000	382976
30.387808000	381568
30.387809000	382976
30.387860000	384384
30.387861000	385792
30.395813000	385792
30.395814000	387200
30.402910000	387200
30.402912000	388608
30.402981000	380160
30.402982000	381568
30.403062000	382976
30.403064000	384384
30.403136000	385792
30.403138000	387200
30.403211000	388608
30.403212000	390016
30.403262000	391424
30.403263000	392832
30.403315000	394240
30.403316000	395648
30.403366000	397056
30.403367000	398464
30.403784000	398464
30.403785000	399872
30.403833000	398464
30.403834000	399872
30.403885000	401280
30.403886000	402688
30.418929000	402688
30.418932000	404096
30.418969000	398464
30.418970000	399872
30.419022000	401280
30.419023000	402688
30.419074000	404096
30.419076000	405504
30.419150000	406912
30.419151000	408320
30.419201000	409728
30.419202000	411136
30.419788000	411136
30.419788000	412544
30.427916000	412544
30.427917000	413952
30.434873000	413952
30.434875000	415360
30.434946000	408320
30.434948000	409728
30.435020000	406912
30.435021000	408320
30.435095000	409728
30.435096000	411136
30.435171000	412544
30.435172000	413952
30.435222000	415360
30.435223000	416768
30.435274000	418176
30.435275000	419584
30.435326000	420992
30.435328000	422400
30.435378000	423808
30.435379000	425216
30.435431000	426624
30.435431000	428032
30.435793000	428032
30.435794000	429440
30.435840000	423808
30.435841000	425216
30.435891000	426624
30.435892000	428032
30.435943000	429440
30.435944000	430848
30.435996000	432256
30.435996000	433664
30.436047000	435072
30.436048000	436480
30.436857000	436480
30.436859000	437888
30.436908000	436480
30.436910000	437888
30.436961000	439296
30.436962000	440704
30.444796000	440704
30.444798000	442112
30.451848000	442112
30.451849000	443520
30.451921000	433664
30.451922000	435072
30.452005000	436480
30.452006000	437888
30.452086000	439296
30.452088000	440704
30.452165000	442112
30.452167000	443520
30.452244000	444928
30.452246000	446336
30.452293000	447744
30.452294000	449152
30.452345000	450560
30.452349000	451968
30.452398000	453376
30.452399000	454784
30.452850000	454784
30.452851000	456192
30.468041000	456192
30.468042000	457600
30.468108000	449152
30.468109000	450560
30.468153000	451968
30.468154000	453376
30.468211000	454784
30.468212000	456192
30.468264000	457600
30.468265000	459008
30.468360000	460416
30.468362000	461824
30.468427000	463232
30.468429000	464640
30.468504000	466048
30.468506000	467456
30.468779000	467456
30.468781000	468864
30.476917000	468864
30.476919000	470272
30.477002000	468864
30.477004000	470272
30.477063000	471680
30.477064000	473088
30.483852000	473088
30.483854000	474496
30.483894000	473088
30.483895000	474496
30.483946000	474496
30.483947000	475904
30.483998000	471680
30.484000000	473088
30.484052000	474496
30.484053000	475904
30.484105000	477312
30.484106000	478720
30.484157000	480128
30.484159000	481536
30.484209000	482944
30.484210000	484352
30.498849000	484352
30.498851000	485760
30.498921000	485760
30.498922000	487168
30.498998000	478720
30.498999000	480128
30.499077000	481536
30.499078000	482944
30.499152000	484352
30.499153000	485760
30.499204000	487168
30.499205000	488576
30.499256000	489984
30.499257000	491392
30.499308000	492800
30.499309000	494208
30.499360000	495616
30.499361000	497024
30.499778000	497024
30.499779000	498432
30.499825000	495616
30.499826000	497024
30.499877000	498432
30.499878000	499840
30.499930000	501248
30.499931000	502656
30.507906000	502656
30.507908000	504064
30.514876000	504064
30.514891000	505472
30.514907000	494208
30.514908000	495616
30.514989000	497024
30.514990000	498432
30.515073000	499840
30.515075000	501248
30.515150000	502656
30.515151000	504064
30.515203000	505472
30.515204000	506880
30.515291000	508288
30.515293000	509696
30.515344000	511104
30.515345000	512512
30.515395000	513920
30.515396000	515328
30.515447000	516736
30.515448000	518144
30.539934000	516736
30.539937000	518144
30.539963000	513920
30.539965000	515328
30.540030000	516736
30.540031000	518144
30.540130000	519552
30.540132000	520960
30.540162000	522368
30.540163000	523776
30.540215000	525184
30.540216000	526592
30.546970000	525184
30.546972000	526475
31.037956000	28043
