5.304360000	1388
5.304370000	2776
5.304394000	4164
5.304398000	5552
5.304452000	6940
5.304456000	8328
5.304502000	9716
5.304505000	11104
5.304554000	12492
5.304557000	13880
5.356126000	13880
5.356129000	15268
5.356169000	13880
5.356172000	15268
5.356233000	16656
5.356240000	18044
5.358058000	18044
5.358063000	19432
5.361102000	19432
5.361107000	20820
5.361215000	15268
5.361222000	16656
5.361334000	18044
5.361337000	19432
5.361469000	20820
5.361472000	22208
5.361569000	23596
5.361575000	24984
5.361669000	26372
5.361675000	27760
5.401030000	27760
5.401035000	29148
5.401139000	26372
5.401144000	27760
5.401243000	29148
5.401250000	30536
5.401332000	31924
5.401337000	33312
5.410961000	33312
5.410967000	34700
5.411004000	34700
5.411007000	36088
5.411047000	36088
5.411049000	37476
5.411109000	36088
5.411111000	37476
5.411151000	37476
5.411154000	38864
5.411216000	37476
5.411218000	38864
5.411255000	38864
5.411260000	40252
5.411413000	37476
5.411416000	38864
5.411469000	36088
5.411471000	37476
5.411519000	37476
5.411521000	38864
5.411573000	40252
5.411575000	41640
5.411633000	43028
5.411636000	44416
5.411671000	45804
5.411674000	47192
5.411729000	48580
5.411732000	49968
5.411775000	51356
5.411778000	52744
5.411828000	54132
5.411831000	55520
5.441018000	55520
5.441025000	56908
5.441187000	54132
5.441193000	55520
5.441260000	56908
5.441263000	58296
5.441312000	59684
5.441315000	61072
5.443007000	61072
5.443012000	62460
5.447976000	62460
5.447981000	63848
5.448016000	63848
5.448019000	65236
5.451034000	65236
5.451039000	66624
5.451082000	66624
5.451085000	68012
5.452942000	68012
5.452948000	69400
5.452984000	69400
5.452987000	70788
5.455988000	70788
5.455993000	72176
5.456156000	66624
5.456158000	68012
5.456242000	65236
5.456245000	66624
5.456338000	68012
5.456344000	69400
5.456425000	70788
5.456431000	72176
5.456513000	73564
5.456519000	74952
5.456601000	76340
5.456607000	77728
5.456643000	79116
5.456647000	80504
5.456698000	81892
5.456703000	83280
5.457917000	83280
5.457921000	84668
5.457951000	84668
5.457954000	86056
5.461002000	86056
5.461006000	87444
5.461056000	87444
5.461058000	88832
5.461164000	88832
5.461169000	90220
5.461200000	87444
5.461203000	88832
5.461301000	90220
5.461306000	91608
5.461388000	92996
5.461394000	94384
5.463226000	94384
5.463230000	95772
5.465994000	95772
5.466001000	97160
5.466229000	92996
5.466234000	94384
5.474990000	86056
5.474996000	87444
5.475025000	83280
5.475064000	77728
5.475068000	79116
5.475072000	80504
5.475119000	81892
5.475123000	83280
5.475127000	84668
5.475218000	86056
5.475224000	87444
5.475227000	88832
5.475309000	90220
5.475314000	91608
5.475318000	92996
5.475400000	94384
5.475406000	95772
5.475409000	97160
5.475491000	98548
5.475497000	99936
5.475500000	101324
5.475582000	102712
5.475588000	104100
5.475591000	105488
5.475622000	106876
5.475625000	108264
5.475628000	109652
5.475675000	111040
5.475678000	112428
5.475681000	113816
5.475729000	115204
5.475731000	116592
5.475734000	117980
5.475782000	119368
5.475785000	120756
5.475787000	122144
5.475835000	123532
5.475838000	124920
5.478434000	124920
5.478439000	126308
5.478527000	126308
5.478530000	127696
5.486406000	127696
5.486414000	129084
5.486433000	129084
5.486626000	130472
5.488010000	130472
5.488015000	131860
5.488028000	131860
5.488042000	133248
5.491017000	133248
5.491022000	134636
5.493012000	134636
5.493017000	136024
5.493030000	136024
5.493045000	137412
5.496011000	137412
5.496016000	138800
5.496028000	138800
5.496047000	138800
5.496051000	140188
5.496053000	141576
5.507994000	141576
5.507999000	142964
5.512018000	142964
5.512022000	144352
5.512036000	144352
5.512099000	141576
5.512103000	142964
5.512107000	144352
5.512149000	145740
5.512153000	147128
5.512157000	148516
5.512204000	149904
5.512976000	149904
5.512981000	151292
5.512993000	151292
5.513019000	152680
5.515999000	152680
5.516004000	154068
5.516016000	154068
5.516045000	151292
5.516048000	152680
5.516051000	154068
5.516176000	154068
5.516179000	155456
5.516182000	156844
5.518015000	154068
5.518020000	155456
5.518023000	156844
5.518065000	156844
5.518069000	158232
5.518072000	159620
5.518134000	161008
5.518139000	162396
5.518143000	163784
5.518187000	165172
5.518190000	166560
5.521169000	166560
5.521175000	167948
5.521192000	167948
5.521490000	141576
5.521493000	142964
5.521496000	144352
5.521566000	145740
5.521569000	147128
5.521572000	148516
5.521664000	149904
5.521671000	151292
5.521673000	152680
5.521756000	154068
5.521762000	155456
5.521766000	156844
5.521847000	158232
5.521853000	159620
5.521856000	161008
5.521916000	162396
5.521920000	163784
5.521923000	165172
5.521967000	166560
5.521970000	167948
5.521973000	169336
5.522021000	170724
5.522024000	172112
5.522027000	173500
5.522074000	174888
5.522077000	176276
5.522080000	177664
5.522128000	179052
5.522130000	180440
5.522133000	181828
5.522184000	183216
5.522188000	184604
5.522191000	185992
5.522239000	187380
5.522243000	188768
5.522247000	190156
5.522293000	191544
5.522299000	192932
5.522303000	194320
5.522345000	195708
5.522347000	197096
5.537934000	197096
5.537937000	198484
5.537949000	198484
5.537978000	199872
5.541029000	198484
5.541033000	199872
5.541036000	201260
5.541067000	199872
5.541070000	201260
5.541073000	202648
5.541125000	201260
5.541128000	202648
5.541130000	204036
5.541174000	201260
5.541243000	201260
5.541251000	202648
5.541299000	204036
5.541350000	205424
5.541404000	206812
5.541458000	208200
5.541515000	209588
5.541521000	210976
5.541564000	212364
5.541634000	213752
5.541679000	215140
5.541740000	216528
5.541749000	217916
5.541796000	219304
5.541806000	220692
5.541839000	222080
5.541844000	223468
5.541899000	224856
5.541917000	226244
5.541948000	227632
5.542930000	229020
5.542939000	230408
5.545009000	231796
5.545022000	233184
5.545051000	234572
5.545979000	235960
5.546020000	237348
5.546183000	238736
5.546190000	240124
5.547948000	241512
5.547959000	242900
5.550962000	244288
5.550997000	245676
5.551050000	247064
5.551107000	248452
5.551115000	249840
5.551155000	251228
5.552980000	252616
5.552993000	254004
5.555033000	255392
5.555043000	256780
5.555056000	258168
5.555998000	259556
5.556030000	260944
5.556040000	262332
5.556170000	263720
5.556188000	265108
5.558091000	266496
5.562963000	267884
5.562998000	269272
5.565012000	270660
5.566044000	272048
5.566063000	273436
5.566071000	274824
5.566079000	276212
5.568015000	277600
5.571050000	278988
5.571072000	280376
5.571202000	281764
5.571217000	283152
5.571226000	284540
5.571249000	285928
5.571308000	287316
5.571361000	288704
5.571376000	290092
5.596307000	90220
5.596313000	91608
5.596778000	90220
5.596781000	91608
5.596831000	92996
5.596834000	94384
5.596924000	95772
5.596930000	97160
5.597009000	98548
5.597014000	99936
5.597051000	101324
5.597054000	102712
5.597102000	104100
5.597105000	105488
5.597156000	106876
5.597158000	108264
5.597210000	109652
5.597212000	111040
5.597263000	112428
5.597267000	113816
5.597317000	115204
5.597319000	116592
5.597371000	117980
5.597374000	119368
5.597424000	120756
5.597427000	122144
5.597479000	123532
5.597481000	124920
5.597533000	126308
5.597535000	127696
5.597586000	129084
5.597589000	130472
5.597640000	131860
5.597643000	133248
5.597694000	134636
5.597697000	136024
5.597748000	137412
5.597750000	138800
5.597801000	140188
5.597804000	141576
5.597855000	142964
5.597858000	144352
5.597922000	144352
5.597932000	144352
5.600987000	144352
5.600999000	144352
5.601031000	144352
5.601083000	144352
5.601090000	144352
5.601137000	142964
5.601140000	144352
5.601192000	144352
5.601198000	144352
5.601377000	101324
5.601380000	102712
5.601406000	95772
5.601408000	97160
5.601461000	95772
5.601463000	97160
5.601511000	98548
5.601513000	99936
5.601564000	101324
5.601567000	102712
5.601618000	104100
5.601620000	105488
5.601672000	106876
5.601674000	108264
5.601726000	109652
5.601728000	111040
5.601779000	112428
5.601782000	113816
5.601833000	115204
5.601836000	116592
5.601887000	117980
5.601889000	119368
5.601941000	120756
5.601945000	122144
5.601994000	123532
5.601997000	124920
5.602048000	126308
5.602051000	127696
5.602102000	129084
5.602105000	130472
5.602156000	131860
5.602159000	133248
5.602210000	134636
5.602212000	136024
5.602263000	137412
5.602266000	138800
5.602317000	140188
5.602320000	141576
5.602371000	142964
5.602373000	144352
5.602898000	142964
5.602901000	144352
5.602950000	142964
5.602952000	144352
5.603001000	142964
5.603004000	144352
5.608105000	142964
5.608111000	144352
5.608140000	142964
5.608144000	144352
5.637923000	142964
5.637926000	144352
5.637965000	142964
5.637969000	144352
5.638017000	145740
5.640028000	144352
5.640033000	145740
5.640087000	144352
5.640089000	145740
5.643011000	145740
5.646002000	145740
5.646018000	145740
5.646047000	144352
5.646051000	145740
5.646110000	145740
5.646122000	145740
5.646161000	142964
5.646165000	144352
5.646213000	145740
5.648038000	145740
5.648050000	145740
5.650020000	145740
5.650137000	145740
5.650205000	145740
5.650378000	145740
5.650386000	145740
5.651060000	145740
5.651072000	145740
5.651095000	144352
5.651098000	145740
5.651201000	145740
5.651213000	145740
5.651246000	138800
5.651249000	140188
5.651355000	140188
5.651360000	141576
5.651565000	137412
5.651569000	138800
5.651603000	130472
5.651607000	131860
5.651660000	133248
5.651664000	134636
5.651760000	136024
5.651766000	137412
5.651848000	138800
5.651854000	140188
5.651939000	141576
5.651946000	142964
5.651981000	144352
5.651986000	145740
5.652107000	145740
5.652120000	145740
5.652191000	141576
5.652195000	142964
5.652240000	142964
5.652245000	144352
5.652289000	145740
5.652294000	147128
5.653046000	147128
5.653059000	147128
5.655970000	147128
5.656010000	147128
5.656021000	147128
5.656061000	147128
5.656071000	147128
5.656114000	147128
5.656124000	147128
5.656186000	147128
5.656196000	147128
5.656221000	147128
5.656278000	147128
5.656288000	147128
5.656331000	145740
5.656335000	147128
5.657924000	147128
5.657933000	147128
5.658973000	147128
5.658982000	147128
5.659079000	147128
5.659093000	148516
5.659106000	148516
5.659129000	149904
5.659132000	151292
5.659248000	152680
5.659256000	154068
5.659277000	155456
5.659280000	156844
5.659394000	158232
5.659403000	159620
5.660014000	161008
5.660028000	162396
5.662979000	163784
5.667991000	165172
5.668003000	166560
5.670046000	167948
5.670055000	169336
5.670073000	170724
5.676118000	172112
5.676133000	173500
5.676163000	174888
5.676231000	176276
5.676284000	177664
5.676295000	179052
5.676305000	180440
5.680993000	181828
5.681004000	183216
5.694019000	184604
5.694031000	185992
5.694044000	187380
5.694157000	188768
5.694161000	190156
5.694169000	191544
5.694271000	192932
5.694274000	194320
5.694277000	195708
5.694352000	197096
5.694356000	198484
5.696081000	199872
5.696093000	201260
5.696102000	202648
5.696128000	204036
5.696131000	205424
5.701992000	206812
5.702014000	208200
5.702035000	209588
5.702984000	210976
5.703000000	212364
5.705992000	213752
5.706003000	215140
5.706024000	216528
5.706134000	217916
5.706152000	219304
5.706161000	220692
5.706268000	222080
5.708025000	223468
5.708038000	224856
5.719174000	226244
5.719183000	227632
5.719233000	229020
5.719236000	230408
5.719373000	231796
5.719378000	233184
5.719571000	234572
5.719602000	235960
5.719665000	237348
5.719803000	238736
5.719816000	240124
5.720200000	83280
5.720204000	84668
5.721012000	79116
5.721019000	80504
5.721060000	76340
5.721065000	77728
5.721179000	79116
5.721183000	80504
5.721236000	81892
5.721240000	83280
5.721294000	84668
5.721302000	86056
5.721354000	86056
5.721358000	87444
5.721397000	87444
5.721399000	88832
5.721444000	88832
5.721447000	90220
5.721506000	91608
5.721511000	92996
5.721547000	94384
5.721550000	95772
5.721606000	97160
5.721609000	98548
5.721654000	99936
5.721657000	101324
5.721713000	102712
5.721960000	102712
5.722004000	102712
5.722057000	102712
5.722891000	102712
5.726066000	102712
5.726118000	102712
5.727988000	102712
5.727996000	102712
5.733035000	102712
5.733047000	102712
5.733072000	99936
5.733075000	101324
5.733173000	102712
5.736004000	102712
5.736016000	102712
5.736035000	101324
5.736038000	102712
5.736143000	101324
5.736148000	102712
5.736284000	98548
5.736289000	99936
5.736324000	99936
5.736327000	101324
5.736422000	102712
5.737931000	102712
5.737948000	102712
5.740963000	102712
5.740978000	102712
5.741005000	101324
5.741009000	102712
5.750975000	102712
5.750987000	102712
5.751008000	101324
5.751011000	102712
5.751122000	102712
5.751135000	102712
5.752999000	102712
5.757950000	102712
5.757965000	102712
5.762982000	102712
5.762994000	102712
5.766073000	102712
5.766086000	102712
5.766105000	102712
5.766185000	102712
5.766193000	102712
5.766272000	99936
5.766275000	101324
5.766354000	101324
5.766357000	102712
5.767003000	102712
5.767015000	102712
5.768580000	102712
5.768592000	102712
5.770027000	102712
5.770032000	104100
5.770070000	102712
5.770073000	104100
5.778017000	104100
5.780017000	104100
5.780029000	104100
5.780072000	104100
5.783016000	104100
5.783028000	104100
5.786050000	104100
5.786063000	104100
5.786108000	102712
5.786111000	104100
5.786263000	104100
5.786274000	104100
5.786995000	104100
5.787007000	104100
5.787026000	102712
5.787029000	104100
5.787082000	104100
5.787090000	104100
5.787136000	104100
5.787208000	104100
5.787247000	104100
5.787318000	104100
5.787335000	104100
5.790533000	105488
5.790550000	106876
5.790563000	106876
5.791058000	108264
5.791068000	109652
5.791238000	111040
5.791249000	112428
5.791278000	113816
5.791281000	115204
5.791341000	116592
5.791352000	117980
5.791391000	119368
5.791446000	120756
5.791457000	122144
5.791987000	123532
5.792000000	124920
5.792039000	126308
5.792086000	127696
5.796015000	129084
5.796028000	130472
5.796057000	131860
5.797948000	133248
5.797959000	134636
5.804076000	136024
5.804088000	137412
5.813013000	138800
5.813025000	140188
5.816049000	141576
5.816175000	142964
5.816187000	144352
5.817992000	145740
5.818039000	147128
5.821073000	148516
5.821101000	149904
5.821409000	151292
5.821418000	152680
5.821489000	154068
5.821492000	155456
5.821536000	156844
5.821539000	158232
5.823048000	159620
5.826046000	161008
5.826063000	162396
5.826090000	163784
5.827951000	165172
5.844037000	166560
5.844051000	167948
5.844108000	169336
5.844239000	170239
