3.480165000	1388
3.480168000	2776
3.480194000	4164
3.480196000	5552
3.480256000	6940
3.480258000	8328
3.480308000	9716
3.480309000	11104
3.480361000	12492
3.480362000	13880
3.519945000	13880
3.519949000	15268
3.524934000	15268
3.524936000	16656
3.525012000	16656
3.525013000	18044
3.527951000	18044
3.527952000	19432
3.528021000	19432
3.528022000	20820
3.528076000	16656
3.528077000	18044
3.528124000	18044
3.528125000	19432
3.528184000	20820
3.528185000	22208
3.528228000	23596
3.528229000	24984
3.528352000	26372
3.528353000	27760
3.554933000	27760
3.554935000	29148
3.554990000	29148
3.554992000	30536
3.559963000	30536
3.559964000	31924
3.560921000	31924
3.560923000	33312
3.560973000	31924
3.560975000	33312
3.561025000	34700
3.561026000	36088
3.564938000	36088
3.564940000	37476
3.564985000	37476
3.564987000	38864
3.569927000	38864
3.569928000	40252
3.570005000	40252
3.570007000	41640
3.572958000	41640
3.572959000	43028
3.573045000	41640
3.573046000	43028
3.573124000	44416
3.573125000	45804
3.577945000	45804
3.577947000	47192
3.578022000	47192
3.578023000	48580
3.578233000	48580
3.578234000	49968
3.578309000	49968
3.578311000	51356
3.578444000	51356
3.578445000	52744
3.578491000	52744
3.578492000	54132
3.578543000	54132
3.578544000	55520
3.594930000	55520
3.594932000	56908
3.594997000	56908
3.594998000	58296
3.599956000	58296
3.599958000	59684
3.600002000	59684
3.600003000	61072
3.603102000	61072
3.603104000	62460
3.603156000	62460
3.603157000	63848
3.604912000	63848
3.604914000	65236
3.604962000	63848
3.604963000	65236
3.605014000	66624
3.605015000	68012
3.607973000	68012
3.607975000	69400
3.608042000	68012
3.608043000	69400
3.608092000	66624
3.608093000	68012
3.608146000	68012
3.608147000	69400
3.608197000	69400
3.608198000	70788
3.608267000	70788
3.608269000	72176
3.608303000	73564
3.608304000	74952
3.608354000	76340
3.608355000	77728
3.608407000	79116
3.608408000	80504
3.609906000	80504
3.609907000	81892
3.609941000	81892
3.609943000	83280
3.614923000	83280
3.614924000	84668
3.617995000	84668
3.617996000	86056
3.618074000	84668
3.618075000	86056
3.618152000	81892
3.618154000	83280
3.618226000	84668
3.618227000	86056
3.618301000	87444
3.618305000	88832
3.618353000	90220
3.618354000	91608
3.618405000	92996
3.618406000	94384
3.622899000	94384
3.622901000	95772
3.622985000	95772
3.622986000	97160
3.624947000	97160
3.624948000	98548
3.627972000	98548
3.627974000	99936
3.628023000	99936
3.628024000	101324
3.628070000	101324
3.628071000	102712
3.628121000	101324
3.628122000	102712
3.628182000	101324
3.628183000	102712
3.628225000	104100
3.628226000	105488
3.628279000	106876
3.628280000	108264
3.629923000	106876
3.629924000	108264
3.629970000	106876
3.629971000	108264
3.629972000	109652
3.630021000	111040
3.630022000	112428
3.630023000	113816
3.632977000	112428
3.632978000	113816
3.632979000	115204
3.633051000	116592
3.634924000	115204
3.634926000	116592
3.634927000	117980
3.634994000	116592
3.634995000	117980
3.634996000	119368
3.635068000	117980
3.635069000	119368
3.635070000	120756
3.635143000	122144
3.635144000	123532
3.635145000	124920
3.639946000	123532
3.639948000	124920
3.639950000	126308
3.640006000	124920
3.640007000	126308
3.640008000	127696
3.640039000	129084
3.640040000	130472
3.642988000	129084
3.642991000	130472
3.642992000	131860
3.642999000	127696
3.643060000	127696
3.643062000	129084
3.643063000	130472
3.643064000	131860
3.643137000	133248
3.643138000	134636
3.643139000	136024
3.643140000	137412
3.643210000	138800
3.643211000	140188
3.644910000	140188
3.644911000	141576
3.644915000	141576
3.644916000	142964
3.649901000	142964
3.649902000	144352
3.649907000	144352
3.649908000	145740
3.652950000	145740
3.652952000	147128
3.652955000	147128
3.652956000	148516
3.653028000	148516
3.653029000	149904
3.653033000	149904
3.653034000	151292
3.655006000	151292
3.655008000	152680
3.660915000	152680
3.660917000	154068
3.660921000	154068
3.660987000	155456
3.662984000	155456
3.662986000	156844
3.662989000	156844
3.663067000	156844
3.663069000	158232
3.663070000	159620
3.663113000	155456
3.663114000	156844
3.663115000	158232
3.663179000	156844
3.663180000	158232
3.663181000	159620
3.663217000	156844
3.663218000	158232
3.663219000	159620
3.663269000	159620
3.663270000	161008
3.663271000	162396
3.663272000	163784
3.663321000	162396
3.663322000	163784
3.663323000	165172
3.663324000	166560
3.663372000	166560
3.663373000	167948
3.663374000	169336
3.663375000	170724
3.663424000	167948
3.663425000	169336
3.663426000	170724
3.663427000	172112
3.663475000	172112
3.663476000	173500
3.663477000	174888
3.663478000	176276
3.663527000	177664
3.663528000	179052
3.663529000	180440
3.663530000	181828
3.663579000	183216
3.663637000	183216
3.663638000	184604
3.663640000	184604
3.663643000	185992
3.664937000	185992
3.664939000	187380
3.664944000	187380
3.664945000	188768
3.668036000	188768
3.668038000	190156
3.668042000	190156
3.668043000	191544
3.668085000	190156
3.668088000	191544
3.668091000	192932
3.668092000	194320
3.679970000	194320
3.679972000	195708
3.680957000	195708
3.680959000	197096
3.680962000	197096
3.680963000	198484
3.681040000	198484
3.681041000	199872
3.681052000	199872
3.681053000	201260
3.684956000	201260
3.684958000	202648
3.684962000	202648
3.684963000	204036
3.687986000	204036
3.687988000	205424
3.687991000	205424
3.687992000	206812
3.688107000	206812
3.688108000	208200
3.688159000	206812
3.688160000	208200
3.688161000	209588
3.688162000	210976
3.688213000	209588
3.688214000	210976
3.688215000	212364
3.688216000	213752
3.688288000	198484
3.688289000	199872
3.688303000	201260
3.688304000	202648
3.688432000	204036
3.688434000	205424
3.688435000	206812
3.688435000	208200
3.688494000	209588
3.688496000	210976
3.688497000	212364
3.688497000	213752
3.688543000	215140
3.688544000	216528
3.688545000	217916
3.688546000	219304
3.688594000	220692
3.688596000	222080
3.688597000	223468
3.688597000	224856
3.688646000	226244
3.688647000	227632
3.688648000	229020
3.688649000	230408
3.689911000	223468
3.689912000	224856
3.689912000	226244
3.689913000	227632
3.689960000	213752
3.689961000	215140
3.689962000	216528
3.689963000	217916
3.690009000	212364
3.690010000	213752
3.690011000	215140
3.690012000	216528
3.690060000	217916
3.690061000	219304
3.690062000	220692
3.690063000	222080
3.690112000	223468
3.690113000	224856
3.690114000	226244
3.690114000	227632
3.690164000	229020
3.690164000	230408
3.690165000	231796
3.690166000	233184
3.690218000	234572
3.690223000	235960
3.690225000	237348
3.690228000	238736
3.690267000	240124
3.690268000	241512
3.690269000	242900
3.690269000	244288
3.690319000	245676
3.690319000	247064
3.690320000	248452
3.690321000	249840
3.690370000	251228
3.690371000	252616
3.690372000	254004
3.690372000	255392
3.690422000	256780
3.690423000	258168
3.690424000	259556
3.690424000	260944
3.699996000	260944
3.699998000	262332
3.700002000	262332
3.700002000	263720
3.702984000	263720
3.702986000	265108
3.702990000	265108
3.702991000	266496
3.703065000	266496
3.703066000	267884
3.703070000	267884
3.703071000	269272
3.703141000	269272
3.703143000	270660
3.704945000	270660
3.704946000	272048
3.704950000	272048
3.704951000	273436
3.707964000	273436
3.707966000	274824
3.708011000	274824
3.708012000	276212
3.708015000	276212
3.708016000	277600
3.708064000	278988
3.708068000	278988
3.708071000	278988
3.708113000	280376
3.708167000	281764
3.709972000	283152
3.713001000	284540
3.713087000	285928
3.713160000	287316
3.713163000	288704
3.713165000	290092
3.714934000	291480
3.719996000	292868
3.722934000	294256
3.723012000	295644
3.723016000	297032
3.724960000	298420
3.724963000	299808
3.728024000	301196
3.728069000	302584
3.728121000	303972
3.728174000	305360
3.728227000	306748
3.728281000	308136
3.728285000	309524
3.728330000	310912
3.728382000	312300
3.728434000	313688
3.728436000	315076
3.728485000	316464
3.728487000	317852
3.728489000	319240
3.728537000	320628
3.728538000	322016
3.728588000	323404
3.728590000	324792
3.728641000	326180
3.728692000	327568
3.728694000	328956
3.728936000	330344
3.728987000	331732
3.728990000	333120
3.728992000	334508
3.729042000	335896
3.729901000	337284
3.732975000	338672
3.733034000	338672
3.733036000	338672
3.733086000	340060
3.733136000	341448
3.733193000	342836
3.733309000	344224
3.733371000	345612
3.733477000	347000
3.733689000	348388
3.733793000	349776
3.733795000	351164
3.734933000	352552
3.734937000	353940
3.737990000	355328
3.738171000	356716
3.738175000	358104
3.738179000	359492
3.738182000	360880
3.739915000	362268
3.743044000	363656
3.743052000	365044
3.744969000	366432
3.749926000	367820
3.752953000	369208
3.752958000	370596
3.754902000	371984
3.754950000	373372
3.758060000	374760
3.758065000	376148
3.758068000	377536
3.758142000	378924
3.758225000	380312
3.758231000	381700
3.758235000	383088
3.758275000	384476
3.758329000	385864
3.758333000	387252
3.758382000	388640
3.758432000	390028
3.758485000	391416
3.762984000	391416
3.764983000	391416
3.769971000	391416
3.774925000	302584
3.777996000	303972
3.778000000	305360
3.778079000	306748
3.778083000	308136
3.778086000	309524
3.778155000	310912
3.778166000	312300
3.778234000	313688
3.778239000	315076
3.778313000	316464
3.778317000	317852
3.778321000	319240
3.779911000	320628
3.782920000	322016
3.782999000	323404
3.783003000	324792
3.783006000	326180
3.783073000	327568
3.783977000	328956
3.783981000	330344
3.783985000	331732
3.784047000	333120
3.785336000	334508
3.788061000	335896
3.788066000	337284
3.788070000	338672
3.788109000	340060
3.789971000	341448
3.793121000	342836
3.793165000	344224
3.793169000	345612
3.793172000	347000
3.793216000	348388
3.793220000	349776
3.793275000	351164
3.793320000	352552
3.793339000	353940
3.793343000	355328
3.793377000	355328
3.793378000	356716
3.793379000	358104
3.793459000	229020
3.793460000	230408
3.793483000	231796
3.794919000	233184
3.796938000	234572
3.796943000	235960
3.797016000	237348
3.797026000	238736
3.798038000	240124
3.798041000	241512
3.798073000	242900
3.798131000	244288
3.798136000	245676
3.798139000	247064
3.798179000	248452
3.799893000	249840
3.799945000	251228
3.803044000	252616
3.804995000	254004
3.805000000	255392
3.806978000	256780
3.806984000	258168
3.806988000	259556
3.807006000	260944
3.809923000	262332
3.810001000	263720
3.812985000	265108
3.812990000	266496
3.812993000	267884
3.813064000	269272
3.813068000	270660
3.813143000	272048
3.813147000	273436
3.813150000	274824
3.813229000	274824
3.813231000	276212
3.813232000	277600
3.813332000	111040
3.813333000	112428
3.829925000	111040
3.829927000	112428
3.829965000	112428
3.829966000	113816
3.830016000	115204
3.830017000	116592
3.830068000	117980
3.830069000	119368
3.830120000	120756
3.830121000	122144
3.830172000	123532
3.830173000	124920
3.830224000	126308
3.830226000	127696
3.830276000	129084
3.830277000	130472
3.830328000	131860
3.830329000	133248
3.830379000	134636
3.830381000	136024
3.830431000	137412
3.830432000	138800
3.830482000	140188
3.830484000	141576
3.830534000	142964
3.830535000	144352
3.830586000	145740
3.830587000	147128
3.830638000	148516
3.830639000	149904
3.830690000	151292
3.830691000	152680
3.830742000	154068
3.830743000	155456
3.830794000	156844
3.830795000	158232
3.830899000	159620
3.830900000	161008
3.830973000	162396
3.830975000	163784
3.831056000	165172
3.831057000	166560
3.831150000	167948
3.831152000	169336
3.831229000	170724
3.831230000	172112
3.831263000	173500
3.831264000	174888
3.831316000	176276
3.831317000	177664
3.831368000	179052
3.831369000	180440
3.831420000	181828
3.831421000	183216
3.831472000	184604
3.831473000	185992
3.831524000	187380
3.831525000	188768
3.831576000	190156
3.831577000	191544
3.831628000	192932
3.831629000	194320
3.834957000	194320
3.836913000	194320
3.836968000	194320
3.836973000	194320
3.837013000	194320
3.837954000	194320
3.837957000	194320
3.838032000	192932
3.838034000	194320
3.838111000	194320
3.838114000	194320
3.838188000	194320
3.840070000	194320
3.840073000	194320
3.843013000	194320
3.843016000	194320
3.843080000	191544
3.843082000	192932
3.843135000	191544
3.843139000	192932
3.843186000	191544
3.843187000	192932
3.843267000	191544
3.843268000	192932
3.843348000	192932
3.843350000	194320
3.844929000	194320
3.844932000	194320
3.847991000	194320
3.848038000	194320
3.848144000	194320
3.848146000	194320
3.848193000	192932
3.848194000	194320
3.848289000	192932
3.848290000	194320
3.848368000	192932
3.848368000	194320
3.848419000	192932
3.848420000	194320
3.848471000	192932
3.848472000	194320
3.848529000	194320
3.848576000	194320
3.848578000	194320
3.848627000	194320
3.848628000	195708
3.848679000	192932
3.848680000	194320
3.848734000	194320
3.848736000	195708
3.848787000	194320
3.848788000	195708
3.848835000	195708
3.848837000	195708
3.848890000	195708
3.848939000	195708
3.848945000	195708
3.848947000	195708
3.848991000	195708
3.849043000	195708
3.849045000	195708
3.849917000	195708
3.849921000	195708
3.852964000	195708
3.852968000	195708
3.853043000	195708
3.853046000	195708
3.853150000	195708
3.853154000	195708
3.853156000	195708
3.853215000	194320
3.853217000	195708
3.853225000	195708
3.854951000	195708
3.854954000	195708
3.857957000	195708
3.857961000	195708
3.858031000	195708
3.869963000	195708
3.869967000	195708
3.874027000	195708
3.874031000	195708
3.874033000	195708
3.874103000	195708
3.874106000	195708
3.874939000	195708
3.874942000	195708
3.877959000	195708
3.877962000	195708
3.878038000	195708
3.878041000	195708
3.880276000	195708
3.880278000	197096
3.880281000	197096
3.882957000	197096
3.882961000	197096
3.882964000	197096
3.884879000	197096
3.884883000	197096
3.890018000	197096
3.890022000	197096
3.893893000	197096
3.893969000	197096
3.893972000	197096
3.894048000	197096
3.894051000	197096
3.894920000	197096
3.894992000	197096
3.894995000	197096
3.898017000	197096
3.898021000	197096
3.898095000	197096
3.898098000	197096
3.898174000	194320
3.898175000	195708
3.898253000	192932
3.898255000	194320
3.898334000	194320
3.898335000	195708
3.898381000	191544
3.898382000	192932
3.898433000	190156
3.898433000	191544
3.898485000	190156
3.898486000	191544
3.898537000	188768
3.898538000	190156
3.898589000	188768
3.898590000	190156
3.898642000	188768
3.898643000	190156
3.898694000	188768
3.898694000	190156
3.898746000	188768
3.898747000	190156
3.898804000	190156
3.898805000	191544
3.898850000	191544
3.898851000	192932
3.898901000	191059
3.913244000	161911
3.923012000	161911
3.923015000	161911
