9.699121000	1388
9.699124000	2776
9.699149000	4164
9.699151000	5552
9.699200000	6940
9.699202000	8328
9.699253000	9716
9.699254000	11104
9.699320000	12492
9.699321000	13880
9.746837000	13880
9.746839000	15268
9.746883000	15268
9.746887000	16656
9.749829000	16656
9.749831000	18044
9.749878000	18044
9.749879000	19432
9.749931000	18044
9.749932000	19432
9.749985000	18044
9.749986000	19432
9.750037000	18044
9.750038000	19432
9.750095000	20820
9.750096000	22208
9.750140000	23596
9.750141000	24984
9.750194000	26372
9.750195000	27760
9.783812000	27760
9.783814000	29148
9.783916000	29148
9.783918000	30536
9.783940000	29148
9.783942000	30536
9.783988000	31924
9.783990000	33312
9.786808000	33312
9.786810000	34700
9.786854000	34700
9.786855000	36088
9.791808000	36088
9.791810000	37476
9.791901000	37476
9.791903000	38864
9.795968000	38864
9.795970000	40252
9.796016000	31924
9.796018000	33312
9.796067000	33312
9.796068000	34700
9.796117000	36088
9.796118000	37476
9.796170000	38864
9.796172000	40252
9.796223000	41640
9.796224000	43028
9.796276000	44416
9.796277000	45804
9.796327000	47192
9.796329000	48580
9.796380000	49968
9.796381000	51356
9.796823000	51356
9.796824000	52744
9.796871000	51356
9.796872000	52744
9.796921000	54132
9.796922000	55520
9.816842000	55520
9.816845000	56908
9.816879000	56908
9.816880000	58296
9.821831000	58296
9.821833000	59684
9.826805000	59684
9.826806000	61072
9.827867000	61072
9.827869000	62460
9.827930000	61072
9.827932000	62460
9.827965000	61072
9.827967000	62460
9.828017000	62460
9.828018000	63848
9.828069000	65236
9.828070000	66624
9.828121000	68012
9.828122000	69400
9.831905000	69400
9.831907000	70788
9.831936000	70788
9.831938000	72176
9.836834000	72176
9.836836000	73564
9.836883000	73564
9.836884000	74952
9.837845000	74952
9.837847000	76340
9.837916000	76340
9.837918000	77728
9.841811000	77728
9.841812000	79116
9.841857000	79116
9.841859000	80504
9.847058000	80504
9.847060000	81892
9.847103000	81892
9.847105000	83280
9.849831000	83280
9.849833000	84668
9.849879000	84668
9.849881000	86056
9.849930000	84668
9.849932000	86056
9.849983000	86056
9.849984000	87444
9.850034000	84668
9.850036000	86056
9.850086000	84668
9.850088000	86056
9.850138000	84668
9.850139000	86056
9.850193000	84668
9.850195000	86056
9.850242000	86056
9.850243000	87444
9.850298000	83280
9.850300000	84668
9.850344000	86056
9.850348000	87444
9.850396000	88832
9.850397000	90220
9.850448000	91608
9.850449000	92996
9.850500000	94384
9.850502000	95772
9.850552000	97160
9.850553000	98548
9.850605000	99936
9.850606000	101324
9.850657000	102712
9.850658000	104100
9.850708000	105488
9.850710000	106876
9.850774000	108264
9.850776000	109652
9.854858000	104100
9.854860000	105488
9.854904000	106876
9.854905000	108264
9.854955000	109652
9.854956000	111040
9.855008000	112428
9.855009000	113816
9.855059000	115204
9.855061000	116592
9.856824000	115204
9.856826000	116592
9.856871000	117980
9.856873000	119368
9.861828000	117980
9.861829000	119368
9.861831000	120756
9.861866000	122144
9.865876000	120756
9.865878000	122144
9.865879000	123532
9.865919000	122144
9.865921000	123532
9.865922000	124920
9.865975000	120756
9.865976000	122144
9.865978000	123532
9.866049000	119368
9.866051000	120756
9.866052000	122144
9.866083000	123532
9.866084000	124920
9.866085000	126308
9.866134000	127696
9.866135000	129084
9.866136000	130472
9.866186000	131860
9.866187000	133248
9.866189000	134636
9.866237000	136024
9.866239000	137412
9.866240000	138800
9.866814000	138800
9.866816000	140188
9.866821000	140188
9.866860000	141576
9.871798000	141576
9.871800000	142964
9.871867000	142964
9.871882000	144352
9.871887000	144352
9.871889000	145740
9.875849000	145740
9.875851000	147128
9.875857000	147128
9.875872000	148516
9.875922000	148516
9.875923000	149904
9.881828000	149904
9.881830000	151292
9.881836000	151292
9.881837000	152680
9.885837000	152680
9.885839000	154068
9.885844000	154068
9.885845000	155456
9.885885000	155456
9.885886000	156844
9.885890000	156844
9.885891000	158232
9.885937000	158232
9.885938000	159620
9.886821000	159620
9.886823000	161008
9.886827000	161008
9.886828000	162396
9.889831000	162396
9.889833000	163784
9.889880000	163784
9.889882000	165172
9.889886000	165172
9.889887000	166560
9.895861000	166560
9.895863000	167948
9.895869000	167948
9.895870000	169336
9.895904000	169336
9.895906000	170724
9.895958000	170724
9.895960000	172112
9.895964000	172112
9.895966000	173500
9.896850000	173500
9.896852000	174888
9.896857000	174888
9.896858000	176276
9.901858000	176276
9.901861000	177664
9.901868000	177664
9.901869000	179052
9.905845000	179052
9.905847000	180440
9.905890000	180440
9.905892000	181828
9.905943000	181828
9.905944000	183216
9.905948000	183216
9.905949000	184604
9.905992000	183216
9.905994000	184604
9.905995000	185992
9.905996000	187380
9.906846000	187380
9.906847000	188768
9.906852000	188768
9.906853000	190156
9.909885000	190156
9.909887000	191544
9.909934000	191544
9.909936000	192932
9.909940000	192932
9.909988000	187380
9.909990000	188768
9.909991000	190156
9.909992000	191544
9.910068000	192932
9.910070000	194320
9.910071000	195708
9.910073000	197096
9.910108000	198484
9.910109000	199872
9.910147000	167948
9.910148000	169336
9.910196000	169336
9.910198000	170724
9.910199000	172112
9.910200000	173500
9.910281000	174888
9.910282000	176276
9.910305000	177664
9.910307000	179052
9.910308000	180440
9.910356000	181828
9.910357000	183216
9.910406000	184604
9.910407000	185992
9.910408000	187380
9.910409000	188768
9.910459000	190156
9.910460000	191544
9.910461000	192932
9.910462000	194320
9.910511000	195708
9.910512000	197096
9.910513000	198484
9.910514000	199872
9.910563000	201260
9.910564000	202648
9.910565000	204036
9.910566000	205424
9.910615000	206812
9.910616000	208200
9.910617000	209588
9.910618000	210976
9.910667000	212364
9.910668000	213752
9.910669000	215140
9.910670000	216528
9.910719000	217916
9.910720000	219304
9.910721000	220692
9.910722000	222080
9.910771000	223468
9.910772000	224856
9.910773000	226244
9.910775000	227632
9.910823000	229020
9.910824000	230408
9.910825000	231796
9.910827000	233184
9.910875000	234572
9.910876000	235960
9.911879000	233184
9.911880000	234572
9.911882000	235960
9.911883000	237348
9.911927000	238736
9.911928000	240124
9.914877000	238736
9.914878000	240124
9.914880000	241512
9.914881000	242900
9.914923000	241512
9.914924000	242900
9.914925000	244288
9.914973000	245676
9.915889000	244288
9.915891000	245676
9.915905000	247064
9.915906000	248452
9.915937000	247064
9.915938000	248452
9.915953000	249840
9.915957000	249840
9.915989000	249840
9.915990000	251228
9.915992000	252616
9.915993000	254004
9.925854000	254004
9.925857000	255392
9.925897000	255392
9.925898000	256780
9.925902000	256780
9.925904000	258168
9.925947000	258168
9.925948000	259556
9.926807000	259556
9.926809000	260944
9.926813000	260944
9.926814000	262332
9.931805000	262332
9.931808000	263720
9.931850000	263720
9.931852000	265108
9.936849000	265108
9.936851000	266496
9.936857000	266496
9.936858000	267884
9.936891000	267884
9.936893000	269272
9.936945000	269272
9.936947000	270660
9.936966000	270660
9.936968000	272048
9.936994000	272048
9.936996000	273436
9.939898000	273436
9.939900000	274824
9.939905000	274824
9.939906000	276212
9.939947000	276212
9.939949000	277600
9.939953000	277600
9.939954000	278988
9.939997000	278988
9.939999000	280376
9.940003000	280376
9.940004000	281764
9.940049000	281764
9.940051000	283152
9.940101000	283152
9.940103000	284540
9.940154000	284540
9.940156000	285928
9.940159000	285928
9.940161000	287316
9.940206000	287316
9.940208000	288704
9.940211000	288704
9.940213000	290092
9.940258000	288704
9.940259000	290092
9.940260000	291480
9.940262000	292868
9.940310000	292868
9.940311000	294256
9.940315000	294256
9.940319000	295644
9.940360000	294256
9.940361000	295644
9.940376000	297032
9.940377000	298420
9.940390000	294256
9.940417000	295644
9.940419000	297032
9.940421000	298420
9.940423000	299808
9.940424000	301196
9.940475000	299808
9.940477000	301196
9.940479000	302584
9.940480000	303972
9.940483000	305360
9.940533000	303972
9.940535000	303972
9.940536000	305360
9.940540000	306748
9.940576000	306748
9.940578000	308136
9.940593000	309524
9.940594000	310912
9.940624000	309524
9.940626000	310912
9.940627000	312300
9.940628000	313688
9.940630000	315076
9.940683000	315076
9.940685000	316464
9.940689000	316464
9.940690000	317852
9.940735000	317852
9.940737000	319240
9.940741000	319240
9.940742000	320628
9.940855000	320628
9.940856000	322016
9.940907000	322016
9.940909000	323404
9.941011000	323404
9.941013000	324792
9.941017000	324792
9.941018000	326180
9.941063000	326180
9.941065000	327568
9.941069000	327568
9.941070000	328956
9.941075000	322016
9.941076000	323404
9.941114000	315076
9.941116000	316464
9.941117000	317852
9.941118000	319240
9.941119000	320628
9.941164000	322016
9.941166000	323404
9.941167000	324792
9.941168000	326180
9.941169000	327568
9.941216000	328956
9.941217000	330344
9.941218000	331732
9.941219000	333120
9.941267000	334508
9.941269000	335896
9.941270000	337284
9.941271000	338672
9.941319000	340060
9.941320000	341448
9.941321000	342836
9.941323000	344224
9.941324000	345612
9.941370000	347000
9.941834000	347000
9.941836000	348388
9.941888000	348388
9.941889000	349776
9.944800000	349776
9.944802000	351164
9.944901000	351164
9.944903000	352552
9.946856000	352552
9.946858000	353940
9.946863000	352552
9.946864000	353940
9.946866000	355328
9.946867000	356716
9.946908000	349776
9.946909000	351164
9.946910000	352552
9.946912000	353940
9.946913000	355328
9.946914000	356716
9.946956000	358104
9.946958000	359492
9.946959000	360880
9.946960000	362268
9.947008000	363656
9.947010000	365044
9.951849000	365044
9.951851000	366432
9.951856000	366432
9.951858000	367820
9.956858000	367820
9.956861000	369208
9.956867000	367820
9.956868000	369208
9.956882000	370596
9.956883000	371984
9.956888000	370596
9.956902000	369208
9.956904000	370596
9.956905000	371984
9.956906000	373372
9.956907000	374760
9.956958000	373372
9.956959000	374760
9.956961000	376148
9.956962000	377536
9.957007000	378924
9.957009000	380312
9.959898000	378924
9.959900000	380312
9.959902000	381700
9.959903000	383088
9.959910000	381700
9.959912000	383088
9.959913000	384476
9.959936000	383088
9.959937000	384476
9.959938000	385864
9.959993000	376148
9.959994000	377536
9.959996000	378924
9.959999000	380312
9.960003000	381700
9.966884000	377536
9.966887000	378924
9.966888000	380312
9.966889000	381700
9.966891000	383088
9.966892000	384476
9.966893000	385864
9.966952000	384476
9.966953000	385864
9.966955000	387252
9.966956000	388640
9.966957000	390028
9.966958000	391416
9.966959000	392804
9.967003000	391416
9.967004000	392804
9.967005000	394192
9.967006000	395580
9.967271000	396968
9.967273000	398356
9.967274000	399744
9.967275000	401132
9.967277000	402520
9.967278000	403908
9.967279000	405296
9.967374000	406684
9.967376000	408072
9.967377000	409460
9.967379000	410848
9.969932000	409460
9.969934000	410848
9.969935000	412236
9.969936000	413624
9.969942000	412236
9.969943000	413624
9.969944000	415012
9.970188000	413624
9.970189000	415012
9.970191000	416400
9.970192000	417788
9.970193000	419176
9.970198000	417788
9.970199000	419176
9.970440000	415012
9.970442000	416400
9.970443000	417788
9.970445000	419176
9.970446000	420564
9.970447000	421952
9.970448000	423340
9.970699000	424728
9.970701000	426116
9.970702000	427504
9.971852000	426116
9.971853000	427504
9.971855000	428892
9.971856000	430280
9.971966000	428892
9.971967000	430280
9.971968000	431668
9.971969000	433056
9.971975000	426116
9.971976000	427504
9.971977000	428892
9.972038000	430280
9.972039000	431668
9.972040000	433056
9.972041000	434444
9.972042000	435832
9.972044000	437220
9.972045000	438608
9.972092000	439996
9.972094000	441384
9.974835000	438608
9.974837000	439996
9.974838000	441384
9.974839000	442772
9.974841000	444160
9.974842000	445548
9.974847000	444160
9.974898000	442772
9.974899000	444160
9.974901000	445548
9.974902000	446936
9.974903000	448324
9.974904000	449712
9.974950000	435832
9.974952000	437220
9.974953000	438608
9.974954000	439996
9.975003000	441384
9.975004000	442772
9.975005000	444160
9.975007000	445548
9.975008000	446936
9.975055000	448324
9.975056000	449712
9.975058000	451100
9.975059000	452488
9.975108000	453876
9.975109000	455264
9.975111000	456652
9.975112000	458040
9.975113000	459428
9.975159000	460816
9.975161000	462204
9.975162000	463592
9.975163000	464980
9.975212000	466368
9.976827000	464980
9.976829000	466368
9.976830000	467756
9.976831000	469144
9.976878000	467756
9.976879000	469144
9.976880000	470532
9.976882000	471920
9.976982000	470532
9.976984000	471920
9.976985000	473308
9.976986000	474696
9.976990000	473308
9.976992000	474696
9.976993000	476084
9.977033000	477472
9.981841000	476084
9.981843000	477472
9.981844000	478860
9.981845000	480248
9.986868000	478860
9.986870000	480248
9.986871000	481636
9.986873000	483024
9.986878000	481636
9.986879000	483024
9.986880000	484412
9.986922000	485800
9.986972000	484412
9.986974000	485800
9.986975000	487188
9.986976000	488576
9.989881000	487188
9.989884000	488576
9.989885000	489964
9.989886000	491352
9.989982000	489964
9.989984000	491352
9.989985000	492740
9.989986000	494128
9.989991000	492740
9.989992000	494128
9.989994000	495516
9.990034000	494128
9.990035000	495516
9.990144000	485800
9.990146000	487188
9.990147000	488576
9.990148000	489964
9.992069000	489964
9.999921000	491352
9.999923000	492740
9.999924000	494128
9.999926000	495516
9.999927000	496904
9.999973000	498292
9.999975000	499680
9.999976000	501068
9.999981000	502456
9.999982000	503844
10.000021000	505232
10.000023000	506620
10.000026000	508008
10.000042000	509396
10.000084000	510784
10.000085000	512172
10.000086000	513560
10.000087000	514948
10.000088000	516336
10.001824000	517724
10.001826000	519112
10.001874000	520500
10.001876000	521888
10.006828000	523276
10.006830000	524664
10.009965000	526052
10.009967000	527440
10.010066000	528828
10.010067000	530216
10.010071000	531604
10.010073000	532992
10.010076000	534380
10.010118000	535768
10.010120000	537156
10.010121000	538544
10.010122000	539932
10.010123000	541320
10.010171000	542708
10.010172000	544096
10.010176000	545484
10.010177000	546872
10.010222000	548260
10.010223000	549648
10.010225000	551036
10.010228000	551939
10.010541000	551939
10.010543000	551939
10.035055000	551939
10.044923000	551939
10.044964000	551939
10.044971000	551939
10.045020000	551939
10.045074000	551939
10.105799000	551939
10.106439000	551939
