8.562538000	1388
8.562547000	2776
8.562625000	4164
8.562633000	5552
8.562714000	6940
8.562719000	8328
8.562806000	9716
8.562811000	11104
8.562897000	12492
8.562903000	13880
8.604991000	13880
8.604996000	15268
8.605096000	11104
8.605099000	12492
8.605137000	13880
8.605140000	15268
8.605232000	16656
8.605239000	18044
8.605321000	19432
8.605327000	20820
8.606969000	20820
8.606972000	22208
8.607034000	20820
8.607037000	22208
8.607065000	23596
8.607067000	24984
8.609029000	24984
8.609034000	26372
8.609067000	26372
8.609070000	27760
8.672068000	27760
8.672071000	29148
8.672110000	26372
8.672113000	27760
8.672171000	26372
8.672174000	27760
8.672227000	27760
8.672230000	29148
8.672277000	26372
8.672281000	27760
8.672331000	26372
8.672334000	27760
8.672391000	26372
8.672394000	27760
8.672457000	27760
8.672459000	29148
8.672503000	27760
8.672506000	29148
8.672557000	27760
8.672559000	29148
8.672610000	29148
8.672613000	30536
8.672665000	31924
8.672667000	33312
8.672718000	34700
8.672720000	36088
8.672771000	37476
8.672778000	38864
8.672826000	40252
8.672829000	41640
8.672878000	43028
8.672881000	44416
8.672930000	45804
8.672933000	47192
8.672983000	48580
8.672986000	49968
8.673036000	51356
8.673038000	52744
8.673088000	54132
8.673091000	55520
8.718982000	55520
8.718989000	56908
8.719130000	56908
8.719136000	58296
8.723954000	58296
8.723959000	59684
8.723986000	59684
8.723989000	61072
8.725167000	61072
8.725171000	62460
8.725208000	62460
8.725211000	63848
8.725261000	63848
8.725264000	65236
8.725313000	65236
8.725316000	66624
8.725367000	65236
8.725370000	66624
8.725479000	66624
8.725484000	68012
8.725519000	65236
8.725522000	66624
8.725635000	65236
8.725638000	66624
8.725666000	61072
8.725669000	62460
8.725730000	62460
8.725733000	63848
8.725836000	62460
8.725841000	63848
8.725989000	56908
8.725994000	58296
8.726038000	45804
8.726042000	47192
8.726145000	48580
8.726148000	49968
8.726206000	51356
8.726209000	52744
8.726306000	54132
8.726312000	55520
8.726346000	56908
8.726349000	58296
8.726400000	59684
8.726403000	61072
8.726454000	62460
8.726457000	63848
8.726508000	65236
8.726510000	66624
8.726561000	68012
8.726564000	69400
8.726615000	70788
8.726617000	72176
8.726669000	73564
8.726671000	74952
8.726722000	76340
8.726725000	77728
8.726777000	79116
8.726780000	80504
8.726830000	81892
8.726833000	83280
8.726908000	84668
8.726911000	86056
8.726952000	87444
8.726954000	88832
8.726992000	90220
8.726995000	91608
8.727045000	92996
8.727048000	94384
8.727099000	95772
8.727101000	97160
8.727154000	98548
8.727157000	99936
8.727206000	101324
8.727208000	102712
8.727260000	104100
8.727263000	105488
8.727314000	106876
8.727316000	108264
8.727368000	109652
8.727370000	111040
8.755047000	111040
8.755052000	112428
8.755066000	111040
8.755080000	112428
8.755083000	113816
8.755086000	115204
8.759017000	113816
8.759022000	115204
8.759025000	116592
8.759070000	113816
8.759073000	115204
8.759076000	116592
8.759166000	117980
8.759179000	119368
8.759183000	120756
8.759206000	122144
8.763957000	120756
8.763964000	122144
8.763968000	123532
8.764005000	124920
8.764963000	123532
8.764967000	124920
8.764969000	126308
8.765092000	123532
8.765096000	124920
8.765099000	126308
8.765132000	127696
8.765135000	129084
8.765138000	130472
8.765271000	131860
8.768940000	124920
8.768946000	126308
8.768949000	127696
8.768979000	127696
8.768983000	129084
8.768986000	130472
8.769031000	131860
8.769034000	133248
8.769037000	134636
8.769082000	136024
8.769085000	137412
8.769088000	138800
8.769135000	140188
8.769138000	141576
8.774011000	141576
8.774016000	142964
8.774027000	142964
8.774041000	144352
8.775036000	144352
8.775041000	145740
8.775167000	145740
8.775170000	147128
8.775242000	147128
8.775245000	148516
8.775252000	148516
8.775315000	148516
8.775322000	149904
8.775328000	151292
8.777318000	151292
8.777320000	152680
8.778972000	152680
8.778978000	154068
8.778988000	154068
8.779004000	155456
8.783045000	155456
8.783051000	156844
8.783061000	156844
8.783086000	154068
8.783089000	155456
8.783092000	156844
8.783195000	156844
8.783200000	158232
8.783203000	159620
8.783234000	158232
8.783237000	159620
8.783240000	161008
8.783309000	162396
8.783312000	163784
8.783315000	165172
8.783359000	166560
8.783947000	166560
8.783950000	167948
8.783958000	167948
8.784043000	169336
8.784958000	169336
8.784962000	170724
8.784977000	170724
8.784998000	170724
8.785001000	172112
8.785004000	173500
8.785059000	173500
8.785061000	174888
8.785109000	174888
8.785111000	176276
8.785162000	176276
8.785165000	177664
8.788999000	177664
8.789003000	179052
8.789013000	179052
8.789051000	180440
8.790979000	180440
8.790986000	181828
8.791000000	181828
8.791023000	181828
8.791028000	183216
8.791031000	184604
8.791080000	184604
8.791083000	185992
8.791090000	185992
8.791125000	185992
8.791128000	187380
8.791131000	188768
8.793969000	188768
8.793973000	190156
8.794018000	190156
8.794021000	191544
8.794029000	191544
8.794116000	192932
8.795034000	192932
8.795039000	194320
8.795051000	194320
8.795103000	191544
8.795106000	192932
8.795109000	194320
8.795249000	195708
8.795253000	197096
8.795255000	198484
8.795329000	199872
8.797075000	199872
8.797079000	201260
8.797088000	201260
8.797129000	199872
8.797132000	201260
8.797135000	202648
8.797188000	204036
8.797192000	205424
8.797312000	205424
8.797315000	206812
8.797323000	206812
8.797414000	206812
8.797419000	208200
8.797422000	209588
8.797565000	177664
8.797569000	179052
8.797572000	180440
8.797607000	181828
8.797617000	183216
8.797620000	184604
8.797791000	185992
8.797794000	187380
8.797797000	188768
8.797847000	190156
8.797850000	191544
8.797853000	192932
8.797886000	194320
8.797889000	195708
8.797892000	197096
8.797938000	198484
8.797941000	199872
8.797944000	201260
8.797992000	202648
8.797994000	204036
8.797997000	205424
8.798045000	206812
8.798048000	208200
8.798051000	209588
8.798099000	210976
8.798101000	212364
8.798104000	213752
8.798152000	215140
8.798155000	216528
8.798157000	217916
8.798206000	219304
8.798209000	220692
8.798212000	222080
8.798259000	223468
8.798262000	224856
8.798265000	226244
8.798313000	227632
8.798316000	229020
8.798318000	230408
8.798366000	231796
8.798369000	233184
8.798372000	234572
8.798420000	235960
8.798423000	237348
8.798425000	238736
8.798473000	240124
8.798475000	241512
8.798478000	242900
8.799024000	241512
8.799043000	242900
8.799046000	244288
8.799049000	245676
8.802006000	240124
8.802009000	241512
8.802012000	242900
8.802015000	244288
8.802108000	245676
8.802114000	247064
8.802117000	248452
8.802120000	249840
8.802182000	251228
8.802186000	252616
8.808994000	251228
8.809001000	252616
8.809004000	254004
8.809008000	255392
8.809038000	254004
8.809042000	255392
8.809046000	256780
8.809049000	258168
8.814007000	256780
8.814014000	258168
8.814018000	259556
8.814022000	260944
8.814036000	259556
8.814054000	260944
8.814057000	262332
8.814061000	263720
8.818009000	262332
8.818014000	263720
8.818017000	265108
8.818020000	266496
8.818030000	265108
8.818055000	258168
8.818058000	259556
8.818061000	260944
8.818063000	262332
8.818153000	263720
8.818159000	265108
8.818162000	266496
8.818165000	267884
8.818168000	269272
8.818202000	270660
8.818206000	272048
8.818208000	273436
8.818211000	274824
8.818300000	276212
8.818307000	277600
8.819022000	276212
8.819026000	277600
8.819030000	278988
8.819032000	280376
8.819043000	278988
8.819062000	277600
8.819064000	278988
8.819067000	280376
8.819070000	281764
8.819138000	283152
8.819141000	284540
8.819144000	285928
8.824005000	284540
8.824009000	285928
8.824013000	287316
8.824016000	288704
8.824026000	287316
8.824051000	288704
8.824055000	290092
8.824058000	291480
8.828616000	290092
8.828622000	291480
8.828626000	292868
8.828630000	294256
8.828644000	292868
8.828666000	285928
8.828684000	287316
8.828688000	288704
8.828691000	290092
8.828695000	291480
8.828698000	292868
8.828739000	294256
8.828743000	295644
8.828746000	297032
8.828750000	298420
8.828753000	299808
8.828793000	301196
8.828797000	302584
8.828801000	303972
8.828804000	305360
8.828978000	303972
8.828982000	305360
8.828986000	306748
8.828989000	308136
8.829000000	306748
8.829004000	308136
8.829027000	309524
8.829030000	310912
8.838001000	309524
8.838006000	310912
8.838009000	312300
8.838012000	313688
8.838023000	312300
8.838026000	313688
8.838340000	306748
8.838343000	308136
8.838346000	309524
8.838349000	310912
8.838352000	312300
8.838356000	313688
8.838407000	315076
8.838410000	316464
8.838413000	317852
8.838415000	319240
8.838418000	320628
8.838427000	322016
8.838458000	323404
8.838461000	324792
8.838975000	323404
8.838978000	324792
8.838981000	326180
8.838984000	327568
8.838993000	326180
8.838996000	327568
8.839023000	328956
8.841969000	324792
8.841972000	326180
8.841975000	327568
8.841978000	328956
8.842077000	327568
8.842082000	328956
8.842094000	322016
8.842097000	323404
8.842100000	324792
8.842103000	326180
8.842137000	310912
8.842140000	312300
8.842143000	313688
8.842146000	315076
8.842148000	316464
8.842151000	317852
8.842249000	316464
8.842254000	317852
8.842257000	319240
8.842260000	320628
8.842262000	322016
8.842265000	323404
8.842288000	313688
8.842441000	309524
8.842446000	310912
8.842449000	312300
8.842451000	313688
8.842454000	315076
8.842457000	316464
8.842460000	317852
8.842502000	319240
8.842520000	320628
8.842523000	322016
8.842526000	323404
8.842528000	324792
8.842537000	326180
8.842540000	327568
8.842543000	328956
8.848074000	327568
8.848077000	328956
8.848085000	327568
8.848087000	328956
8.848095000	327568
8.848098000	328956
8.848104000	327568
8.848118000	328956
8.850044000	327568
8.850049000	328956
8.850058000	327568
8.850061000	328956
8.856039000	327568
8.856046000	328956
8.856070000	313688
8.856074000	315076
8.856077000	316464
8.856081000	317852
8.856085000	319240
8.856403000	292868
8.856408000	294256
8.856411000	295644
8.856413000	297032
8.856416000	298420
8.856419000	299808
8.856421000	301196
8.856470000	302584
8.856473000	303972
8.856476000	305360
8.856479000	306748
8.856482000	308136
8.856484000	309524
8.856775000	310912
8.856781000	312300
8.856784000	313688
8.856787000	315076
8.856790000	316464
8.856793000	317852
8.856796000	319240
8.858153000	315076
8.858158000	316464
8.858161000	317852
8.858164000	319240
8.858167000	320628
8.858182000	306748
8.858185000	308136
8.858187000	309524
8.858435000	295644
8.858441000	297032
8.858444000	298420
8.858447000	299808
8.858450000	301196
8.858452000	302584
8.858455000	303972
8.858457000	305360
8.858728000	306748
8.858734000	308136
8.858737000	309524
8.858740000	310912
8.858743000	312300
8.858746000	313688
8.858749000	315076
8.858752000	316464
8.859019000	317852
8.859024000	319240
8.864018000	310912
8.864023000	312300
8.864026000	313688
8.864029000	315076
8.864032000	316464
8.864035000	317852
8.868038000	302584
8.868045000	303972
8.868049000	305360
8.868053000	306748
8.868056000	308136
8.868080000	308136
8.878081000	309524
8.878086000	310912
8.878089000	312300
8.878112000	313688
8.878115000	315076
8.878119000	316464
8.878212000	317852
8.878223000	319240
8.878230000	320628
8.878313000	322016
8.878318000	323404
8.878322000	324792
8.878353000	326180
8.878366000	327568
8.879018000	328956
8.882040000	330344
8.882061000	331732
8.882230000	333120
8.882248000	334508
8.882273000	335896
8.882339000	337284
8.882355000	338672
8.882393000	340060
8.884064000	341448
8.888087000	342836
8.888102000	344224
8.890028000	345612
8.896173000	347000
8.896190000	348388
8.896212000	349776
8.896327000	351164
8.896343000	352552
8.896478000	353940
8.896499000	355328
8.896507000	356716
8.896534000	358104
8.896543000	359492
8.896647000	360880
8.896660000	362268
8.896669000	363656
8.896698000	365044
8.896823000	366432
8.896836000	367820
8.896845000	369208
8.896854000	370596
8.896879000	371984
8.896935000	373372
8.896944000	374760
8.896952000	376148
8.896960000	377536
8.896994000	378924
8.897003000	380312
8.897042000	381700
8.897096000	383088
8.897105000	384476
8.897149000	385864
8.897159000	387252
8.897257000	388640
8.897266000	390028
8.897311000	391416
8.897321000	392804
8.898012000	394192
8.898029000	395580
8.898056000	396968
8.898070000	398356
8.898383000	399744
8.899005000	401132
8.899016000	402520
8.902044000	403908
8.902058000	405296
8.902068000	406684
8.902077000	408072
8.902097000	409460
8.902216000	410848
8.902234000	412236
8.904057000	413624
8.904076000	415012
8.908067000	416400
8.908088000	417788
8.908101000	419176
8.908186000	420564
8.908201000	421952
8.908992000	423340
8.910098000	424728
8.910115000	426116
8.910126000	427504
8.910136000	428892
8.910164000	430280
8.913995000	431668
8.914013000	433056
8.916013000	434444
8.916027000	435832
8.916040000	437220
8.916053000	438608
8.916210000	439996
8.916263000	441384
8.916317000	442772
8.916331000	444160
8.916374000	445548
8.916388000	446936
8.916403000	448324
8.916417000	449712
8.916495000	451100
8.916509000	452488
8.916523000	453876
8.918946000	455264
8.918966000	456652
8.922120000	458040
8.922135000	459428
8.922147000	460816
8.922158000	462204
8.922195000	463592
8.922250000	464980
8.922262000	466368
8.922273000	467756
8.922285000	469144
8.922312000	470532
8.922373000	471920
8.922385000	473308
8.922396000	474696
8.922408000	476084
8.922427000	477472
8.922489000	478860
8.922542000	480248
8.922553000	481636
8.922564000	483024
8.922575000	484412
8.922603000	485800
8.922679000	487188
8.922691000	488576
8.922703000	489964
8.922714000	491352
8.922857000	492740
8.922875000	494128
8.922887000	495516
8.922907000	496904
8.924004000	498292
8.924021000	499680
8.928187000	501068
8.928206000	502456
8.928218000	503844
8.928230000	505232
8.929018000	506620
8.929036000	508008
8.930083000	508008
8.930105000	508008
8.930119000	508008
8.930132000	509396
8.930355000	510784
8.930374000	512172
8.930387000	513560
8.930400000	514948
8.930532000	516336
8.930545000	517724
8.930623000	519112
8.930637000	520500
8.934037000	521888
8.936093000	523276
8.936116000	524664
8.936267000	259556
8.936328000	260944
8.936390000	262332
8.936399000	263720
8.936409000	265108
8.936439000	266496
8.936554000	267884
8.936564000	269272
8.936575000	270660
8.936602000	272048
8.936662000	273436
8.936673000	274824
8.936685000	276212
8.937974000	277600
8.937984000	278988
8.938919000	280376
8.938927000	281764
8.943982000	283152
8.952093000	284540
8.952104000	285928
8.952113000	286831
