12.673467000	1388
12.673476000	2776
12.673509000	4164
12.673514000	5552
12.673574000	6940
12.673578000	8328
12.673673000	9716
12.673678000	11104
12.673762000	12492
12.673767000	13880
12.717153000	13880
12.717158000	15268
12.720055000	15268
12.720060000	16656
12.720144000	16656
12.720148000	18044
12.723045000	18044
12.723050000	19432
12.723194000	15268
12.723198000	16656
12.723233000	18044
12.723236000	19432
12.723330000	20820
12.723336000	22208
12.723424000	23596
12.723429000	24984
12.725155000	24984
12.725158000	26372
12.725187000	26372
12.725190000	27760
12.765069000	27760
12.765075000	29148
12.765201000	27760
12.765211000	29148
12.765271000	30536
12.765275000	31924
12.768043000	31924
12.768050000	33312
12.768086000	29148
12.768089000	30536
12.768137000	31924
12.768140000	33312
12.768191000	33312
12.768194000	34700
12.768240000	34700
12.768244000	36088
12.768304000	37476
12.768311000	38864
12.768346000	40252
12.768349000	41640
12.770058000	41640
12.770062000	43028
12.770125000	43028
12.770129000	44416
12.772987000	44416
12.772990000	45804
12.773039000	45804
12.773042000	47192
12.773092000	47192
12.773095000	48580
12.773146000	47192
12.773148000	48580
12.773200000	48580
12.773202000	49968
12.773252000	51356
12.773254000	52744
12.773307000	52744
12.773310000	54132
12.773396000	54132
12.773399000	55520
12.799127000	55520
12.799133000	56908
12.800096000	56908
12.800101000	58296
12.800136000	56908
12.800140000	58296
12.800234000	59684
12.800240000	61072
12.805031000	61072
12.805036000	62460
12.805068000	62460
12.805072000	63848
12.810035000	63848
12.810040000	65236
12.810074000	65236
12.810077000	66624
12.812982000	66624
12.812986000	68012
12.813005000	68012
12.813008000	69400
12.813116000	69400
12.813121000	70788
12.813265000	63848
12.813268000	65236
12.813346000	61072
12.813349000	62460
12.813400000	62460
12.813403000	63848
12.813453000	65236
12.813456000	66624
12.813506000	68012
12.813509000	69400
12.813560000	70788
12.813562000	72176
12.813614000	73564
12.813617000	74952
12.813668000	76340
12.813670000	77728
12.813721000	79116
12.813724000	80504
12.813775000	81892
12.813777000	83280
12.813829000	84668
12.813831000	86056
12.814957000	86056
12.814960000	87444
12.818024000	87444
12.818027000	88832
12.822080000	88832
12.822086000	90220
12.822117000	88832
12.822121000	90220
12.822175000	91608
12.822180000	92996
12.822988000	92996
12.822992000	94384
12.823028000	94384
12.823032000	95772
12.825097000	95772
12.825102000	97160
12.825137000	95772
12.825141000	97160
12.825264000	98548
12.825276000	99936
12.829998000	99936
12.830001000	101324
12.831012000	99936
12.831016000	101324
12.831043000	97160
12.831045000	98548
12.831093000	99936
12.831096000	101324
12.831147000	102712
12.831150000	104100
12.831199000	105488
12.831202000	106876
12.831251000	108264
12.831255000	109652
12.840096000	108264
12.840101000	109652
12.840133000	108264
12.840136000	109652
12.840231000	111040
12.840237000	112428
12.840318000	113816
12.840326000	115204
12.845049000	109652
12.845054000	111040
12.845056000	112428
12.845089000	111040
12.845092000	112428
12.845095000	113816
12.845206000	115204
12.845209000	116592
12.845213000	117980
12.845252000	119368
12.845255000	120756
12.845258000	122144
12.845350000	123532
12.845356000	124920
12.846054000	123532
12.846059000	124920
12.846062000	126308
12.846085000	122144
12.846088000	123532
12.846091000	124920
12.846161000	126308
12.846165000	127696
12.846168000	129084
12.846212000	130472
12.846215000	131860
12.846218000	133248
12.860019000	133248
12.860023000	134636
12.865023000	134636
12.865030000	136024
12.865045000	136024
12.865069000	136024
12.865073000	137412
12.865077000	138800
12.866005000	138800
12.866010000	140188
12.866022000	140188
12.866056000	140188
12.866060000	141576
12.866064000	142964
12.866104000	141576
12.866108000	142964
12.866112000	144352
12.866160000	145740
12.870086000	145740
12.870091000	147128
12.870100000	147128
12.870127000	148516
12.873117000	148516
12.873122000	149904
12.873131000	149904
12.873149000	149904
12.873152000	151292
12.873155000	152680
12.873310000	152680
12.873315000	154068
12.873325000	154068
12.873521000	147128
12.873525000	148516
12.873528000	149904
12.873621000	140188
12.873624000	141576
12.873627000	142964
12.873670000	144352
12.873673000	145740
12.873676000	147128
12.873724000	148516
12.873726000	149904
12.873729000	151292
12.873777000	152680
12.873780000	154068
12.873783000	155456
12.873830000	156844
12.873833000	158232
12.873836000	159620
12.873883000	161008
12.873886000	162396
12.873890000	163784
12.873935000	165172
12.873938000	166560
12.873941000	167948
12.874008000	169336
12.874011000	170724
12.874014000	172112
12.874056000	173500
12.874059000	174888
12.874974000	174888
12.874977000	176276
12.876039000	176276
12.876043000	177664
12.878039000	177664
12.878042000	179052
12.878091000	179052
12.878094000	180440
12.878101000	180440
12.878146000	180440
12.878148000	181828
12.878151000	183216
12.878197000	181828
12.878200000	183216
12.878202000	184604
12.878253000	177664
12.878255000	179052
12.878258000	180440
12.878304000	179052
12.878307000	180440
12.878310000	181828
12.878316000	181828
12.878358000	181828
12.878361000	183216
12.878363000	184604
12.878366000	185992
12.878410000	187380
12.878413000	188768
12.878415000	190156
12.878418000	191544
12.878463000	192932
12.878466000	194320
12.878468000	195708
12.878471000	197096
12.878517000	198484
12.878519000	199872
12.885057000	198484
12.885062000	199872
12.885065000	201260
12.885068000	202648
12.885090000	201260
12.885093000	202648
12.885096000	204036
12.885099000	205424
12.888039000	204036
12.888043000	205424
12.888047000	206812
12.888051000	208200
12.888086000	206812
12.888090000	208200
12.888094000	209588
12.888098000	210976
12.888150000	206812
12.888154000	208200
12.888158000	209588
12.888161000	210976
12.888203000	206812
12.888207000	208200
12.888211000	209588
12.888215000	210976
12.888251000	209588
12.888255000	210976
12.888259000	212364
12.888263000	213752
12.888308000	209588
12.888311000	210976
12.888315000	212364
12.888319000	213752
12.888359000	209588
12.888364000	210976
12.888368000	212364
12.888371000	213752
12.888408000	212364
12.888412000	213752
12.888415000	215140
12.888419000	216528
12.888423000	217916
12.888538000	219304
12.888542000	220692
12.888546000	222080
12.888550000	223468
12.888554000	224856
12.888590000	226244
12.888594000	227632
12.888598000	229020
12.888602000	230408
12.888630000	231796
12.888634000	233184
12.888638000	234572
12.888641000	235960
12.888730000	237348
12.888736000	238736
12.889047000	237348
12.889052000	238736
12.889055000	240124
12.889057000	241512
12.889068000	240124
12.889088000	235960
12.889091000	237348
12.889094000	238736
12.889096000	240124
12.889162000	238736
12.889165000	240124
12.889168000	241512
12.889170000	242900
12.889173000	244288
12.889234000	242900
12.889237000	244288
12.889240000	245676
12.889242000	247064
12.889245000	248452
12.889285000	249840
12.889287000	251228
12.889290000	252616
12.889292000	254004
12.889295000	255392
12.889991000	254004
12.889993000	255392
12.889996000	256780
12.889998000	258168
12.893062000	256780
12.893067000	258168
12.893069000	259556
12.893072000	260944
12.893083000	259556
12.893094000	256780
12.893108000	258168
12.893110000	259556
12.893113000	260944
12.893116000	262332
12.893206000	263720
12.893212000	265108
12.893215000	266496
12.893218000	267884
12.895017000	267884
12.895022000	269272
12.900033000	269272
12.900048000	270660
12.900062000	270660
12.900066000	272048
12.900076000	272048
12.900080000	273436
12.900118000	272048
12.900122000	273436
12.900125000	274824
12.900128000	276212
12.905085000	276212
12.905089000	277600
12.905100000	277600
12.905103000	278988
12.908011000	278988
12.908016000	280376
12.908027000	280376
12.908030000	281764
12.910008000	281764
12.910013000	283152
12.910023000	283152
12.910026000	284540
12.910033000	284540
12.910035000	285928
12.910062000	285928
12.910065000	287316
12.910138000	287316
12.910144000	288704
12.913034000	288704
12.913037000	290092
12.913045000	290092
12.913048000	291480
12.913055000	291480
12.913058000	292868
12.913183000	292868
12.913188000	294256
12.913198000	294256
12.913201000	295644
12.913209000	295644
12.913212000	297032
12.918090000	297032
12.918096000	298420
12.918105000	298420
12.918108000	299808
12.918120000	299808
12.918125000	301196
12.918149000	301196
12.918152000	302584
12.925014000	302584
12.925019000	303972
12.925029000	303972
12.925032000	305360
12.930059000	305360
12.930064000	306748
12.930075000	306748
12.930078000	308136
12.930085000	308136
12.930088000	309524
12.930161000	308136
12.930165000	309524
12.930168000	310912
12.930171000	312300
12.933041000	312300
12.933048000	313688
12.933062000	313688
12.933066000	315076
12.933076000	315076
12.933107000	313688
12.933110000	315076
12.933114000	316464
12.933118000	317852
12.933122000	319240
12.933168000	319240
12.933172000	320628
12.933183000	320628
12.933187000	322016
12.933197000	322016
12.933221000	320628
12.933225000	322016
12.933229000	323404
12.933232000	324792
12.933236000	326180
12.933284000	326180
12.933288000	327568
12.933298000	327568
12.933302000	328956
12.933312000	328956
12.933331000	328956
12.933336000	330344
12.933339000	331732
12.933394000	331732
12.933398000	333120
12.933409000	333120
12.933414000	334508
12.933424000	334508
12.933443000	334508
12.933447000	335896
12.933451000	337284
12.933505000	337284
12.933509000	338672
12.933561000	338672
12.933566000	340060
12.934971000	340060
12.934974000	341448
12.934982000	341448
12.934985000	342836
12.943111000	342836
12.943116000	344224
12.943129000	344224
12.943133000	345612
12.943144000	345612
12.943173000	345612
12.943177000	347000
12.943181000	348388
12.943189000	348388
12.943192000	349776
12.943246000	349776
12.943249000	351164
12.943255000	351164
12.943258000	352552
12.943533000	352552
12.943536000	353940
12.943544000	353940
12.943547000	355328
12.945015000	355328
12.945021000	356716
12.950051000	356716
12.950057000	358104
12.950068000	358104
12.950071000	359492
12.950079000	359492
12.950104000	356716
12.950107000	358104
12.950110000	359492
12.950113000	360880
12.950115000	362268
12.950205000	363656
12.950211000	365044
12.959194000	365044
12.959199000	366432
12.959208000	366432
12.959212000	367820
12.959218000	367820
12.959251000	363656
12.959254000	365044
12.959256000	366432
12.959259000	367820
12.959262000	369208
12.959322000	367820
12.959329000	369208
12.959332000	370596
12.959335000	371984
12.959338000	373372
12.959361000	371984
12.959365000	373372
12.959368000	374760
12.959371000	376148
12.959415000	373372
12.959419000	374760
12.959422000	376148
12.959425000	377536
12.959469000	376148
12.959473000	377536
12.959476000	378924
12.959479000	380312
12.959482000	381700
12.959527000	380312
12.959531000	381700
12.959534000	383088
12.959537000	384476
12.959578000	384476
12.959581000	385864
12.959584000	387252
12.959587000	388640
12.959589000	390028
12.959627000	390028
12.959629000	391416
12.959632000	392804
12.959641000	392804
12.959678000	392804
12.959681000	394192
12.959684000	395580
12.959692000	395580
12.959695000	396968
12.959732000	396968
12.959735000	398356
12.959742000	398356
12.959745000	399744
12.959784000	398356
12.959786000	399744
12.959789000	401132
12.959791000	402520
12.959841000	398356
12.959844000	399744
12.959846000	401132
12.959849000	402520
12.959852000	403908
12.959893000	402520
12.959897000	403908
12.959901000	405296
12.959904000	406684
12.959907000	408072
12.959944000	409460
12.959946000	410848
12.960155000	410848
12.960157000	412236
12.960160000	413624
12.960163000	415012
12.960173000	415012
12.960258000	415012
12.960313000	416400
12.960323000	417788
12.960370000	419176
12.960420000	420564
12.960529000	421952
12.960539000	423340
12.960585000	424728
12.960638000	426116
12.960691000	427504
12.960746000	428892
12.960799000	430280
12.960854000	431668
12.960911000	433056
12.960922000	434444
12.961014000	435832
12.961073000	437220
12.961084000	438608
12.961122000	439996
12.963139000	441384
12.963248000	442772
12.963259000	444160
12.963302000	445548
12.963356000	446936
12.963411000	448324
12.963465000	449712
12.963720000	451100
12.963731000	452488
12.963822000	453876
12.963834000	455264
12.963846000	456652
12.963934000	458040
12.963947000	459428
12.963959000	460816
12.963972000	462204
12.964005000	463592
12.964008000	464980
12.964066000	466368
12.965024000	467756
12.968175000	469144
12.968194000	470532
12.968273000	471920
12.968292000	473308
12.968385000	474696
12.968407000	474696
12.968500000	476084
12.968520000	477472
12.968548000	478860
12.968692000	480248
12.968712000	481636
12.968745000	483024
12.968846000	484412
12.968867000	485800
12.969014000	487188
12.969058000	488576
12.969126000	489964
12.969221000	491352
12.980068000	492740
12.980149000	494128
12.983116000	495516
12.983253000	495516
12.983311000	496904
12.983410000	498292
12.983428000	499680
12.983460000	501068
12.983584000	502456
12.983609000	503844
12.983636000	505232
12.983661000	506620
12.983744000	508008
12.983763000	509396
12.983849000	510784
12.984019000	512172
12.984070000	513560
12.984139000	514948
12.984167000	516336
12.988049000	517724
12.988075000	519112
12.988253000	520500
12.988277000	521888
12.988297000	523276
12.988318000	524664
12.990097000	526052
12.993075000	527440
12.993113000	528828
12.993146000	530216
12.993176000	531604
12.993217000	532992
12.993280000	534380
12.993313000	535768
12.993419000	537156
12.998086000	538544
12.998201000	539932
12.998224000	541320
12.998391000	542708
12.998788000	544096
12.998818000	545484
12.998843000	546872
13.000116000	548260
13.003034000	549648
13.003217000	551036
13.008116000	552424
13.008157000	553812
13.008268000	555200
13.008304000	556588
13.008414000	557976
13.013148000	559364
13.013190000	560752
13.013245000	562140
13.013298000	563528
13.013349000	564916
13.013652000	566304
13.013689000	567692
13.020112000	569080
13.020145000	570468
13.021169000	571856
13.021202000	573244
13.021229000	574632
13.021257000	576020
13.021436000	577408
13.021467000	578796
13.021495000	580184
13.021523000	581572
13.021552000	582960
13.021615000	584348
13.044045000	413624
13.044050000	415012
13.044053000	416400
13.044155000	417788
13.044170000	419176
13.044186000	419176
13.044200000	419176
13.044216000	420564
13.044989000	106876
13.045023000	108264
13.048149000	109652
13.048202000	111040
13.048208000	112428
13.048255000	113816
13.048262000	115204
13.048309000	116592
13.048315000	117980
13.048361000	119368
13.048417000	120756
13.048423000	122144
13.048469000	123532
13.048524000	124920
13.048531000	126308
13.048578000	127696
13.048632000	129084
13.048695000	130472
13.048701000	131860
13.048742000	133248
13.048751000	134636
13.048795000	136024
13.048848000	137412
13.048855000	138800
13.049103000	140188
13.049110000	141576
13.049156000	142964
13.049208000	144352
13.049215000	145740
13.049262000	147128
13.049269000	148516
13.049315000	149904
13.049368000	151292
13.049376000	152680
13.050010000	154068
13.050017000	155456
13.051013000	156844
13.051028000	158232
13.051061000	159620
13.053167000	161008
13.053175000	162396
13.053266000	163299
