9.726302000	1388
9.726310000	2776
9.726369000	4164
9.726372000	5552
9.726491000	6940
9.726494000	8328
9.726554000	9716
9.726557000	11104
9.726627000	12492
9.726629000	13880
9.770964000	13880
9.770967000	15268
9.771038000	15268
9.774720000	13880
9.774723000	15268
9.778371000	8328
9.778374000	9716
9.781970000	11104
9.781971000	12492
9.785593000	13880
9.785594000	15268
9.789242000	16656
9.789244000	18044
9.792856000	19432
9.792857000	20820
9.796473000	22208
9.796475000	23596
9.800099000	24984
9.800100000	26372
9.803748000	27760
9.807890000	27760
9.809519000	29148
9.810912000	29148
9.812480000	29148
9.812482000	30536
9.815436000	31924
9.816145000	31924
9.816147000	33312
9.818179000	33312
9.818180000	34700
9.826887000	34700
9.826890000	36088
9.828266000	36088
9.828268000	37476
9.831105000	36088
9.831107000	37476
9.833748000	38864
9.833749000	40252
9.836991000	40252
9.836995000	41640
9.839230000	41640
9.839231000	43028
9.844998000	43028
9.845001000	44416
9.846378000	38864
9.846380000	40252
9.849119000	40252
9.849121000	41640
9.851859000	40252
9.851860000	41640
9.854594000	43028
9.854595000	44416
9.856106000	44416
9.856986000	44416
9.856987000	45804
9.858688000	45804
9.858690000	47192
9.860290000	48580
9.861006000	48580
9.861888000	48580
9.861911000	49968
9.863489000	48580
9.863492000	49968
9.864968000	51356
9.864969000	52744
9.866449000	51356
9.866450000	52744
9.867927000	54132
9.867929000	55520
9.869471000	56908
9.896933000	56908
9.897703000	58296
9.897890000	58296
9.899154000	59684
9.902920000	59684
9.903662000	61072
9.905136000	61072
9.905140000	62460
9.905884000	59684
9.905886000	61072
9.907363000	59684
9.907364000	61072
9.908847000	62460
9.908852000	63848
9.910321000	65236
9.910322000	66624
9.911800000	58296
9.911801000	59684
9.913280000	58296
9.913281000	59684
9.914759000	61072
9.914760000	62460
9.916238000	55520
9.916239000	56908
9.917606000	43028
9.917607000	44416
9.918691000	45804
9.918692000	47192
9.919753000	48580
9.919754000	49968
9.920801000	51356
9.920802000	52744
9.920836000	54132
9.921863000	55520
9.921864000	56908
9.923386000	51356
9.923388000	52744
9.923962000	54132
9.923963000	55520
9.924997000	56908
9.924998000	58296
9.926031000	59684
9.926032000	61072
9.927072000	62460
9.927074000	63848
9.928099000	65236
9.928100000	66624
9.929135000	68012
9.929137000	69400
9.930196000	70788
9.930199000	72176
9.931200000	73564
9.931201000	74952
9.932234000	76340
9.932236000	77728
9.933270000	79116
9.933271000	80504
9.933377000	81892
9.934303000	83280
9.934304000	84668
9.935337000	86056
9.935338000	87444
9.936372000	88832
9.936373000	90220
9.938037000	91608
9.938038000	92996
9.938552000	94384
9.938553000	95772
9.939585000	90220
9.939587000	91608
9.940623000	92996
9.940625000	94384
9.941677000	95772
9.941679000	97160
9.942711000	98548
9.942712000	99936
9.943722000	101324
9.943723000	102712
9.944760000	104100
9.944763000	105488
9.945791000	106876
9.945792000	108264
9.946143000	106876
9.946822000	105488
9.946823000	106876
9.947858000	108264
9.947859000	109652
9.948892000	111040
9.950994000	109652
9.951513000	111040
9.952911000	111040
9.957865000	111040
9.959874000	111040
9.960393000	111040
9.960970000	111040
9.961492000	102712
9.961494000	104100
9.962523000	104100
9.962524000	105488
9.963557000	105488
9.963559000	106876
9.964591000	108264
9.964592000	109652
9.965626000	111040
9.965917000	111040
9.966661000	111040
9.967942000	111040
9.967950000	111040
9.971364000	111040
9.971411000	111040
9.971924000	108264
9.971924000	109652
9.972945000	111040
9.975940000	111040
9.976452000	106876
9.976453000	108264
9.977453000	109652
9.977454000	111040
9.978456000	111040
9.978457000	112428
9.979458000	113816
9.980955000	113816
9.981459000	112428
9.981460000	113816
9.982906000	113816
9.986072000	113816
9.986571000	109652
9.986572000	111040
9.987512000	112428
9.987518000	113816
9.988455000	112428
9.988457000	113816
9.988485000	115204
9.989394000	116592
9.989395000	117980
9.990348000	119368
9.990350000	120756
9.991254000	115204
9.991255000	116592
9.992142000	117980
9.992143000	119368
9.993031000	120756
9.993032000	122144
9.993919000	123532
9.993920000	124920
9.995925000	124920
9.995927000	126308
9.996397000	127696
9.996398000	129084
9.997283000	129084
9.997948000	130472
10.000907000	131860
10.000953000	133248
10.001401000	134636
10.001402000	136024
10.002217000	137412
10.002219000	138800
10.003033000	140188
10.003035000	141576
10.003068000	142964
10.004054000	144352
10.005958000	145740
10.006318000	147128
10.006319000	148516
10.007006000	149904
10.007006000	151292
10.007647000	152680
10.007648000	154068
10.008291000	155456
10.008293000	156844
10.008882000	158232
10.008884000	159620
10.009473000	161008
10.010949000	162396
10.012955000	163784
10.016514000	165172
10.016812000	166560
10.016813000	167948
10.017403000	169336
10.017404000	170724
10.020862000	172112
10.026234000	173500
10.031058000	174888
10.031233000	176276
10.032913000	177664
10.036116000	179052
10.036120000	180440
10.036418000	181828
10.036419000	183216
10.037013000	184604
10.037014000	184604
10.037604000	185992
10.041116000	187380
10.041414000	188768
10.041415000	190156
10.042007000	191544
10.042008000	192932
10.042600000	194320
10.042864000	195708
10.045920000	197096
10.048034000	198484
10.051163000	199872
10.051311000	201260
10.051611000	202648
10.051612000	204036
10.055989000	205424
10.056006000	206812
10.056306000	208200
10.056308000	209588
10.056309000	210976
10.056898000	212364
10.056899000	213752
10.057488000	215140
10.062580000	216528
10.062878000	217916
10.062879000	219304
10.063469000	220692
10.063470000	222080
10.064065000	223468
10.064067000	223468
10.064719000	224856
10.066936000	226244
10.067236000	227632
10.067239000	229020
10.067828000	230408
10.067830000	231796
10.068419000	233184
10.068421000	234572
10.069010000	235960
10.069012000	237348
10.069600000	238736
10.069602000	240124
10.070191000	241512
10.071252000	242900
10.071259000	244288
10.071572000	185992
10.071573000	187380
10.072147000	188768
10.072148000	190156
10.072737000	191544
10.072739000	192932
10.073348000	194320
10.073350000	195708
10.076012000	197096
10.076015000	198484
10.076312000	199872
10.076313000	201260
10.076898000	202648
10.076899000	202648
10.077484000	204036
10.077485000	205424
10.078075000	206812
10.078077000	208200
10.078658000	209588
10.078659000	210976
10.079246000	212364
10.079247000	213752
10.079855000	215140
10.079857000	216528
10.079858000	217916
10.080425000	219304
10.080426000	220692
10.081006000	222080
10.081007000	223468
10.081592000	224856
10.081593000	226244
10.082168000	227632
10.082169000	229020
10.082744000	230408
10.082749000	231796
10.083317000	233184
10.083319000	234572
10.083913000	235960
10.083915000	237348
10.084465000	238736
10.084466000	240124
10.085040000	241512
10.085041000	242900
10.085615000	244288
10.085616000	245676
10.086190000	247064
10.086191000	248452
10.086764000	249840
10.086765000	251228
10.086766000	252616
10.087335000	254004
10.087336000	255392
10.087902000	256780
10.087903000	258168
10.088470000	259556
10.088471000	260944
10.089041000	262332
10.089042000	263720
10.089609000	265108
10.089611000	266496
10.090180000	267884
10.090182000	269272
10.090749000	270660
10.090750000	272048
10.091316000	273436
10.091318000	274824
10.091886000	276212
10.091888000	277600
10.092453000	278988
10.092454000	280376
10.093022000	281764
10.093022000	283152
10.093590000	284540
10.096182000	244288
10.096185000	245676
10.096471000	247064
10.096472000	248452
10.097041000	249840
10.097043000	251228
10.097641000	252616
10.097644000	254004
10.098203000	255392
10.098205000	256780
10.098752000	258168
10.098754000	259556
10.099347000	260944
10.099349000	262332
10.099892000	263720
10.099909000	265108
10.100522000	266496
10.100525000	267884
10.101030000	269272
10.101032000	270660
10.101597000	272048
10.101599000	273436
10.102166000	274824
10.102168000	276212
10.102732000	277600
10.102734000	278988
10.116422000	247064
10.116709000	248452
10.116711000	249840
10.117277000	251228
10.117278000	252616
10.117849000	254004
10.117851000	255392
10.118420000	256780
10.118423000	258168
10.119008000	259556
10.119010000	260944
10.119578000	262332
10.119581000	263720
10.120147000	265108
10.120150000	266496
10.120696000	267884
10.120699000	269272
10.121262000	270660
10.121264000	272048
10.121833000	273436
10.121834000	274824
10.122399000	276212
10.122400000	277600
10.122968000	278988
10.122970000	280376
10.122971000	281764
10.123538000	283152
10.123540000	284540
10.124138000	285928
10.124141000	287316
10.124679000	288704
10.124681000	290092
10.125267000	291480
10.125270000	292868
10.125812000	294256
10.125814000	295644
10.126387000	297032
10.126388000	298420
10.126950000	299808
10.126951000	301196
10.127518000	302584
10.127518000	303972
10.128087000	305360
10.128089000	306748
10.128661000	308136
10.128664000	309524
10.129248000	310912
10.129250000	312300
10.129796000	313688
10.129797000	315076
10.130364000	316464
10.130948000	317852
10.130966000	319240
10.131283000	192932
10.131286000	194320
10.150989000	194320
10.151026000	194320
10.152902000	194320
10.152912000	194320
10.156103000	194320
10.156110000	194320
10.156399000	187380
10.156400000	188768
10.156967000	184604
10.156968000	185992
10.157537000	187380
10.157539000	188768
10.158107000	190156
10.158110000	191544
10.158678000	192932
10.158682000	194320
10.160925000	194320
10.160947000	194320
10.161258000	187380
10.161259000	188768
10.161803000	188768
10.161804000	190156
10.161806000	191544
10.162371000	192932
10.162372000	194320
10.162943000	195708
10.162944000	197096
10.164029000	197096
10.164034000	198484
10.164332000	199872
10.167861000	201260
10.168150000	202648
10.168959000	204036
10.169247000	205424
10.169248000	206812
10.169817000	208200
10.172902000	209588
10.173190000	210976
10.177135000	212364
10.177424000	213752
10.177425000	215140
10.178000000	216528
10.178001000	217916
10.178500000	219304
10.178501000	220692
10.179002000	222080
10.179003000	223468
10.179003000	224856
10.179561000	226244
10.179564000	227632
10.180008000	229020
10.180009000	230408
10.180517000	231796
10.180520000	233184
10.181018000	234572
10.181020000	235960
10.181516000	237348
10.181517000	238736
10.181961000	240124
10.181962000	241512
10.182334000	242900
10.182335000	244288
10.182697000	245676
10.182699000	247064
10.183059000	248452
10.183061000	249840
10.183422000	251228
10.183423000	252616
10.183782000	254004
10.183783000	255392
10.184166000	256780
10.184168000	258168
10.184169000	259556
10.184528000	260944
10.184530000	262332
10.184890000	263720
10.184892000	265108
10.185232000	266496
10.185233000	267884
10.185595000	269272
10.185596000	270660
10.185960000	272048
10.185962000	273436
10.186318000	274824
10.186320000	276212
10.186664000	277600
10.186665000	278988
10.187007000	280376
10.187009000	281764
10.187351000	283152
10.187353000	284540
10.187708000	285928
10.187709000	287316
10.188038000	288704
10.188040000	290092
10.188384000	291480
10.188385000	292868
10.188386000	294256
10.188748000	295644
10.188749000	297032
10.189099000	298420
10.189100000	299808
10.189413000	301196
10.189414000	302584
10.189759000	303972
10.189761000	305360
10.190101000	306748
10.190102000	308136
10.190445000	309524
10.190449000	310912
10.190790000	312300
10.190791000	313688
10.191135000	315076
10.191135000	316464
10.191470000	317852
10.191472000	319240
10.191783000	320628
10.191784000	322016
10.192098000	323404
10.192099000	324792
10.192415000	326180
10.192416000	327568
10.192417000	328956
10.192730000	330344
10.192731000	331732
10.193066000	333120
10.193067000	334508
10.193360000	335896
10.193361000	337284
10.193702000	338672
10.193704000	340060
10.194032000	341448
10.194034000	342836
10.194305000	344224
10.194307000	345612
10.194662000	347000
10.194663000	348388
10.194936000	349776
10.194938000	351164
10.195273000	352552
10.195275000	353940
10.195590000	355328
10.195591000	356716
10.195882000	358104
10.195884000	359492
10.196198000	360880
10.196200000	362268
10.196201000	363656
10.196514000	365044
10.196515000	366432
10.196827000	367820
10.196828000	369208
10.197143000	370596
10.197144000	371984
10.197457000	373372
10.197458000	374760
10.197773000	376148
10.197774000	377536
10.198108000	378924
10.198109000	380312
10.198427000	381700
10.198428000	383088
10.198739000	384476
10.198741000	385864
10.199055000	387252
10.199056000	388640
10.199370000	390028
10.199371000	391416
10.199691000	392804
10.199692000	394192
10.199980000	395580
10.199981000	396968
10.199981000	398356
10.200297000	399744
10.200298000	401132
10.200610000	402520
10.200612000	403908
10.200966000	405296
10.200968000	406684
10.201240000	408072
10.201241000	409460
10.201555000	410848
10.201556000	412236
10.201870000	413624
10.201870000	415012
10.202187000	416400
10.202188000	417788
10.202522000	419176
10.202523000	420564
10.202817000	421952
10.202819000	423340
10.203130000	424728
10.203132000	426116
10.203446000	427504
10.203447000	428892
10.203763000	430280
10.203765000	431668
10.204077000	433056
10.204079000	434444
10.204080000	435832
10.204413000	437220
10.204415000	438608
10.204707000	439996
10.204708000	441384
10.205043000	442772
10.205044000	444160
10.205361000	445548
10.205362000	446936
10.205672000	448324
10.205674000	449712
10.205988000	451100
10.205990000	452488
10.206303000	453876
10.206305000	455264
10.206624000	456652
10.206625000	458040
10.206914000	459428
10.206915000	460816
10.207230000	462204
10.207231000	463592
10.207544000	464980
10.207545000	466368
10.207859000	467756
10.207860000	469144
10.207863000	470532
10.208174000	471920
10.208175000	473308
10.208530000	474696
10.208532000	476084
10.208804000	477472
10.208806000	478860
10.209120000	480248
10.209121000	481636
10.209435000	483024
10.209436000	484412
10.209750000	485800
10.209752000	487188
10.210065000	488576
10.210066000	489964
10.210401000	491352
10.210402000	492740
10.210697000	494128
10.210699000	495516
10.211011000	496904
10.211013000	498292
10.211325000	499680
10.211326000	501068
10.211640000	502456
10.211641000	503844
10.221149000	308136
10.221310000	302584
10.221311000	303972
10.221635000	303972
10.221636000	305360
10.221939000	306748
10.221940000	308136
10.222254000	309524
10.222254000	310912
10.222568000	312300
10.222569000	313688
10.222884000	312300
10.222885000	313688
10.223200000	315076
10.223201000	316464
10.223516000	317852
10.223517000	319240
10.223829000	320628
10.223831000	322016
10.224146000	323404
10.224147000	324792
10.224460000	326180
10.224461000	327568
10.224777000	328956
10.224783000	330344
10.224784000	331732
10.225093000	333120
10.225095000	334508
10.225410000	335896
10.225412000	337284
10.225724000	338672
10.225726000	340060
10.226038000	335896
10.226040000	337284
10.226352000	324792
10.226352000	326180
10.226666000	327568
10.226667000	328956
10.226982000	330344
10.226982000	331732
10.227318000	333120
10.227319000	334508
10.227633000	335411
10.265940000	86959
10.265950000	86959
10.266041000	86959
