22.788798000	1408
22.788801000	2816
22.788825000	4224
22.788826000	5632
22.788876000	7040
22.788877000	8448
22.788928000	9856
22.788929000	11264
22.788980000	12672
22.788982000	14080
22.970204000	14080
22.970206000	15488
22.970242000	12672
22.970243000	14080
22.970293000	14080
22.970294000	15488
22.970302000	14080
22.970348000	12672
22.970350000	14080
22.970398000	15488
22.970399000	16896
22.970449000	18304
22.970450000	19712
22.970502000	21120
22.970503000	22528
22.970555000	23936
22.970556000	25344
22.970608000	26752
22.971146000	25344
22.971148000	26752
23.152327000	26752
23.152328000	28160
23.152454000	21120
23.152455000	22528
23.152522000	23936
23.152523000	25344
23.152599000	26752
23.152600000	28160
23.152683000	29568
23.152683000	30976
23.152728000	32384
23.152729000	33792
23.152782000	35200
23.152783000	36608
23.160225000	36608
23.160227000	38016
23.160297000	36608
23.160298000	38016
23.160375000	39424
23.160377000	40832
23.167352000	40832
23.167355000	42240
23.167424000	32384
23.167425000	33792
23.167497000	35200
23.167498000	36608
23.167549000	38016
23.167550000	39424
23.167599000	40832
23.167600000	42240
23.167651000	43648
23.167652000	45056
23.167703000	46464
23.167704000	47872
23.167760000	49280
23.167764000	50688
23.167809000	52096
23.167809000	53504
23.348305000	53504
23.348306000	54912
23.348348000	50688
23.348350000	52096
23.348394000	53504
23.348394000	54912
23.348448000	56320
23.348449000	57728
23.348497000	59136
23.348498000	60544
23.349305000	60544
23.349306000	61952
23.349355000	50688
23.349356000	52096
23.349406000	53504
23.349407000	54912
23.349457000	56320
23.349458000	57728
23.349511000	59136
23.349512000	60544
23.349561000	61952
23.349562000	63360
23.349614000	64768
23.349615000	66176
23.349664000	67584
23.349665000	68992
23.349718000	70400
23.349718000	71808
23.349768000	73216
23.349769000	74624
23.350174000	74624
23.350175000	76032
23.350236000	68992
23.350238000	70400
23.350276000	70400
23.350277000	71808
23.350328000	73216
23.350329000	74624
23.350380000	76032
23.350381000	77440
23.350433000	78848
23.350433000	80256
23.350484000	81664
23.350485000	83072
23.350537000	84480
23.350538000	85888
23.351132000	85888
23.351133000	87296
23.351182000	84480
23.351183000	85888
23.351236000	87296
23.351238000	88704
23.351286000	90112
23.351287000	91520
23.357247000	91520
23.357249000	92928
23.357281000	87296
23.357282000	88704
23.357333000	90112
23.357334000	91520
23.357385000	92928
23.357386000	94336
23.357438000	95744
23.357439000	97152
23.357490000	98560
23.357491000	99968
23.365188000	99968
23.365190000	101376
23.372294000	101376
23.372296000	102784
23.372348000	101376
23.372350000	102784
23.372385000	104192
23.372386000	105600
23.411312000	105600
23.411314000	107008
23.547193000	105600
23.547194000	107008
23.547258000	105600
23.547260000	107008
23.547320000	108416
23.547321000	109824
23.547372000	111232
23.547373000	112640
23.555273000	111232
23.555275000	112640
23.555341000	114048
23.555342000	115456
23.564208000	115456
23.564209000	116864
23.587220000	116864
23.587222000	118272
23.587285000	116864
23.587286000	118272
23.587332000	119680
23.587333000	121088
23.588177000	121088
23.588179000	122496
23.588248000	122496
23.588250000	123904
23.588337000	123904
23.588338000	125312
23.588382000	122496
23.588383000	123904
23.588434000	125312
23.588435000	126720
23.588486000	128128
23.588487000	129536
23.589175000	129536
23.589176000	130944
23.589272000	128128
23.589276000	129536
23.589329000	130944
23.589330000	132352
23.589380000	133760
23.589381000	135168
23.594240000	135168
23.594241000	136576
23.594289000	133760
23.594290000	135168
23.594341000	136576
23.594342000	137984
23.594393000	139392
23.594394000	140800
23.617250000	140800
23.617251000	142208
23.617313000	133760
23.617314000	135168
23.617391000	136576
23.617393000	137984
23.617470000	139392
23.617472000	140800
23.617520000	142208
23.617521000	143616
23.617572000	145024
23.617573000	146432
23.617624000	147840
23.617625000	149248
23.617677000	150656
23.617678000	152064
23.618252000	152064
23.618253000	153472
23.618295000	150656
23.618296000	152064
23.618347000	153472
23.618348000	154880
23.618399000	156288
23.618400000	157696
23.624200000	157696
23.624202000	159104
23.624241000	152064
23.624243000	153472
23.624249000	153472
23.625173000	154880
23.626175000	156288
23.641260000	157696
23.641264000	159104
23.641326000	160512
23.641328000	161920
23.641411000	163328
23.641413000	164736
23.641490000	166144
23.641494000	167552
23.642274000	168960
23.642278000	170368
23.642360000	171776
23.642362000	173184
23.643153000	173184
23.643156000	173184
23.643249000	174592
23.715303000	176000
23.787321000	177408
23.787323000	178816
23.788261000	180224
23.803237000	181632
23.803242000	183040
23.803269000	184448
23.803270000	185856
23.803323000	187264
23.803324000	188672
23.804259000	190080
23.804262000	191488
23.820323000	192896
23.827379000	194304
23.827381000	195712
23.828182000	197120
23.828187000	198528
23.828229000	199936
23.829164000	201344
23.829167000	202752
23.829234000	204160
23.844238000	205568
23.844242000	206976
23.844278000	208384
23.844455000	209792
23.845247000	211200
23.845254000	212608
23.845292000	214016
23.860262000	215424
23.860265000	216832
23.867306000	218240
23.867309000	219648
23.867374000	221056
23.868340000	222464
23.868344000	223872
23.868418000	225280
23.869252000	226688
23.869260000	228096
23.877111000	229504
23.884170000	230912
23.884179000	232320
23.884354000	233728
23.884358000	235136
23.884429000	236544
23.885215000	206976
23.885257000	208384
23.885293000	209792
23.885296000	211200
23.893323000	212608
23.893328000	214016
23.893391000	215424
23.900386000	216832
23.900390000	218240
23.900419000	219648
23.901233000	219648
23.901234000	221056
23.901275000	80256
23.901276000	81664
23.901326000	83072
23.901327000	84480
23.901407000	85888
23.901409000	87296
23.901486000	88704
23.901488000	90112
23.901566000	91520
23.901567000	92928
23.901644000	94336
23.901646000	95744
23.901728000	97152
23.901730000	98560
23.901807000	99968
23.901809000	101376
23.901856000	102784
23.901857000	104192
23.901908000	105600
23.901909000	107008
23.901960000	108416
23.901961000	109824
23.902012000	111232
23.902013000	112640
23.902065000	114048
23.902068000	115456
23.902128000	116864
23.902128000	118272
23.902179000	119680
23.943280000	119680
24.064315000	119680
24.064319000	119680
24.064379000	118272
24.064381000	119680
24.080361000	119680
24.080365000	119680
24.080398000	119680
24.080399000	121088
24.087228000	121088
24.087231000	121088
24.087298000	119680
24.087300000	121088
24.088152000	119680
24.088153000	121088
24.089203000	119680
24.089204000	121088
24.097323000	119680
24.097325000	121088
24.097396000	122496
24.104187000	121088
24.104189000	122496
24.104263000	118272
24.104264000	119680
24.104331000	121088
24.104333000	122496
24.105214000	121088
24.105216000	122496
24.113168000	121088
24.113170000	122496
24.120216000	121088
24.120217000	122496
24.120284000	118272
24.120285000	119680
24.120374000	121088
24.120375000	122496
24.120443000	123904
24.128151000	122496
24.128165000	123904
24.135283000	122496
24.135284000	123904
24.135344000	111232
24.135346000	112640
24.135417000	114048
24.135418000	115456
24.135492000	116864
24.135493000	118272
24.135544000	119680
24.135544000	121088
24.135596000	122496
24.135597000	123904
24.135648000	125312
24.158298000	125312
24.158302000	125312
24.158375000	112640
24.158376000	114048
24.158421000	115456
24.158422000	116864
24.158474000	118272
24.158475000	119680
24.158524000	121088
24.158525000	122496
24.158577000	123904
24.158577000	125312
24.158629000	126720
24.180188000	126720
24.180193000	126720
24.180255000	126720
24.195310000	126720
24.195317000	126720
24.195347000	108416
24.195349000	109824
24.195400000	111232
24.195402000	112640
24.195453000	114048
24.195454000	115456
24.195506000	116864
24.195507000	118272
24.195558000	119680
24.195559000	121088
24.195610000	122496
24.195612000	123904
24.195663000	125312
24.195664000	126720
24.195715000	128128
24.196156000	128128
24.196162000	128128
24.196244000	123904
24.196246000	125312
24.196271000	126720
24.196273000	128128
24.222218000	128128
24.342138000	128128
24.342141000	129536
24.342230000	129536
24.350152000	129536
24.357184000	129536
24.357355000	129536
24.357358000	129536
24.357400000	125312
24.357402000	126720
24.357451000	128128
24.357452000	129536
24.358136000	129536
24.358141000	129536
24.380180000	129536
24.380182000	130944
24.387211000	130944
24.387376000	130944
24.387382000	130944
24.387423000	126720
24.387424000	128128
24.387474000	129536
24.387475000	130944
24.388245000	130944
24.388256000	130944
24.388294000	128128
24.388295000	129536
24.388345000	130944
24.388347000	132352
24.389208000	132352
24.397125000	132352
24.404274000	132352
24.404279000	132352
24.404312000	128128
24.404313000	129536
24.404363000	130944
24.404365000	132352
24.413239000	132352
24.420292000	132352
24.420297000	132352
24.420334000	132352
24.420387000	132352
24.420396000	132352
24.420439000	130944
24.420440000	132352
24.420492000	133760
24.421238000	133760
24.421242000	133760
24.421285000	133760
24.429165000	133760
24.436214000	133760
24.436222000	133760
24.436254000	126720
24.436256000	128128
24.436306000	129536
24.436308000	130944
24.436360000	132352
24.436361000	133760
24.436417000	133760
24.436420000	133760
24.436466000	133760
24.437169000	133760
24.437173000	133760
24.437215000	132352
24.437217000	133760
24.437270000	133760
24.437275000	135168
24.437320000	132352
24.437321000	133760
24.437372000	135168
24.438116000	135168
24.446208000	135168
24.446213000	135168
24.453285000	135168
24.453290000	135168
24.453315000	132352
24.453317000	133760
24.453367000	135168
24.454124000	135168
24.454229000	135168
24.454233000	135168
24.469282000	135168
24.469288000	135168
24.469320000	125312
24.469321000	126720
24.469374000	128128
24.469375000	129536
24.469425000	130944
24.469426000	132352
24.469477000	133760
24.469479000	135168
24.469531000	136576
24.470224000	136576
24.470227000	136576
24.470275000	133760
24.470276000	135168
24.470327000	136576
24.501244000	136576
24.594450000	136576
24.594456000	136576
24.594480000	130944
24.594481000	132352
24.594531000	133760
24.594533000	135168
24.594583000	136576
24.594585000	137984
24.595214000	137984
24.595224000	137984
24.595262000	132352
24.595264000	133760
24.595313000	135168
24.595315000	136576
24.595365000	137984
24.620292000	137984
24.620298000	137984
24.620330000	137984
24.627266000	137984
24.627366000	137984
24.627368000	139392
24.627415000	125312
24.627417000	126720
24.627467000	128128
24.627468000	129536
24.627519000	130944
24.627521000	132352
24.627571000	133760
24.627573000	135168
24.627623000	136576
24.627624000	137984
24.627675000	139392
24.628203000	139392
24.628208000	139392
24.628252000	128128
24.628253000	129536
24.628303000	130944
24.628305000	132352
24.628356000	133760
24.628357000	135168
24.628409000	135168
24.628410000	136576
24.628459000	135168
24.628461000	136576
24.628512000	137984
24.628513000	139392
24.628563000	140800
24.637260000	140800
24.637266000	140800
24.637299000	130944
24.637301000	132352
24.637351000	133760
24.637352000	135168
24.637402000	136576
24.637404000	137984
24.637454000	139392
24.637456000	140800
24.660158000	140800
24.660164000	140800
24.660196000	140800
24.667296000	140800
24.667301000	140800
24.667337000	126720
24.667339000	128128
24.667389000	129536
24.667390000	130944
24.667441000	132352
24.667443000	133760
24.667494000	135168
24.667495000	136576
24.667546000	137984
24.667548000	139392
24.667601000	140800
24.667603000	142208
24.668323000	142208
24.668328000	142208
24.668412000	135168
24.668414000	136576
24.668427000	136576
24.668477000	130944
24.668479000	132352
24.668529000	133760
24.668530000	135168
24.668582000	136576
24.668583000	137984
24.668634000	139392
24.668635000	140800
24.668687000	142208
24.669278000	142208
24.669282000	142208
24.669327000	132352
24.669329000	133760
24.669378000	135168
24.669379000	136576
24.669430000	137984
24.669431000	139392
24.669481000	140800
24.669483000	142208
24.670151000	142208
24.670155000	142208
24.670200000	135168
24.670202000	136576
24.670251000	137984
24.670253000	139392
24.670304000	140800
24.670305000	142208
24.670356000	143616
24.677215000	143616
24.677220000	143616
24.685225000	143616
24.692178000	143616
24.692277000	143616
24.692281000	143616
24.692329000	133760
24.692331000	135168
24.692381000	136576
24.692383000	137984
24.692434000	139392
24.692436000	140800
24.692487000	142208
24.692488000	143616
24.693127000	143616
24.693131000	143616
24.693179000	142208
24.693180000	143616
24.693288000	143616
24.693292000	142208
24.693340000	137984
24.693341000	139392
24.693392000	140800
24.693394000	142208
24.693445000	143616
24.720219000	142208
24.720221000	143616
24.720256000	139392
24.720258000	140800
24.720308000	142208
24.720309000	143616
24.720360000	145024
24.727341000	143616
24.727344000	145024
24.727386000	118272
24.727388000	119680
24.727438000	121088
24.727439000	122496
24.727489000	123904
24.727491000	125312
24.727541000	126720
24.727543000	128128
24.727594000	129536
24.727595000	130944
24.727646000	132352
24.727647000	133760
24.727698000	135168
24.727699000	136576
24.727757000	137984
24.727779000	139392
24.727807000	140800
24.727809000	142208
24.727860000	143616
24.727862000	145024
24.728197000	143616
24.728199000	145024
24.728256000	137984
24.728258000	139392
24.728311000	140800
24.728313000	142208
24.728363000	143616
24.728365000	145024
24.736135000	143616
24.736137000	145024
24.743184000	143616
24.743187000	145024
24.743228000	137984
24.743230000	139392
24.743280000	140800
24.743282000	142208
24.743333000	143616
24.743335000	145024
24.744228000	143616
24.744230000	145024
24.752235000	143616
24.752238000	145024
24.759198000	143616
24.759200000	145024
24.759241000	140800
24.759242000	142208
24.759294000	140800
24.759295000	142208
24.759344000	132352
24.759346000	133760
24.759397000	135168
24.759398000	136576
24.759449000	137984
24.759450000	139392
24.759502000	140800
24.759503000	142208
24.759554000	143616
24.759555000	145024
24.759606000	146432
24.760139000	145024
24.760141000	146432
24.760190000	142208
24.760191000	143616
24.760242000	145024
24.760243000	146432
24.776176000	145024
24.776178000	146432
24.783142000	145024
24.783144000	146432
24.783185000	145024
24.783186000	146432
24.783292000	145024
24.783294000	146432
24.783342000	133760
24.783343000	135168
24.783393000	136576
24.783395000	137984
24.783446000	139392
24.783447000	140800
24.783498000	142208
24.783499000	143616
24.783549000	145024
24.783551000	146432
24.790263000	145024
24.790265000	146432
24.790305000	133760
24.790306000	135168
24.790358000	136576
24.790362000	137984
24.790410000	139392
24.790412000	140800
24.790462000	142208
24.790463000	143616
24.790514000	145024
24.790515000	146432
24.790567000	147723
