13.101024000	1408
13.101027000	2816
13.101054000	4224
13.101056000	5632
13.101104000	7040
13.101106000	8448
13.101157000	9856
13.101158000	11264
13.101209000	12672
13.101210000	14080
13.153385000	14080
13.153388000	15488
13.153418000	14080
13.153420000	15488
13.153470000	16896
13.153471000	18304
13.160324000	19712
13.160329000	21120
13.160333000	21120
13.160365000	12672
13.160367000	14080
13.160417000	15488
13.160419000	16896
13.160470000	18304
13.160471000	19712
13.160522000	21120
13.160523000	22528
13.213417000	22528
13.213419000	23936
13.213457000	22528
13.213459000	23936
13.213509000	25344
13.213510000	26752
13.220380000	26752
13.220382000	28160
13.220419000	25344
13.220420000	26752
13.220486000	28160
13.220488000	29568
13.220539000	29568
13.220540000	30976
13.220595000	23936
13.220597000	25344
13.220641000	26752
13.220642000	28160
13.220692000	29568
13.220693000	30976
13.220744000	32384
13.220745000	33792
13.220796000	35200
13.220797000	36608
13.220848000	38016
13.220849000	39424
13.220900000	40832
13.220901000	42240
13.221408000	42240
13.221409000	43648
13.221459000	43648
13.221460000	45056
13.253364000	45056
13.253366000	46464
13.253400000	45056
13.253401000	46464
13.253452000	47872
13.253453000	49280
13.260405000	49280
13.260406000	50688
13.260445000	45056
13.260447000	46464
13.260505000	47872
13.260508000	49280
13.260549000	50688
13.260553000	52096
13.260601000	53504
13.260603000	54912
13.260653000	56320
13.260655000	57728
13.275472000	57728
13.275474000	59136
13.275510000	53504
13.275512000	54912
13.275564000	54912
13.275565000	56320
13.275629000	52096
13.275631000	53504
13.275667000	54912
13.275668000	56320
13.275719000	57728
13.275720000	59136
13.275771000	60544
13.275772000	61952
13.275823000	63360
13.275824000	64768
13.275877000	66176
13.275879000	67584
13.275927000	68992
13.275928000	70400
13.275979000	71808
13.275980000	73216
13.276410000	73216
13.276412000	74624
13.276490000	67584
13.276491000	68992
13.276517000	70400
13.276518000	71808
13.276569000	73216
13.276570000	74624
13.276620000	76032
13.276622000	77440
13.276673000	78848
13.276674000	80256
13.276725000	81664
13.276726000	83072
13.283389000	83072
13.283391000	84480
13.283430000	80256
13.283431000	81664
13.283482000	83072
13.283483000	84480
13.283533000	85888
13.283535000	87296
13.283586000	88704
13.283588000	90112
13.293321000	90112
13.293323000	91520
13.293360000	90112
13.293362000	91520
13.293412000	92928
13.293413000	94336
13.300474000	94336
13.300478000	95744
13.300510000	88704
13.300512000	90112
13.300556000	91520
13.300557000	92928
13.300608000	94336
13.300610000	95744
13.300661000	97152
13.300662000	98560
13.300712000	99968
13.300713000	101376
13.300764000	102784
13.300766000	104192
13.308369000	102784
13.308371000	104192
13.308409000	105600
13.308410000	107008
13.315420000	105600
13.315422000	107008
13.315431000	101376
13.315462000	101376
13.315463000	102784
13.315464000	104192
13.315514000	105600
13.315515000	107008
13.315517000	108416
13.315565000	109824
13.315567000	111232
13.315568000	112640
13.315618000	114048
13.315619000	115456
13.315619000	116864
13.315669000	118272
13.323331000	118272
13.323333000	119680
13.330383000	119680
13.330385000	121088
13.330391000	121088
13.330423000	109824
13.330425000	111232
13.330426000	112640
13.330490000	114048
13.330492000	115456
13.330493000	116864
13.330528000	118272
13.330529000	119680
13.330531000	121088
13.330579000	122496
13.330581000	123904
13.330582000	125312
13.330631000	126720
13.330632000	128128
13.330633000	129536
13.330683000	130944
13.330684000	132352
13.330685000	133760
13.330734000	135168
13.338306000	135168
13.338308000	136576
13.345454000	136576
13.345455000	137984
13.345459000	137984
13.345496000	130944
13.345497000	132352
13.345549000	132352
13.345550000	133760
13.345599000	135168
13.345600000	136576
13.345651000	137984
13.345652000	139392
13.345703000	140800
13.345704000	142208
13.345755000	143616
13.345756000	145024
13.345807000	146432
13.345808000	147840
13.345859000	149248
13.346400000	149248
13.346402000	150656
13.346414000	142208
13.346446000	143616
13.346447000	145024
13.346448000	146432
13.346499000	147840
13.346500000	149248
13.346501000	150656
13.346549000	152064
13.346551000	153472
13.346552000	154880
13.346601000	156288
13.346602000	157696
13.346603000	159104
13.346652000	160512
13.373396000	159104
13.373399000	160512
13.373431000	156288
13.373433000	157696
13.373482000	159104
13.373484000	160512
13.373534000	161920
13.373536000	163328
13.373586000	164736
13.373588000	166144
13.373641000	167552
13.373643000	168960
13.380438000	167552
13.380440000	168960
13.380497000	142208
13.380561000	143616
13.380562000	145024
13.380563000	146432
13.380616000	147840
13.380617000	149248
13.380619000	150656
13.380668000	152064
13.380669000	153472
13.380670000	154880
13.380734000	156288
13.380736000	157696
13.380737000	159104
13.380788000	160512
13.380789000	161920
13.380791000	163328
13.380840000	164736
13.380841000	166144
13.380843000	167552
13.380892000	168960
13.380893000	170368
13.380895000	171776
13.380944000	173184
13.380946000	174592
13.380947000	176000
13.380996000	177408
13.380997000	178816
13.380999000	180224
13.381047000	181632
13.381049000	183040
13.381050000	184448
13.381099000	185856
13.381101000	187264
13.381102000	188672
13.381151000	190080
13.381153000	191488
13.381154000	192896
13.381203000	194304
13.381204000	195712
13.381205000	197120
13.381255000	198528
13.381256000	199936
13.381312000	198528
13.381314000	199936
13.381315000	201344
13.381358000	199936
13.381360000	201344
13.381361000	202752
13.381415000	204160
13.381419000	205568
13.389404000	204160
13.389406000	205568
13.389408000	206976
13.389443000	208384
13.396444000	206976
13.396446000	208384
13.396447000	209792
13.396495000	197120
13.396497000	198528
13.396499000	199936
13.396560000	201344
13.396561000	202752
13.396562000	204160
13.396596000	205568
13.396598000	206976
13.396600000	208384
13.396648000	209792
13.396649000	211200
13.396650000	212608
13.396700000	214016
13.396701000	215424
13.396702000	216832
13.396751000	218240
13.396753000	219648
13.396754000	221056
13.396803000	222464
13.396805000	223872
13.396806000	225280
13.397312000	225280
13.397314000	226688
13.397317000	226688
13.397359000	225280
13.397360000	226688
13.397361000	228096
13.397411000	229504
13.397412000	230912
13.405325000	230912
13.405326000	232320
13.412470000	232320
13.412473000	233728
13.412493000	233728
13.412532000	223872
13.412534000	225280
13.412535000	226688
13.412581000	226688
13.412583000	228096
13.412584000	229504
13.412633000	230912
13.412635000	232320
13.412636000	233728
13.412685000	235136
13.412686000	236544
13.412687000	237952
13.412736000	239360
13.412738000	240768
13.412739000	242176
13.412787000	243584
13.412789000	244992
13.412790000	246400
13.412840000	247808
13.413416000	247808
13.413430000	249216
13.421349000	249216
13.421351000	250624
13.436506000	250624
13.436509000	252032
13.436514000	252032
13.436554000	237952
13.436555000	239360
13.436556000	240768
13.436595000	221056
13.436598000	222464
13.436599000	223872
13.436703000	225280
13.436720000	226688
13.436721000	228096
13.436757000	229504
13.436758000	230912
13.436759000	232320
13.436807000	233728
13.436809000	235136
13.436809000	236544
13.436859000	237952
13.436860000	239360
13.436861000	240768
13.436911000	242176
13.436912000	243584
13.436913000	244992
13.436962000	246400
13.436963000	247808
13.436964000	249216
13.437014000	250624
13.437015000	252032
13.437016000	253440
13.437068000	254848
13.437069000	256256
13.437070000	257664
13.437118000	259072
13.437119000	260480
13.437120000	261888
13.437170000	263296
13.437171000	264704
13.437172000	266112
13.437221000	267520
13.437222000	268928
13.437223000	270336
13.437273000	271744
13.437276000	273152
13.437277000	274560
13.437325000	275968
13.437326000	277376
13.437327000	278784
13.437377000	280192
13.437378000	281600
13.437379000	283008
13.437428000	284416
13.437430000	285824
13.437431000	287232
13.437480000	288640
13.437481000	290048
13.444397000	290048
13.444399000	291456
13.451372000	291456
13.451374000	292864
13.451378000	292864
13.451414000	291456
13.451415000	292864
13.451416000	294272
13.451467000	294272
13.451468000	295680
13.451469000	297088
13.451517000	291456
13.451518000	292864
13.451518000	294272
13.451569000	295680
13.451570000	297088
13.451571000	298496
13.451621000	299904
13.451622000	301312
13.451623000	302720
13.451672000	304128
13.451673000	305536
13.452497000	305536
13.452499000	306944
13.452502000	306944
13.452542000	305536
13.452543000	306944
13.452544000	308352
13.452594000	309760
13.452595000	311168
13.460413000	309760
13.460414000	311168
13.460415000	312576
13.460454000	313984
13.467469000	312576
13.467471000	313984
13.467472000	315392
13.467508000	291456
13.467509000	292864
13.467510000	294272
13.467559000	295680
13.467560000	297088
13.467561000	298496
13.467620000	299904
13.467624000	301312
13.467625000	302720
13.467669000	304128
13.467670000	305536
13.467671000	306944
13.467721000	308352
13.467722000	309760
13.467723000	311168
13.467772000	312576
13.467774000	313984
13.467774000	315392
13.467824000	316800
13.467825000	318208
13.467840000	319616
13.467876000	321024
13.467877000	322432
13.467878000	323840
13.467927000	325248
13.467928000	326656
13.467930000	328064
13.467992000	329472
13.467993000	330880
13.467994000	332288
13.468031000	333696
13.468032000	335104
13.468033000	336512
13.468083000	337920
13.468084000	339328
13.468085000	340736
13.468134000	342144
13.468325000	340736
13.468327000	342144
13.468328000	343552
13.468331000	342144
13.468374000	343552
13.468376000	344960
13.468376000	346368
13.468377000	347776
13.484365000	346368
13.484367000	347776
13.484369000	349184
13.484370000	350592
13.491400000	349184
13.491401000	350592
13.491402000	352000
13.491403000	353408
13.491440000	337920
13.491441000	339328
13.491521000	340736
13.491523000	342144
13.491549000	343552
13.491550000	344960
13.491601000	346368
13.491602000	347776
13.491652000	349184
13.491654000	350592
13.491704000	352000
13.491706000	353408
13.491756000	354816
13.491757000	356224
13.491808000	357632
13.491809000	359040
13.491860000	360448
13.491861000	361856
13.491912000	363264
13.491913000	364672
13.492348000	363264
13.492349000	364672
13.498451000	363264
13.498453000	364672
13.498493000	352000
13.498494000	353408
13.498544000	354816
13.498545000	356224
13.498596000	357632
13.498597000	359040
13.498648000	360448
13.498649000	361856
13.498700000	363264
13.498701000	364672
13.506371000	364672
13.513423000	364672
13.513427000	364672
13.513465000	352000
13.513466000	353408
13.513516000	354816
13.513517000	356224
13.513568000	357632
13.513569000	359040
13.513619000	360448
13.513621000	361856
13.513671000	363264
13.513672000	364672
13.514279000	364672
13.514282000	364672
13.514329000	364672
13.522397000	364672
13.529443000	364672
13.529449000	364672
13.529482000	360448
13.529483000	361856
13.529534000	363264
13.529536000	364672
13.530312000	364672
13.530315000	364672
13.530359000	363264
13.530360000	364672
13.530411000	364672
13.530414000	364672
13.538397000	364672
13.545453000	364672
13.545457000	364672
13.545496000	354816
13.545498000	356224
13.545548000	357632
13.545549000	359040
13.545600000	360448
13.545601000	361856
13.545652000	363264
13.545653000	364672
13.573336000	364672
13.573340000	364672
13.573374000	363264
13.573375000	364672
13.580368000	364672
13.580375000	364672
13.580397000	361856
13.580399000	363264
13.580449000	364672
13.580557000	364672
13.580574000	364672
13.580606000	356224
13.580608000	357632
13.580659000	359040
13.580660000	360448
13.580711000	361856
13.580712000	363264
13.580763000	364672
13.581384000	364672
13.581389000	364672
13.581431000	354816
13.581432000	356224
13.581484000	354816
13.581486000	356224
13.581534000	357632
13.581536000	359040
13.581587000	360448
13.581588000	361856
13.581639000	363264
13.581641000	364672
13.582347000	363264
13.582348000	364672
13.582396000	354816
13.582398000	356224
13.582448000	357632
13.582449000	359040
13.582503000	360448
13.582506000	361856
13.582552000	363264
13.582553000	364672
13.601427000	363264
13.601430000	364672
13.601465000	363264
13.601467000	364672
13.613426000	363264
13.613428000	364672
13.613466000	357632
13.613467000	359040
13.613518000	360448
13.613519000	361856
13.613570000	363264
13.613571000	364672
13.628505000	363264
13.628509000	364672
13.628527000	354816
13.628528000	356224
13.628578000	354816
13.628580000	356224
13.628630000	352000
13.628631000	353408
13.628682000	354816
13.628683000	356224
13.628733000	357632
13.628735000	359040
13.628786000	360448
13.628787000	361856
13.628837000	363264
13.628838000	364672
13.636405000	363264
13.636406000	364672
13.643445000	363264
13.643447000	364672
13.643486000	343552
13.643487000	344960
13.643538000	346368
13.643539000	347776
13.643590000	349184
13.643591000	350592
13.643643000	352000
13.643644000	353408
13.643695000	354816
13.643696000	356224
13.643763000	357632
13.643764000	359040
13.643812000	360448
13.643814000	361856
13.643874000	363264
13.643875000	364672
13.651368000	363264
13.651370000	364672
13.658335000	363264
13.658337000	364672
13.658430000	363264
13.658431000	364672
13.658481000	357632
13.658483000	359040
13.658533000	360448
13.658534000	361856
13.658585000	363264
13.658586000	364672
13.681334000	363264
13.681337000	364672
13.681370000	357632
13.681372000	359040
13.681422000	360448
13.681423000	361856
13.681486000	363264
13.681487000	364672
13.688361000	363264
13.688364000	364672
13.688402000	340736
13.688403000	342144
13.688454000	343552
13.688455000	344960
13.688518000	346368
13.688519000	347776
13.688570000	349184
13.688571000	350592
13.688622000	352000
13.688623000	353408
13.688674000	354816
13.688675000	356224
13.688726000	357632
13.688727000	359040
13.688778000	360448
13.688779000	361856
13.688830000	363264
13.688831000	364672
13.689310000	363264
13.689311000	364672
13.695319000	363264
13.695320000	364672
13.695363000	357632
13.695365000	359040
13.695415000	360448
13.695416000	361856
13.695467000	363264
13.695468000	364672
13.703342000	363264
13.703344000	364672
13.718483000	363264
13.718488000	364672
13.718518000	340736
13.718520000	342144
13.718569000	343552
13.718571000	344960
13.718629000	346368
13.718630000	347776
13.718684000	349184
13.718685000	350592
13.718739000	352000
13.718744000	353408
13.718788000	354816
13.718789000	356224
13.718841000	357632
13.718842000	359040
13.718893000	360448
13.718895000	361856
13.718958000	363264
13.718959000	364672
13.726390000	363264
13.726391000	364672
13.733441000	363264
13.733443000	364672
13.733482000	343552
13.733483000	344960
13.733534000	346368
13.733535000	347776
13.733585000	349184
13.733586000	350592
13.733637000	352000
13.733639000	353408
13.733689000	354816
13.733690000	356224
13.733741000	357515
