5.147875000	1
5.147881000	1
5.147891000	1
5.147896000	1
5.147967000	1
5.155962000	1
5.155990000	1
5.156017000	1
5.156032000	1
5.156128000	1
5.156143000	1
5.156150000	1
5.156750000	1
5.156765000	1
5.156776000	1
5.156801000	1
5.156854000	1
5.158940000	1
5.171027000	1
5.171051000	1
5.171067000	1
5.171073000	1
5.171081000	1
5.171085000	1
5.171199000	1
5.171218000	1
5.171234000	1
5.171239000	1
5.174004000	1
5.174025000	1
5.177123000	1
5.177143000	1
5.177174000	1
5.177180000	1
5.177224000	1
5.177318000	1
5.177349000	1
5.177355000	1
5.177364000	1
5.177369000	1
5.177377000	1
5.177390000	1
5.177398000	1
5.177483000	1
5.177514000	1
5.177520000	1
5.177529000	1
5.177635000	1
5.177666000	1
5.177673000	1
5.177682000	1
5.177688000	1
5.177696000	1
5.177702000	1
5.177809000	1
5.177831000	1
5.177847000	1
5.177853000	1
5.177862000	1
5.177867000	1
5.177876000	1
5.177881000	1
5.177949000	1
5.177956000	1
5.177964000	1
5.177970000	1
5.178057000	1
5.178063000	1
5.178071000	1
5.178077000	1
5.178111000	1
5.178118000	1
5.178165000	1
5.178218000	1
5.178228000	1
5.178325000	1
5.178381000	1
5.178434000	1
5.178488000	1
5.178497000	1
5.178541000	1
5.178550000	1
5.178560000	1
5.178566000	1
5.178601000	1
5.178610000	1
5.179082000	1
5.179934000	1
5.179986000	1
5.179994000	1
5.180039000	1
5.180093000	1
5.184097000	1
5.185068000	1
5.185109000	1
5.185121000	1
5.185136000	1
5.185144000	1
5.185157000	1
5.185231000	1
5.185252000	1
5.185259000	1
5.185268000	1
5.185275000	1
5.185284000	1
5.185350000	1
5.185365000	1
5.185403000	1
5.185413000	1
5.185456000	1
5.185468000	1
5.185475000	1
5.185485000	1
5.185563000	1
5.185580000	1
5.185587000	1
5.185597000	1
5.185675000	1
5.185690000	1
5.185698000	1
5.185708000	1
5.185715000	1
5.188986000	1
5.189012000	1
5.190134000	1
5.190161000	1
5.190183000	1
5.190194000	1
5.192129000	1
5.192155000	1
5.192175000	1
5.192183000	1
5.192194000	1
5.192202000	1
5.192312000	1
5.192338000	1
5.192358000	1
5.192367000	1
5.192378000	1
5.192386000	1
5.192397000	1
5.192405000	1
5.192416000	1
5.192432000	1
5.192527000	1
5.192553000	1
5.192573000	1
5.192583000	1
5.192597000	1
5.192606000	1
5.192618000	1
5.192626000	1
5.192738000	1
5.192766000	1
5.192786000	1
5.192795000	1
5.192808000	1
5.193991000	1
5.206023000	1
5.206056000	1
5.206077000	1
5.206087000	1
5.206286000	1
5.206315000	1
5.206335000	1
5.206346000	1
5.206359000	1
5.206368000	1
5.206380000	1
5.206389000	1
5.206400000	1
5.206409000	1
5.206418000	1
5.206426000	1
5.206435000	1
5.206443000	1
5.206452000	1
5.206470000	1
5.206492000	1
5.206501000	1
5.206529000	1
5.206545000	1
5.206630000	1
5.206659000	1
5.206680000	1
5.206690000	1
5.206703000	1
5.208994000	1
5.210101000	1
5.210131000	1
5.210152000	1
5.210163000	1
5.212082000	1
5.212103000	1
5.212117000	1
5.212127000	1
5.212198000	1
5.212209000	1
5.212221000	1
5.212231000	1
5.212306000	1
5.212319000	1
5.212361000	1
5.212371000	1
5.212380000	1
5.212393000	1
5.212415000	1
5.212429000	1
5.212468000	1
5.212545000	1
5.212556000	1
5.212574000	1
5.212585000	1
5.212623000	1
5.212726000	1
5.212729000	1
5.212731000	1
5.212733000	1
5.212780000	1
5.212783000	1
5.212832000	1
5.212834000	1
5.212885000	1
5.212887000	1
5.213062000	1
5.213263000	1
5.213420000	1
5.213439000	1
5.213452000	1
5.213940000	1
5.217975000	1
5.227007000	1
5.227046000	1
5.227059000	1
5.227070000	1
5.227080000	1
5.227095000	1
5.228998000	1
5.229036000	1
5.229050000	1
5.229060000	1
5.231939000	1
5.231982000	1
5.232001000	1
5.232025000	1
5.232040000	1
5.232080000	1
5.232136000	1
5.232158000	1
5.232173000	1
5.232188000	1
5.232203000	1
5.232280000	1
5.232299000	1
5.232310000	1
5.233978000	1
5.234003000	1
5.238948000	1
5.238973000	1
5.239105000	1
5.239143000	1
5.240035000	1
5.240073000	1
5.240141000	1
5.240148000	1
5.248963000	1
5.249028000	1
5.249054000	1
5.249069000	1
5.249082000	1
5.252012000	1
5.252056000	1
5.252070000	1
5.252079000	1
5.252102000	1
5.252146000	1
5.252159000	1
5.252169000	1
5.252178000	1
5.252185000	1
5.252304000	1
5.252320000	1
5.253985000	1
5.260121000	1
5.260156000	1
5.260170000	1
5.260181000	1
5.260188000	1
5.260195000	1
5.260201000	1
