17.446062000	1
17.446858000	1
17.446934000	1
17.451907000	1
17.451917000	1
17.453942000	1
17.453952000	1
17.453956000	1
17.454072000	1
17.454079000	1
17.454081000	1
17.454124000	1
17.454126000	1
17.454127000	1
17.454177000	1
17.455952000	1
17.455958000	1
17.456032000	1
17.499948000	1
17.499953000	1
17.499990000	1
17.500044000	1
17.500047000	1
17.500050000	1
17.500095000	1
17.500148000	1
17.500149000	1
17.500199000	1
17.500202000	1
17.500204000	1
17.500252000	1
17.500255000	1
17.500377000	1
17.500379000	1
17.500381000	1
17.500383000	1
17.500428000	1
17.500431000	1
17.500533000	1
17.501868000	1
17.506898000	1
17.511920000	1
17.512000000	1
17.512010000	1
17.512014000	1
17.514965000	1
17.514978000	1
17.515047000	1
17.515056000	1
17.515210000	1
17.515215000	1
17.515262000	1
17.516911000	1
17.519914000	1
17.519937000	1
17.519964000	1
17.519967000	1
17.520017000	1
17.520021000	1
17.520072000	1
17.520078000	1
17.520122000	1
17.520127000	1
17.520174000	1
17.520177000	1
17.520230000	1
17.520233000	1
17.520281000	1
17.520282000	1
17.520333000	1
17.520336000	1
17.522886000	1
17.522936000	1
17.533009000	1
17.533017000	1
17.533021000	1
17.536901000	1
17.539932000	1
17.539940000	1
17.540011000	1
17.540017000	1
17.540019000	1
17.540021000	1
17.540092000	1
17.540098000	1
17.540171000	1
17.565913000	1
17.565935000	1
17.565993000	1
17.566000000	1
17.566910000	1
17.571895000	1
17.571983000	1
17.575966000	1
17.575977000	1
17.576046000	1
17.576052000	1
17.576946000	1
17.596102000	1
17.596121000	1
17.596180000	1
17.596186000	1
17.596259000	1
17.596273000	1
17.596275000	1
17.596278000	1
17.596311000	1
17.596314000	1
17.596363000	1
17.596364000	1
17.596416000	1
17.596417000	1
17.596468000	1
17.596470000	1
17.596537000	1
17.596539000	1
17.596541000	1
17.596629000	1
17.596733000	1
17.596735000	1
17.596736000	1
17.596786000	1
17.596838000	1
17.596841000	1
17.596842000	1
17.596845000	1
17.597052000	1
17.597055000	1
17.597056000	1
17.597104000	1
17.597106000	1
17.597108000	1
17.597110000	1
17.597111000	1
17.597112000	1
17.597114000	1
17.597156000	1
17.597158000	1
17.597210000	1
17.597212000	1
17.597263000	1
17.597265000	1
17.597316000	1
17.597321000	1
17.597370000	1
17.597375000	1
17.597423000	1
17.597426000	1
17.597476000	1
17.597480000	1
17.597529000	1
17.597533000	1
17.597581000	1
17.597585000	1
17.597634000	1
17.597638000	1
17.597687000	1
17.597691000	1
17.597740000	1
17.597742000	1
17.597793000	1
17.597803000	1
17.597845000	1
17.597849000	1
17.597850000	1
17.597856000	1
17.597899000	1
17.597902000	1
17.597950000	1
17.598002000	1
17.598055000	1
17.598058000	1
17.598059000	1
17.598061000	1
17.598108000	1
17.598110000	1
17.598161000	1
17.598164000	1
17.598214000	1
17.598217000	1
17.598266000	1
17.598269000	1
17.598319000	1
17.598321000	1
17.598371000	1
17.598374000	1
17.598436000	1
17.598439000	1
17.598489000	1
17.598492000	1
17.598542000	1
17.598545000	1
17.598547000	1
17.598595000	1
17.598647000	1
17.598650000	1
17.598652000	1
17.598655000	1
17.598754000	1
17.598781000	1
17.598859000	1
17.598860000	1
17.598862000	1
17.598863000	1
17.598963000	1
17.598965000	1
17.598967000	1
17.598968000	1
17.599017000	1
17.599019000	1
17.599104000	1
17.599107000	1
17.599157000	1
17.599160000	1
17.599209000	1
17.599261000	1
17.599265000	1
17.599266000	1
17.599268000	1
17.599372000	1
17.599376000	1
17.599424000	1
17.599428000	1
17.599430000	1
17.599431000	1
17.599476000	1
17.599478000	1
17.599528000	1
17.599529000	1
17.599618000	1
17.599620000	1
17.599621000	1
17.599670000	1
17.599671000	1
17.599673000	1
17.599724000	1
17.599726000	1
17.599776000	1
17.599778000	1
17.599830000	1
17.599831000	1
17.599882000	1
17.599885000	1
17.599935000	1
17.599937000	1
17.599988000	1
17.599990000	1
17.600041000	1
17.600043000	1
17.600095000	1
17.600097000	1
17.600148000	1
17.600150000	1
17.600201000	1
17.600203000	1
17.600254000	1
17.600256000	1
17.600307000	1
17.600309000	1
17.600360000	1
17.600362000	1
17.600413000	1
17.600415000	1
17.600416000	1
17.600418000	1
17.600519000	1
17.600521000	1
17.600523000	1
17.600525000	1
17.600626000	1
17.600628000	1
