14.767890000	1
14.782751000	1
15.930812000	1
15.930830000	1
15.930835000	1
15.930840000	1
15.930844000	1
15.931686000	1
15.931774000	1
15.931792000	1
15.931797000	1
15.931800000	1
15.931804000	1
15.932844000	1
15.932862000	1
15.932867000	1
15.932870000	1
15.932876000	1
15.932879000	1
15.933856000	1
15.933900000	1
15.934730000	1
15.934782000	1
15.935659000	1
15.940736000	1
15.940757000	1
15.940781000	1
15.940786000	1
15.955821000	1
15.955846000	1
15.955852000	1
15.955856000	1
15.955860000	1
15.956747000	1
15.965694000	1
15.972859000	1
15.972880000	1
15.972916000	1
15.973811000	1
15.973832000	1
15.973837000	1
15.973842000	1
15.973847000	1
15.974897000	1
15.974905000	1
15.974909000	1
15.974914000	1
15.975721000	1
15.975742000	1
15.975747000	1
15.975752000	1
15.976655000	1
15.976680000	1
15.976688000	1
15.982777000	1
15.982799000	1
15.982805000	1
15.982810000	1
15.982814000	1
15.983747000	1
15.983768000	1
15.998800000	1
15.998825000	1
15.998831000	1
15.998837000	1
15.998842000	1
15.998847000	1
15.999783000	1
15.999804000	1
15.999811000	1
15.999816000	1
15.999821000	1
15.999827000	1
16.000822000	1
16.000844000	1
16.000850000	1
16.001821000	1
16.001848000	1
16.001865000	1
16.008718000	1
16.023827000	1
16.023857000	1
16.023865000	1
16.023873000	1
16.023880000	1
16.023887000	1
16.024750000	1
16.024766000	1
16.024773000	1
16.024781000	1
16.024788000	1
16.050832000	1
16.052826000	1
16.060670000	1
16.121750000	1
16.130701000	1
16.137818000	1
16.137875000	1
16.137886000	1
16.138738000	1
16.138767000	1
16.169817000	1
16.169856000	1
16.169868000	1
16.169877000	1
16.169885000	1
16.169893000	1
16.169900000	1
16.169908000	1
16.169916000	1
16.169924000	1
16.169931000	1
16.169939000	1
16.169947000	1
16.169955000	1
16.176780000	1
16.176812000	1
16.176821000	1
16.176829000	1
16.176837000	1
16.177736000	1
16.177766000	1
16.177777000	1
16.177871000	1
16.177887000	1
16.178748000	1
16.178764000	1
16.183620000	1
16.206816000	1
16.206868000	1
16.206878000	1
16.206887000	1
16.206895000	1
16.206903000	1
16.206911000	1
16.214724000	1
16.214756000	1
16.221775000	1
16.221810000	1
16.221820000	1
16.221828000	1
16.221837000	1
16.222815000	1
16.222846000	1
16.222856000	1
16.222865000	1
16.222874000	1
16.222882000	1
16.223683000	1
16.223787000	1
16.238757000	1
16.238797000	1
16.238808000	1
16.238817000	1
16.238826000	1
16.238835000	1
16.238843000	1
16.239730000	1
16.254730000	1
16.254769000	1
16.254780000	1
16.254789000	1
16.254798000	1
16.254807000	1
16.254816000	1
16.254825000	1
16.263732000	1
16.270897000	1
16.270922000	1
16.270932000	1
16.270941000	1
16.270951000	1
16.270960000	1
16.270969000	1
16.271746000	1
16.271773000	1
16.271789000	1
16.271803000	1
16.286776000	1
16.286817000	1
16.286855000	1
16.286868000	1
16.286940000	1
16.286973000	1
16.286985000	1
16.287805000	1
16.287837000	1
16.287849000	1
16.287863000	1
16.287879000	1
16.288695000	1
16.288729000	1
16.304691000	1
16.311765000	1
16.311800000	1
16.311813000	1
16.311823000	1
16.311833000	1
16.311845000	1
16.311856000	1
16.311866000	1
16.311877000	1
16.311887000	1
16.312808000	1
16.312842000	1
16.312854000	1
16.312865000	1
16.312875000	1
16.312886000	1
16.312897000	1
16.312908000	1
16.318730000	1
16.318799000	1
16.318827000	1
16.318840000	1
16.318851000	1
16.318862000	1
16.333928000	1
16.333984000	1
16.334005000	1
16.334022000	1
16.334037000	1
16.334052000	1
16.334713000	1
16.334748000	1
16.334760000	1
16.334790000	1
16.334805000	1
16.335669000	1
16.335695000	1
16.335708000	1
16.343711000	1
16.366957000	1
16.367012000	1
16.367026000	1
16.367038000	1
16.367049000	1
16.367060000	1
16.367072000	1
16.367083000	1
16.367094000	1
16.367106000	1
16.367117000	1
16.367128000	1
16.367140000	1
16.367151000	1
16.367162000	1
16.367174000	1
16.367187000	1
16.367199000	1
16.367210000	1
16.367224000	1
16.374784000	1
16.381752000	1
16.381793000	1
16.381807000	1
16.381819000	1
16.381830000	1
16.381842000	1
16.381854000	1
16.381865000	1
16.382794000	1
16.382831000	1
16.382845000	1
16.382858000	1
16.382870000	1
16.382882000	1
16.382909000	1
16.382924000	1
16.383742000	1
16.383779000	1
16.383794000	1
16.383807000	1
16.383820000	1
16.383833000	1
16.384713000	1
16.384751000	1
16.384766000	1
16.384779000	1
16.391814000	1
16.391861000	1
16.391884000	1
16.391903000	1
16.391923000	1
16.391943000	1
16.391962000	1
16.392712000	1
16.392750000	1
16.392765000	1
16.407783000	1
16.407829000	1
16.407845000	1
16.407859000	1
16.407872000	1
16.408839000	1
16.408878000	1
16.416620000	1
16.423847000	1
16.423895000	1
16.423918000	1
16.423939000	1
16.423960000	1
16.423980000	1
16.424000000	1
16.424020000	1
16.424697000	1
16.424769000	1
16.424794000	1
16.424815000	1
16.424946000	1
16.424973000	1
16.424996000	1
16.425016000	1
16.425776000	1
16.425808000	1
16.425827000	1
16.433672000	1
16.440840000	1
16.440885000	1
16.440903000	1
16.440918000	1
16.440931000	1
16.440945000	1
16.441695000	1
16.441734000	1
16.447783000	1
16.447825000	1
16.447843000	1
16.447856000	1
16.447870000	1
16.456773000	1
16.463750000	1
16.463788000	1
16.463804000	1
16.464704000	1
16.472679000	1
16.479749000	1
16.479789000	1
16.479805000	1
16.479819000	1
16.479851000	1
16.479868000	1
16.480733000	1
