0.621961000	1
0.621966000	1
0.622932000	1
0.622943000	1
0.627965000	1
0.627996000	1
0.630954000	1
0.631081000	1
0.632941000	1
0.632972000	1
0.636122000	1
0.636171000	1
0.636179000	1
0.636185000	1
0.636199000	1
0.636203000	1
0.636309000	1
0.636315000	1
0.636362000	1
0.636367000	1
0.636372000	1
0.636375000	1
0.636415000	1
0.636470000	1
0.636525000	1
0.636530000	1
0.636580000	1
0.636586000	1
0.636688000	1
0.636692000	1
0.636699000	1
0.636750000	1
0.636756000	1
0.636796000	1
0.636803000	1
0.636904000	1
0.636909000	1
0.636912000	1
0.636916000	1
0.637066000	1
0.637071000	1
0.637075000	1
0.637079000	1
0.637121000	1
0.637125000	1
0.637174000	1
0.637179000	1
0.637229000	1
0.637236000	1
0.637338000	1
0.637342000	1
0.637393000	1
0.637397000	1
0.637447000	1
0.637866000	1
0.641983000	1
0.642067000	1
0.642077000	1
0.642952000	1
0.642979000	1
0.644014000	1
0.644047000	1
0.644057000	1
0.644126000	1
0.644132000	1
0.644189000	1
0.644201000	1
0.644234000	1
0.644241000	1
0.644288000	1
0.644295000	1
0.644409000	1
0.644417000	1
0.644462000	1
0.644468000	1
0.644541000	1
0.644547000	1
0.647958000	1
0.649956000	1
0.649990000	1
0.651023000	1
0.651047000	1
0.653947000	1
0.653981000	1
0.657950000	1
0.661060000	1
0.661101000	1
0.661117000	1
0.661192000	1
0.662064000	1
0.662091000	1
0.662101000	1
0.662186000	1
0.662195000	1
0.662269000	1
0.662280000	1
0.662321000	1
0.662331000	1
0.662340000	1
0.662348000	1
0.662376000	1
0.662382000	1
0.662431000	1
0.662439000	1
0.662539000	1
0.662546000	1
0.662594000	1
0.662601000	1
0.662649000	1
0.662658000	1
0.662667000	1
0.662757000	1
0.662956000	1
0.662963000	1
0.667967000	1
0.669002000	1
0.669039000	1
0.669046000	1
0.669057000	1
0.669065000	1
0.669072000	1
0.669088000	1
0.669148000	1
0.669301000	1
0.669309000	1
0.669357000	1
0.669364000	1
0.669412000	1
0.671016000	1
0.671053000	1
0.671066000	1
0.671076000	1
0.672945000	1
0.676012000	1
0.676057000	1
0.676079000	1
0.676095000	1
0.676108000	1
0.676120000	1
0.676132000	1
0.676279000	1
0.676296000	1
0.676387000	1
0.676411000	1
0.676425000	1
0.676435000	1
0.676444000	1
0.676454000	1
0.676463000	1
0.677941000	1
0.677965000	1
0.680974000	1
0.681015000	1
0.681029000	1
0.684085000	1
0.684132000	1
0.684152000	1
0.684167000	1
0.684180000	1
0.684192000	1
0.684204000	1
0.684216000	1
0.684233000	1
0.684244000	1
0.684254000	1
0.684265000	1
0.684299000	1
0.684317000	1
0.684409000	1
0.684427000	1
0.684469000	1
0.684492000	1
0.684523000	1
0.684537000	1
0.684616000	1
0.684634000	1
0.684650000	1
0.684663000	1
0.684675000	1
0.684687000	1
0.684722000	1
0.684745000	1
0.684762000	1
0.684776000	1
0.691997000	1
0.692328000	1
0.693966000	1
0.700990000	1
0.701035000	1
0.702970000	1
0.707928000	1
0.707977000	1
0.711022000	1
0.711070000	1
0.711092000	1
0.712965000	1
0.713007000	1
0.716025000	1
0.716070000	1
0.716108000	1
0.716122000	1
0.716134000	1
0.716145000	1
0.716164000	1
0.716248000	1
0.716269000	1
0.716281000	1
0.716294000	1
0.716309000	1
0.716379000	1
0.716417000	1
0.716486000	1
0.716500000	1
0.718067000	1
0.720969000	1
0.721012000	1
0.721030000	1
0.721044000	1
0.723977000	1
0.724022000	1
0.728044000	1
0.731048000	1
0.731098000	1
0.731115000	1
0.731992000	1
0.732036000	1
0.732054000	1
0.732068000	1
0.732142000	1
0.732166000	1
0.732219000	1
0.732241000	1
0.733065000	1
0.733116000	1
0.737980000	1
0.740977000	1
0.741022000	1
0.741041000	1
0.741056000	1
0.743940000	1
0.745978000	1
0.746024000	1
0.746043000	1
0.746118000	1
0.746144000	1
0.746158000	1
0.746171000	1
0.746185000	1
0.746198000	1
0.746227000	1
0.746244000	1
0.746262000	1
0.746276000	1
0.746350000	1
0.746371000	1
0.746383000	1
0.746395000	1
0.746483000	1
0.746502000	1
0.747977000	1
0.750966000	1
0.751013000	1
0.751033000	1
0.751049000	1
0.753013000	1
0.757921000	1
0.760987000	1
0.761035000	1
0.872987000	1
0.877986000	1
0.881053000	1
0.882957000	1
0.887920000	1
0.891004000	1
0.891053000	1
0.892999000	1
0.898977000	1
0.899037000	1
0.899063000	1
0.899083000	1
0.901206000	1
0.901254000	1
0.901275000	1
0.901294000	1
0.907001000	1
0.907060000	1
0.907106000	1
0.907910000	1
0.911982000	1
0.912030000	1
0.912051000	1
0.912067000	1
0.913005000	1
0.920021000	1
0.920073000	1
0.920095000	1
0.920114000	1
0.920131000	1
0.920148000	1
0.920163000	1
0.920179000	1
0.921010000	1
0.921058000	1
0.922912000	1
0.925958000	1
0.926008000	1
0.927923000	1
0.927972000	1
0.931993000	1
0.932038000	1
0.932071000	1
0.932092000	1
0.967969000	1
0.970946000	1
0.971015000	1
0.971037000	1
0.972915000	1
0.975992000	1
0.976114000	1
0.976142000	1
0.976165000	1
0.976184000	1
0.976202000	1
0.976219000	1
0.976236000	1
0.976251000	1
0.976268000	1
0.976282000	1
0.976490000	1
0.976538000	1
0.976553000	1
0.976581000	1
0.976600000	1
0.976615000	1
0.976634000	1
0.976653000	1
0.977928000	1
0.981040000	1
0.981085000	1
0.981106000	1
0.981123000	1
0.982945000	1
0.992077000	1
0.992118000	1
0.992139000	1
0.992157000	1
0.992174000	1
0.992190000	1
0.992205000	1
0.992224000	1
0.992240000	1
0.992272000	1
0.992369000	1
0.992388000	1
0.992405000	1
0.992444000	1
0.992464000	1
0.992479000	1
0.992495000	1
0.992574000	1
0.992600000	1
0.992620000	1
0.992636000	1
0.992651000	1
0.992667000	1
0.992752000	1
0.992776000	1
0.992799000	1
0.992817000	1
0.992834000	1
0.992853000	1
0.993062000	1
0.993089000	1
0.993116000	1
0.993134000	1
0.993210000	1
0.993230000	1
0.993318000	1
0.993338000	1
0.993360000	1
0.999188000	1
0.999233000	1
0.999254000	1
0.999271000	1
0.999288000	1
0.999306000	1
0.999323000	1
0.999340000	1
0.999357000	1
0.999374000	1
0.999392000	1
0.999409000	1
0.999426000	1
0.999443000	1
0.999461000	1
0.999478000	1
0.999499000	1
0.999517000	1
0.999535000	1
0.999553000	1
0.999570000	1
0.999588000	1
0.999606000	1
0.999624000	1
0.999641000	1
0.999659000	1
0.999683000	1
0.999703000	1
0.999803000	1
0.999844000	1
0.999866000	1
0.999885000	1
0.999903000	1
0.999922000	1
0.999971000	1
0.999995000	1
1.000014000	1
1.000033000	1
1.000052000	1
1.000075000	1
1.000098000	1
1.000118000	1
1.000138000	1
1.000157000	1
1.000276000	1
1.000318000	1
1.000950000	1
1.000997000	1
1.001022000	1
1.001047000	1
1.002975000	1
1.006085000	1
1.006134000	1
1.006156000	1
1.006175000	1
1.006194000	1
1.006225000	1
1.006254000	1
1.006280000	1
1.006301000	1
1.006321000	1
1.006340000	1
1.006359000	1
1.006378000	1
1.006398000	1
1.006417000	1
1.006437000	1
1.006458000	1
1.006478000	1
1.006498000	1
1.006518000	1
1.006537000	1
1.006557000	1
1.006602000	1
1.006677000	1
1.006704000	1
1.006725000	1
1.006745000	1
1.006766000	1
1.006808000	1
1.006833000	1
1.006854000	1
1.006875000	1
1.006900000	1
1.006922000	1
1.007011000	1
1.007038000	1
1.007914000	1
1.007960000	1
1.011035000	1
1.011081000	1
1.011107000	1
1.012898000	1
1.012949000	1
1.014019000	1
1.014065000	1
1.014089000	1
1.014111000	1
1.014132000	1
1.014154000	1
1.014175000	1
1.014197000	1
1.014235000	1
1.014266000	1
1.014294000	1
1.014317000	1
1.014339000	1
1.014361000	1
1.014382000	1
1.014405000	1
1.014433000	1
1.014456000	1
1.014478000	1
1.014500000	1
1.014521000	1
1.014545000	1
1.014567000	1
1.014589000	1
1.014611000	1
1.018084000	1
1.021065000	1
1.021115000	1
1.021141000	1
1.021164000	1
1.021186000	1
1.021209000	1
1.021232000	1
1.021254000	1
1.021277000	1
1.021324000	1
1.021352000	1
1.022985000	1
1.028005000	1
1.031413000	1
1.031463000	1
1.031490000	1
1.031514000	1
1.031538000	1
1.031562000	1
1.031585000	1
1.031609000	1
1.031658000	1
1.031687000	1
1.031711000	1
1.031735000	1
1.032977000	1
1.037991000	1
1.038979000	1
1.039168000	1
1.039218000	1
1.039251000	1
1.039280000	1
1.039305000	1
1.039328000	1
1.039352000	1
1.039376000	1
1.039399000	1
1.039423000	1
1.039448000	1
1.041341000	1
1.041397000	1
1.041431000	1
1.042919000	1
1.045943000	1
1.045993000	1
1.046030000	1
1.046064000	1
1.046097000	1
1.046129000	1
1.046159000	1
1.046189000	1
1.046232000	1
1.046268000	1
1.046303000	1
1.046339000	1
1.046370000	1
1.046397000	1
1.046422000	1
1.046448000	1
1.047911000	1
1.047962000	1
1.050994000	1
1.051045000	1
1.051075000	1
1.052886000	1
1.052945000	1
1.054134000	1
1.054186000	1
1.054233000	1
1.054270000	1
1.054302000	1
1.054332000	1
1.054362000	1
1.054392000	1
1.054422000	1
1.054452000	1
1.054482000	1
1.054512000	1
1.054542000	1
1.054572000	1
1.054602000	1
1.054632000	1
1.054666000	1
1.054697000	1
1.054727000	1
1.054758000	1
1.054825000	1
1.054860000	1
1.054891000	1
1.054921000	1
1.057968000	1
1.058025000	1
1.061025000	1
1.061076000	1
1.061109000	1
1.061163000	1
1.061195000	1
1.061224000	1
1.061252000	1
1.061280000	1
1.061308000	1
1.061336000	1
1.061363000	1
1.061391000	1
1.061419000	1
1.061456000	1
1.062928000	1
1.062988000	1
1.067938000	1
1.069002000	1
1.069055000	1
1.069087000	1
1.069116000	1
1.069144000	1
1.069173000	1
1.069237000	1
1.069272000	1
1.069303000	1
1.070992000	1
1.071046000	1
1.071078000	1
1.071108000	1
1.074332000	1
1.075966000	1
1.076059000	1
1.076100000	1
1.076139000	1
1.076177000	1
1.076215000	1
1.077984000	1
1.078039000	1
1.080999000	1
1.081056000	1
1.081095000	1
1.082332000	1
1.082387000	1
1.082448000	1
1.082483000	1
1.082514000	1
1.082551000	1
1.082583000	1
1.082613000	1
1.082935000	1
1.082979000	1
1.096010000	1
1.096081000	1
1.096380000	1
1.096391000	1
1.096412000	1
1.096423000	1
1.096425000	1
1.096430000	1
1.096432000	1
1.096452000	1
1.097929000	1
1.097960000	1
1.100994000	1
1.101018000	1
1.102913000	1
1.102950000	1
1.104055000	1
1.104183000	1
1.104196000	1
1.104207000	1
1.104277000	1
1.104297000	1
1.104310000	1
1.104321000	1
1.104336000	1
1.104348000	1
1.104424000	1
1.104444000	1
1.104457000	1
1.104526000	1
1.104546000	1
1.105952000	1
1.105977000	1
1.106061000	1
1.106078000	1
1.106115000	1
1.106129000	1
1.106141000	1
1.106153000	1
1.106166000	1
1.365079000	1
3.072049000	1
3.072064000	1
3.074101000	1
3.074132000	1
3.076000000	1
3.076030000	1
3.076037000	1
3.076043000	1
3.076046000	1
3.076050000	1
3.076146000	1
3.076153000	1
3.077945000	1
3.077969000	1
3.079977000	1
3.080014000	1
3.080026000	1
3.080041000	1
3.080094000	1
3.080101000	1
3.080252000	1
3.117954000	1
3.121977000	1
3.122037000	1
3.122051000	1
3.122058000	1
3.122088000	1
3.122980000	1
3.123006000	1
3.127959000	1
3.131954000	1
3.131986000	1
3.131995000	1
3.131999000	1
3.132003000	1
3.132961000	1
3.132992000	1
3.136159000	1
3.136190000	1
3.136199000	1
3.136287000	1
3.136296000	1
3.138955000	1
3.151947000	1
3.152004000	1
3.152018000	1
3.152028000	1
3.152890000	1
3.159905000	1
3.161958000	1
3.181111000	1
3.182082000	1
3.182114000	1
3.188061000	1
3.191957000	1
3.191993000	1
3.192002000	1
3.192007000	1
3.192019000	1
3.192933000	1
3.192954000	1
3.197939000	1
3.201950000	1
3.201983000	1
3.201999000	1
3.202006000	1
3.202105000	1
3.203009000	1
3.203030000	1
3.205993000	1
3.206027000	1
3.206036000	1
3.206042000	1
3.206047000	1
3.207930000	1
3.211995000	1
3.212028000	1
3.212037000	1
3.212120000	1
3.212949000	1
3.218966000	1
3.219002000	1
3.220011000	1
3.220045000	1
3.221978000	1
3.222013000	1
3.222024000	1
3.222030000	1
3.222987000	1
3.223022000	1
3.226992000	1
3.227035000	1
3.227052000	1
3.227061000	1
3.227069000	1
3.227076000	1
3.227159000	1
3.227915000	1
3.232003000	1
3.232039000	1
3.232144000	1
3.232988000	1
3.233019000	1
3.238964000	1
3.238999000	1
3.240029000	1
3.240064000	1
3.240075000	1
3.240082000	1
3.240087000	1
3.240178000	1
3.240190000	1
3.240196000	1
3.240231000	1
3.240237000	1
3.240284000	1
3.240290000	1
3.240355000	1
3.240361000	1
3.240417000	1
3.251944000	1
3.251992000	1
3.252015000	1
3.252023000	1
3.252971000	1
3.257928000	1
3.257968000	1
3.261982000	1
3.262021000	1
3.262032000	1
3.262039000	1
3.262947000	1
3.265999000	1
3.266036000	1
3.266049000	1
3.266056000	1
3.266062000	1
3.266145000	1
3.266153000	1
3.266208000	1
3.266219000	1
3.266230000	1
3.266239000	1
3.266248000	1
3.266317000	1
3.266325000	1
3.266332000	1
3.266339000	1
3.266390000	1
3.266443000	1
3.267911000	1
3.267935000	1
3.272035000	1
3.272073000	1
3.272085000	1
3.272093000	1
3.272100000	1
3.272920000	1
3.272946000	1
3.274018000	1
3.274052000	1
3.274063000	1
3.274131000	1
3.274140000	1
3.274270000	1
3.274284000	1
3.274292000	1
3.274299000	1
3.274306000	1
3.274313000	1
3.274320000	1
3.274328000	1
3.277947000	1
3.280009000	1
3.280059000	1
3.280071000	1
3.280080000	1
3.280087000	1
3.280094000	1
3.280209000	1
3.280225000	1
3.280233000	1
3.280241000	1
3.280253000	1
3.280307000	1
3.280315000	1
3.280360000	1
3.280369000	1
3.280421000	1
3.280497000	1
3.280506000	1
3.280551000	1
3.280562000	1
3.280608000	1
3.280662000	1
3.288149000	1
3.291978000	1
3.292019000	1
3.292033000	1
3.292126000	1
3.292143000	1
3.293112000	1
3.293151000	1
3.296048000	1
3.296089000	1
3.296104000	1
3.296116000	1
3.296126000	1
3.296134000	1
3.296225000	1
3.296243000	1
3.296251000	1
3.296260000	1
3.296278000	1
3.296288000	1
3.296296000	1
3.296305000	1
3.296403000	1
3.296424000	1
3.296433000	1
3.296442000	1
4.747927000	1
4.747975000	1
4.748967000	1
4.748999000	1
4.749010000	1
4.749017000	1
4.749023000	1
4.749127000	1
4.749154000	1
4.749160000	1
4.749164000	1
4.749270000	1
4.749295000	1
4.749299000	1
4.749303000	1
4.749307000	1
4.750991000	1
4.758021000	1
4.760926000	1
4.760977000	1
4.761092000	1
4.761105000	1
4.761114000	1
4.761120000	1
4.761126000	1
4.761223000	1
4.761234000	1
4.761238000	1
4.761299000	1
4.762920000	1
4.762943000	1
4.767961000	1
4.769027000	1
4.769062000	1
4.769073000	1
4.769079000	1
4.769084000	1
4.769089000	1
4.769192000	1
4.769203000	1
4.771015000	1
4.781004000	1
4.781039000	1
4.781051000	1
4.781057000	1
4.783935000	1
4.783978000	1
4.787952000	1
4.789001000	1
4.789036000	1
4.789052000	1
4.789063000	1
4.791000000	1
4.791036000	1
4.791049000	1
4.793088000	1
4.796130000	1
4.796165000	1
4.796178000	1
4.796184000	1
4.796190000	1
4.796196000	1
4.796203000	1
4.796268000	1
4.796278000	1
4.796322000	1
4.796332000	1
4.796498000	1
4.796560000	1
4.796626000	1
4.796634000	1
4.796676000	1
4.796691000	1
4.796698000	1
4.796704000	1
4.796780000	1
4.796789000	1
4.796834000	1
4.796842000	1
4.796848000	1
4.796887000	1
4.796940000	1
4.802916000	1
4.807971000	1
4.810984000	1
4.811029000	1
4.813941000	1
4.819932000	1
4.821248000	1
4.821282000	1
4.821295000	1
4.821302000	1
4.830033000	1
4.830074000	1
4.830087000	1
4.869019000	1
4.869069000	1
4.869082000	1
4.870932000	1
4.870972000	1
4.870986000	1
4.872990000	1
4.877160000	1
4.877202000	1
4.877216000	1
4.877225000	1
4.877232000	1
4.877240000	1
4.877247000	1
4.877317000	1
4.877329000	1
4.877338000	1
4.877345000	1
4.877472000	1
4.877491000	1
4.877503000	1
4.877513000	1
4.877524000	1
4.877535000	1
4.877547000	1
4.877559000	1
4.877633000	1
4.877650000	1
4.877667000	1
4.877679000	1
4.878237000	1
4.878260000	1
4.878269000	1
4.878335000	1
4.878347000	1
4.878467000	1
4.878478000	1
4.878521000	1
4.878534000	1
4.878542000	1
4.878626000	1
4.878638000	1
4.878646000	1
4.878678000	1
4.878689000	1
4.878698000	1
4.878731000	1
4.878741000	1
4.878837000	1
4.878848000	1
4.878857000	1
4.878864000	1
4.878943000	1
4.882913000	1
4.885097000	1
4.885125000	1
4.885137000	1
4.885144000	1
4.885153000	1
4.885167000	1
4.885176000	1
4.885263000	1
4.885281000	1
4.885290000	1
4.885404000	1
4.885421000	1
4.885430000	1
4.885438000	1
4.885505000	1
4.885563000	1
4.885573000	1
4.885581000	1
4.885614000	1
4.885673000	1
4.885727000	1
4.885782000	1
4.885790000	1
4.885850000	1
4.885859000	1
4.885867000	1
4.885904000	1
4.885959000	1
4.885970000	1
4.886018000	1
4.886027000	1
4.886072000	1
4.886082000	1
4.886127000	1
4.886136000	1
4.886184000	1
4.886194000	1
4.886213000	1
4.886224000	1
4.886234000	1
4.886243000	1
4.886312000	1
4.886365000	1
4.886376000	1
4.886476000	1
4.886529000	1
4.886540000	1
4.886621000	1
4.886631000	1
4.886640000	1
4.886649000	1
4.886731000	1
4.886741000	1
4.915913000	1
4.915958000	1
4.915997000	1
4.916060000	1
4.916117000	1
4.916133000	1
4.917982000	1
4.918011000	1
4.919942000	1
4.919989000	1
4.922908000	1
4.922976000	1
4.925993000	1
