2.904860000	1
2.904902000	1
2.906883000	1
2.909938000	1
2.912896000	1
2.913212000	1
2.913321000	1
2.913338000	1
2.913346000	1
2.914025000	1
2.914160000	1
2.914264000	1
2.914317000	1
2.914323000	1
2.914370000	1
2.914478000	1
2.914563000	1
2.914665000	1
2.914719000	1
2.918019000	1
2.918123000	1
2.918131000	1
2.918195000	1
2.922903000	1
2.922932000	1
2.924936000	1
2.924964000	1
2.929829000	1
2.930899000	1
2.930919000	1
2.930929000	1
2.930941000	1
2.930994000	1
2.931045000	1
2.931099000	1
2.931151000	1
2.931158000	1
2.931239000	1
2.931249000	1
2.931343000	1
2.931929000	1
2.934856000	1
2.937899000	1
2.937911000	1
2.938988000	1
2.939869000	1
2.939905000	1
2.942895000	1
2.942919000	1
2.943030000	1
2.943056000	1
2.943065000	1
2.943192000	1
2.943197000	1
2.943260000	1
2.943936000	1
2.943954000	1
2.944895000	1
2.947897000	1
2.947920000	1
2.947930000	1
2.947935000	1
2.947999000	1
2.948005000	1
2.948009000	1
2.949858000	1
2.953928000	1
2.953945000	1
2.953976000	1
2.953982000	1
2.954044000	1
2.954093000	1
2.954146000	1
2.954151000	1
2.954232000	1
2.954920000	1
2.954930000	1
2.955265000	1
2.955279000	1
2.955316000	1
2.955324000	1
2.955936000	1
2.956062000	1
2.956116000	1
2.956120000	1
2.956125000	1
2.956129000	1
2.956169000	1
2.957912000	1
2.957919000	1
2.957965000	1
2.958024000	1
2.958030000	1
2.958039000	1
2.958044000	1
2.958280000	1
2.958332000	1
2.958338000	1
2.958343000	1
2.958983000	1
2.959108000	1
2.959182000	1
2.959236000	1
2.959289000	1
2.959295000	1
2.959342000	1
2.959347000	1
2.959398000	1
2.959449000	1
2.959456000	1
2.959919000	1
2.959976000	1
2.960027000	1
2.960034000	1
2.960079000	1
2.960133000	1
2.960138000	1
2.960186000	1
2.960191000	1
2.960240000	1
2.960311000	1
2.960365000	1
2.962920000	1
2.962927000	1
2.962932000	1
2.963027000	1
2.963032000	1
2.963036000	1
2.963274000	1
2.963328000	1
2.963337000	1
2.963343000	1
2.963348000	1
2.963355000	1
2.963493000	1
2.963501000	1
2.963505000	1
2.963510000	1
2.964822000	1
2.967890000	1
2.968020000	1
2.977962000	1
2.978016000	1
2.978026000	1
2.978070000	1
2.978078000	1
2.978124000	1
2.978178000	1
2.978884000	1
2.978899000	1
2.979057000	1
2.979094000	1
2.979810000	1
2.979821000	1
2.982864000	1
2.982917000	1
2.982969000	1
2.984823000	1
2.987934000	1
2.987986000	1
2.988062000	1
2.988135000	1
2.993255000	1
2.993361000	1
2.993368000	1
2.993374000	1
3.063021000	1
3.064827000	1
3.064838000	1
3.067850000	1
3.072955000	1
3.072968000	1
3.072971000	1
3.074881000	1
3.074894000	1
3.085884000	1
3.085937000	1
3.085940000	1
3.085991000	1
3.085994000	1
3.086045000	1
3.086047000	1
3.086097000	1
3.086151000	1
3.086205000	1
3.086259000	1
3.086313000	1
3.087844000	1
3.093088000	1
3.098071000	1
3.098080000	1
3.098123000	1
3.098126000	1
3.098176000	1
3.099830000	1
3.099837000	1
3.102850000	1
3.102919000	1
3.132909000	1
3.132927000	1
3.132931000	1
3.132933000	1
3.132996000	1
3.134825000	1
3.142993000	1
3.143019000	1
3.143085000	1
3.143099000	1
3.143103000	1
3.145041000	1
3.157958000	1
3.158081000	1
3.158146000	1
3.162987000	1
3.162996000	1
3.163071000	1
3.167990000	1
3.172905000	1
3.172930000	1
3.172933000	1
3.172936000	1
3.173033000	1
3.173048000	1
3.173052000	1
3.173056000	1
3.173065000	1
3.173069000	1
3.173211000	1
3.178077000	1
3.178156000	1
3.178163000	1
3.178208000	1
3.178212000	1
3.178261000	1
3.178316000	1
3.178319000	1
3.178369000	1
3.178485000	1
3.183039000	1
3.183056000	1
3.183059000	1
3.183149000	1
3.183203000	1
3.183258000	1
3.183310000	1
3.183316000	1
3.183364000	1
3.183368000	1
3.183501000	1
3.183506000	1
3.183555000	1
3.184820000	1
3.189894000	1
3.192898000	1
3.192921000	1
3.192985000	1
