4.011089000	1
4.011100000	1
4.011111000	1
4.011116000	1
4.014065000	1
4.014082000	1
4.014096000	1
4.014100000	1
4.014115000	1
4.014293000	1
4.014321000	1
4.014326000	1
4.014350000	1
4.014354000	1
4.014424000	1
4.015977000	1
4.019114000	1
4.019131000	1
4.019146000	1
4.019150000	1
4.019157000	1
4.019270000	1
4.019280000	1
4.019284000	1
4.019290000	1
4.019294000	1
4.019300000	1
4.019361000	1
4.019369000	1
4.019443000	1
4.019454000	1
4.021050000	1
4.021080000	1
4.021085000	1
4.021092000	1
4.021190000	1
4.024005000	1
4.024021000	1
4.024054000	1
4.024060000	1
4.024106000	1
4.024112000	1
4.024211000	1
4.025972000	1
4.025993000	1
4.028990000	1
4.029015000	1
4.029049000	1
4.029061000	1
4.029143000	1
4.029178000	1
4.029184000	1
4.029192000	1
4.029197000	1
4.029213000	1
4.029306000	1
4.029336000	1
4.029342000	1
4.029350000	1
4.031054000	1
4.031100000	1
4.031107000	1
4.031115000	1
4.034009000	1
4.034167000	1
4.034188000	1
4.034204000	1
4.034209000	1
4.034217000	1
4.034222000	1
4.034230000	1
4.034235000	1
4.034325000	1
4.034335000	1
4.034344000	1
4.034349000	1
4.034357000	1
4.036019000	1
4.039038000	1
4.039060000	1
4.039080000	1
4.039087000	1
4.039108000	1
4.039163000	1
4.039221000	1
4.039235000	1
4.039250000	1
4.039258000	1
4.039270000	1
4.039278000	1
4.039351000	1
4.039362000	1
4.039374000	1
4.039395000	1
4.040989000	1
4.041131000	1
4.041153000	1
4.041160000	1
4.044018000	1
4.044065000	1
4.044085000	1
4.044120000	1
4.044132000	1
4.044172000	1
4.044184000	1
4.044224000	1
4.044237000	1
4.044278000	1
4.044288000	1
4.044330000	1
4.044341000	1
4.044384000	1
4.044396000	1
4.044402000	1
4.046027000	1
4.049065000	1
4.049100000	1
4.049108000	1
4.049117000	1
4.049124000	1
4.049133000	1
4.049147000	1
4.051007000	1
4.051032000	1
4.051053000	1
4.051061000	1
4.056025000	1
4.059065000	1
4.059110000	1
4.059123000	1
4.059138000	1
4.059148000	1
4.059172000	1
4.059223000	1
4.059279000	1
4.059293000	1
4.059307000	1
4.059317000	1
4.059328000	1
4.059335000	1
4.059432000	1
4.059446000	1
4.059456000	1
4.059463000	1
4.059474000	1
4.059481000	1
4.059550000	1
4.059562000	1
4.059573000	1
4.059580000	1
4.059654000	1
4.059666000	1
4.059677000	1
4.059707000	1
4.061032000	1
4.061059000	1
4.061079000	1
4.061087000	1
4.064067000	1
4.064093000	1
4.064112000	1
4.064121000	1
4.064131000	1
4.064242000	1
4.064279000	1
4.064289000	1
4.064300000	1
4.064315000	1
4.066022000	1
4.066050000	1
4.069096000	1
4.069123000	1
4.069144000	1
4.069153000	1
4.069167000	1
4.071126000	1
4.074097000	1
4.074126000	1
4.074146000	1
4.074155000	1
4.074168000	1
4.074177000	1
4.074189000	1
4.074197000	1
4.074306000	1
4.074334000	1
4.074355000	1
4.074365000	1
4.074376000	1
4.074385000	1
4.074396000	1
4.074405000	1
4.074518000	1
4.074546000	1
4.074566000	1
4.074576000	1
4.074588000	1
4.074598000	1
4.074617000	1
4.074716000	1
4.074745000	1
4.074756000	1
4.074765000	1
4.074774000	1
4.074783000	1
4.076028000	1
4.079067000	1
4.079097000	1
4.079108000	1
4.079200000	1
4.079219000	1
4.079228000	1
4.079237000	1
4.079246000	1
4.079254000	1
4.079323000	1
4.079333000	1
4.079342000	1
4.079351000	1
4.079438000	1
4.079457000	1
4.079467000	1
4.079476000	1
4.079485000	1
4.079601000	1
4.079644000	1
4.079658000	1
4.079668000	1
4.079678000	1
4.079687000	1
4.079697000	1
4.079706000	1
4.079816000	1
4.079847000	1
4.080999000	1
4.081028000	1
4.081044000	1
4.084073000	1
4.084105000	1
4.084119000	1
4.084131000	1
4.084151000	1
4.084207000	1
4.084226000	1
4.084239000	1
4.084267000	1
4.084284000	1
4.084339000	1
4.085989000	1
4.089035000	1
4.089068000	1
4.089082000	1
4.089098000	1
4.089111000	1
4.089269000	1
4.089301000	1
4.089314000	1
4.089325000	1
4.089336000	1
4.089347000	1
4.089357000	1
4.089368000	1
4.089379000	1
4.089389000	1
4.089406000	1
4.089419000	1
4.089496000	1
4.089529000	1
4.089543000	1
4.089554000	1
4.089565000	1
4.096083000	1
4.104083000	1
4.104120000	1
4.104134000	1
4.104146000	1
4.104218000	1
4.104235000	1
4.104247000	1
4.104259000	1
4.104289000	1
4.104305000	1
4.104343000	1
4.104358000	1
4.104397000	1
4.104534000	1
4.104538000	1
4.104592000	1
4.104595000	1
4.104640000	1
4.104643000	1
4.104694000	1
4.104714000	1
4.106032000	1
4.109114000	1
4.109148000	1
4.109161000	1
4.109271000	1
4.109303000	1
4.109316000	1
4.109327000	1
4.109337000	1
4.109347000	1
4.111090000	1
4.111236000	1
4.111253000	1
4.116016000	1
4.119290000	1
4.119298000	1
4.121074000	1
4.121127000	1
4.124120000	1
4.124159000	1
4.124186000	1
4.124195000	1
4.124203000	1
4.124312000	1
4.124351000	1
4.124363000	1
4.124372000	1
4.124393000	1
4.124414000	1
4.124425000	1
4.124435000	1
4.124522000	1
4.124540000	1
4.124549000	1
4.124636000	1
4.124654000	1
4.124663000	1
4.124671000	1
4.124680000	1
4.124688000	1
4.124756000	1
4.124772000	1
4.124781000	1
4.124898000	1
4.129088000	1
4.129102000	1
4.129223000	1
4.129237000	1
4.129259000	1
4.129315000	1
4.129336000	1
4.131024000	1
4.131062000	1
4.131077000	1
4.136036000	1
4.136124000	1
4.139076000	1
4.139115000	1
4.139130000	1
4.139225000	1
4.139298000	1
4.141024000	1
4.144149000	1
4.144184000	1
4.144197000	1
4.144207000	1
4.144216000	1
4.144223000	1
4.144355000	1
4.144390000	1
