20610				    19.952
20614				    19.952
20618				    19.952
20622				    19.952
20626				    19.952
20630				    19.952
20634				    19.952
20638				    19.952
20642				    19.952
20646				    19.952
20650				    2.43
20654				    2.43
20658				    2.43
20662				    2.43
20666				    2.43
20670				    2.43
20674				    2.43
20679				    2.847
20682				    2.847
20686				    2.79
20690				    2.79
20695				    1.658
20699				    1.658
20703				    1.658
20707				    1.658
20711				    2.183
20716				    2.183
20720				    2.239
20724				    2.361
20729				    2.457
20733				    1.332
20736				    1.267
20741				    1.832
20745				    2.6
20749				    2.6
20753				    2.982
20758				    2.982
20761				    2.982
20766				    2.982
20770				    2.982
20774				    2.982
20778				    5.671
20782				    3.969
20786				    2.025
20789				    3.43
20794				    0.8
20797				    0.8
20801				    3.383
20805				    3.383
20810				    7.936
20814				    8.542
20818				    2.639
20823				    4.421
20827				    4.421
20831				    4.421
20836				    4.421
20840				    4.421
20844				    5.51
20849				    1.598
20853				    1.806
20857				    3.627
20861				    0.207
20865				    0.388
20869				    1.779
20873				    3.832
20877				    8.548
20881				    2.005
20885				    5.893
20889				    6.297
20893				    6.297
20897				    5.785
20901				    2.323
20905				    1.523
20909				    2.021
20913				    2.021
20916				    2.052
20920				    0.931
20924				    1.277
20927				    1.033
20931				    1.144
20935				    1.144
20938				    1.144
20942				    1.322
20946				    1.575
20949				    1.917
20953				    2.671
20957				    2.788
20961				    2.165
20965				    2.369
20970				    1.925
20974				    1.925
20978				    1.925
20983				    1.259
20986				    1.259
20990				    1.386
20994				    1.22
20998				    0.56
21002				    1.262
21006				    0.755
21010				    0.857
21015				    0.857
21019				    0.989
21023				    1.302
21028				    0.855
21032				    2.672
21036				    1.022
21040				    1.022
21044				    1.022
21049				    1.022
21053				    1.022
21057				    1.022
21062				    1.022
21066				    1.022
21070				    1.022
21074				    1.022
21079				    11.211
21082				    25.306
21087				    26.716
21091				    5.903
21095				    5.903
21099				    5.903
21103				    5.903
21107				    5.903
21112				    6.524
21116				    7.117
21120				    7.117
21124				    7.482
21129				    7.482
21133				    7.182
21137				    2.813
21141				    2.315
21145				    3.332
21149				    4.184
21154				    4.425
21158				    4.425
21162				    4.425
21166				    4.425
21169				    4.425
21174				    2.702
21178				    3.27
21181				    2.368
21185				    2.461
21189				    2.461
21193				    2.461
21197				    2.461
21201				    2.461
21205				    2.461
21209				    2.767
21212				    2.767
21216				    2.767
21220				    1.694
21225				    1.312
21229				    2.8
21233				    4.622
21237				    4.645
21240				    4.645
21244				    4.708
21248				    4.509
21252				    4.717
21256				    4.717
21260				    4.717
21264				    1.768
21268				    1.796
21273				    2.054
21277				    1.511
21281				    1.511
21285				    1.511
21289				    1.511
21293				    3.743
21297				    1.977
21301				    2.442
21306				    2.015
21309				    2.22
21314				    1.489
21318				    1.489
21322				    1.489
21326				    1.489
21330				    1.489
21333				    4.278
21338				    4.278
21342				    4.278
21346				    5.72
21351				    5.34
21355				    2.651
21359				    2.651
21363				    2.626
