116				    40.052
124				    40.052
132				    40.052
141				    40.052
149				    39.366
157				    40.899
166				    40.899
174				    40.899
182				    36.917
191				    36.09
199				    36.553
207				    38.011
215				    40.017
224				    39.882
232				    44.504
240				    46.675
248				    48.203
257				    51.735
265				    52.6
273				    53.67
282				    53.67
290				    56.789
298				    57.228
306				    59.941
314				    60.39
323				    60.39
331				    65.409
339				    77.517
348				    78.118
356				    77.162
365				    78.235
373				    81.578
381				    83.083
390				    93.537
398				    97.455
406				    97.455
414				    106.901
422				    109.079
431				    109.079
439				    121.355
447				    129.226
456				    122.037
465				    123.479
473				    124.487
481				    127.297
490				    135.19
498				    133.292
506				    133.81
515				    125.209
523				    126.236
532				    124.602
540				    124.443
548				    126.296
556				    123.875
565				    120.456
573				    117.87
582				    101.973
590				    98.134
598				    98.134
606				    101.19
615				    104.473
623				    105.884
632				    105.884
640				    106.48
648				    106.48
656				    106.695
664				    107.485
672				    108.776
681				    110.621
689				    112.398
697				    115.259
706				    118.342
714				    120.701
722				    127.524
731				    125.829
740				    125.861
748				    126.686
756				    133.007
764				    134.803
772				    136.857
781				    142.21
789				    150.278
798				    154.812
806				    154.812
814				    154.812
822				    158.543
831				    164.884
839				    168.341
847				    172.306
856				    176.408
864				    175.58
872				    175.58
881				    175.58
889				    175.58
898				    175.58
907				    185.04
915				    167.458
923				    121.565
931				    121.565
940				    94.286
948				    91.105
956				    91.105
964				    91.822
973				    91.822
981				    84.032
990				    84.032
998				    83.743
1006				    83.865
1015				    83.865
1023				    83.865
1031				    87.402
1039				    87.826
1047				    90.678
1056				    92.515
1064				    92.515
1072				    99.335
1081				    101.322
1089				    101.322
1097				    104.592
1106				    104.592
1115				    112.844
1123				    113.95
1131				    115.27
1139				    114.858
1148				    114.844
1156				    111.992
1164				    111.992
1173				    109.705
1181				    108.439
1190				    108.439
1198				    106.368
1206				    105.563
1215				    104.867
1223				    102.916
1232				    102.56
1240				    102.56
1248				    102.915
1257				    104.082
1265				    104.184
1273				    104.184
1281				    105.324
1289				    105.925
1298				    109.205
1307				    109.205
1315				    110.312
1324				    113.948
1332				    114.096
1340				    114.239
1348				    112.954
1357				    110.034
1365				    110.034
1374				    108.629
1382				    104.725
1391				    99.729
1399				    96.639
1407				    91.135
1416				    87.626
1424				    87.626
1432				    89.801
1440				    90.207
1449				    86.745
1457				    83.605
1466				    82.165
1474				    81.902
1482				    82.026
1491				    83.025
1499				    85.015
1507				    86.637
1516				    84.033
1524				    83.719
