7263				    22.39
7274				    22.39
7285				    22.39
7296				    18.864
7308				    2.146
7319				    2.146
7330				    2.524
7341				    1.695
7353				    1.675
7364				    1.675
7375				    1.844
7386				    1.236
7397				    2.143
7409				    3.481
7420				    3.028
7431				    1.485
7442				    1.085
7453				    2.409
7465				    1.472
7476				    1.877
7487				    0.76
7498				    2.702
7510				    2.322
7521				    7.352
7532				    3.889
7543				    0.715
7554				    0.95
7566				    0.861
7578				    2.399
7589				    1.484
7601				    0.494
7613				    1.49
7624				    1.49
7636				    1.49
7647				    2.329
7658				    2.329
7670				    2.329
7681				    2.329
