10674				    10
10686				    10
10697				    10
10708				    16
10719				    20
10731				    20
10742				    24
10753				    36
10765				    40
10776				    44
10788				    55
10799				    80
10811				    80
10822				    103
10833				    122
10845				    140
10857				    148
10868				    201
10880				    221
10891				    269
10902				    297
10914				    347
10925				    398
10936				    420
10948				    333
10959				    274
10971				    234
10983				    172
10994				    141
11006				    97
11017				    35
11029				    294
11041				    294
11053				    294
11064				    294
