39994				    2.3	
40006				    2.3	
40016				    2.3	
40028				    2.3	
40039				    2.3	
40049				    3.2	
40060				    3.5	
40072				    3.5	
40083				    3.5	
40094				    3.5	
40105				    3.5	
40116				    4.8
40127				    4.8
40138				    4.8
40149				    5.6
40160				    5.8
40171				    5.2
40182				    5.2
40193				    6.1
40204				    6.1
40215				    6.2
40226				    5.7
40237				    5.7
40248				    4.8
40260				    4.8
40271				    5.4
40282				    5.4
40293				    5.9
40304				    5.9
40315				    5.3
40326				    6.1
40337				    6.2
40348				    6.2
40358				    6.1
40369				    6.0
40381				    5.8
40392				    5.8
40403				    5.8
40414				    5.6
40425				    5.7
40436				    5.9
40447				    5.7
40458				    5.7
40469				    5.8
40480				    5.9
40491				    5.9
40502				    5.9
40513				    5.3
40525				    5.4
40536				    5.4
40547				    5.0
40558				    5.5
40568				    5.7
40579				    5.7
40590				    5.8
40601				    6.5
40612				    6.6
40623				    6.6
40634				    5.8
40645				    5.8
40656				    6.3
40667				    6.5
40678				    6.5
40689				    6.4
40700				    6.9
40711				    6.8
40722				    6.8
40733				    6.4
40744				    6.4
40755				    5.9
40766				    6.6
40777				    6.6
40788				    6.9
40799				    7.2
40810				    6.9
40821				    6.7
40832				    6.6
40844				    7.0
40854				    7.0
40865				    6.6
40877				    6.9
40888				    6.9
40900				    7.0
40911				    6.9
40922				    7.5
40933				    7.5
40944				    7.2
40955				    7.6
40966				    7.6
40977				    7.6
40989				    7.2
41000				    7.2
41011				    6.6
41022				    6.6
41033				    7.1
41044				    7.1
41055				    7.1
41066				    6.7
41077				    6.8
41088				    6.8
41099				    6.8
41111				    6.8
41122				    6.8
41133				    6.4
41144				    6.4
41155				    5.7
41166				    6.4
41177				    7.4
41188				    7.3
41199				    7.4
41210				    7.4
41221				    7.4
41232				    7.3
41243				    7.8
41254				    7.8
41265				    7.8
41275				    6.8
41287				    7.0
41298				    6.6
41309				    6.5
41320				    7.5
41332				    7.8
41343				    7.8
41354				    8.4
41365				    8.4
41375				    7.6
41386				    7.3
41397				    8.1
41408				    8.1
