33400				    45.437
33411				    45.437
33422				    45.437
33434				    45.437
33445				    45.437
33456				    56.17
33467				    56.17
33478				    56.17
33489				    56.17
33501				    51.112
33512				    52.286
33523				    53.388
33534				    58.207
33545				    60.219
33556				    59.008
33567				    60.312
33579				    65.241
33590				    65.923
33601				    66.961
33611				    68.229
33623				    68.669
33634				    76.767
33645				    77.288
33656				    76.263
33666				    76.705
33677				    84.63
33688				    88.586
33699				    88.586
33711				    90.419
33722				    90.419
33733				    94.443
33744				    94.443
33755				    100.69
33766				    100.69
33778				    102.393
33789				    99.938
33801				    104.551
33812				    105.553
33823				    109.241
33834				    111.23
33845				    111.05
33856				    112.38
33867				    114.083
33878				    109.627
33889				    111.147
33901				    111.147
33912				    116.034
33923				    116.894
33934				    118.266
33945				    116.548
33956				    115.096
33967				    115.07
33979				    115.07
33990				    114.957
34001				    113.402
34012				    112.114
34023				    113.385
34034				    117.177
34045				    116.215
34056				    115.683
34067				    118.352
34078				    118.352
34089				    122.722
34100				    124.057
34111				    123.146
34122				    126.333
34133				    126.333
34144				    126.333
34155				    137.541
34167				    138.062
34178				    132.413
34189				    129.959
34201				    130.126
34211				    130.126
34223				    130.488
34234				    128.684
34245				    126.364
34256				    126.364
34267				    126.364
34278				    125.537
34290				    121.099
34301				    120.387
34313				    121.876
34324				    123.281
34335				    129.941
34346				    127.466
34357				    126.331
34368				    126.331
34379				    131.305
34390				    128.242
34402				    123.861
34413				    123.861
34424				    112.73
34435				    112.73
34446				    100.643
34457				    85.642
34468				    84.304
34479				    82.093
34490				    82.093
34501				    88.673
34512				    91.827
34523				    91.827
34534				    96.633
34545				    100.9
34556				    101.08
34568				    102.194
34579				    103.593
34589				    103.593
34600				    103.593
34611				    108.107
34622				    105.721
