27677				    2.4	
27681				    2.4	
27685				    2.4	
27690				    2.4	
27694				    2.4	
27697				    2.4	
27701				    2.4	
27705				    2.4	
27710				    2.4	
27714				    2.4	
27718				    3.0	
27722				    3.0	
27726				    3.0	
27730				    3.5	
27735				    3.5	
27739				    3.6	
27743				    3.6	
27748				    3.6	
27752				    3.6	
27756				    3.6	
27760				    3.6	
27765				    3.6	
27769				    3.6	
27773				    3.6	
27777				    4.0	
27782				    4.0	
27786				    5.7	
27790				    5.7	
27795				    7.0	
27798				    7.0	
27802				    7.0	
27806				    7.0	
27811				    7.0	
27815				    7.0	
27819				    7.4	
27823				    7.4	
27827				    10.5	
27831				    10.5	
27836				    10.5	
27840				    11.1	
27844				    11.1	
27849				    11.1	
27853				    11.1	
27857				    12.2	
27862				    12.2	
27866				    12.2	
27870				    12.2	
27875				    12.2	
27879				    12.2	
27883				    12.2	
27888				    12.2	
27892				    12.2	
27896				    13.4	
27900				    13.4	
27904				    13.3	
27908				    13.3	
27912				    12.9	
27916				    12.9	
27921				    12.9	
27925				    12.9	
27929				    12.9	
27934				    12.9	
27938				    12.9	
27942				    12.9	
27946				    12.9	
27950				    11.5	
27954				    11.5	
27958				    11.5	
27962				    11.5	
27966				    11.5	
27971				    10.5	
27975				    10.5	
27979				    9.1	
27984				    9.1	
27988				    9.1	
27992				    7.7
27997				    7.5
28001				    7.3
28005				    7.3
28010				    6.1
28014				    6.1
28019				    6.1
28022				    6.1
28026				    6.1
28031				    6.1
28034				    6.1
28038				    6.1
28043				    5.8
28047				    5.8
28051				    5.7
28056				    5.7
28060				    4.7
28064				    4.7
28069				    4.7
28073				    4.7
28077				    4.6
28081				    4.9
28086				    5.2
28090				    4.7
28094				    4.7
28098				    4.7
28102				    4.7
28106				    5.5
28110				    5.5
28114				    5.5
28117				    5.5
28121				    5.4
28126				    5.4
28130				    5.4
28134				    5.4
28137				    5.4
28142				    5.4
28146				    5.4
28150				    5.3
28154				    5.3
28158				    6.0
28162				    6.9
28165				    6.9
28169				    7.0
28174				    7.0
28178				    7.1
28182				    7.3
28186				    7.3
28190				    7.3
28194				    7.3
28198				    7.0
28202				    7.3
28206				    7.3
28210				    8.0
28214				    8.0
28218				    8.0
28222				    8.0
28226				    8.6
28230				    8.6
28234				    8.5
28238				    8.5
28242				    7.7
28245				    7.7
28249				    7.7
28253				    7.7
28258				    7.8
28262				    7.8
28266				    7.9
28270				    7.9
28274				    7.9
28279				    7.9
28283				    7.9
28287				    7.9
28292				    7.7
28296				    7.7
28300				    7.8
28304				    7.8
28309				    7.7
28313				    7.9
28317				    7.9
28321				    7.9
28325				    7.9
28329				    7.3
28333				    7.7
28337				    7.7
28341				    7.6
28345				    7.5
28349				    7.7
28353				    7.7
28357				    7.7
28361				    7.9
28365				    8.0
28369				    8.0
28373				    8.1
28377				    7.9
28381				    7.9
28384				    7.9
28388				    7.9
28392				    7.8
28396				    7.7
28400				    7.7
28403				    7.7
28407				    7.4
28411				    7.6
28415				    7.6
28419				    7.6
28424				    7.6
28428				    7.6
28432				    7.4
28437				    7.4
28441				    8.0
28445				    8.0
28450				    8.0
28454				    8.0
28458				    8.0
28463				    8.0
28467				    8.0
28472				    7.8
28476				    7.8
28480				    8.3
28484				    8.3
28488				    8.3
28493				    8.2
28497				    8.5
28501				    8.5
28505				    8.5
28509				    8.5
28514				    8.5
28518				    8.5
28521				    8.5
28525				    8.5
28529				    8.7
28533				    8.7
28537				    8.7
28541				    9.0
28545				    9.0
28549				    9.0
28553				    9.0
28557				    8.7
28561				    8.7
28565				    8.7
28569				    8.7
28573				    7.4
28577				    7.4
28581				    7.4
28584				    7.4
28588				    7.1
28592				    7.1
28595				    7.1
28600				    7.1
28604				    7.1
28608				    7.1
28612				    6.4
28616				    6.4
28620				    6.1
28624				    6.1
28628				    6.1
28632				    5.9
28636				    5.9
28641				    5.9
28644				    5.9
28648				    5.9
28652				    5.9
28656				    5.9
28660				    5.9
28664				    5.8
28668				    5.8
28672				    5.7
28675				    5.7
28679				    5.7
28683				    5.7
28687				    5.7
28691				    5.7
28695				    5.7
28700				    5.6
28704				    5.6
28708				    5.6
28712				    5.6
28717				    5.3
28721				    5.3
28725				    5.1
28730				    4.8
28734				    4.8
28738				    4.8
28742				    4.8
28746				    4.8
28750				    4.8
28754				    4.8
28758				    4.8
28762				    4.8
28766				    4.8
28770				    4.8
28775				    4.9
28779				    4.9
28783				    4.9
28787				    4.9
28791				    5.1
28796				    5.2
28800				    5.2
28804				    5.6
28807				    5.6
28811				    5.9
28815				    5.9
28819				    5.9
28823				    5.9
28827				    6.0
28831				    6.0
28835				    6.5
28839				    6.9
28843				    7.2
28847				    7.2
28850				    7.2
28854				    7.2
28859				    7.2
28863				    7.2
28867				    7.2
28872				    7.1
28876				    7.1
28880				    7.1
28884				    7.2
28889				    7.2
28892				    7.2
28896				    7.3
28899				    7.9
28903				    8.1
28907				    8.1
28910				    8.2
28914				    8.2
28918				    8.2
28921				    8.2
28925				    8.1
28929				    8.1
28933				    7.8
28937				    7.8
28941				    8.5
28945				    8.5
28949				    8.5
28953				    8.8
28957				    8.8
28961				    8.8
28966				    8.8
28969				    8.4
28973				    8.4
28977				    8.4
28981				    8.4
28985				    8.4
28989				    8.4
28993				    8.0
28996				    8.0
29000				    7.9
29004				    7.9
29008				    7.9
29012				    7.9
29016				    7.9
29019				    7.9
29023				    7.9
29027				    7.9
