103				    40.115
114				    40.115
125				    40.115
136				    40.115
147				    40.115
158				    40.115
169				    40.115
181				    63.935
193				    74.067
204				    74.067
215				    74.067
226				    57.473
238				    55.623
249				    58.685
261				    59.544
272				    59.544
284				    58.655
295				    59.101
307				    63.919
319				    68.603
330				    68.603
342				    68.603
353				    68.603
364				    68.603
376				    68.603
387				    82.033
398				    96.329
409				    97.189
420				    98.239
431				    106.648
443				    106.648
454				    89.53
466				    59.801
477				    59.801
488				    59.801
499				    63.311
511				    74.212
522				    73.423
533				    71.145
545				    74.132
556				    82.638
567				    79.458
578				    75.255
589				    74.687
602				    74.687
613				    74.687
624				    74.687
635				    74.687
647				    74.687
658				    74.687
670				    112.523
681				    130.093
693				    140.393
704				    141.705
716				    141.705
728				    141.705
739				    160.903
751				    123.478
762				    123.478
773				    123.478
784				    113.289
796				    113.289
807				    113.289
818				    108.72
830				    97.925
841				    97.925
853				    100.823
865				    117.835
876				    73.743
888				    67.319
899				    62.929
911				    57.693
923				    56.26
935				    60.034
946				    60.46
958				    55.694
969				    54.113
981				    47.832
993				    47.894
1005				    49.568
1016				    49.568
1028				    49.568
1039				    53.584
1051				    70.862
1063				    76.695
1074				    76.695
1086				    82.496
1097				    65.728
1109				    65.082
1120				    68.505
1132				    61.797
1144				    54.518
1155				    49.121
1166				    49.121
1178				    52.744
1190				    55.532
1202				    61.016
1213				    75.766
1222				    80.815
1230				    83.319
1238				    94.054
1247				    100.545
1255				    99.242
