42300				    10
42311				    10
42322				    10
42333				    10
42344				    10
42355				    18
42366				    18
42377				    18
42388				    18
42399				    18
42410				    20
42421				    27
42433				    27
42443				    27
42454				    27
42465				    27
42476				    27
42487				    28
42498				    28
42510				    28
42521				    28
42531				    29
42543				    30
42554				    30
42564				    30
42575				    30
42586				    30
42598				    31
42609				    31
42620				    31
42631				    31
42643				    31
42654				    32
42665				    32
42676				    32
42687				    33
42698				    33
42710				    34
42721				    34
42732				    34
42743				    35
42754				    36
42765				    36
42776				    36
42787				    36
42798				    37
42809				    37
42820				    37
42832				    37
42843				    37
42854				    38
42865				    38
42877				    39
42888				    39
42899				    40
42910				    40
42922				    40
42933				    41
42944				    42
42955				    42
42966				    42
42978				    43
42989				    43
42999				    43
43010				    44
43022				    45
43033				    45
43045				    46
43056				    46
43067				    46
43078				    47
43089				    47
43100				    48
43111				    48
43122				    48
43133				    49
43144				    49
43155				    50
43166				    51
43178				    51
43189				    51
43200				    52
43211				    53
43222				    53
43234				    53
43244				    54
43255				    54
43266				    54
43277				    56
43289				    56
43300				    56
43311				    57
43322				    58
43333				    58
43344				    58
43355				    59
43366				    60
43377				    60
43388				    60
43399				    61
43410				    61
43421				    61
43432				    62
