10576				    64.988
10587				    64.988
10598				    64.988
10609				    64.988
10621				    58.978
10632				    57.517
10643				    60.589
10654				    60.589
10665				    60.589
10676				    54.757
10687				    54.757
10699				    54.757
10710				    61.388
10722				    61.388
10733				    63.531
10744				    61.958
10755				    61.958
10767				    61.958
10778				    62.457
10789				    63.905
10800				    72.699
10811				    74.211
10823				    74.211
10834				    78.456
10845				    78.456
10856				    94.223
10867				    94.223
10879				    96.464
10890				    97.251
10901				    100.329
10912				    99.999
10924				    102.24
10935				    101.11
10946				    101.11
10957				    97.634
10968				    97.634
10979				    97.865
10990				    100.281
11001				    103.416
11012				    103.206
11023				    103.206
11035				    106.215
11046				    110.904
11057				    110.904
11068				    110.904
11079				    120.102
11090				    120.102
11101				    120.102
11113				    122.316
11124				    122.195
11135				    123.142
11146				    121.621
11157				    115.6
11169				    116.512
11180				    116.512
11192				    116.934
11203				    114.769
11214				    113.313
11225				    113.313
11236				    110.958
11248				    110.958
11259				    115.606
11270				    115.802
11281				    116.7
11293				    121.753
11304				    114.345
11315				    114.345
11326				    115.323
11337				    121.087
11349				    121.304
11360				    121.631
11371				    121.631
11383				    121.631
11394				    128.283
11405				    114.021
11416				    114.021
11428				    114.021
11439				    112.092
11450				    112.092
11461				    104.756
11472				    90.595
11484				    89.954
11495				    88.405
11505				    90.228
11517				    90.228
11528				    85.497
11539				    84.033
11551				    73.726
11562				    68.604
11573				    68.604
11585				    68.604
11596				    71.441
11607				    61.613
11618				    55.518
11629				    54.685
11640				    53.97
11651				    55.186
11663				    55.171
11674				    56.246
11685				    54.4
11696				    54.4
11708				    54.4
11719				    59.864
11731				    56.653
11742				    52.468
11753				    52.468
11764				    54.582
11776				    55.102
11787				    55.809
11799				    58.279
11811				    62.119
11822				    66.834
11833				    69.387
11844				    69.387
11856				    77.328
11866				    86.52
11877				    86.52
11889				    90.481
11900				    93.23
11911				    93.23
11922				    94.83
11933				    97.246
11944				    104.349
11956				    104.353
11967				    102.625
11978				    96.982
11989				    96.982
12000				    92.822
12012				    90.942
12023				    90.942
12035				    90.481
12046				    90.481
12057				    93.107
12068				    93.107
12080				    100.521
12091				    100.521
12102				    108.39
