18139				    64.243
18150				    64.243
18161				    64.243
18173				    64.243
18184				    64.243
18196				    64.243
18207				    64.243
18218				    70.22
18229				    75.324
18241				    85.057
18252				    85.057
18263				    85.057
18275				    85.057
18286				    85.057
18297				    85.057
18308				    84.824
18320				    82.491
18332				    86.983
18342				    88.939
18354				    88.939
18365				    88.939
18376				    88.939
18387				    88.939
18399				    88.939
18410				    88.939
18422				    97.631
18433				    114.87
18444				    119.604
18456				    119.248
18467				    120.595
18478				    120.595
18489				    120.595
18500				    120.595
18512				    120.595
18523				    120.595
18535				    113.083
18546				    113.069
18558				    118.679
18569				    121.01
18581				    122.078
18592				    125.558
18604				    125.558
18615				    125.558
18627				    125.558
18639				    125.558
18651				    125.558
18662				    126.179
18674				    134.689
18685				    139.705
18696				    143.175
18708				    151.248
18719				    152.866
18730				    164.825
18741				    164.825
18752				    169.216
18764				    180.709
18775				    194.903
18787				    194.903
18798				    194.903
18809				    203.767
18820				    206.895
18832				    206.895
18843				    207.532
18855				    206.344
18866				    199.497
18877				    199.358
18888				    199.178
18899				    199.711
18911				    205.079
18922				    205.079
18933				    210.341
18944				    209.567
18955				    204.561
18967				    196.357
18978				    196.767
18989				    197.972
19000				    197.972
19011				    198.197
19023				    198.197
19034				    198.197
19045				    198.197
19056				    191.458
19067				    190.88
19078				    188.623
19089				    188.623
19100				    188.205
19112				    180.457
19123				    180.859
19134				    182.499
19145				    181.975
19157				    181.975
19168				    185.868
19179				    190.681
19190				    194.522
19201				    194.522
19213				    194.522
19224				    194.522
19236				    194.522
19247				    194.522
19258				    201.079
19269				    201.079
19280				    213.452
19292				    218.685
19303				    218.685
19314				    209.984
19325				    211.029
19337				    216.543
19348				    217.565
19359				    217.222
19370				    220.168
19381				    217.569
19392				    216.134
19404				    219.433
19415				    219.433
19427				    226.685
19438				    226.685
19450				    226.685
19461				    226.685
19473				    213.787
19483				    213.787
19494				    214.171
19506				    216.238
19517				    207.726
19528				    209.598
19540				    211.275
19551				    220.986
19562				    220.986
19573				    209.176
19585				    207.741
19596				    207.741
19608				    202.107
19620				    199.257
19632				    199.257
19643				    199.257
19655				    196.969
19666				    193.555
