8710				    10
8721				    10
8733				    10
8744				    10
8756				    10
8767				    10
8778				    10
8789				    10
8801				    10
8813				    10
8825				    10
8836				    10
8847				    10
8859				    10
8871				    10
8882				    10
8894				    10
8905				    10
8917				    10
8928				    10
8940				    10
8951				    10
8962				    10
8974				    10
8985				    10
8996				    10
9008				    10
9019				    10
9031				    10
9043				    10
9054				    10
9066				    10
9079				    10
9090				    10
9101				    10
9113				    17
9124				    18
9136				    18
9147				    18
9159				    18
9170				    18
9182				    18
9193				    18
9204				    18
9215				    18
9227				    18
9238				    18
9249				    18
9261				    18
9272				    18
9284				    18
9295				    18
9307				    18
9319				    18
9330				    18
9342				    18
9353				    18
9364				    18
9376				    18
9387				    18
9399				    18
9410				    18
9422				    18
9433				    18
9445				    18
9457				    18
9468				    18
9480				    18
9492				    18
9503				    18
9514				    18
9525				    21
9537				    30
9549				    30
9560				    36
9572				    36
9584				    36
9595				    36
9607				    36
9618				    36
9630				    36
9642				    36
9653				    36
9665				    36
9677				    36
9688				    36
9699				    36
9710				    36
9722				    36
9734				    36
9745				    36
9757				    36
9769				    36
9781				    37
9792				    37
9803				    37
9815				    37
9826				    37
9837				    37
9849				    38
9860				    38
9871				    38
9883				    38
9894				    38
9905				    38
9917				    38
9928				    38
9939				    38
9951				    38
9963				    39
9975				    39
9986				    39
9999				    39
10010				    39
10021				    39
10032				    39
10044				    40
10055				    40
10067				    40
10078				    40
10089				    40
10100				    40
10111				    40
10123				    40
10134				    40
10146				    40
10157				    40
10169				    41
10181				    41
10193				    41
10204				    41
10215				    41
10227				    41
10238				    41
10249				    41
10260				    41
10271				    41
10283				    41
10294				    42
10306				    42
10317				    42
10328				    42
10339				    42
10350				    42
10361				    42
10373				    42
10384				    43
10395				    43
10407				    43
10418				    43
10430				    43
10441				    43
10453				    43
10464				    43
10476				    43
10487				    43
10498				    43
10510				    43
10521				    44
10532				    44
10544				    44
10554				    44
10566				    44
10577				    44
10588				    44
10600				    44
10611				    44
10622				    45
