12701				    33.571
12712				    33.571
12723				    33.571
12735				    33.571
12747				    24.99
12758				    4.524
12769				    4.524
12781				    4.524
12793				    5.764
12804				    5.031
12816				    4.572
12827				    5.054
12838				    4.571
12849				    2.069
12860				    2.069
12869				    3.728
12877				    5.523
12886				    5.523
12894				    5.654
12902				    4.461
12911				    7.799
12919				    9.785
12927				    11.012
12935				    11.012
12944				    8.276
12952				    7.132
12960				    7.338
12969				    6.607
12977				    3.302
12985				    3.282
12994				    3.501
13002				    2.653
13010				    2.356
13019				    2.148
13028				    3.092
13036				    3.734
13045				    4.593
13053				    4.593
13062				    3.067
13070				    4.926
13079				    1.372
13087				    1.372
13095				    2.811
13103				    2.366
13111				    6.026
13120				    11.254
13129				    3.972
13137				    3.972
13146				    3.972
13154				    11.275
13162				    2.708
13171				    3.729
13179				    6.027
13188				    5.874
13196				    6.49
13205				    7.933
13213				    7.25
13221				    8.516
13230				    6.737
13238				    6.737
13246				    6.737
13255				    6.534
13264				    6.017
13272				    6.017
13280				    6.017
13289				    14.724
13297				    0.886
13306				    0.92
13314				    3.774
13323				    3.774
13331				    1.236
13339				    3.08
13347				    6.173
13355				    1.785
13364				    1.785
13372				    5.664
13381				    2.185
13389				    0.973
13398				    0.973
13406				    0.973
13415				    4.948
13423				    1.248
13432				    1.901
13441				    1.043
13449				    4.46
13458				    2.155
13466				    2.155
13474				    8.636
13483				    8.043
