6932				    10
6943				    10
6954				    10
6965				    10
6976				    10
6987				    10
6999				    10
7010				    10
7021				    10
7032				    10
7044				    10
7054				    10
7066				    10
7077				    10
7088				    10
7099				    10
7110				    10
7121				    10
7132				    6
7143				    6
7154				    15
7165				    15
7176				    15
7187				    15
7199				    15
7209				    15
7220				    15
7231				    15
7243				    15
7254				    15
7265				    15
7276				    15
7287				    15
7298				    15
7309				    15
7320				    15
7331				    15
7342				    15
7353				    15
7364				    15
7375				    16
7386				    29
7397				    29
7408				    30
7419				    30
7430				    30
7441				    30
7452				    30
7464				    30
7474				    30
7485				    30
7496				    30
7507				    30
7518				    30
7529				    30
7540				    30
7551				    30
7563				    30
7574				    30
7585				    30
7595				    32
7607				    32
7618				    40
7629				    42
7640				    59
7651				    60
7662				    60
7673				    60
7684				    60
7695				    60
7706				    60
7717				    60
7728				    60
7739				    60
7750				    60
7761				    60
7772				    60
7783				    60
7794				    60
7805				    60
7816				    60
7827				    60
7838				    60
7849				    60
7859				    60
7870				    60
7881				    65
7892				    69
7904				    69
7915				    69
7926				    69
7937				    69
7948				    69
7959				    69
7970				    69
7981				    69
7992				    69
8003				    69
8014				    69
8025				    69
8036				    69
8046				    69
8057				    69
8069				    69
8080				    69
8091				    69
8103				    69
8114				    69
8125				    69
8136				    69
8147				    69
8158				    69
8169				    69
8180				    69
8191				    69
8202				    69
8213				    69
8224				    69
8235				    69
8247				    69
8258				    69
8269				    69
8280				    69
8291				    69
8302				    69
8313				    69
8324				    69
8336				    69
8347				    69
8358				    69
8369				    69
8380				    69
8392				    69
8403				    69
8413				    69
8424				    69
8435				    69
8447				    69
8458				    69
8469				    69
8480				    69
8491				    69
8502				    69
8513				    69
8524				    69
8535				    69
8545				    69
8556				    69
8568				    69
8579				    69
8590				    69
8601				    69
8612				    70
8623				    70
8634				    70
8645				    70
8656				    70
8668				    70
8679				    70
8690				    70
8701				    70
8712				    70
8723				    70
8734				    70
8745				    70
8756				    70
8767				    70
8779				    70
8790				    70
8801				    70
8812				    70
8823				    70
8834				    70
8845				    70
8856				    70
8867				    70
8878				    70
8889				    70
8900				    70
8912				    70
8923				    70
8934				    70
8945				    70
8956				    70
8967				    70
8978				    70
8989				    70
9000				    70
9012				    70
9023				    70
9033				    70
9045				    70
9056				    70
9067				    70
9078				    70
9089				    70
9100				    70
9111				    70
9122				    70
9133				    70
9144				    70
9155				    70
9166				    70
9177				    70
9188				    70
9198				    70
9210				    70
9220				    70
9232				    70
9243				    70
9254				    70
9265				    70
9276				    70
9286				    70
9298				    70
9309				    70
9320				    70
9331				    70
9342				    70
9353				    70
9364				    70
9375				    70
9386				    70
9397				    71
9408				    71
9420				    71
9431				    71
9442				    71
9453				    71
9464				    71
9474				    71
9485				    71
9496				    71
9507				    71
9519				    71
9529				    71
9541				    71
9552				    71
9563				    71
9574				    71
9586				    71
9597				    71
9608				    71
9619				    71
9630				    71
9641				    71
9652				    71
9663				    71
9674				    71
9685				    71
9696				    71
9707				    71
9718				    71
9729				    71
9740				    71
9751				    71
9762				    71
9773				    71
9784				    71
9795				    71
9806				    71
9817				    71
9828				    71
9839				    71
9850				    72
9861				    72
9872				    72
9883				    72
9895				    72
9906				    72
9917				    72
9928				    72
9939				    72
9950				    72
9961				    72
9972				    72
9983				    72
9994				    72
10005				    72
10016				    72
10027				    72
10038				    73
10049				    73
10060				    73
10071				    73
10082				    73
10093				    73
10104				    73
10115				    73
10126				    73
10137				    73
10148				    73
10159				    73
10171				    73
10182				    73
10193				    73
10204				    73
10215				    73
10227				    73
10238				    73
10249				    73
10260				    73
10271				    73
10282				    73
10293				    73
10304				    73
10315				    73
10327				    73
10338				    73
10348				    73
10360				    73
10371				    73
10382				    73
10393				    73
10404				    73
10415				    73
10427				    74
10439				    74
10450				    74
10461				    72
10472				    69
10483				    69
10494				    62
10506				    62
10517				    61
10528				    59
10539				    59
10550				    58
10561				    58
10572				    58
10584				    58
10594				    58
10606				    58
10617				    58
10628				    58
10639				    58
10650				    58
10661				    58
10672				    58
10683				    58
10695				    58
10706				    58
10717				    58
10728				    58
10739				    58
10750				    58
10761				    57
10772				    57
10783				    57
10795				    55
10806				    55
10817				    53
10828				    51
10838				    51
10850				    51
10861				    52
10872				    52
10883				    52
10894				    52
10906				    53
10917				    53
10928				    53
10939				    53
10950				    53
10961				    53
10972				    53
10983				    53
10995				    53
11006				    54
11017				    54
11028				    54
11038				    56
11049				    56
11060				    56
11072				    56
11083				    56
11094				    56
11105				    56
11116				    56
11127				    56
11139				    56
11150				    56
11161				    56
11172				    56
11183				    56
11194				    56
11205				    56
11217				    56
11228				    56
11239				    56
11250				    56
11261				    56
11272				    56
11284				    56
11295				    57
11307				    57
11319				    57
11330				    58
11341				    58
11352				    58
11363				    58
11374				    59
11385				    59
11396				    59
11407				    59
11418				    59
11429				    59
11440				    59
11451				    59
11462				    59
11473				    59
11484				    59
11495				    59
11507				    59
11518				    59
11529				    59
11540				    59
11551				    59
11562				    59
11573				    59
11584				    59
11595				    59
11606				    59
11617				    61
11628				    62
11638				    62
11649				    62
11660				    62
11672				    63
11683				    63
11694				    63
