12				    1.7	
23				    1.7	
35				    1.7	
46				    1.7	
58				    1.7	
69				    2.3	
81				    2.8	
92				    2.8	
103				    2.8	
115				    2.8	
126				    3.9	
138				    5.6	
150				    5.8	
162				    6.3
174				    6.3
185				    7.0
197				    7.0
209				    6.3
220				    5.2
231				    5.2
243				    5.2
255				    5.1
266				    4.8
277				    4.8
289				    4.8
301				    4.5
313				    4.3
324				    4.3
335				    4.0
347				    4.0
358				    3.9
370				    3.9
382				    3.8
393				    3.9
405				    3.8
417				    3.8
428				    3.9
439				    3.9
451				    3.9
462				    3.8
474				    3.8
486				    3.8
498				    3.8
509				    3.7
520				    3.8
531				    3.8
543				    3.8
555				    3.8
566				    3.8
577				    3.7
589				    3.7
600				    3.7
611				    3.3
623				    3.3
634				    3.3
646				    3.1
657				    3.1
669				    2.9
680				    2.8
692				    2.8
703				    2.8
714				    2.8
726				    2.7
738				    2.8
749				    2.9
760				    3.0
771				    3.0
783				    3.4
794				    3.4
806				    3.4
818				    3.4
829				    4.2
840				    4.2
851				    4.2
863				    4.5
874				    4.5
886				    4.5
898				    4.3
910				    4.3
921				    4.3
932				    4.3
944				    4.0
956				    4.0
967				    4.0
978				    4.1
990				    4.0
1002				    4.0
1014				    4.1
1025				    4.1
1037				    4.0
1048				    4.0
1059				    4.0
1071				    4.0
1082				    4.1
1094				    4.0
1106				    4.0
1117				    4.1
1129				    4.0
1141				    4.0
1153				    4.1
1165				    4.2
1177				    4.1
1189				    4.3
1200				    4.2
1212				    4.2
1223				    4.1
1235				    4.3
1246				    5.0
1258				    5.2
1269				    5.9
1281				    7.1
1293				    7.1
1304				    7.1
1316				    8.1
1327				    8.1
1339				    8.1
1351				    8.4
1362				    8.9
1374				    8.9
1386				    7.0
1397				    7.2
1409				    7.2
1420				    7.4
1431				    7.4
1443				    7.7
1454				    7.5
1466				    8.2
1477				    8.2
1488				    8.2
1500				    8.0
1511				    8.4
1522				    8.2
1534				    8.7
1546				    8.7
1557				    8.7
1569				    8.3
1580				    8.3
1591				    8.3
1603				    8.2
1614				    8.2
1625				    7.5
1636				    7.4
1648				    7.4
1659				    7.2
1670				    7.2
1682				    7.4
1694				    7.3
1705				    7.2
1717				    7.6
1728				    7.0
1739				    7.1
1751				    7.0
1762				    7.0
1774				    6.8
1785				    6.6
1797				    6.5
1809				    6.5
1821				    6.4
1832				    6.7
1844				    6.7
1855				    7.0
1866				    7.0
1878				    7.0
1890				    7.0
1901				    7.0
1913				    7.0
1924				    7.0
1936				    7.0
1947				    6.8
1958				    7.0
1970				    7.0
1981				    7.2
1993				    7.3
2004				    7.0
2016				    7.1
2027				    7.1
2038				    7.0
2050				    6.8
2061				    6.6
2073				    6.5
2084				    6.3
2096				    6.2
2108				    6.3
2119				    6.5
2131				    6.5
2142				    6.0
2154				    6.0
2165				    6.3
2177				    6.2
2189				    6.2
2200				    5.9
2211				    5.9
2223				    5.6
2234				    5.4
2246				    5.4
2258				    5.4
2269				    5.3
2281				    5.5
2292				    5.6
2303				    5.7
2315				    6.0
2326				    6.0
2338				    6.2
2349				    6.2
2361				    5.9
2372				    5.9
2383				    5.9
2395				    5.7
2407				    5.7
2418				    5.6
2430				    5.3
2442				    5.3
2453				    5.2
2465				    5.2
2477				    5.2
2488				    5.1
2500				    5.0
2511				    5.0
2522				    4.9
2534				    4.9
2546				    4.9
2557				    4.9
2569				    4.9
2580				    5.1
2591				    5.5
2603				    5.7
2614				    5.7
2626				    6.2
2638				    6.2
2650				    6.2
2661				    6.7
2673				    6.7
2685				    6.5
2697				    6.2
2709				    6.2
2720				    6.0
2731				    5.6
2742				    5.6
2755				    5.6
2766				    5.5
2777				    5.5
2789				    5.5
2800				    5.5
2812				    5.8
2824				    5.9
2835				    6.0
2846				    6.1
2858				    6.1
2870				    6.1
2882				    6.1
2893				    6.3
2904				    6.3
2915				    6.2
2927				    6.7
2939				    6.9
2950				    6.9
2962				    6.7
2974				    6.5
2985				    6.4
2997				    6.4
3008				    6.6
3019				    6.6
3031				    6.2
3042				    6.1
3054				    6.1
3065				    6.2
3077				    6.1
3088				    6.0
3100				    6.0
3111				    6.0
3122				    6.0
3134				    6.4
3146				    6.4
3157				    6.9
3168				    9.5
3179				    10.7
3191				    10.7
3202				    11.4
3213				    11.3
3225				    11.0
3236				    10.3
3247				    10.3
3259				    10.1
3270				    9.9
3281				    10.7
3293				    10.7
3304				    10.8
3315				    11.2
3327				    11.2
3338				    10.5
3350				    10.7
3361				    10.8
3373				    10.8
3384				    10.9
3396				    11.0
3407				    10.3
3418				    10.3
3430				    9.6
3442				    9.6
3453				    9.6
3464				    9.5
3476				    9.5
3487				    9.5
3499				    9.5
3510				    8.7
3522				    8.7
3534				    8.5
3546				    8.5
3557				    8.4
3569				    8.4
3580				    8.4
3592				    8.3
3603				    8.3
3615				    7.2
3627				    7.2
3639				    6.7
3650				    6.7
3662				    6.4
3674				    6.4
3685				    6.4
3697				    6.5
3708				    6.5
3719				    6.4
3731				    6.2
3742				    6.2
3754				    6.0
3766				    6.0
3777				    6.1
3789				    6.1
3801				    6.0
3812				    6.0
3823				    5.9
3835				    5.8
3846				    5.4
3857				    5.4
3869				    5.4
3881				    5.4
3893				    5.3
3905				    5.3
3916				    5.2
3927				    5.2
3939				    5.2
3950				    5.3
3962				    5.3
3973				    5.3
3985				    5.3
3996				    5.2
4008				    5.1
4019				    5.1
4031				    5.1
4042				    5.1
4054				    5.1
4066				    5.1
4078				    5.0
4089				    5.0
4101				    5.0
4112				    5.0
4124				    5.0
4135				    5.1
4147				    5.5
4159				    5.6
4170				    5.6
4182				    6.2
4193				    6.3
4204				    6.4
4216				    6.7
4227				    7.0
4239				    7.0
4250				    6.4
4262				    6.2
4273				    6.5
4285				    6.5
4297				    6.2
4309				    6.2
4320				    5.9
4331				    5.8
4343				    6.2
4354				    6.2
4366				    6.3
4377				    6.1
4389				    6.1
4400				    6.0
4411				    6.0
4423				    6.2
4434				    6.2
4446				    6.2
4457				    5.9
4469				    5.9
4480				    6.0
4491				    6.0
4503				    6.1
4514				    6.1
4526				    6.1
4538				    6.1
4550				    6.1
4561				    6.0
4572				    5.9
4583				    5.9
4595				    5.6
4607				    5.6
4618				    5.5
4630				    5.5
4642				    5.4
4654				    5.4
4665				    5.6
4676				    5.7
4688				    6.0
4699				    6.3
4711				    6.6
4722				    6.7
4734				    6.8
4746				    6.8
4757				    7.1
4769				    7.2
4780				    7.3
4791				    7.3
4803				    7.2
4814				    7.2
4826				    7.2
4837				    7.2
4849				    7.2
4861				    7.3
4872				    7.3
4884				    7.2
4895				    7.3
4907				    7.3
4918				    7.2
4930				    7.2
4942				    7.1
4953				    7.5
4965				    7.5
4977				    7.5
4988				    8.0
4999				    8.0
5010				    7.8
5022				    7.7
5034				    8.1
5045				    8.3
5057				    7.9
5069				    8.0
5081				    8.1
5092				    8.4
5103				    8.3
5114				    8.2
5126				    8.0
5137				    8.0
5149				    7.8
5160				    7.6
5171				    8.0
5183				    7.8
5195				    7.7
5206				    7.7
5217				    8.0
5229				    7.9
5240				    9.0
5251				    9.4
5263				    10.5
5274				    12.1
5286				    12.3
5297				    13.6
5308				    13.6
5319				    12.9
5331				    13.4
5342				    13.7
5354				    13.7
5365				    12.3
5376				    12.2
5387				    14.2
5399				    14.2
5410				    14.2
5422				    12.7
5433				    13.2
5444				    13.2
5456				    13.7
5467				    13.9
5479				    13.8
5490				    13.7
5501				    14.8
5512				    14.6
5524				    13.7
5535				    13.7
5547				    13.7
5558				    11.5
5570				    11.5
5581				    11.4
5592				    12.4
5604				    12.2
5615				    11.0
5627				    10.9
5638				    11.7
5649				    11.6
5660				    11.6
5671				    11.0
5682				    11.0
5693				    11.0
5705				    10.6
5716				    10.6
5727				    10.6
5738				    10.4
5749				    10.3
5761				    10.4
5772				    10.1
5783				    10.0
5794				    10.3
5806				    10.3
5817				    10.4
5828				    10.0
5839				    9.9
5850				    10.1
5861				    10.2
5872				    10.2
5883				    9.5
5894				    9.5
5906				    10.2
5917				    10.0
5928				    11.0
5939				    10.8
5950				    10.7
5962				    10.3
5973				    10.3
5984				    10.6
5995				    10.7
6006				    10.8
6018				    10.6
6029				    11.0
6040				    11.0
6051				    11.0
6063				    10.7
6074				    9.7
6085				    10.1
6096				    10.1
6107				    10.4
6118				    10.5
6130				    10.5
6141				    10.4
6152				    10.5
6163				    11.4
6174				    11.6
6186				    11.7
6197				    11.6
6209				    10.4
6220				    10.4
6231				    10.4
6242				    10.7
6254				    10.7
6265				    10.1
6276				    10.3
6287				    11.0
6299				    10.9
6310				    10.9
6321				    11.2
6332				    11.5
6344				    11.6
6354				    11.5
6366				    10.8
6377				    10.8
6389				    10.4
6400				    10.4
6411				    10.7
6422				    10.3
6433				    10.3
6445				    9.9
6456				    9.9
6467				    9.8
6478				    9.8
6489				    9.5
6501				    9.5
6513				    9.9
6524				    9.9
6535				    10.0
6546				    10.7
6557				    10.7
6568				    10.4
6579				    10.3
6591				    10.1
6602				    10.4
6613				    10.4
6625				    10.5
6636				    10.5
6647				    10.5
6658				    10.5
6670				    10.5
6681				    10.1
6693				    10.0
6704				    10.1
6715				    9.8
6726				    10.4
6737				    10.5
6748				    10.3
6759				    10.3
6770				    10.2
6782				    10.2
6793				    10.2
6805				    10.1
6816				    10.3
6827				    10.7
6838				    10.7
6849				    10.6
6861				    10.3
6872				    10.1
6883				    10.0
6894				    9.8
6906				    9.8
6917				    9.4
6927				    9.4
6938				    9.1
6950				    9.1
6962				    8.9
6973				    9.3
6984				    9.4
6995				    9.5
7006				    9.2
7016				    9.1
7027				    9.1
7039				    9.0
7050				    9.0
7061				    8.8
7072				    9.5
7083				    9.5
7094				    9.5
7105				    10.4
7117				    10.4
7128				    10.4
7139				    10.4
7150				    10.2
7161				    10.0
7172				    10.0
7184				    10.1
7195				    10.2
7206				    10.4
7217				    10.4
7228				    11.1
7239				    10.8
7250				    10.8
7261				    10.5
7272				    10.7
7283				    10.7
7294				    10.5
7305				    10.9
7316				    10.9
7328				    10.9
7338				    10.7
7350				    10.7
7361				    10.6
7372				    11.3
7383				    11.3
7394				    11.2
7406				    11.1
7417				    11.1
7428				    11.1
7439				    11.1
7451				    11.4
7462				    11.4
7473				    11.4
7484				    11.0
7496				    11.0
7507				    10.8
7518				    10.8
7529				    10.9
7540				    11.4
7551				    11.4
7562				    10.9
7573				    10.9
7585				    11.0
7596				    11.0
7607				    10.9
7618				    10.6
7630				    10.6
7641				    10.6
7652				    10.5
7663				    10.5
7675				    10.4
7686				    10.4
7697				    10.3
7708				    10.4
7720				    10.7
7731				    10.7
7742				    10.6
7753				    10.6
7764				    10.4
7775				    10.1
7787				    10.0
7798				    10.0
7810				    9.9
7821				    9.9
7832				    9.7
7843				    9.8
7854				    9.9
7865				    9.9
7877				    10.0
7888				    10.0
7899				    9.8
7910				    9.7
7921				    9.7
7933				    9.8
7944				    9.8
7955				    9.8
7966				    9.8
7977				    9.6
7988				    9.9
7999				    9.9
8010				    9.9
8022				    9.7
8033				    9.8
8044				    9.8
8055				    9.6
8066				    9.6
8077				    9.9
8088				    9.9
8099				    9.7
8111				    9.5
8122				    9.4
8133				    9.3
8144				    9.3
8155				    9.7
8166				    9.7
8178				    9.5
8189				    10.0
8201				    10.0
8212				    10.2
8223				    10.5
8234				    10.5
8245				    10.4
8256				    9.9
8267				    10.2
8278				    10.3
8290				    10.2
8300				    10.1
8312				    10.1
8323				    9.9
8334				    10.0
8345				    10.0
8357				    9.9
8368				    10.3
8379				    10.3
8390				    10.3
8402				    10.1
8413				    10.4
8424				    10.6
8435				    10.7
8446				    10.7
8458				    10.4
8469				    10.2
8480				    10.0
8491				    10.0
8502				    9.6
8513				    9.7
8524				    10.0
8535				    9.9
8546				    9.8
8557				    9.7
8569				    9.7
8580				    9.7
8591				    10.2
8602				    10.2
8613				    10.2
8624				    11.1
8635				    11.1
8646				    11.0
8657				    10.4
8668				    10.7
8679				    10.7
8690				    10.6
8702				    10.3
8713				    10.3
8724				    10.0
8735				    10.2
8746				    10.2
8758				    10.2
8769				    10.8
8780				    10.9
8791				    11.0
8803				    11.0
8814				    11.0
8825				    12.4
8836				    12.4
8848				    12.6
8859				    13.3
8870				    13.3
8881				    13.0
8892				    13.7
8903				    13.7
8914				    14.3
8925				    14.3
8936				    14.5
8947				    14.5
8959				    14.4
8970				    14.9
8980				    15.2
8991				    15.2
9002				    14.6
9014				    14.7
9025				    15.3
9036				    15.7
9047				    15.6
9058				    15.0
9069				    14.6
9080				    14.5
9091				    14.4
9102				    14.4
9114				    14.4
9125				    14.5
9137				    14.0
9147				    14.6
9158				    14.6
9170				    14.6
9181				    14.2
9192				    14.5
9203				    14.6
9215				    14.6
9226				    14.2
9237				    14.5
9248				    14.6
9259				    14.6
9270				    14.2
9281				    14.3
9292				    14.1
9303				    14.1
9315				    13.9
9326				    14.0
9337				    14.1
9349				    14.0
9360				    13.8
9371				    13.8
9382				    13.4
9394				    13.4
9405				    13.4
9416				    13.5
9427				    13.5
9438				    13.3
9449				    12.8
9460				    13.0
9471				    13.1
9483				    13.1
9494				    12.5
9505				    12.5
9516				    12.5
9527				    12.5
9538				    12.5
9549				    12.3
9560				    12.1
9572				    12.2
9583				    12.3
9594				    12.4
9605				    12.4
9616				    12.0
9628				    12.0
9639				    11.7
9650				    11.8
9662				    11.9
9673				    11.9
9684				    11.8
9695				    11.8
9706				    11.7
9718				    11.5
9729				    11.4
9740				    11.7
9751				    11.7
9762				    11.4
9773				    11.4
9784				    11.2
9795				    11.2
9806				    11.1
9817				    11.4
9829				    11.4
9841				    11.8
9852				    11.8
9863				    11.7
9874				    11.8
9885				    11.9
9897				    12.0
9908				    12.0
9919				    12.0
9930				    12.0
9941				    11.9
9952				    12.1
9964				    12.6
9975				    12.6
9986				    12.4
9998				    12.3
10009				    12.3
10020				    12.2
10031				    12.1
10043				    12.2
10054				    12.2
10065				    11.9
10076				    12.2
10087				    12.2
10098				    12.2
10109				    12.3
10120				    12.6
10131				    12.6
10142				    12.9
10153				    13.1
10164				    13.1
10175				    13.0
10186				    13.0
10197				    12.8
10209				    12.9
10219				    12.9
10230				    12.9
10242				    12.7
10253				    12.7
10264				    13.1
10275				    13.1
10286				    13.0
10298				    13.2
10308				    13.2
10319				    13.2
10331				    13.2
10342				    13.3
10353				    13.4
10364				    13.4
10375				    13.2
10386				    13.2
10398				    13.1
10408				    13.0
10419				    13.0
10430				    13.2
10441				    13.2
10452				    13.2
10463				    13.3
10474				    13.4
10486				    13.4
10497				    13.4
10508				    13.3
10519				    13.3
10530				    13.1
10541				    13.2
10552				    13.2
10563				    13.1
10575				    13.1
10586				    12.7
10597				    12.8
10608				    13.0
10619				    12.9
10630				    13.1
10641				    13.1
10652				    13.0
10664				    13.0
10675				    12.9
10686				    12.8
10697				    12.8
10708				    12.8
10719				    12.7
10730				    12.6
10742				    12.5
10753				    12.8
10764				    12.8
10775				    12.6
10786				    13.1
10798				    13.1
10809				    13.0
10820				    13.0
10832				    13.1
10843				    13.1
10854				    13.1
10865				    13.1
10876				    13.1
10887				    13.1
10898				    13.0
10910				    12.5
10921				    12.1
10933				    12.1
10944				    12.4
10955				    12.3
10966				    12.4
10977				    12.3
10988				    12.1
11000				    12.3
11011				    12.2
11022				    12.1
11033				    12.0
11044				    12.0
11055				    11.4
11066				    11.4
11078				    11.4
11089				    11.2
11100				    11.2
11111				    11.0
11122				    11.0
11133				    11.0
11145				    10.7
11156				    10.7
11167				    10.4
11178				    10.3
11189				    10.3
11200				    10.2
11211				    10.2
11223				    9.8
11234				    9.8
11245				    9.5
11256				    9.5
11267				    9.4
11278				    9.1
11289				    8.9
11300				    9.0
11311				    8.9
11322				    8.9
11334				    8.9
11345				    8.8
11355				    8.7
11367				    8.7
11378				    8.8
11390				    8.8
11402				    8.5
11413				    8.5
11424				    8.5
11435				    8.4
11447				    8.0
11458				    7.9
11469				    7.9
11480				    7.6
11491				    7.4
11502				    7.4
11513				    7.3
11524				    7.2
11535				    7.2
11546				    7.2
11558				    7.2
11569				    6.8
11580				    6.7
11591				    6.5
11603				    6.6
11614				    6.3
11625				    6.2
11637				    6.3
11648				    6.1
11659				    6.1
11670				    6.0
11681				    9.8
11692				    9.8
11703				    9.8
11714				    10.2
11725				    10.2
11736				    10.1
11747				    10.8
11759				    11.0
11770				    11.0
11781				    11.2
11792				    11.3
11803				    12.2
11814				    12.3
11826				    13.5
11837				    13.6
11848				    15.7
11860				    18.1
11871				    18.1
11882				    18.1
11893				    18.9
11904				    18.9
11915				    17.9
11926				    16.9
11937				    16.4
11949				    15.4
11960				    15.3
11971				    13.9
11981				    13.9
11993				    13.8
12004				    12.4
12015				    11.8
12026				    11.8
12037				    11.7
12049				    11.7
12060				    11.7
12072				    10.9
12083				    10.8
12094				    11.0
12105				    10.8
12116				    10.9
12127				    10.4
12138				    10.3
12149				    10.2
12160				    10.1
12172				    10.0
12183				    9.5
12194				    9.3
12206				    9.3
12217				    9.3
12228				    9.1
12239				    9.0
12250				    8.7
12261				    8.6
12273				    8.5
12283				    8.5
12295				    8.2
12306				    7.8
12317				    7.8
12328				    7.8
12339				    7.8
12351				    7.5
12362				    8.3
12373				    8.3
12385				    8.3
12396				    8.7
12407				    8.7
12418				    8.7
12430				    8.4
12441				    8.5
12452				    9.1
12463				    9.8
12474				    9.8
12485				    9.6
12496				    9.7
12507				    9.8
12518				    10.0
12530				    10.0
12541				    10.3
12553				    10.3
12564				    11.1
12575				    11.1
12586				    11.7
12598				    11.9
12609				    11.9
12620				    11.7
12631				    11.6
12642				    11.6
12653				    11.1
12664				    11.5
12675				    11.6
12686				    11.6
12697				    11.6
12708				    11.6
12719				    11.5
12730				    11.5
12741				    11.5
12752				    11.5
12763				    11.5
12774				    11.4
12786				    11.4
12797				    11.6
12808				    11.6
12820				    11.5
12831				    11.5
12842				    11.6
12853				    11.6
12864				    11.5
12876				    11.6
12887				    11.6
12898				    11.7
12910				    11.7
12921				    11.7
12933				    11.5
12944				    12.0
12955				    12.2
12966				    12.2
12977				    11.9
12989				    11.9
13000				    11.5
13011				    11.4
13022				    11.7
13034				    11.7
13045				    11.2
13057				    11.2
13068				    11.3
13080				    11.4
13091				    11.4
13102				    11.3
13113				    11.5
13124				    11.5
13135				    11.5
13146				    11.4
13158				    11.4
13169				    11.3
13180				    11.2
13191				    11.2
13203				    11.2
13214				    11.1
13225				    11.1
13236				    11.1
13247				    11.1
13258				    11.2
13269				    11.1
13281				    11.0
13292				    11.1
13304				    11.0
13315				    11.0
13326				    11.1
13338				    11.1
13349				    10.8
13360				    10.8
13372				    10.8
13383				    10.7
13394				    10.6
13406				    10.6
13417				    10.6
13428				    10.6
13440				    10.5
13451				    10.6
13462				    10.6
13473				    10.8
13485				    10.8
13496				    10.6
13507				    10.6
13518				    10.6
13530				    10.6
13541				    10.3
13552				    10.3
13563				    10.5
13574				    10.4
13585				    10.4
13596				    10.4
13607				    10.4
13619				    10.6
13630				    10.6
13641				    10.6
13653				    10.6
13664				    10.6
13675				    10.6
13686				    10.4
13698				    10.4
13709				    10.3
13720				    10.2
13731				    10.2
13742				    10.1
13753				    10.2
13764				    10.2
13775				    10.2
13786				    10.0
13798				    10.1
13809				    10.2
13820				    10.2
13832				    10.4
13843				    10.4
13854				    10.6
13865				    10.6
13876				    10.5
13887				    10.7
13898				    10.7
13910				    10.7
13921				    10.7
13932				    10.7
13944				    10.8
13955				    10.8
13966				    10.7
13978				    10.6
13989				    10.6
14000				    10.7
14012				    10.7
14023				    10.7
14034				    10.7
14045				    10.9
14057				    11.0
14068				    11.2
14079				    11.1
14090				    11.0
14102				    10.9
14113				    10.9
14124				    10.7
14136				    10.8
14147				    10.7
14158				    10.7
14170				    10.7
14181				    10.7
14193				    10.9
14204				    10.9
14215				    10.8
14227				    10.9
14238				    10.9
14249				    10.9
14260				    10.8
14271				    10.7
14282				    10.8
14293				    10.8
14305				    10.7
14316				    10.7
14327				    10.9
14338				    11.0
14350				    11.0
14360				    10.8
14372				    10.7
14383				    10.7
14394				    10.7
14405				    10.5
14416				    10.4
14428				    10.4
14439				    10.3
14451				    10.2
14462				    10.0
14473				    10.0
14485				    9.7
14497				    9.7
14508				    9.7
14519				    9.5
14530				    9.1
14541				    9.0
14552				    8.8
14563				    8.8
14574				    8.7
14586				    8.6
14597				    8.6
14607				    8.6
14619				    8.5
14630				    8.2
14641				    8.2
14653				    8.2
14664				    8.1
14675				    8.0
14686				    8.1
14697				    8.1
14708				    8.3
14719				    8.2
14730				    8.2
14742				    8.2
14752				    8.2
14764				    8.2
14775				    8.1
14786				    8.1
14798				    8.1
14809				    8.1
14820				    8.1
14831				    8.3
14842				    8.5
14854				    8.5
14865				    8.9
14876				    9.0
14887				    9.1
14898				    9.3
14909				    9.3
14920				    9.3
14932				    9.3
14943				    9.3
14954				    9.5
14965				    9.5
14976				    9.6
14987				    9.6
14998				    9.6
15009				    9.6
15020				    9.6
15031				    9.6
15042				    9.6
15053				    9.6
15064				    9.7
15076				    9.7
15087				    9.7
15098				    9.7
15109				    9.7
15120				    9.7
15131				    9.5
15142				    9.5
15154				    9.7
15164				    9.7
15176				    9.6
15187				    9.8
15198				    9.7
15209				    9.7
15220				    9.6
15231				    9.6
15242				    9.6
15254				    9.6
15265				    9.9
15276				    9.9
15287				    10.0
15299				    10.0
15310				    9.9
15321				    9.8
15332				    9.9
15343				    10.0
15354				    10.0
15365				    10.3
15377				    10.4
15388				    10.3
15399				    10.3
15410				    10.2
15421				    10.7
15432				    10.7
15443				    10.9
15454				    10.9
15466				    10.8
15476				    10.9
15488				    10.9
15499				    10.9
15510				    11.0
15521				    11.0
15532				    10.9
15543				    10.9
15554				    11.0
15565				    11.0
15577				    11.2
15588				    11.3
15599				    11.5
15610				    11.5
15622				    11.5
15633				    11.7
15644				    11.7
15655				    11.9
15666				    12.2
15678				    12.2
15689				    12.2
15700				    12.0
15711				    12.0
15722				    12.0
15733				    12.0
15745				    12.0
15756				    11.9
15767				    12.1
15778				    12.1
15790				    12.1
15801				    12.3
15812				    12.5
15823				    12.4
15834				    12.7
15845				    12.7
15857				    12.6
15868				    12.8
15879				    13.2
15890				    13.2
15902				    13.2
15913				    12.7
15925				    12.8
15936				    12.8
15947				    13.2
15958				    13.2
15970				    13.0
15981				    13.4
15992				    13.4
16003				    13.6
16014				    13.5
16025				    13.1
16037				    12.7
16048				    12.7
16059				    12.7
16070				    12.5
16082				    12.4
16093				    12.3
16104				    12.4
16115				    12.3
16126				    12.2
16138				    12.4
16148				    12.4
16159				    12.3
16171				    12.5
16182				    12.4
16193				    12.4
16204				    12.4
16216				    12.4
16227				    12.4
16238				    11.9
16249				    11.9
16261				    11.9
16272				    12.0
16283				    12.0
16294				    12.0
16305				    12.1
16316				    12.1
16328				    11.9
16339				    12.1
16350				    12.1
16362				    11.7
16373				    11.7
16384				    11.6
16395				    11.4
16406				    11.4
16417				    11.6
16428				    11.6
16439				    11.3
16450				    11.5
16462				    11.5
16473				    11.2
16484				    11.2
16495				    11.2
16506				    11.5
16517				    11.7
16528				    11.7
16539				    11.6
16550				    11.8
16562				    11.7
16573				    11.7
16584				    11.6
16595				    11.6
16606				    11.6
16617				    11.6
16628				    11.6
16639				    11.1
16651				    10.9
16662				    10.9
16674				    10.9
16685				    10.9
16696				    11.0
16707				    11.1
16718				    11.3
16730				    11.4
16741				    11.4
16752				    11.4
16763				    11.3
16775				    11.4
16786				    11.4
16798				    11.4
16809				    11.2
16820				    11.6
16832				    11.5
16843				    11.5
16854				    11.5
16865				    11.7
16877				    11.6
16888				    11.6
16900				    11.6
16912				    11.6
16923				    11.6
16934				    11.6
16945				    11.6
16957				    11.5
16968				    11.3
16979				    11.3
16990				    11.2
17002				    11.2
17013				    11.2
17024				    11.1
17036				    11.0
17047				    11.2
17058				    11.3
17070				    11.2
17082				    11.0
17093				    11.0
17104				    10.9
17116				    10.9
17127				    10.8
17139				    10.6
17151				    10.6
17162				    10.6
17173				    10.6
17184				    10.8
17195				    10.8
17207				    10.8
17219				    10.8
17230				    10.7
17241				    10.8
17252				    10.8
17263				    10.8
17275				    10.7
17286				    11.1
17297				    11.4
17308				    11.4
17319				    11.4
17330				    11.1
17342				    11.1
17353				    11.1
17364				    11.0
17376				    10.9
17387				    10.9
17398				    11.4
17410				    11.4
17421				    11.4
17433				    11.4
17444				    11.1
17455				    11.0
17466				    11.0
17478				    11.0
17489				    10.9
17500				    10.8
17512				    11.1
17524				    11.1
17535				    11.0
17546				    11.2
17557				    11.3
17569				    11.5
17580				    11.4
17591				    11.4
17602				    11.1
17614				    11.3
17625				    11.3
17636				    11.2
17647				    11.3
17659				    11.3
17670				    11.3
17682				    11.4
17693				    11.4
17704				    11.4
17715				    11.4
17726				    11.5
17738				    11.5
17749				    11.4
17760				    11.4
17771				    11.3
17782				    11.1
17793				    11.1
17804				    11.1
17815				    11.1
17826				    11.1
17838				    11.1
17849				    11.1
17860				    10.7
17871				    10.7
17883				    10.3
17894				    10.3
17905				    10.7
17917				    10.7
17928				    10.8
17939				    10.8
17950				    10.8
17961				    10.8
17973				    10.8
17984				    10.6
17995				    10.6
18006				    10.6
18019				    10.4
18026				    10.4
18033				    10.4
18039				    10.5
18046				    10.5
18053				    10.5
18059				    10.6
18066				    10.6
18073				    10.5
18079				    10.5
18086				    10.5
18092				    10.9
18099				    10.9
18106				    10.9
18113				    11.2
18121				    11.2
18133				    12.4
18144				    12.5
18158				    12.4
18170				    12.1
18178				    11.8
18184				    11.8
18189				    11.8
18195				    11.5
18199				    11.5
18203				    11.2
18207				    11.2
18211				    10.9
18215				    10.9
18220				    10.9
18224				    10.9
18229				    10.9
18235				    10.8
18240				    10.7
18245				    10.7
18249				    10.4
18254				    10.4
18258				    10.4
18263				    10.4
18268				    10.5
18272				    10.5
18276				    10.5
18280				    10.6
18286				    10.6
18299				    10.6
18310				    10.7
18317				    10.6
18323				    10.5
18328				    10.5
18333				    10.5
18337				    10.7
18341				    10.7
18345				    10.7
18349				    10.7
18352				    10.6
18356				    10.6
18360				    10.5
18364				    10.5
18368				    10.5
18372				    10.5
18376				    10.5
18380				    10.5
18384				    10.4
18388				    10.4
18392				    10.4
18397				    10.5
18401				    10.5
18405				    10.5
18409				    10.5
18413				    10.5
18417				    10.5
18421				    10.4
18425				    10.2
18429				    10.2
18433				    10.2
18437				    10.3
18441				    10.3
18444				    10.3
18449				    10.3
18453				    10.3
18457				    10.2
18460				    10.3
18464				    10.3
18468				    10.3
18472				    10.3
18476				    10.2
18480				    10.2
18484				    10.2
18488				    10.2
18492				    10.2
18496				    10.2
18500				    10.1
18504				    10.1
18508				    10.2
18512				    10.2
18516				    10.2
18521				    10.4
18526				    10.4
18537				    10.3
18548				    10.2
18559				    10.3
18570				    10.3
18582				    10.3
18593				    10.3
18605				    10.2
18616				    10.2
18627				    10.3
18639				    10.4
18650				    10.4
18661				    10.3
18672				    10.3
18683				    10.5
18694				    10.4
18706				    10.6
18717				    10.7
18728				    10.7
18740				    10.7
18752				    10.7
18763				    10.7
18775				    10.9
18787				    10.9
18798				    10.7
18809				    10.9
18821				    10.9
18832				    10.9
18845				    11.0
18856				    11.1
18868				    11.1
18879				    10.9
18890				    11.0
18901				    11.1
18913				    11.0
18924				    10.9
18935				    10.8
18946				    10.7
18957				    11.0
18969				    11.0
18981				    10.9
18992				    10.8
19003				    10.8
19014				    10.6
19025				    10.6
19036				    10.8
19047				    10.8
19058				    10.7
19070				    10.6
19081				    10.6
19093				    10.6
19104				    10.6
19115				    10.6
19127				    10.6
19139				    10.5
19147				    10.5
19154				    10.5
19159				    10.4
19164				    10.4
19169				    10.4
19174				    10.2
19178				    10.2
19182				    10.1
19187				    10.1
19191				    10.1
19195				    10.1
19200				    10.1
19204				    10.2
19208				    10.2
19212				    10.2
19217				    10.2
19221				    10.2
19225				    10.2
19229				    10.2
19234				    10.2
19238				    10.2
19242				    10.2
19247				    10.2
19251				    10.2
19255				    10.2
19261				    10.1
19273				    10.1
19283				    10.1
19290				    10.1
19296				    10.1
19301				    10.1
19306				    10.1
19310				    10.0
19314				    10.0
19319				    10.0
19323				    10.0
19327				    10.0
19332				    9.9
19336				    9.9
19340				    10.0
19344				    10.0
19348				    10.0
19353				    10.0
19357				    10.0
19361				    10.0
19366				    10.0
19370				    10.0
19375				    10.0
19379				    9.9
19384				    9.7
19390				    9.7
19395				    9.7
19401				    9.7
19407				    9.7
19413				    9.7
19419				    9.7
19424				    9.6
19430				    9.6
19436				    9.6
19442				    9.6
19447				    9.6
19453				    9.6
19458				    9.5
19464				    9.3
19470				    9.3
19477				    9.3
19483				    9.2
19490				    9.2
19497				    9.2
19505				    9.2
19512				    9.2
19519				    9.1
19526				    9.1
19534				    9.1
19543				    9.1
19552				    9.1
19561				    9.1
19569				    9.0
19578				    8.9
19587				    8.9
19596				    8.8
19606				    8.8
19615				    8.7
19624				    8.6
19633				    8.6
19642				    8.6
19651				    8.6
19660				    8.6
19668				    8.6
19677				    8.6
19686				    8.5
19695				    8.4
19704				    8.5
19713				    8.6
19723				    8.6
19730				    8.6
19737				    8.5
19743				    8.5
19748				    8.4
19754				    8.4
19760				    8.4
19766				    8.4
19771				    8.4
19777				    8.3
19782				    8.3
19787				    8.3
19791				    8.3
19796				    8.3
19801				    8.3
19806				    8.2
19810				    8.2
19815				    8.2
19820				    8.2
19824				    8.2
19829				    8.2
19833				    8.2
19838				    8.2
19843				    8.2
19847				    8.2
19852				    8.2
19857				    8.2
19861				    8.2
19866				    8.3
19871				    8.3
19876				    8.3
19880				    8.3
19885				    8.3
19890				    8.3
19894				    8.2
19899				    8.2
19904				    8.2
19908				    8.2
19913				    8.2
19919				    8.3
19924				    8.3
19930				    8.3
19935				    8.3
19941				    8.5
19946				    8.7
19952				    8.8
19958				    8.8
19964				    8.8
19969				    8.8
19975				    8.8
19981				    8.7
19987				    8.7
19992				    8.8
19998				    8.8
20004				    8.9
20009				    9.0
20015				    9.0
20021				    9.0
20026				    9.2
20032				    9.2
20038				    9.3
20043				    9.3
20049				    9.3
20055				    9.4
20062				    9.4
20074				    9.4
20086				    9.5
20098				    9.6
20109				    9.6
20120				    9.5
20132				    9.8
20143				    9.8
20154				    9.9
20166				    9.9
20177				    9.9
20189				    10.1
20198				    10.1
20207				    10.6
20215				    10.6
20223				    10.7
20231				    10.7
20240				    10.8
20249				    10.8
20257				    10.7
20266				    10.7
20274				    10.7
20283				    10.9
20292				    11.0
20304				    10.9
20318				    10.9
20331				    10.7
20342				    10.7
20349				    10.6
20356				    10.8
20363				    10.8
20370				    10.8
20377				    10.7
20384				    11.0
20391				    10.9
20398				    11.0
20405				    11.0
20412				    10.9
20419				    11.3
20426				    11.3
20433				    11.3
20440				    11.2
20447				    11.1
20454				    11.2
20461				    11.2
20468				    11.2
20475				    11.1
20482				    11.1
20489				    11.0
20497				    11.0
20504				    11.0
20511				    10.9
20518				    10.9
20525				    10.9
20532				    10.8
20539				    10.8
20546				    10.5
20553				    10.5
20560				    10.4
20567				    10.4
20574				    10.5
20581				    10.5
20589				    10.5
20596				    10.7
20603				    10.7
20610				    10.7
20617				    10.7
20624				    10.5
20631				    10.5
20638				    10.5
20645				    10.7
20652				    11.0
20659				    11.1
20665				    11.0
20672				    11.0
20679				    11.0
20686				    10.7
20693				    10.6
20700				    10.6
20707				    10.6
20714				    10.6
20721				    10.5
20728				    10.4
20735				    10.4
20741				    10.4
20748				    10.4
20755				    10.3
20762				    10.3
20769				    10.4
20776				    10.4
20783				    10.4
20790				    10.3
20797				    10.3
20804				    10.5
20811				    10.5
20818				    10.5
20825				    10.5
20832				    10.5
20839				    10.4
20846				    10.4
20853				    10.4
20860				    10.4
20867				    10.4
20874				    10.4
20881				    10.2
20888				    10.3
20895				    10.2
20901				    10.2
20908				    10.2
20915				    10.0
20922				    10.0
20929				    10.0
20936				    9.7
20943				    9.5
20951				    9.5
20963				    9.4
20974				    9.3
20986				    9.3
20998				    9.3
21009				    9.5
21021				    9.4
21032				    9.4
21044				    9.4
21055				    9.3
21066				    9.3
21077				    9.4
21088				    9.4
21099				    9.4
21111				    9.4
21123				    9.3
21134				    9.3
21145				    9.1
21157				    9.0
21168				    9.0
21179				    9.0
21190				    8.7
21201				    8.6
21213				    8.6
21224				    8.6
21235				    8.6
21247				    8.6
21258				    8.6
21269				    8.6
21280				    8.6
21291				    8.6
21302				    8.9
21313				    9.1
21325				    9.3
21336				    9.3
21348				    9.4
21360				    9.4
21371				    9.3
21382				    9.3
21393				    9.3
21404				    9.3
21416				    9.3
21427				    9.3
21438				    9.0
21450				    9.1
21461				    9.1
21472				    8.9
21483				    8.9
21495				    8.7
21506				    8.6
21517				    8.5
21529				    8.5
21540				    8.4
21551				    8.8
21562				    8.8
21573				    9.0
21584				    9.1
21596				    9.1
21607				    9.1
21618				    9.1
21630				    9.2
21641				    9.2
21653				    9.3
21664				    9.3
21675				    9.3
21687				    9.3
21698				    9.3
21709				    9.3
21720				    9.2
21732				    9.3
21743				    9.3
21754				    9.3
21765				    9.6
21776				    9.6
21787				    9.6
21799				    9.5
21810				    9.5
21821				    9.6
21832				    9.6
21843				    9.7
21854				    10.0
21865				    10.1
21877				    10.3
21888				    10.4
21899				    10.5
21911				    10.5
21922				    10.3
21933				    10.3
21945				    10.4
21956				    10.4
21967				    10.4
21979				    10.5
21990				    10.5
22002				    11.3
22013				    11.3
22025				    11.5
22038				    11.6
22050				    11.6
22062				    12.1
22070				    12.1
22077				    12.0
22084				    12.0
22091				    12.0
22098				    11.8
22105				    11.9
22111				    11.9
22118				    11.9
22125				    11.9
22132				    11.9
22139				    11.7
22146				    11.5
22152				    11.4
22159				    11.3
22166				    11.3
22173				    11.3
22180				    11.1
22187				    11.1
22194				    11.0
22201				    11.0
22207				    11.0
22214				    11.0
22221				    10.7
22228				    10.4
22235				    10.4
22241				    10.3
22248				    10.2
22255				    10.0
22262				    10.0
22268				    9.9
22275				    9.9
22282				    9.9
22289				    9.7
22295				    9.7
22302				    9.6
22309				    9.6
22315				    9.6
22322				    9.4
22329				    9.3
22336				    9.3
22342				    9.3
22349				    9.3
22355				    9.2
22362				    9.2
22369				    9.2
22376				    9.2
22382				    9.2
22389				    8.9
22396				    8.9
22403				    8.7
22409				    8.7
22416				    8.7
22423				    8.6
22429				    8.5
22436				    8.5
22442				    8.5
22449				    8.4
22456				    8.4
22463				    8.4
22469				    8.4
22476				    8.2
22483				    8.2
22490				    8.1
22497				    8.1
22503				    7.9
22510				    7.9
22517				    7.8
22523				    7.8
22530				    7.7
22537				    7.7
22543				    7.7
22550				    7.7
22557				    7.6
22563				    7.5
22570				    7.5
22576				    7.4
22583				    7.4
22590				    7.4
22596				    7.3
22603				    7.3
22610				    7.2
22616				    7.2
22623				    7.2
22630				    7.2
22637				    7.0
22643				    7.0
22650				    7.0
22657				    7.0
22663				    7.0
22670				    7.0
22677				    7.0
22683				    6.7
22690				    6.6
22697				    6.6
22704				    6.6
22711				    6.6
22718				    6.6
22724				    6.4
22731				    6.6
22738				    6.7
22744				    6.7
22751				    6.7
22758				    6.7
22764				    6.7
22771				    6.7
22778				    6.7
22784				    6.7
22791				    6.7
22798				    6.7
22804				    6.7
22811				    6.6
22817				    6.6
22824				    6.6
22831				    6.7
22838				    6.7
22846				    6.8
22859				    7.0
22872				    7.0
22885				    7.0
22896				    6.9
22907				    7.2
22919				    7.2
22929				    7.2
22937				    7.2
22946				    7.1
22955				    7.1
22964				    7.3
22972				    7.3
22981				    7.3
22989				    7.3
22997				    7.3
23006				    6.8
23014				    6.8
23023				    6.6
23031				    6.6
23039				    7.3
23047				    7.4
23056				    7.6
23067				    7.8
23078				    8.2
23090				    8.2
23101				    8.1
23112				    8.1
23123				    8.2
23134				    8.4
23145				    8.4
23157				    8.6
23168				    8.9
23180				    9.0
23191				    9.3
23203				    9.3
23214				    9.8
23225				    10.1
23236				    10.1
23247				    10.8
23258				    11.3
23270				    11.7
23281				    11.7
23292				    11.8
23303				    11.8
23315				    11.9
23326				    12.3
23338				    12.3
23350				    12.1
23361				    12.0
23372				    12.3
23384				    12.3
23395				    12.2
23406				    12.2
23417				    12.5
23429				    12.5
23440				    12.7
23451				    12.7
23462				    12.8
23473				    13.0
23485				    13.0
23494				    13.0
23501				    12.8
23506				    12.7
23511				    12.7
23516				    12.7
23520				    12.7
23524				    12.7
23528				    12.7
23533				    12.7
23537				    12.5
23541				    12.3
23545				    12.3
23549				    12.3
23554				    12.2
23558				    12.2
23562				    12.2
23566				    12.2
23571				    12.2
23575				    12.2
23579				    11.9
23584				    11.9
23588				    12.0
23593				    12.1
23598				    12.1
23604				    12.1
23609				    12.0
23615				    12.0
23621				    12.0
23627				    11.9
23632				    11.6
23638				    11.8
23644				    11.8
23649				    11.8
23655				    11.7
23661				    11.8
23667				    11.8
23672				    11.7
23678				    11.7
23684				    11.7
23689				    11.7
23695				    11.7
23701				    11.7
23706				    11.7
23712				    11.7
23718				    11.8
23723				    11.8
23729				    11.8
23735				    12.2
23741				    12.2
23746				    12.1
23752				    12.1
23758				    12.1
23764				    12.1
23769				    12.1
23775				    12.1
23781				    12.1
23786				    12.1
23792				    12.1
23798				    11.8
23803				    11.8
23809				    11.8
23816				    11.5
23827				    11.0
23838				    10.8
23851				    10.8
23862				    10.6
23873				    10.6
23881				    10.5
23889				    10.5
23897				    10.6
23905				    10.6
23914				    10.6
23922				    10.5
23930				    10.4
23938				    10.4
23946				    10.3
23954				    10.3
23962				    10.2
23971				    10.2
23982				    9.9
23993				    9.9
24005				    10.0
24016				    10.0
24027				    10.1
24038				    10.1
24049				    10.0
24061				    9.9
24073				    9.9
24084				    9.7
24096				    9.7
24107				    9.7
24118				    9.7
24129				    9.7
24140				    9.7
24151				    9.7
24162				    9.7
24174				    9.7
24185				    9.3
24197				    9.3
24208				    8.8
24219				    8.2
24230				    8.2
24242				    7.9
24253				    7.9
24264				    7.9
24275				    7.9
24287				    7.9
24299				    7.7
24310				    8.0
24322				    8.0
24333				    8.1
24344				    8.1
24355				    8.0
24367				    8.2
24378				    8.3
24389				    8.3
24401				    8.2
24412				    8.2
24424				    8.2
24436				    8.1
24447				    8.0
24459				    8.0
24470				    8.0
24482				    7.9
24495				    7.9
24506				    7.9
24518				    7.9
24529				    7.9
24540				    7.9
24552				    7.9
24563				    7.9
24575				    7.9
24586				    7.9
24598				    7.9
24609				    7.9
24620				    7.9
24632				    7.9
24643				    8.0
24655				    8.0
24667				    8.0
24679				    7.9
24690				    8.0
24702				    8.1
24714				    8.1
24725				    7.9
24737				    7.9
24749				    7.9
24760				    8.0
24771				    8.0
24782				    8.0
24794				    7.9
24805				    7.8
24817				    7.7
24828				    7.8
24838				    7.7
24846				    7.7
24855				    7.7
24863				    7.7
24871				    7.8
24879				    7.8
24887				    7.9
24896				    7.9
24904				    7.9
24912				    7.9
24921				    7.9
24929				    7.9
24937				    7.9
24945				    7.9
24954				    7.9
24962				    7.9
24971				    7.9
24979				    7.9
24987				    7.9
24996				    7.9
25004				    7.9
25013				    7.9
25021				    7.9
25030				    7.9
25038				    7.9
25046				    7.9
25054				    7.9
25063				    7.8
25072				    7.9
25084				    7.9
25095				    8.1
25106				    8.1
25118				    8.1
25130				    8.1
25141				    7.8
25153				    7.9
25164				    7.9
25176				    7.8
25187				    7.8
25199				    7.7
25210				    7.6
25222				    7.6
25233				    7.6
25245				    7.5
25257				    7.5
25270				    7.5
25282				    7.5
25294				    7.5
25307				    7.5
25319				    7.5
25331				    7.5
25344				    7.4
25357				    7.4
25370				    7.3
25383				    7.3
25393				    7.3
25402				    7.3
25411				    7.3
25419				    7.3
25425				    7.5
25431				    8.3
25436				    8.4
25442				    8.5
25448				    8.6
25454				    8.6
25460				    8.6
25466				    8.9
25472				    8.9
25478				    9.0
25484				    9.0
25490				    9.0
25496				    9.0
25502				    9.0
25508				    9.0
25514				    9.2
25520				    9.2
25526				    9.2
25531				    9.2
25537				    9.2
25544				    9.2
25549				    9.2
25555				    9.2
25561				    9.2
25567				    9.3
25573				    9.3
25579				    9.3
25585				    9.3
25591				    9.3
25597				    9.4
25604				    9.4
25610				    9.4
25616				    9.4
25622				    9.3
25627				    9.4
25634				    9.4
25640				    9.6
25646				    9.6
25652				    9.6
25658				    9.6
25664				    9.6
25670				    9.6
25676				    9.8
25682				    9.8
25688				    10.0
25694				    10.0
25700				    10.0
25706				    11.2
25712				    11.2
25718				    11.5
25724				    11.7
25730				    11.7
25736				    12.1
25742				    12.5
25747				    12.5
25754				    12.5
25759				    12.7
25765				    12.7
25771				    12.7
25777				    12.7
25783				    12.9
25790				    13.1
25796				    13.2
25801				    13.2
25808				    13.2
25814				    13.2
25819				    13.1
25825				    13.7
25831				    13.7
25837				    13.6
25843				    13.5
25849				    13.5
25855				    13.4
25860				    13.7
25867				    13.7
25873				    13.8
25879				    13.8
25885				    13.8
25891				    13.8
25897				    13.6
25903				    13.6
25909				    13.9
25915				    13.9
25921				    13.8
25927				    13.8
25933				    13.8
25939				    13.8
25944				    13.8
25951				    13.8
25957				    13.7
25963				    13.7
25969				    13.8
25975				    13.8
25981				    13.8
25987				    13.4
25994				    13.4
25999				    13.4
26006				    13.6
26012				    13.6
26018				    13.7
26023				    13.7
26029				    13.6
26035				    13.6
26041				    13.7
26047				    13.7
26053				    13.7
26059				    13.6
26065				    13.6
26071				    13.6
26077				    13.5
26083				    13.5
26089				    13.8
26095				    13.8
26101				    13.8
26107				    13.7
26113				    13.7
26119				    13.5
26125				    13.5
26131				    13.5
26137				    13.5
26143				    13.5
26149				    13.5
26155				    12.8
26161				    12.8
26167				    12.9
26173				    13.0
26179				    13.0
26185				    13.1
26191				    13.1
26197				    13.0
26203				    13.4
26209				    13.4
26215				    13.4
26221				    13.5
26227				    13.5
26233				    13.5
26239				    13.4
26245				    13.7
26251				    13.7
26257				    13.8
26263				    13.8
26269				    13.8
26274				    13.7
26281				    13.7
26287				    13.7
26292				    13.7
26298				    13.6
26304				    13.6
26310				    13.6
26316				    13.6
26322				    13.5
26328				    13.5
26334				    13.4
26340				    13.4
26345				    13.4
26351				    13.4
26357				    13.4
26364				    13.3
26370				    13.3
26376				    13.3
26382				    13.5
26388				    13.5
26394				    13.5
26400				    13.5
26406				    13.5
26411				    13.2
26418				    13.2
26424				    13.7
26430				    13.7
26436				    13.7
26442				    13.8
26448				    13.8
26454				    13.8
26460				    13.5
26466				    13.3
26472				    13.3
26478				    13.3
26484				    13.3
26490				    13.3
26496				    13.3
26502				    13.2
26508				    13.2
26514				    13.2
26520				    13.2
26526				    13.2
26532				    13.2
26538				    13.0
26543				    13.0
26549				    13.0
26555				    13.0
26561				    12.8
26567				    12.8
26574				    13.0
26580				    13.0
26586				    13.0
26593				    13.0
26599				    12.8
26605				    12.8
26611				    12.8
