45699				    1.7	
45703				    1.7	
45707				    1.7	
45711				    1.7	
45715				    1.7	
45719				    1.7	
45723				    1.7	
45727				    1.7	
45731				    1.7	
45736				    1.7	
45740				    1.7	
45744				    1.7	
45748				    1.7	
45753				    2.3	
45757				    2.3	
45761				    3.5	
45765				    3.5	
45769				    3.5	
45773				    3.5	
45777				    3.5	
45781				    3.5	
45785				    3.5	
45788				    3.5	
45792				    3.5	
45796				    3.5	
45800				    3.5	
45804				    3.5	
45808				    3.5	
45812				    4.1	
45816				    4.1	
45820				    4.1	
45824				    4.1	
45829				    4.7
45833				    4.7
45837				    4.7
45842				    4.7
45846				    4.7
45850				    4.7
45854				    4.7
45859				    4.7
45863				    4.7
45867				    4.7
45872				    4.9
45876				    4.9
45881				    5.9
45885				    5.9
45889				    5.8
45893				    5.8
45898				    5.8
45902				    4.7
45906				    4.7
45910				    4.7
45914				    5.3
45918				    6.2
45922				    6.2
45927				    6.2
45931				    6.2
45935				    6.2
45939				    6.2
45943				    5.8
45947				    5.8
45951				    6.5
45956				    6.5
45960				    6.7
45964				    6.7
45968				    6.7
45973				    6.7
45977				    6.7
45981				    6.7
45985				    6.7
45989				    6.7
45994				    7.1
45998				    6.9
46002				    6.9
46007				    6.9
46011				    6.9
46015				    6.7
46020				    6.7
46024				    6.7
46028				    6.4
46032				    6.4
46036				    6.4
46041				    6.4
46045				    6.4
46049				    6.4
46054				    6.3
46058				    6.9
46062				    6.9
46067				    6.9
46071				    6.9
46075				    6.9
46080				    6.9
46084				    6.9
46088				    6.9
46093				    6.9
46097				    6.9
46102				    6.9
46106				    6.9
46110				    6.9
46114				    6.7
46119				    6.7
46123				    6.7
46127				    6.7
46131				    6.7
46135				    6.7
46139				    6.7
46143				    6.7
46147				    6.7
46151				    6.7
46156				    6.7
46160				    6.7
46164				    6.7
46169				    6.7
46173				    6.3
46178				    6.4
46182				    6.4
46186				    6.4
46191				    6.4
46195				    6.1
46199				    6.1
46203				    6.2
46207				    5.8
46212				    5.8
46216				    5.8
46220				    5.8
46225				    5.8
46229				    5.8
46233				    6.0
46237				    6.0
46242				    7.4
46246				    7.4
46249				    7.4
46253				    7.4
46258				    8.0
46262				    8.0
46266				    8.0
46270				    8.0
46274				    8.6
46278				    8.6
46282				    8.6
46285				    8.6
46289				    8.6
46293				    8.6
46297				    8.6
46301				    8.1
46305				    8.1
46309				    7.8
46313				    9.0
46317				    9.0
46321				    9.0
46326				    9.0
46329				    9.0
46334				    9.0
46338				    9.0
46342				    9.0
46346				    9.0
46350				    9.0
46354				    9.0
46358				    9.1
46362				    9.4
46366				    9.4
46370				    9.4
46374				    8.7
46378				    8.7
46382				    8.7
46386				    8.7
46390				    8.7
46394				    9.1
46398				    9.1
46402				    9.1
46406				    9.1
46410				    9.1
46414				    9.2
46418				    8.8
46423				    8.7
46427				    8.7
46430				    8.7
46435				    8.4
46439				    8.5
46442				    8.5
46447				    8.5
46450				    8.5
46454				    9.4
46458				    9.4
46462				    9.4
46466				    9.4
46470				    9.4
46474				    9.5
46478				    9.3
46482				    10.0
46486				    10.0
46490				    10.0
46494				    10.3
46498				    10.5
46503				    10.5
46506				    10.5
46510				    10.5
46514				    10.4
46518				    10.4
46522				    10.4
46525				    10.4
46529				    10.4
46533				    10.1
46537				    10.1
46541				    10.1
46544				    10.1
46549				    9.6
46553				    9.6
46557				    9.6
46561				    9.2
46565				    9.1
46569				    9.1
46573				    9.1
46578				    9.1
46581				    9.1
46585				    9.1
46589				    9.1
46593				    9.1
46597				    9.1
46601				    10.4
46606				    10.4
46610				    10.4
46614				    10.2
46619				    10.2
46623				    9.9
46627				    9.9
46631				    9.9
46635				    9.9
46639				    8.1
46643				    8.1
46647				    8.1
46651				    8.5
46655				    8.5
46659				    10.3
46663				    10.3
46667				    10.3
46671				    10.3
46675				    10.3
46679				    10.3
46684				    10.3
46688				    10.3
46692				    10.6
46696				    10.6
46700				    10.5
46704				    10.5
46708				    10.5
46712				    10.5
46716				    10.8
46721				    10.8
46724				    10.8
46729				    9.9
46733				    9.9
46737				    10.3
46741				    10.3
46745				    11.3
46750				    11.3
46754				    11.5
46758				    11.3
46763				    11.3
46767				    11.3
46771				    10.8
46775				    10.8
46779				    10.6
46783				    10.6
46787				    10.6
46792				    10.6
46795				    10.3
46799				    10.3
46803				    10.1
46808				    10.1
46812				    9.4
46815				    9.4
46819				    9.4
46823				    9.4
46827				    9.5
46831				    9.5
46835				    9.5
46839				    9.5
46843				    10.0
46847				    10.0
46851				    9.9
46855				    9.9
46860				    9.9
46864				    9.9
46868				    9.9
46872				    9.4
46877				    9.4
