29948				    121.695
29959				    121.695
29970				    121.695
29982				    121.695
29993				    121.695
30004				    121.695
30015				    121.695
30026				    121.695
30037				    121.695
30049				    121.695
30060				    121.695
30071				    121.695
30082				    121.695
30093				    121.695
30105				    150.282
30116				    154.199
30127				    154.199
30138				    154.199
30149				    154.199
30160				    154.199
30171				    154.199
30182				    154.199
30194				    154.199
30205				    154.199
30216				    154.199
30227				    154.199
30238				    154.199
30249				    152.536
30260				    155.026
30271				    155.026
30282				    163.988
30293				    163.988
30304				    163.988
30315				    163.988
30326				    163.988
30337				    163.988
30349				    163.988
30360				    163.988
30371				    163.988
30382				    163.988
30394				    163.988
30405				    163.988
30417				    165.855
30428				    160.486
30439				    170.638
30450				    172.915
30462				    172.915
30473				    172.915
30484				    172.915
30495				    172.915
30506				    172.915
30518				    172.915
30529				    172.915
30540				    172.915
30551				    172.915
30562				    172.915
30573				    172.915
30584				    172.915
30595				    170.456
30606				    173.977
30618				    179.393
30628				    180.638
30639				    183.967
30650				    183.967
30662				    183.967
30672				    183.967
30683				    183.967
30694				    183.967
30706				    183.967
30717				    183.967
30728				    183.967
30739				    183.967
30750				    183.967
30761				    181.952
30772				    182.353
30783				    192.281
30794				    193.833
30805				    193.833
30816				    205.696
30827				    217.637
30837				    224.467
30849				    225.778
30860				    233.306
30872				    236.336
30883				    238.052
30894				    246.23
30905				    246.23
30916				    246.23
30927				    246.23
30938				    252.463
30949				    252.463
30960				    252.463
30971				    252.463
30982				    252.463
30993				    252.463
31005				    252.463
31016				    252.463
31027				    250.699
31038				    262.045
31049				    262.045
31060				    268.808
31071				    278.436
31082				    282.074
31094				    279.357
31105				    290.743
31116				    294.676
31128				    307.467
31139				    311.135
31150				    312.311
31161				    324.249
31172				    324.251
31183				    324.408
31194				    318.352
31206				    318.352
31217				    326.806
31228				    326.806
31239				    326.806
31251				    326.806
31262				    326.806
31273				    326.806
31284				    326.806
31294				    326.806
31305				    326.806
31317				    326.806
31328				    334.458
31339				    325.068
31351				    329.838
31362				    329.838
31373				    335.075
31384				    355.857
31395				    366.517
31406				    376.782
31418				    376.821
31429				    383.455
31440				    396.079
31451				    396.079
31462				    396.079
31474				    412.189
31485				    430.154
31497				    431.359
31508				    436.455
31519				    452.736
31530				    459.413
31541				    459.413
31553				    474.194
31564				    481.045
31575				    487.795
31586				    489.138
31598				    499.721
31609				    499.721
31620				    511.354
