10601				    10
10612				    10
10623				    10
10634				    10
10645				    10
10656				    10
10667				    10
10678				    10
10689				    10
10700				    10
10712				    12
10723				    14
10734				    19
10745				    19
10757				    19
10768				    19
10779				    19
10790				    19
10801				    19
10812				    19
10823				    19
10835				    19
10846				    22
10857				    32
10868				    32
10879				    38
10890				    38
10901				    38
10912				    38
10922				    38
10934				    38
10945				    38
10956				    38
10967				    38
10978				    38
10989				    38
11000				    38
11012				    48
11023				    49
11034				    66
11045				    66
11057				    76
11068				    76
11079				    76
11090				    76
11101				    76
11113				    76
11124				    76
11136				    76
11147				    76
11158				    76
11169				    76
11180				    76
11191				    76
11203				    76
11214				    76
11225				    76
11236				    76
11248				    76
11259				    81
11270				    98
11281				    99
11292				    101
11303				    124
11315				    126
11326				    128
11337				    152
11348				    152
11359				    152
11370				    152
11381				    152
11392				    152
11404				    152
11415				    152
11426				    152
11438				    152
11448				    152
11460				    156
11471				    160
11482				    169
11493				    172
11504				    183
11515				    200
11526				    200
11537				    210
11548				    211
11559				    222
11569				    225
11580				    233
11591				    245
11602				    245
11613				    245
11624				    256
11635				    264
11647				    270
11658				    270
11669				    276
11680				    282
11691				    282
11702				    282
11714				    282
11725				    282
11736				    282
11747				    282
11758				    282
11769				    282
11781				    282
11792				    282
11803				    282
11814				    282
11825				    282
11836				    282
11848				    282
11859				    282
11870				    282
11881				    282
11892				    286
11903				    297
11914				    305
11926				    309
11937				    309
11948				    311
11959				    325
11970				    325
11980				    337
11992				    341
12003				    349
12014				    351
12025				    363
12036				    363
12046				    363
12057				    387
12068				    393
12080				    395
12090				    401
12101				    401
12112				    401
12124				    409
12135				    427
12146				    427
12157				    308
12168				    300
12180				    291
12191				    291
12202				    284
12213				    284
12224				    275
12235				    268
12246				    266
12257				    213
12268				    207
12279				    206
12290				    198
12301				    196
12312				    196
12323				    196
12334				    196
12345				    196
12356				    196
12368				    196
12379				    196
12390				    196
12401				    196
12412				    196
12423				    193
12434				    188
12445				    188
12457				    175
12468				    163
12479				    163
12490				    153
12501				    141
12512				    130
12524				    123
12535				    123
12546				    118
12558				    106
12569				    106
12580				    94
12591				    88
12602				    88
12613				    68
12624				    65
12636				    60
12647				    54
12658				    43
12669				    36
12681				    36
12692				    36
12704				    26
12715				    221
12727				    221
12738				    221
12749				    221
12760				    221
12771				    221
12783				    221
12794				    221
12805				    221
12816				    221
12827				    221
12838				    221
12849				    221
