13161				    10
13172				    10
13184				    10
13195				    19
13206				    20
13217				    20
13229				    24
13240				    40
13251				    40
13262				    40
13273				    48
13285				    49
13296				    50
13307				    51
13318				    51
13329				    52
13340				    53
13351				    53
13363				    54
13374				    54
13385				    56
13396				    56
13407				    57
13418				    57
13429				    59
13441				    60
13452				    60
13464				    61
13475				    62
13486				    63
13497				    63
13509				    65
13520				    65
13531				    66
13542				    67
13553				    67
13565				    68
13577				    70
13588				    70
13600				    71
13611				    71
13623				    71
13634				    71
13645				    71
13656				    71
13668				    74
13679				    75
13690				    75
13701				    75
13712				    75
13724				    76
13735				    48
13746				    48
13757				    48
13769				    40
13780				    54
13791				    54
13802				    54
13813				    54
13824				    54
13836				    55
13847				    55
13858				    55
13870				    56
