8609				    19.019
8613				    19.019
8616				    19.019
8620				    19.019
8624				    19.019
8628				    19.019
8633				    19.019
8637				    19.019
8641				    19.019
8645				    19.019
8649				    14.699
8653				    9.426
8657				    5.656
8662				    5.656
8666				    5.656
8671				    5.656
8675				    5.656
8679				    5.656
8683				    5.853
8688				    5.302
8692				    4.159
8695				    4.159
8700				    1.719
8704				    1.747
8708				    1.145
8712				    1.922
8716				    1.922
8720				    1.922
8724				    1.553
8728				    1.314
8732				    1.386
8736				    1.017
8740				    0.88
8744				    0.67
8748				    0.911
8752				    1.625
8756				    1.188
8760				    1.096
8764				    1.205
8768				    1.205
8772				    2.919
8776				    3.14
8780				    4.006
8784				    5.092
8788				    2.369
8792				    2.038
8796				    1.153
8800				    1.174
8803				    1.566
8808				    0.437
8812				    1.095
8815				    0.949
8820				    0.628
8824				    0.675
8827				    0.618
8832				    1.705
8836				    2.549
8840				    2.733
8843				    0.92
8847				    0.482
8852				    1.651
8855				    2.106
8860				    0.623
8864				    0.678
8868				    2.36
8872				    3.921
8876				    0.587
8881				    1.058
8885				    0.707
8888				    0.525
8892				    0.319
8897				    0.931
8901				    0.879
8905				    0.979
8909				    0.905
8913				    1.627
8917				    1.704
8921				    0.375
8925				    0.473
8929				    1.782
8932				    5.662
8936				    0.851
8940				    0.454
8944				    0.881
8948				    2.104
8951				    1.227
8956				    1.227
8960				    3.01
8964				    1.237
8968				    1.6
8971				    0.305
8976				    0.513
8980				    0.845
8984				    3.603
8988				    5.73
8993				    0.314
8997				    0.546
9001				    0.561
9005				    1.2
9010				    1.194
9014				    2.237
9018				    5.375
9022				    5.375
9027				    6.734
9031				    6.734
9035				    7.734
9040				    8.801
9044				    8.801
9048				    8.801
9052				    8.801
9056				    8.801
9060				    8.801
