101				    10
112				    10
123				    10
135				    16
147				    20
158				    20
170				    22
181				    32
193				    40
204				    40
216				    43
227				    48
238				    62
249				    68
261				    68
272				    68
284				    96
294				    96
305				    111
317				    135
328				    135
339				    135
351				    136
364				    138
375				    138
386				    91
398				    86
409				    83
421				    74
432				    70
443				    86
454				    86
466				    86
477				    86
488				    86
500				    87
511				    87
522				    87
533				    87
545				    87
557				    87
568				    76
579				    71
591				    64
602				    43
614				    43
625				    43
636				    43
648				    44
659				    44
671				    44
682				    44
693				    44
705				    45
716				    45
727				    45
739				    45
750				    46
761				    46
772				    46
783				    47
795				    47
806				    47
817				    47
828				    47
839				    47
850				    47
862				    47
