14052				    10
14056				    10
14061				    10
14065				    10
14069				    10
14074				    10
14078				    10
14082				    10
14086				    10
14090				    10
14094				    10
14098				    10
14103				    10
14107				    10
14111				    16
14115				    19
14119				    19
14123				    20
14127				    20
14132				    20
14136				    20
14140				    20
14145				    20
14149				    20
14153				    20
14158				    21
14162				    21
14166				    29
14170				    29
14173				    29
14177				    29
14181				    29
14185				    32
14190				    33
14194				    33
14198				    33
14202				    33
14207				    33
14211				    33
14215				    33
14219				    39
14224				    40
14228				    40
14232				    57
14237				    66
14241				    66
14245				    66
14248				    66
14252				    66
14256				    68
14260				    77
14265				    79
14269				    79
14273				    81
14277				    99
14281				    99
14285				    99
14289				    132
14294				    136
14298				    142
14302				    150
14306				    150
14311				    158
14315				    158
14319				    158
14324				    175
14328				    178
14332				    178
14337				    178
14341				    220
14345				    222
14349				    245
14353				    271
14357				    291
14362				    291
14366				    291
14370				    294
14375				    296
14379				    301
14383				    302
14388				    302
14392				    302
14396				    302
14401				    302
14404				    302
14409				    287
14413				    286
14417				    274
14421				    273
14425				    272
14429				    268
14433				    214
14437				    212
14442				    190
14446				    175
14450				    156
14454				    154
14458				    122
14462				    114
14466				    93
14470				    88
14474				    76
14478				    75
14482				    71
14486				    56
14489				    39
14493				    35
14497				    34
14502				    25
14505				    21
14509				    214
14513				    214
14518				    214
14522				    214
14526				    214
14530				    214
14534				    214
14538				    214
14542				    214
14546				    214
14549				    214
14553				    214
14557				    214
14561				    214
14565				    214
