6430				    34.212
6441				    34.212
6453				    34.212
6464				    34.212
6475				    34.212
6486				    34.212
6497				    12.936
6508				    12.94
6520				    12.94
6531				    12.94
6542				    12.94
6554				    12.94
6565				    12.94
6576				    12.94
6588				    12.489
6599				    17.273
6610				    15.292
6621				    12.729
6632				    12.145
6643				    12.145
6655				    13.273
6666				    16.256
6677				    15.475
6688				    10.872
6700				    7.57
6711				    7.57
6722				    5.843
6733				    5.832
6744				    3.109
6755				    5.534
6767				    7.419
6778				    3.014
6789				    4.233
6800				    4.233
6811				    9.103
6822				    9.103
6833				    15.85
6845				    15.85
6856				    23.138
6867				    5.113
6879				    5.113
6890				    5.113
6901				    14.251
6912				    9.834
6924				    7.809
6935				    7.809
6946				    7.185
6957				    4.991
6969				    2.593
6980				    2.864
6991				    9.43
7003				    7.888
7014				    7.888
7025				    3.994
7036				    4.15
7047				    4.15
7059				    3.891
7070				    3.161
7081				    3.161
7092				    11.875
7103				    10.548
7114				    9.023
7125				    3.407
7136				    3.407
7147				    3.407
7158				    11.586
7169				    5.071
7180				    7.653
7191				    4.641
7202				    4.641
7214				    9.645
7225				    9.645
7236				    18.123
7247				    12.94
7258				    12.94
7269				    12.94
7280				    7.846
7291				    7.846
7302				    6.77
7313				    6.77
7324				    3.264
7335				    4.981
7346				    4.981
7357				    8.57
7368				    9.782
7379				    9.782
7390				    9.782
7402				    5.794
7413				    5.794
7424				    6.231
7435				    12.433
7447				    10.973
7458				    10.973
7470				    10.973
7481				    8.105
7492				    8.105
7503				    6.308
7514				    6.308
7525				    7.912
7536				    8.778
7547				    9.109
7558				    4.592
7570				    4.592
7580				    3.905
7591				    4.068
7603				    6.031
7614				    6.351
7626				    6.351
7637				    6.239
7648				    6.146
7659				    6.146
7671				    6.146
7682				    8.433
7693				    7.248
7705				    7.816
7716				    3.111
7727				    3.483
7738				    4.462
7749				    4.462
7761				    9.196
7772				    8.243
7783				    8.243
7794				    6.472
7805				    6.472
7816				    5.539
7827				    5.539
7839				    7.935
7850				    12.63
7861				    12.848
7873				    11.748
7884				    5.02
7895				    4.891
