27216				    2.7	
27228				    2.7	
27239				    2.7	
27250				    2.7	
27261				    3.1
27272				    3.6
27283				    3.8
27295				    4.2
27306				    4.5
27317				    5.2
27328				    6.8
27339				    6.6
27350				    6.8
27361				    8.7
27372				    10.2
27384				    10.2
27395				    9.9
27406				    9.9
27418				    8.0
27429				    8.0
27440				    7.6
27452				    7.9
27464				    9.2
27475				    9.2
27486				    10.8
27497				    10.6
27509				    10.9
27520				    10.9
27531				    9.9
27543				    9.6
27554				    9.1
27565				    9.1
27576				    8.9
27587				    8.5
27599				    7.6
27610				    7.6
27621				    7.3
27632				    7.2
27643				    6.8
27654				    6.9
27666				    6.6
27677				    6.4
27688				    6.4
27700				    6.5
27712				    6.3
27723				    6.2
27735				    6.1
27746				    6.1
27757				    6.4
27769				    6.4
27779				    6.4
27791				    6.4
27802				    6.4
27813				    6.4
27824				    6.3
27835				    6.3
27846				    6.3
27858				    6.3
27869				    6.3
27880				    6.3
27892				    6.2
27903				    6.2
27915				    5.8
27926				    5.6
27937				    5.8
27948				    5.8
27960				    5.8
27971				    5.8
27982				    5.8
27993				    5.8
28005				    5.8
28016				    4.3
28028				    4.3
28039				    4.5
28050				    4.5
28061				    4.6
28073				    4.7
28085				    4.8
28097				    4.8
28108				    4.8
28119				    4.8
28130				    5.9
28141				    5.9
28152				    6.0
28163				    5.9
28174				    5.8
28186				    5.8
28197				    5.7
28208				    5.6
28219				    5.8
28230				    5.8
28241				    5.8
28252				    5.7
28264				    5.6
28275				    5.4
28287				    5.4
28298				    5.4
28309				    5.3
28320				    5.4
28332				    5.4
28343				    5.4
28354				    5.4
28366				    5.3
28377				    5.5
28388				    5.5
28400				    5.6
28412				    5.6
28423				    5.5
28434				    5.4
28445				    5.3
28457				    5.6
28468				    5.6
28479				    5.7
28490				    5.7
28502				    5.6
28513				    5.8
28524				    6.0
28535				    6.1
28547				    6.5
28558				    6.7
28569				    6.7
28580				    6.9
28592				    7.0
28603				    7.0
28614				    6.9
28625				    6.5
28637				    6.5
28648				    6.3
28660				    6.3
28671				    6.2
28682				    6.2
28693				    6.1
28704				    5.7
28716				    5.8
28728				    5.8
