7687				    2.9	
7692				    2.9	
7696				    2.9	
7700				    2.9	
7704				    2.9	
7709				    2.9	
7713				    2.9	
7717				    2.9	
7721				    3.6
7725				    4.4
7729				    4.4
7733				    4.8
7737				    5.0
7740				    5.1
7744				    5.1
7748				    5.1
7752				    5.1
7756				    5.9
7760				    7.8
7764				    7.8
7768				    10.3
7773				    10.4
7777				    10.5
7781				    10.8
7786				    11.4
7790				    12.1
7794				    13.7
7798				    14.5
7802				    15.0
7806				    17.2
7811				    17.7
7814				    18.5
7818				    18.5
7823				    18.5
7827				    18.5
7831				    17.5
7835				    15.9
7839				    17.6
7843				    19.7
7848				    20.0
7852				    20.1
7857				    18.9
7861				    19.6
7865				    25.6
7869				    27.1
7873				    29.6
7877				    34.2
7881				    34.4
7885				    34.9
7889				    36.3
7893				    37.2
7897				    38.2
7901				    38.1
7904				    38.1
7908				    38.3
7912				    38.9
7916				    39.1
7920				    42.0
7924				    44.2
7928				    45.8
7932				    45.8
7936				    45.6
7940				    47.8
7943				    48.0
7947				    46.3
7951				    47.0
7955				    46.1
7959				    43.9
7963				    43.0
7967				    41.0
7971				    37.7
7976				    37.3
7979				    36.4
7984				    36.2
7988				    35.9
7992				    35.7
7997				    34.9
8000				    33.5
8005				    32.5
8009				    31.3
8013				    29.8
8017				    29.6
8021				    29.1
8025				    29.1
8029				    28.4
8033				    27.4
8037				    27.5
8041				    27.1
8045				    27.1
8051				    27.1
8055				    27.1
8059				    27.1
8063				    27.1
8067				    26.1
8071				    22.3
8074				    21.9
8079				    20.7
8082				    20.3
8086				    19.8
8090				    21.6
8094				    21.6
8098				    21.7
8102				    21.6
8107				    22.4
8110				    25.2
8114				    26.8
8118				    28.2
8122				    29.7
8126				    54.1
8130				    54.1
8134				    54.1
8139				    54.1
8143				    56.5
8147				    59.5
