5601				    38.126
5612				    38.126
5624				    38.126
5636				    38.36
5647				    46.866
5658				    46.866
5669				    46.866
5680				    45.584
5691				    45.508
5703				    50.586
5714				    53.665
5726				    52.347
5737				    51.311
5749				    48.882
5760				    50.295
5771				    50.005
5783				    49.11
5794				    46.295
5806				    45.73
5817				    46.992
5828				    51.008
5840				    52.235
5851				    59.85
5862				    62.755
5874				    67.34
5885				    71.194
5897				    72.859
5908				    75.109
5919				    81.472
5930				    82.3
5942				    82.169
5953				    74.014
5964				    73.681
5975				    79.319
5986				    81.914
5997				    71.698
6008				    64.491
6019				    69.259
6030				    74.093
6041				    74.093
6052				    74.093
6059				    74.093
6066				    74.093
6072				    78.734
6079				    102.708
6085				    103.955
6092				    102.049
6099				    92.197
6105				    91.469
6112				    91.268
6118				    91.731
6125				    92.762
6132				    92.762
6138				    92.762
