7161				    40.056
7172				    40.056
7183				    40.056
7195				    39.454
7207				    43.322
7217				    43.322
7228				    43.322
7240				    40.861
7252				    42.201
7263				    42.201
7275				    40.771
7287				    46.969
7298				    48.485
7309				    46.794
7320				    45.945
7332				    45.872
7343				    46.982
7355				    46.982
7366				    44.954
7378				    47.224
7389				    50.07
7400				    50.07
7412				    50.07
7423				    55.948
7434				    52.167
7446				    53.848
7457				    68.365
7468				    50.165
7480				    58.454
7492				    67.547
7503				    78.023
7514				    86.591
7525				    99.25
7537				    87.315
7548				    92.123
7559				    92.123
7570				    92.123
7582				    85.108
7593				    85.108
7604				    85.108
7616				    85.108
