14929				    25.177
14941				    25.177
14952				    25.177
14963				    25.177
14975				    25.177
14986				    9.148
14998				    10.642
15009				    10.642
15020				    10.642
15032				    10.642
15044				    10.642
15055				    10.642
15066				    10.642
15078				    10.642
15089				    15.568
15101				    18.099
15112				    12.539
15124				    12.539
15136				    12.539
15147				    12.539
15159				    12.539
15170				    12.539
15182				    12.539
15193				    6.111
15204				    2.236
15216				    3.778
15228				    9.301
15239				    9.301
15251				    11.508
15262				    4.235
15274				    4.704
15285				    0.85
15296				    7.126
15308				    6.966
15319				    7.315
15331				    7.326
15342				    7.326
15354				    9.699
15365				    9.699
15376				    5.253
15388				    5.253
15400				    2.746
15411				    2.746
15423				    1.398
15435				    1.439
15446				    2.504
15457				    5.8
15469				    8.942
15480				    6.911
15492				    8.224
15503				    9.597
15515				    13.399
15526				    17.252
15538				    5.871
15549				    8.07
15560				    2.232
15572				    2.232
15584				    4.025
15595				    6.302
15607				    1.028
15618				    2.124
15630				    2.124
15642				    3.803
15654				    13.71
15665				    13.71
15676				    4.352
15688				    8.693
15700				    11.555
15711				    12.472
15722				    12.472
15733				    7.754
15745				    8.877
15756				    1.751
15768				    1.751
15779				    14.041
15791				    3.17
15803				    8.179
15815				    12.76
15826				    11.697
15837				    10.632
15849				    10.632
15860				    9.471
15872				    5.07
15883				    4.231
15895				    4.231
15906				    0.965
15918				    4.519
15929				    0.272
15940				    6.34
15952				    6.569
15964				    2.972
15975				    8.591
15987				    8.591
15998				    7.242
16009				    0.496
16020				    3.675
16032				    3.675
16043				    4.315
16055				    4.315
16067				    3.073
16078				    10.504
16089				    9.368
16101				    7.454
