0				    1.7	
4				    1.7	
8				    1.7	
12				    1.7	
16				    1.7	
20				    1.7	
24				    1.7	
28				    1.7	
32				    1.7	
36				    1.7	
40				    1.7	
44				    1.7	
48				    1.7	
53				    2.1	
57				    3.1	
61				    3.3	
65				    3.3	
69				    3.3	
73				    3.3	
78				    3.3	
82				    3.3	
86				    3.3	
91				    3.3	
95				    3.3	
99				    3.3	
103				    3.3	
108				    3.3	
112				    3.9	
116				    3.9	
120				    6.7	
124				    6.7	
128				    6.7	
132				    6.7	
136				    6.7	
141				    6.7	
145				    6.7	
149				    6.7	
153				    8.2	
157				    9.2	
161				    9.2	
166				    9.5	
170				    9.5	
174				    12.9	
178				    12.9	
182				    12.8	
186				    12.8	
190				    16.3	
194				    16.3	
199				    16.3	
203				    16.3	
207				    18.3	
211				    18.3	
215				    18.3	
219				    18.3	
224				    18.3	
228				    18.3	
232				    18.2	
237				    18.2	
241				    18.2	
245				    18.2	
249				    18.2	
253				    22.7	
257				    20.8	
261				    20.8	
266				    20.8	
270				    20.8	
274				    20.2	
278				    20.2	
282				    20.2	
287				    20.2	
291				    19.2	
295				    19.2	
299				    22.2	
304				    22.2	
308				    26.3	
312				    29.6	
317				    29.6	
321				    29.6	
325				    29.6	
329				    29.6	
334				    29.6	
338				    28.8	
343				    28.5	
347				    28.5	
351				    28.2	
355				    28.2	
359				    26.6	
364				    26.9	
368				    26.8	
373				    26.8	
376				    26.8	
380				    26.8	
385				    27.2
389				    27.2
393				    27.0
398				    27.0
402				    27.0
406				    27.0
410				    25.9
414				    25.9
418				    25.9
422				    24.9
427				    24.9
431				    24.9
435				    24.9
439				    24.9
443				    24.9
447				    24.9
452				    22.7
456				    22.7
460				    20.8
465				    20.8
469				    21.5
473				    21.5
477				    21.6
481				    21.6
485				    20.8
490				    20.8
493				    20.8
497				    20.8
501				    20.8
506				    20.8
509				    19.7
514				    19.7
518				    17.3
522				    17.3
526				    17.3
530				    17.6
534				    17.6
538				    17.6
542				    17.6
546				    17.0
550				    17.0
554				    17.0
558				    17.0
562				    16.0
567				    16.0
571				    16.0
575				    16.0
580				    16.0
584				    16.0
588				    15.1
593				    15.0
597				    15.0
601				    15.0
605				    15.0
609				    14.7
613				    14.7
618				    14.8
622				    14.8
626				    14.8
630				    14.8
634				    14.8
638				    14.8
643				    14.8
647				    14.8
651				    14.1
655				    14.1
660				    14.2
664				    14.2
669				    14.2
673				    14.2
677				    14.2
681				    14.2
685				    14.2
689				    14.0
694				    14.0
698				    13.5
702				    14.1
706				    14.1
710				    14.4
715				    14.4
719				    14.4
723				    13.9
728				    14.0
732				    14.0
736				    14.0
741				    14.8
745				    15.1
749				    14.9
754				    14.8
757				    14.8
762				    14.8
766				    14.5
770				    14.6
774				    14.6
778				    14.6
782				    14.7
787				    14.7
791				    14.7
795				    14.7
800				    14.7
804				    14.7
808				    14.9
813				    14.9
816				    15.0
820				    15.0
824				    14.9
828				    14.9
833				    14.8
837				    14.8
841				    14.8
846				    14.8
850				    14.8
854				    14.8
858				    14.7
862				    15.6
866				    15.7
871				    15.7
875				    15.7
879				    15.5
883				    15.5
887				    15.4
891				    15.4
896				    16.2
900				    16.2
904				    16.3
909				    16.2
912				    16.2
916				    16.2
920				    16.2
924				    15.6
928				    15.6
932				    15.6
936				    15.6
940				    15.5
944				    15.5
948				    15.1
952				    15.1
956				    15.1
960				    15.1
964				    15.2
969				    15.2
973				    15.2
977				    15.0
981				    14.8
985				    14.8
989				    14.8
994				    14.8
997				    14.8
1001				    14.8
1005				    14.8
1009				    14.8
1013				    14.7
1017				    14.7
1021				    14.7
1025				    14.7
1029				    14.9
1033				    14.9
1037				    15.0
1041				    15.0
1045				    14.9
1049				    14.9
1053				    14.9
1057				    14.9
1060				    14.9
1064				    14.9
1068				    14.9
1072				    14.5
1076				    14.3
1080				    14.2
1084				    14.2
1089				    14.2
1093				    14.6
1097				    14.6
1101				    14.5
1105				    14.5
1109				    14.5
1113				    14.5
1117				    14.0
1121				    14.0
1125				    13.9
1129				    13.9
1134				    14.0
1137				    14.0
1142				    14.1
1146				    14.1
1150				    14.1
1154				    14.1
1158				    14.0
1162				    14.0
1166				    14.0
1171				    14.0
1175				    14.0
1179				    14.0
1183				    14.0
1187				    14.0
1191				    13.8
1195				    13.8
1199				    14.3
1204				    14.3
1207				    14.3
1211				    14.3
1215				    14.3
1219				    14.3
1223				    14.3
1227				    14.3
1231				    14.2
1234				    14.2
1238				    13.9
1243				    13.9
1247				    13.9
1251				    13.7
1254				    13.7
1259				    13.6
1263				    13.6
1267				    13.5
1271				    13.5
1276				    13.5
1280				    13.5
1284				    13.5
1289				    13.4
1293				    13.4
1297				    13.3
1301				    13.3
1305				    13.3
1309				    13.3
1313				    13.3
1317				    13.3
1321				    13.3
1325				    13.3
1329				    13.3
1333				    12.9
1337				    12.4
1341				    12.4
1345				    12.4
1349				    12.5
1353				    12.7
1357				    12.7
1361				    12.7
1365				    12.7
1369				    12.7
1372				    12.7
1377				    12.7
1381				    12.7
1385				    12.7
1388				    12.7
1392				    12.4
1396				    12.4
1401				    12.0
1405				    12.0
1409				    12.0
1413				    11.8
1417				    11.8
1421				    11.8
1425				    11.8
1429				    11.8
1433				    11.8
1437				    11.8
1442				    11.6
1446				    11.5
1450				    11.5
1454				    11.5
1458				    11.4
1462				    11.4
1466				    11.4
1471				    11.4
1475				    11.1
1479				    11.1
1483				    11.1
1488				    10.9
1492				    10.9
1496				    10.9
1501				    10.9
1505				    10.9
1509				    10.9
1513				    10.9
1518				    10.6
1522				    10.6
1526				    10.6
1530				    10.6
1534				    10.9
1539				    10.9
1543				    10.9
1547				    10.8
1552				    10.8
1556				    10.8
1560				    10.8
1564				    10.8
1569				    10.8
1573				    10.7
1577				    10.4
1581				    10.4
1585				    10.4
1590				    10.4
1594				    10.5
1598				    10.5
1603				    10.5
1607				    10.5
1611				    10.5
1615				    10.5
1620				    10.5
1624				    10.1
1628				    10.1
1633				    10.2
1637				    10.2
1641				    10.2
1645				    10.2
1649				    10.2
1653				    10.2
1657				    10.2
1662				    10.4
1666				    10.4
1671				    10.4
1675				    10.4
1679				    10.4
1683				    10.4
1688				    10.4
1692				    10.2
1696				    10.5
1701				    10.5
1705				    10.5
1709				    10.5
1713				    10.4
1717				    10.4
1722				    10.3
1726				    10.3
1730				    10.3
1734				    10.3
1739				    10.3
1743				    10.3
1747				    10.3
1751				    10.3
1755				    10.3
1759				    10.2
1763				    10.2
1767				    10.3
1771				    10.3
1776				    10.3
1780				    10.3
1784				    10.2
1788				    10.2
1792				    10.2
1797				    10.2
1801				    10.2
1805				    10.2
1810				    10.2
1813				    10.2
1817				    10.2
1821				    10.2
1826				    10.2
1829				    10.2
1834				    10.2
1838				    10.2
1842				    10.3
1846				    10.3
1850				    10.3
1855				    10.3
1859				    10.3
1863				    10.3
1867				    10.3
1872				    10.3
1875				    10.3
1879				    10.3
1883				    10.7
1887				    10.7
1891				    10.7
1896				    10.7
1900				    10.6
1904				    10.6
1908				    10.6
1913				    10.6
1917				    10.6
1921				    10.6
1926				    10.5
1930				    10.5
1934				    10.5
1939				    10.5
1943				    10.5
1947				    10.6
1952				    10.6
1956				    10.6
1960				    10.6
1964				    10.4
1969				    10.4
1972				    10.4
1977				    10.4
1981				    10.4
1985				    10.4
1989				    10.4
1993				    10.2
1998				    10.2
2002				    10.2
2006				    10.0
2010				    10.0
2014				    10.0
2017				    10.0
2021				    10.0
2025				    9.8
2029				    9.8
2033				    9.7
2037				    9.7
2041				    9.7
2045				    9.7
2049				    9.5
2053				    9.5
2057				    9.4
2061				    9.4
2065				    9.3
2070				    9.3
2074				    9.3
2077				    9.3
2081				    9.3
2085				    9.3
2089				    9.3
2093				    9.3
2097				    9.3
2102				    9.3
2106				    9.2
2110				    9.2
2114				    9.5
2118				    9.5
2122				    9.5
2126				    9.5
2130				    9.6
2134				    9.7
2139				    9.7
2143				    9.9
2147				    9.9
2151				    9.9
2155				    9.9
2160				    10.0
2164				    10.0
2167				    10.0
2171				    10.0
2175				    10.1
2179				    10.1
2183				    10.2
2187				    10.2
2191				    10.3
2195				    10.3
2200				    10.3
2204				    10.3
2207				    10.3
2212				    10.3
2216				    10.2
2220				    10.2
2224				    10.2
2228				    10.2
2232				    10.2
2236				    10.2
2240				    10.2
2245				    10.2
2249				    10.2
2253				    10.1
2257				    10.0
2261				    10.0
2265				    10.0
2269				    10.0
2274				    10.0
2278				    10.0
2282				    10.0
2286				    10.0
2291				    10.0
2295				    9.9
2299				    9.8
2304				    9.8
2308				    9.8
2312				    9.8
2316				    9.7
2320				    9.7
2324				    9.7
2329				    9.7
2333				    9.6
2337				    9.5
2341				    9.5
2345				    9.5
2349				    9.5
2353				    9.4
2358				    9.4
2362				    9.4
2366				    9.4
2370				    9.3
2374				    9.3
2378				    9.3
2383				    9.2
2387				    9.2
2392				    9.2
2396				    9.2
2400				    9.1
2405				    9.1
2408				    9.1
2412				    9.1
2417				    9.1
2421				    9.1
2425				    9.1
2429				    9.1
2433				    9.1
2437				    9.1
2441				    9.1
2445				    9.2
2449				    9.2
2453				    9.2
2458				    9.2
2462				    9.2
2466				    9.2
2471				    9.2
2475				    9.1
2479				    9.1
2483				    9.1
2487				    9.1
2491				    9.1
2495				    9.1
2500				    9.1
2504				    9.1
2508				    9.1
2513				    9.1
2517				    9.1
2521				    9.1
2526				    9.1
2530				    9.1
2534				    9.1
2539				    9.0
2543				    9.0
2547				    9.0
2551				    8.7
2556				    8.7
2560				    8.7
2563				    8.7
2567				    8.7
2572				    8.7
2575				    8.7
2580				    8.7
2584				    8.7
2588				    8.7
2592				    8.4
2597				    8.0
2601				    8.0
2604				    8.0
2609				    8.0
2613				    7.9
2617				    7.9
2621				    7.6
2625				    7.6
2629				    7.5
2633				    7.5
2638				    7.5
2642				    7.5
2646				    7.5
2651				    7.5
2655				    7.5
2659				    7.5
2663				    7.5
2668				    7.5
2671				    7.5
2675				    7.5
2679				    7.5
2683				    7.5
2687				    7.4
2691				    7.4
2695				    7.4
2699				    7.4
2704				    7.3
2708				    7.3
2712				    7.3
2716				    7.3
2720				    7.0
2725				    7.0
2729				    7.0
2733				    7.0
2737				    6.9
2741				    6.9
2745				    6.9
2750				    6.9
2754				    6.8
2758				    6.8
2762				    6.8
2766				    6.7
2771				    6.7
2775				    6.7
2779				    6.7
2783				    6.7
2788				    6.7
2792				    6.7
2796				    6.7
2800				    6.8
2805				    6.8
2809				    6.8
2813				    6.8
2817				    6.7
2821				    6.7
2825				    6.6
2830				    6.6
2834				    6.6
2838				    6.6
2842				    6.7
2846				    6.7
2850				    6.7
2854				    6.7
2859				    6.7
2863				    6.7
2867				    6.7
2871				    6.6
2876				    6.6
2880				    6.6
2884				    6.3
2889				    6.5
2893				    6.5
2897				    6.5
2902				    6.5
2906				    6.5
2910				    6.5
2914				    6.4
2918				    6.4
2922				    6.4
2927				    6.4
2931				    6.4
2935				    6.4
2939				    6.4
2943				    6.4
2946				    6.4
2950				    6.3
2954				    6.3
2958				    6.3
2962				    6.3
2967				    6.3
2971				    6.3
2975				    6.3
2979				    6.2
2983				    6.2
2987				    6.2
2991				    6.2
2995				    6.2
3000				    6.2
3004				    6.2
3008				    6.2
3013				    6.2
3017				    6.2
3021				    6.5
3025				    6.5
3029				    6.5
3033				    6.5
3037				    6.5
3041				    6.5
3045				    6.5
3050				    6.5
3054				    6.5
3058				    6.5
3062				    6.8
3067				    6.8
3071				    6.8
3075				    6.8
3079				    6.8
3084				    6.8
3088				    6.8
3092				    6.7
3096				    6.7
3100				    6.7
3105				    6.7
3109				    6.7
3112				    6.7
3116				    6.7
3120				    6.4
3124				    6.4
3128				    6.4
3132				    6.4
3136				    6.3
3141				    6.2
3145				    6.2
3149				    6.2
3153				    6.2
3157				    6.2
3161				    6.2
3165				    6.2
3169				    6.2
3173				    6.1
3178				    6.1
3182				    6.1
3186				    6.1
3190				    6.1
3194				    6.1
3199				    6.1
3203				    6.1
3207				    5.9
3212				    5.9
3216				    5.9
3220				    5.9
3224				    5.9
3228				    5.9
3232				    5.5
3237				    5.5
3241				    5.5
3245				    5.4
3249				    5.4
3254				    5.4
3258				    5.4
3263				    5.4
3267				    5.4
3271				    5.4
3276				    4.9
3280				    4.9
3284				    4.9
3288				    4.9
3293				    4.4
3297				    4.4
3301				    4.4
3306				    4.4
3310				    7.3
3314				    7.3
3319				    7.3
3323				    7.3
3327				    7.5
3332				    7.5
3336				    7.5
3340				    7.5
3344				    7.6
3348				    7.6
3352				    7.6
3356				    7.6
3360				    7.6
3364				    7.6
3368				    7.6
3372				    7.6
3376				    7.6
3380				    7.6
3385				    7.6
3389				    7.7
3393				    7.7
3397				    7.8
3402				    7.8
3406				    7.8
3410				    7.8
3415				    8.6
3419				    8.6
3423				    8.6
3427				    8.6
3432				    8.6
3436				    8.6
3440				    9.7
3445				    9.7
3449				    9.7
3453				    10.0
3458				    11.0
3462				    11.0
3466				    11.0
3470				    11.0
3474				    11.6
3478				    11.6
3482				    11.6
3486				    11.6
3491				    11.6
3495				    11.6
3499				    14.0
3503				    14.0
3508				    14.2
3512				    14.2
3516				    14.7
3520				    14.7
3525				    14.7
3529				    13.9
3533				    13.8
3537				    13.8
3541				    13.8
3546				    13.0
3550				    12.9
3554				    12.9
3558				    12.6
3562				    12.6
3566				    12.6
3570				    11.9
3574				    11.9
3579				    11.9
3583				    11.9
3587				    11.2
3591				    11.2
3596				    11.2
3600				    11.2
3604				    11.4
3609				    11.4
3613				    11.4
3617				    11.4
3622				    11.4
3626				    11.4
3631				    11.2
3635				    11.2
3639				    10.8
3643				    10.8
3647				    10.8
3652				    10.8
3656				    10.8
3660				    10.8
3664				    10.8
3668				    10.8
3671				    10.8
3675				    10.8
3678				    10.8
3682				    10.8
3685				    10.8
3689				    10.8
3694				    10.5
3698				    10.5
3701				    10.5
3705				    10.5
3709				    10.1
3713				    10.1
3716				    10.1
3720				    10.1
3724				    10.1
3728				    9.9
3732				    9.9
3735				    9.9
3739				    9.9
3743				    10.0
3747				    10.0
3752				    10.0
3756				    10.0
3759				    9.7
3764				    9.7
3768				    9.7
3772				    9.7
3775				    9.4
3779				    9.6
3783				    9.6
3788				    9.5
3792				    9.5
3796				    9.5
3802				    9.4
3807				    9.4
3812				    9.4
3816				    9.4
3821				    9.2
3825				    9.1
3829				    9.4
3833				    9.4
3837				    9.4
3841				    9.5
3845				    9.5
3849				    9.5
3853				    9.5
3857				    9.7
3860				    9.8
3864				    9.8
3870				    9.8
3874				    9.8
3878				    9.8
3882				    9.8
3888				    9.8
3892				    9.8
3896				    9.8
3900				    9.7
3905				    9.5
3909				    9.8
3913				    9.9
3917				    9.9
3921				    9.9
3925				    9.9
3930				    9.9
3934				    9.9
3938				    10.2
3943				    10.2
3948				    10.2
3952				    10.2
3956				    10.2
3960				    10.2
3964				    10.2
3967				    10.2
3971				    10.2
3975				    10.2
3979				    10.2
3982				    10.2
3988				    10.2
3993				    10.2
3997				    10.2
4001				    10.3
4005				    10.3
4009				    10.4
4014				    10.4
4018				    10.4
4022				    10.4
4026				    10.3
4029				    10.3
4033				    10.3
4037				    10.3
4041				    10.2
4044				    10.2
4048				    10.1
4052				    10.1
4056				    10.2
4060				    11.0
4064				    11.0
4067				    11.0
4071				    11.0
4075				    10.9
4079				    10.9
4083				    10.8
4089				    10.8
4092				    10.9
4096				    10.9
4100				    10.9
4104				    10.9
4107				    10.9
4111				    10.9
4116				    10.9
4120				    10.9
4124				    10.9
4127				    10.9
4131				    10.8
4135				    10.8
4140				    10.9
4144				    10.9
4147				    11.0
4151				    11.0
4155				    11.0
4158				    11.0
4162				    11.0
4166				    11.0
4169				    10.8
4173				    10.8
4176				    10.8
4180				    10.8
4184				    10.8
4187				    10.8
4192				    10.5
4195				    10.5
4199				    10.5
4203				    10.5
4207				    10.5
4210				    10.6
4214				    10.6
4218				    10.8
4223				    10.8
4227				    10.8
4230				    10.8
4234				    10.8
4238				    10.8
4241				    10.8
4245				    10.8
4250				    10.8
4253				    10.7
4257				    10.7
4261				    11.0
4265				    11.0
4269				    11.3
4272				    11.3
4276				    12.2
4279				    12.2
4284				    12.4
4287				    12.4
4291				    13.3
4295				    13.3
4300				    13.3
4304				    13.4
4307				    13.5
4311				    13.5
4314				    13.4
4318				    13.4
4321				    13.4
4325				    13.4
4329				    13.4
4332				    13.3
4336				    13.3
4340				    13.3
4344				    13.3
4347				    13.3
4351				    13.3
4355				    13.3
4359				    13.6
4363				    13.6
4367				    13.6
4371				    13.5
4374				    13.5
4378				    13.7
4382				    13.7
4386				    13.7
4389				    13.7
4393				    13.5
4397				    13.5
4401				    13.5
4404				    13.5
4409				    13.5
4412				    13.4
4416				    13.4
4419				    13.3
4423				    13.3
4427				    13.3
4431				    13.3
4435				    13.7
4439				    13.7
4443				    13.7
4447				    13.7
4450				    14.0
4454				    14.0
4458				    14.0
4461				    14.0
4465				    14.0
4468				    14.0
4472				    14.0
4476				    14.0
4480				    14.0
4484				    14.0
4488				    14.0
4491				    13.5
4495				    13.5
4499				    14.1
4502				    14.1
4506				    14.1
4512				    14.1
4515				    14.5
4519				    14.5
4523				    14.5
4526				    14.5
4530				    14.5
4534				    14.5
4540				    14.7
4544				    14.7
4548				    14.7
4551				    14.7
4555				    14.7
4559				    14.7
4563				    14.7
4567				    14.6
4571				    14.6
4575				    14.6
4578				    14.6
4582				    14.6
4586				    14.6
4590				    14.5
4594				    14.5
4599				    14.8
4603				    14.8
4606				    14.8
4610				    14.8
4613				    14.8
4617				    14.8
4621				    14.5
4624				    14.5
4628				    14.3
4632				    14.4
4636				    14.4
4640				    14.4
4643				    14.4
4648				    14.6
4652				    14.6
4655				    14.6
4659				    14.6
4663				    14.6
4666				    14.6
4670				    14.5
4674				    14.5
4678				    14.5
4681				    14.5
4685				    14.5
4689				    14.5
4692				    14.2
4696				    14.2
4700				    14.5
4704				    14.5
4708				    14.5
4712				    14.5
4715				    14.5
4719				    14.5
4723				    14.5
4726				    14.5
4730				    14.5
4734				    14.5
4737				    14.6
4741				    14.7
4745				    14.7
4748				    14.6
4752				    14.6
4756				    14.6
4760				    14.6
4764				    14.6
4768				    14.9
4771				    14.9
4775				    14.9
4779				    14.9
4782				    14.9
4786				    14.7
4790				    14.8
4793				    14.8
4797				    14.8
4801				    14.8
4804				    14.9
4808				    14.9
4812				    14.9
4816				    14.9
4820				    14.9
4824				    14.9
4827				    14.9
4831				    14.5
4834				    14.5
4838				    14.7
4842				    14.7
4846				    14.7
4852				    14.5
4856				    14.5
4860				    15.0
4864				    15.0
4867				    15.0
4871				    15.0
4875				    14.9
4880				    14.9
4884				    14.8
4887				    14.8
4891				    14.7
4895				    14.7
4900				    14.7
4904				    15.1
4908				    15.1
4912				    15.1
4916				    15.1
4919				    15.5
4923				    15.5
4927				    15.5
4930				    15.5
4934				    15.5
4937				    15.5
4941				    15.5
4945				    15.5
4948				    15.5
4952				    15.5
4956				    15.5
4960				    15.5
4964				    15.5
4968				    14.0
4972				    14.0
4976				    14.0
4979				    14.0
4983				    14.6
4986				    14.6
4990				    14.6
4993				    14.6
4997				    14.5
5001				    14.5
5005				    14.5
5009				    14.5
5013				    14.4
5016				    14.4
5020				    14.3
5024				    14.3
5028				    14.2
5032				    14.2
5035				    14.2
5039				    14.2
5043				    14.2
5047				    14.2
5050				    14.2
5053				    14.2
5057				    14.2
5061				    13.9
5065				    13.5
5069				    13.7
5072				    14.1
5076				    14.1
5080				    14.1
5083				    14.1
5087				    14.1
5091				    14.2
5095				    14.2
5098				    14.2
5102				    14.2
5106				    14.1
5109				    14.1
5113				    14.1
5117				    14.1
5121				    14.1
5125				    14.1
5129				    14.1
5133				    13.8
5137				    13.8
5141				    13.8
5144				    13.8
5148				    13.7
5151				    13.7
5155				    13.7
5159				    13.7
5163				    13.8
5167				    13.8
5171				    13.8
5174				    13.8
5178				    13.6
5182				    13.6
5185				    13.6
5189				    13.6
5192				    13.6
5196				    13.6
5200				    13.3
5204				    13.3
5208				    13.3
5212				    13.2
5216				    13.2
5219				    13.2
5223				    13.2
5227				    13.2
5231				    13.2
5234				    13.1
5238				    13.1
5242				    13.1
5245				    13.1
5249				    13.1
5252				    13.1
5256				    13.1
5260				    13.1
5264				    13.1
5268				    13.1
5271				    12.9
5275				    12.9
5279				    12.4
5283				    12.4
5287				    12.3
5290				    12.3
5294				    12.1
5298				    12.1
5302				    12.0
5306				    12.0
5309				    12.0
5313				    12.0
5317				    12.0
5321				    12.0
5324				    12.0
5328				    12.0
5332				    11.6
5335				    11.6
5339				    11.2
5343				    11.2
5347				    11.2
5351				    11.2
5354				    11.3
5358				    11.3
5362				    11.3
5365				    11.3
5369				    11.1
5373				    11.1
5376				    11.1
5380				    11.1
5384				    11.1
5388				    11.1
5391				    11.1
5395				    11.1
5399				    11.1
5402				    11.1
5406				    11.1
5409				    11.1
5413				    11.0
5417				    10.8
5420				    10.8
5424				    10.8
5428				    10.8
5432				    10.7
5436				    10.7
5440				    10.7
5444				    10.7
5447				    10.4
5453				    10.4
5456				    10.4
5460				    10.4
5464				    10.4
5467				    10.4
5471				    10.3
5475				    10.3
5479				    10.2
5483				    10.2
5486				    10.2
5490				    10.2
5494				    10.0
5498				    10.0
5501				    10.1
5505				    10.1
5509				    10.2
5513				    10.2
5517				    10.2
5521				    10.2
5525				    10.2
5529				    10.2
5532				    10.0
5536				    10.0
5540				    9.9
5544				    9.9
5549				    9.9
5553				    9.8
5557				    9.8
5560				    9.8
5564				    9.8
5568				    9.8
5571				    9.6
5575				    9.6
5579				    9.6
5583				    9.6
5586				    9.6
5590				    9.7
5594				    9.7
5598				    9.7
5602				    9.7
5607				    9.7
5610				    9.5
5614				    9.5
5617				    9.4
5621				    9.4
5625				    9.4
5628				    9.4
5633				    9.4
5637				    9.4
5641				    9.4
5645				    9.4
5648				    9.3
5652				    9.3
5655				    9.3
5659				    9.3
5663				    9.3
5666				    9.2
5670				    9.2
5674				    9.2
5677				    9.2
5681				    9.2
5685				    9.2
5688				    9.2
5692				    9.1
5696				    9.1
5700				    9.1
5703				    9.1
5707				    9.1
5710				    9.1
5714				    9.1
5717				    9.1
5721				    9.1
5724				    9.1
5729				    9.1
5732				    9.1
5736				    9.1
5740				    9.1
5743				    9.1
5747				    9.1
5751				    9.1
5755				    9.1
5759				    9.1
5763				    9.1
5766				    9.1
5770				    9.1
5773				    9.1
5777				    9.1
5781				    9.1
5785				    9.1
5788				    9.1
5792				    9.1
5796				    9.1
5800				    9.1
5804				    9.1
5807				    9.1
5811				    9.0
5815				    9.0
5818				    9.3
5822				    9.3
5826				    9.3
5829				    9.3
5833				    9.3
5837				    9.3
5840				    9.3
5844				    9.3
5847				    9.3
5851				    9.3
5855				    9.2
5858				    9.2
5862				    9.2
5865				    9.2
5869				    9.2
5873				    9.2
5877				    9.2
5880				    9.2
5884				    9.2
5887				    9.2
5891				    9.2
5895				    9.2
5899				    9.2
5902				    9.2
5906				    9.2
5910				    9.2
5914				    9.2
5917				    9.3
5921				    9.3
5925				    9.3
5928				    9.3
5932				    9.2
5936				    9.2
5939				    9.2
5943				    9.2
5947				    9.2
5950				    9.2
5954				    9.2
5958				    9.2
5961				    9.2
5965				    9.2
5969				    9.2
5973				    9.2
5976				    9.2
5981				    9.2
5985				    9.2
5989				    9.2
5992				    9.2
5996				    9.2
6000				    9.2
6004				    9.2
6008				    9.2
6012				    9.2
6015				    9.2
6019				    9.2
6022				    9.2
6026				    9.2
6030				    9.0
6034				    9.0
6038				    9.1
6043				    9.1
6046				    9.1
6050				    9.1
6053				    9.1
6057				    9.1
6061				    9.1
6065				    9.1
6068				    9.0
6072				    9.0
6076				    9.0
6080				    9.0
6083				    9.0
6087				    9.0
6091				    9.0
6095				    9.0
6098				    8.9
6102				    8.9
6106				    8.9
6109				    8.9
6113				    8.9
6117				    8.9
6121				    8.9
6124				    8.9
6128				    8.9
6131				    8.9
6135				    8.9
6139				    8.9
6143				    8.8
6147				    8.6
6151				    8.6
6155				    8.6
6159				    8.6
6163				    8.6
6167				    8.6
6170				    8.3
6175				    8.3
6180				    8.3
6184				    8.3
6187				    8.3
6191				    8.3
6195				    8.3
6198				    8.3
6202				    8.3
6206				    8.3
6209				    8.1
6213				    8.1
6217				    8.0
6221				    8.0
6225				    8.0
6229				    7.9
6233				    7.9
6237				    7.9
6240				    7.8
6244				    7.8
6248				    7.8
6252				    7.8
6257				    7.6
6260				    7.6
6264				    7.6
6268				    7.6
6271				    7.5
6275				    7.4
6279				    7.4
6282				    7.4
6286				    7.4
6290				    7.4
6294				    7.4
6297				    7.4
6301				    7.4
6304				    7.1
6308				    7.2
6313				    7.2
6317				    7.2
6320				    7.2
6326				    7.1
6330				    7.1
6334				    7.1
6338				    7.0
6342				    7.0
6346				    7.0
6349				    7.0
6353				    6.9
6357				    6.9
6361				    6.9
6365				    6.9
6368				    6.9
6372				    6.9
6376				    6.9
6379				    6.9
6383				    6.9
6387				    6.9
6390				    6.9
6394				    6.9
6398				    6.6
6401				    6.6
6405				    6.6
6409				    6.6
6412				    6.5
6416				    6.5
6421				    6.5
6425				    6.5
6428				    6.4
6432				    6.4
6436				    6.4
6440				    6.4
6444				    6.4
6449				    6.4
6452				    6.4
6456				    6.4
6460				    6.2
6463				    6.2
6467				    6.2
6471				    6.2
6475				    6.1
6478				    6.1
6482				    6.1
6486				    6.1
6490				    6.0
6493				    6.0
6497				    6.0
6501				    6.0
6505				    6.0
6509				    6.0
6513				    6.0
6517				    6.0
6520				    6.0
6524				    6.0
6528				    5.8
6532				    5.8
6536				    5.8
6540				    5.8
6544				    5.8
6547				    5.8
6551				    5.8
6555				    5.8
6559				    5.7
6563				    5.7
6567				    5.7
6571				    5.6
6575				    5.6
6578				    5.6
6582				    5.6
6586				    5.6
6590				    5.6
6594				    5.6
6598				    5.6
6602				    5.6
6605				    5.6
6609				    5.6
6613				    5.6
6618				    5.6
6622				    5.6
6626				    5.5
6630				    5.5
6633				    5.5
6637				    5.5
6641				    5.5
6644				    5.5
6648				    5.5
6652				    5.5
6655				    5.5
6659				    5.5
6663				    5.5
6667				    5.5
6671				    5.5
6674				    5.6
6678				    5.6
6682				    5.6
6686				    5.6
6689				    5.6
6693				    5.3
6697				    5.3
6701				    5.3
6704				    5.3
6707				    5.3
6711				    5.3
6715				    5.3
6718				    5.1
6722				    5.1
6727				    5.3
6730				    5.3
6734				    5.2
6737				    5.2
6741				    5.2
6745				    5.2
6748				    5.2
6753				    5.2
6756				    5.2
6760				    4.9
6764				    4.9
6768				    4.9
6772				    4.9
6776				    5.0
6779				    5.0
6783				    5.0
6787				    5.0
6791				    4.9
6794				    4.9
6798				    4.9
6802				    4.9
6806				    4.8
6809				    4.8
6813				    4.8
6816				    4.8
6820				    4.8
6823				    4.8
6827				    4.8
6831				    4.7
6835				    4.7
6839				    4.7
6843				    4.7
6847				    4.6
6851				    4.6
6854				    4.6
6858				    4.6
6863				    4.6
6866				    4.6
6872				    4.6
6876				    4.6
6880				    4.6
6884				    4.6
6888				    4.1
6892				    4.1
6896				    4.1
6900				    4.1
6905				    4.1
6909				    4.1
6912				    4.1
6916				    4.1
6921				    4.2
6924				    4.2
6928				    4.2
6932				    4.2
6935				    4.0
6939				    4.0
6943				    4.0
6946				    4.0
6950				    3.9
6954				    3.9
6958				    3.9
6962				    3.9
6965				    3.9
6969				    3.9
6973				    3.7
6977				    3.7
6980				    3.7
6985				    3.7
6988				    3.8
6993				    3.8
6997				    3.8
7001				    3.8
7005				    3.8
7009				    3.8
7013				    3.8
7017				    3.8
7021				    3.8
7024				    3.8
7029				    3.8
7032				    3.8
7036				    3.8
7040				    3.8
7044				    3.8
7048				    3.9
7052				    3.9
7056				    3.9
7060				    3.9
7064				    3.9
7068				    3.9
7072				    6.9
7076				    6.9
7080				    6.9
7084				    6.9
7088				    7.3
7092				    7.3
7096				    7.3
7100				    7.3
7104				    7.3
7108				    7.3
7112				    7.3
7117				    7.9
7121				    7.9
7125				    8.0
7129				    8.7
7133				    9.2
7138				    9.2
7142				    9.2
7146				    9.2
7150				    10.0
7154				    10.0
7159				    10.8
7163				    10.8
7167				    10.8
7171				    10.8
7176				    11.3
7180				    11.3
7185				    11.3
7189				    11.3
7193				    11.3
7197				    11.6
7201				    11.6
7205				    11.6
7209				    11.6
7213				    11.7
7217				    11.7
7221				    11.7
7225				    11.7
7230				    11.7
7233				    11.7
7237				    11.7
7241				    11.7
7246				    11.7
7249				    11.7
7253				    11.7
7257				    13.3
7262				    13.3
7266				    13.4
7270				    13.4
7275				    13.7
7279				    13.7
7282				    13.7
7286				    13.7
7290				    13.4
7294				    13.4
7298				    13.1
7302				    13.1
7306				    12.9
7309				    12.9
7313				    12.9
7317				    12.9
7321				    11.6
7325				    11.6
7329				    11.5
7333				    11.5
7338				    10.2
7342				    10.2
7346				    10.2
7349				    10.2
7353				    9.7
7357				    9.6
7361				    9.6
7365				    9.6
7370				    9.5
7374				    9.5
7378				    9.5
7383				    9.5
7387				    9.1
7391				    9.0
7395				    9.0
7399				    9.0
7403				    8.6
7408				    8.6
7412				    8.6
7416				    8.5
7420				    8.3
7425				    8.3
7429				    8.3
7433				    8.3
7437				    8.2
7441				    8.2
7445				    8.2
7450				    8.2
7454				    8.4
7459				    8.4
7463				    8.4
7467				    8.4
7471				    8.4
7475				    8.4
7480				    8.4
7484				    8.2
7488				    8.2
7492				    8.2
7496				    8.2
7501				    8.2
7505				    8.2
7509				    8.2
7513				    8.2
7517				    8.2
7521				    8.2
7526				    8.2
7530				    8.2
7534				    7.7
7538				    7.6
7542				    7.6
7546				    7.6
7550				    7.6
7554				    7.4
7558				    7.4
7561				    7.4
7565				    7.4
7569				    7.3
7573				    7.3
7577				    7.3
7581				    7.3
7585				    6.8
7589				    6.8
7593				    6.8
7597				    6.8
7601				    6.8
7606				    6.8
7610				    6.6
7614				    6.6
7618				    7.5
7622				    7.8
7626				    7.8
7630				    7.8
7634				    7.8
7639				    7.8
7643				    7.8
7647				    7.8
7652				    7.9
7656				    7.9
7660				    8.2
7665				    8.2
7669				    8.2
7673				    8.2
7677				    8.2
7681				    8.2
7684				    8.2
7688				    8.2
7692				    8.1
7696				    8.1
7700				    8.1
7703				    8.1
7707				    8.1
7711				    8.2
7715				    8.2
7719				    8.2
7723				    8.2
7727				    8.2
7731				    8.2
7735				    8.2
7739				    8.2
7743				    8.2
7747				    8.2
7751				    8.2
7756				    8.2
7760				    8.3
7763				    8.3
7767				    8.3
7771				    8.3
7775				    8.2
7779				    8.2
7783				    8.2
7786				    8.2
7790				    8.0
7795				    8.0
7799				    8.1
7803				    8.1
7807				    8.1
7810				    8.1
7814				    8.1
7818				    8.4
7822				    8.4
7826				    8.4
7831				    8.4
7835				    8.9
7839				    8.9
7843				    8.9
7848				    8.7
7852				    8.7
7856				    8.7
7860				    8.7
7865				    8.3
7869				    8.3
7873				    8.3
7878				    8.3
7882				    8.3
7885				    8.3
7889				    8.1
7893				    8.1
7898				    8.0
7902				    8.0
7906				    8.0
7910				    8.0
7915				    8.0
7919				    8.0
7923				    8.0
7927				    8.0
7932				    8.0
7936				    8.0
7941				    8.0
7945				    8.0
7949				    8.0
7953				    8.0
7957				    8.0
7961				    8.0
7965				    8.0
7969				    8.0
7973				    8.0
7977				    8.0
7981				    8.0
7986				    8.0
7990				    8.0
7994				    8.0
7998				    8.0
8003				    8.0
8007				    8.0
8011				    8.0
8016				    8.0
8020				    8.0
8024				    7.9
8028				    8.0
8032				    8.0
8037				    8.0
8041				    8.0
8045				    8.1
8050				    8.1
8053				    8.1
8058				    8.1
8062				    8.1
8065				    8.1
8070				    8.0
8074				    8.0
8078				    8.4
8082				    8.4
8086				    8.4
8091				    8.4
8095				    8.4
8099				    8.4
8103				    8.3
8108				    8.3
8112				    8.3
8116				    8.3
8120				    8.3
8125				    8.1
8129				    8.1
8133				    8.1
8137				    8.1
8142				    8.3
8146				    8.3
8150				    8.3
8154				    8.2
8158				    8.2
8163				    8.2
8167				    8.2
8171				    8.2
8176				    8.2
8180				    8.2
8184				    8.1
8189				    8.1
8193				    8.1
8197				    8.1
8201				    8.1
8205				    8.1
8209				    8.0
8214				    8.0
8218				    8.0
8221				    8.0
8226				    8.0
8230				    8.4
8234				    8.4
8238				    8.4
8242				    8.4
8246				    8.9
8250				    8.9
8254				    8.9
8257				    8.9
8261				    10.2
8265				    10.2
8269				    10.3
8273				    10.3
8278				    10.4
8282				    10.4
8286				    10.3
8291				    10.0
8295				    10.0
8299				    10.0
8303				    10.0
8307				    10.1
8311				    10.1
8315				    10.1
8319				    10.1
8323				    10.1
8327				    10.1
8331				    10.1
8335				    10.1
8339				    10.1
8343				    10.1
8347				    10.1
8350				    9.9
8354				    9.9
8358				    9.9
8362				    9.9
8366				    9.9
8370				    9.8
8375				    9.8
8378				    9.8
8382				    9.8
8387				    9.8
8391				    11.0
8395				    11.0
8399				    11.0
8402				    11.0
8407				    13.4
8411				    13.4
8414				    13.4
8418				    13.4
8422				    13.9
8426				    13.9
8430				    13.9
8434				    13.9
8438				    13.9
8443				    13.9
8447				    13.9
8451				    13.5
8455				    13.5
8459				    13.6
8464				    13.6
8468				    13.6
8473				    14.7
8477				    15.5
8481				    15.5
8485				    15.6
8489				    15.6
8493				    15.8
8497				    15.8
8501				    15.9
8506				    15.9
