18259				    10
18263				    10
18267				    10
18271				    10
18276				    10
18280				    10
18284				    10
18288				    10
18292				    10
18296				    10
18300				    10
18304				    10
18308				    10
18312				    12
18316				    20
18320				    20
18324				    20
18328				    20
18332				    20
18336				    20
18340				    20
18344				    20
18348				    20
18351				    22
18355				    22
18360				    22
18364				    26
18367				    26
18371				    40
18375				    40
18379				    40
18383				    40
18387				    40
18391				    40
18395				    44
18400				    44
18404				    44
18408				    44
18412				    44
18416				    44
18420				    52
18424				    53
18428				    78
18433				    80
18437				    80
18441				    88
18445				    88
18449				    88
18453				    88
18458				    96
18462				    100
18466				    107
18470				    107
18474				    116
18479				    116
18483				    116
18487				    118
18492				    122
18496				    156
18500				    158
18504				    162
18509				    172
18513				    172
18517				    173
18521				    174
18526				    174
18530				    174
18534				    175
18538				    175
18542				    175
18546				    176
18550				    176
18555				    177
18559				    177
18563				    178
18568				    178
18572				    178
18576				    178
18580				    171
18584				    165
18589				    158
18593				    153
18597				    149
18601				    143
18605				    137
18609				    133
18614				    110
18618				    107
18622				    107
18626				    107
18630				    107
18634				    94
18639				    94
18643				    94
18648				    94
18652				    94
18656				    94
18661				    125
18664				    125
18668				    125
18672				    125
18676				    125
18679				    125
18684				    125
18688				    125
18691				    125
18695				    126
18699				    126
18703				    126
18707				    126
18710				    126
18714				    127
18719				    63
18723				    48
18727				    48
18731				    47
18735				    43
18739				    37
18744				    3
18748				    2
18752				    2
18755				    88
18760				    88
18764				    88
