0				    40.116
4				    40.116
8				    40.116
12				    40.116
16				    40.116
20				    40.116
24				    40.116
27				    40.116
31				    40.116
35				    40.116
39				    40.116
43				    40.116
47				    40.116
51				    44.766
55				    47.762
59				    51.017
63				    51.017
67				    51.017
71				    51.017
75				    51.017
80				    51.017
84				    51.017
87				    47.964
91				    46.783
95				    45.23
99				    43.298
103				    43.298
107				    43.298
111				    43.298
115				    43.298
119				    43.298
123				    41.356
127				    39.056
131				    39.166
136				    39.166
139				    39.166
144				    41.009
148				    43.56
152				    51.821
156				    47.924
160				    44.892
165				    44.892
169				    43.707
173				    43.122
177				    41.214
181				    38.047
185				    37.912
189				    37.794
193				    39.775
197				    42.809
201				    49.256
205				    49.256
209				    50.87
213				    58.14
217				    51.683
222				    50.76
226				    47.625
229				    48.747
234				    43.05
238				    43.109
242				    44.932
246				    44.587
250				    44.587
254				    49.94
258				    51.514
262				    50.947
266				    51.155
270				    51.155
274				    58.952
278				    58.952
283				    60.867
287				    63.476
291				    69.815
296				    69.815
300				    69.815
304				    69.815
308				    69.815
313				    69.815
317				    73.701
321				    73.701
325				    73.701
329				    66.588
333				    60.546
337				    56.579
341				    56.579
345				    56.579
349				    56.579
353				    56.579
358				    52.664
362				    48.842
366				    48.842
370				    51.175
375				    52.172
379				    60.82
383				    63.518
388				    64.462
392				    69.013
396				    74.495
401				    78.479
405				    84.626
409				    84.508
413				    86.891
417				    87.343
421				    91.957
425				    76.016
429				    49.961
432				    52.283
436				    54.083
441				    57.681
445				    58.012
449				    57.876
452				    59.822
457				    61.692
461				    47.479
465				    47.479
469				    46.547
473				    45.69
477				    46.607
482				    44.04
486				    45.579
490				    45.579
494				    44.346
498				    42.379
503				    42.711
506				    42.711
510				    42.711
514				    44.888
518				    51.801
522				    59.289
526				    59.289
530				    59.289
535				    64.795
539				    64.843
543				    66.493
547				    70.351
551				    71.619
555				    63.12
560				    63.021
564				    53.838
568				    50.064
572				    50.339
576				    48.653
580				    47.376
584				    48.384
588				    50.483
592				    56.569
596				    59.318
601				    57.6
604				    57.074
608				    57.899
612				    58.482
616				    63.596
620				    64.389
625				    67.431
629				    67.277
632				    67.277
636				    70.192
640				    70.192
644				    73.329
648				    72.263
652				    72.227
656				    70.199
660				    70.199
664				    70.199
669				    70.199
673				    73.105
676				    73.831
680				    73.617
684				    74.042
688				    72.692
692				    73.204
697				    72.97
701				    73.672
705				    75.058
709				    74.308
713				    74.85
717				    73.674
721				    74.205
725				    75.403
729				    74.557
733				    74.557
737				    75.197
741				    75.197
745				    76.789
749				    76.789
753				    77.937
756				    79.622
761				    79.622
765				    84.001
769				    84.752
773				    86.157
778				    87.901
782				    90.181
785				    89.68
789				    89.273
794				    88.939
798				    84.39
802				    84.56
806				    82.644
810				    82.894
814				    84.028
819				    84.028
823				    84.401
827				    83.958
831				    83.958
836				    82.809
840				    82.809
845				    82.809
849				    82.809
853				    82.809
857				    82.809
862				    85.584
866				    87.902
871				    92.373
875				    95.028
879				    84.561
884				    76.783
888				    73.51
892				    64.453
897				    60.775
901				    57.538
905				    57.538
909				    52.283
913				    48.69
917				    45.833
921				    45.978
925				    47.368
929				    48.624
933				    50.355
937				    55.49
941				    57.713
945				    61.667
949				    67.084
953				    67.983
957				    70.674
961				    71.675
965				    72.116
970				    72.116
973				    72.116
978				    72.447
982				    66.53
986				    47.625
991				    45.257
995				    45.257
999				    46.81
1003				    48.674
1007				    56.17
1011				    55.61
1015				    56.887
1019				    56.406
1023				    56.467
1027				    57.709
1031				    58.4
1034				    53.784
1038				    53.076
1042				    53.842
1046				    55.575
1051				    46.749
1055				    46.749
1059				    46.629
1062				    47.193
1067				    49.545
1071				    51.092
1075				    51.092
1079				    51.092
1084				    51.092
1088				    52.056
1092				    52.661
1097				    52.661
1101				    60.25
1105				    54.769
1109				    51.391
1114				    48.458
1118				    48.458
1122				    48.458
1126				    51.547
1130				    51.547
1135				    51.547
1139				    51.547
1142				    51.547
1146				    51.547
1150				    51.547
1154				    54.694
1158				    55.474
1162				    56.155
1165				    56.155
1169				    61.455
1173				    62.568
1177				    67.86
1181				    71.434
1186				    73.823
1189				    73.167
1193				    72.418
1197				    71.009
1201				    56.018
1205				    51.377
1209				    44.711
1213				    42.974
1217				    44.325
1221				    43.82
1225				    42.195
1229				    41.39
1234				    42.366
1238				    42.249
1242				    41.625
1247				    42.743
1251				    43.952
1255				    43.044
1259				    39.488
1264				    38.841
1268				    39.193
1272				    40.943
1276				    42.339
1280				    42.339
1284				    44.333
1288				    45.269
1292				    45.579
1296				    45.579
1299				    45.725
1303				    45.725
1307				    45.725
1312				    51.745
1316				    55.563
1320				    51.832
1324				    46.518
1328				    45.316
1333				    44.614
1337				    44.614
1341				    46.459
1345				    46.407
1349				    46.407
1353				    45.599
1357				    45.328
1361				    42.722
1365				    42.698
1369				    43.589
1373				    47.293
1377				    47.293
1382				    48.496
1386				    48.645
1390				    48.72
1394				    48.72
1399				    48.183
1403				    45.899
1407				    45.899
1411				    48.862
1415				    50.603
1420				    50.603
1424				    50.603
1429				    55.295
1433				    54.137
1437				    45.038
1442				    40.878
1445				    40.878
1449				    39.96
1454				    42.134
1458				    41.616
1462				    41.616
1466				    40.521
1471				    40.829
1475				    41.423
1479				    41.423
1484				    48.917
1488				    49.63
1492				    51.207
1497				    47.856
1501				    47.616
1505				    47.616
1509				    49.307
1513				    44.472
1517				    43.219
1522				    40.442
1526				    40.515
1531				    41.058
1535				    41.058
1539				    42.444
1544				    49.967
1548				    50.177
1552				    48.582
1556				    48.582
1560				    48.582
1564				    49.364
1568				    53.04
1572				    49.202
1577				    44.772
1581				    44.165
1585				    44.165
1589				    44.765
1593				    44.797
1597				    45.281
1601				    43.575
1606				    42.938
1610				    42.938
1614				    42.938
1618				    44.768
1622				    48.742
1626				    43.545
1630				    43.545
1634				    42.646
1639				    42.816
1643				    42.816
1647				    44.621
1652				    45.352
1656				    45.676
1660				    45.676
1665				    45.676
1669				    46.822
1674				    47.542
1678				    50.139
1681				    51.661
1685				    55.511
1689				    57.753
1693				    56.717
1697				    50.264
1702				    47.999
1706				    44.053
1710				    42.472
1715				    42.472
1719				    40.915
1723				    40.799
1727				    41.189
1732				    41.886
1736				    44.167
1740				    48.127
1745				    50.442
1749				    45.193
1753				    45.193
1757				    43.288
1762				    43.346
1766				    43.563
1770				    43.563
1774				    43.563
1779				    45.077
1783				    45.077
1787				    46.096
1791				    46.096
1796				    47.832
1799				    56.734
1804				    58.36
1808				    59.193
1812				    48.691
1816				    48.691
1820				    48.691
1824				    48.691
1828				    48.691
1833				    48.691
1837				    47.985
1841				    47.985
1846				    47.857
1850				    48.106
1854				    48.982
1858				    48.982
1862				    48.982
1867				    48.982
1871				    48.982
1875				    48.982
1879				    48.982
1883				    56.666
1887				    63.68
1891				    70.195
1895				    85.787
1899				    79.948
1904				    66.77
1908				    66.77
1913				    66.77
1916				    62.586
1921				    56.435
1924				    56.435
1929				    51.951
1933				    46.019
1937				    44.999
1941				    45.516
1945				    46.874
1950				    50.925
1954				    53.682
1958				    54.063
1962				    56.425
1965				    57.614
1969				    56.016
1973				    47.817
1977				    45.986
1981				    43.99
1985				    43.99
1989				    43.056
1993				    42.371
1997				    43.274
2001				    43.742
2005				    43.742
2009				    43.892
2012				    44.272
2017				    45.595
2021				    47.816
2025				    46.68
2029				    45.643
2033				    45.643
2037				    45.643
2041				    45.643
2045				    45.643
2049				    48.369
2053				    51.068
2057				    51.195
2061				    51.195
2065				    51.195
2069				    51.047
2073				    51.291
2077				    51.808
2082				    51.808
2086				    51.808
2091				    50.222
2095				    50.222
2099				    48.13
2104				    47.842
2107				    49.157
2112				    51.245
2115				    56.021
2119				    57.261
2124				    59.709
2128				    56.458
2132				    56.319
2136				    59.503
2141				    55.75
2145				    46.631
2149				    44.693
2154				    44.693
2158				    44.632
2162				    44.632
2166				    47.138
2170				    45.025
2175				    44.198
2179				    44.198
2183				    44.84
2188				    47.904
2192				    49.954
2196				    51.527
2200				    48.462
2205				    48.462
2209				    46.005
2213				    46.103
2217				    46.801
2221				    47.719
2226				    49.121
2230				    47.932
2234				    47.932
2239				    45.729
2243				    45.892
2247				    47.934
2251				    48.341
2256				    46.376
2260				    46.376
2264				    46.376
2268				    46.321
2272				    45.472
2276				    46.211
2280				    46.211
2284				    47.964
2288				    47.568
2292				    47.17
2296				    46.392
2300				    46.392
2304				    48.684
2307				    49.474
2311				    50.405
2315				    51.501
2319				    51.501
2323				    50.121
2327				    50.216
2330				    48.312
2335				    48.186
2339				    48.186
2343				    48.186
2347				    48.186
2351				    48.186
2355				    48.186
2359				    48.186
2364				    56.098
2368				    60.109
2372				    68.321
2376				    69.772
2381				    70.421
2385				    70.421
2388				    70.991
2392				    62.163
2396				    62.386
2401				    59.585
2405				    52.625
2409				    52.625
2413				    49.623
2417				    49.036
2421				    49.034
2425				    49.015
2429				    49.381
2433				    49.917
2437				    49.537
2441				    49.932
2444				    51.423
2448				    52.553
2452				    56.527
2456				    58.679
2459				    58.679
2463				    59.267
2467				    58.135
2470				    54.181
2474				    51.371
2478				    50.321
2482				    49.783
2485				    49.783
2489				    49.817
2493				    51.22
2498				    49.964
2502				    45.783
2506				    42.786
2511				    42.676
2515				    43.622
2519				    43.794
2523				    44.314
2527				    45.388
2532				    46.576
2536				    46.997
2540				    46.997
2544				    46.997
2549				    49.694
2553				    50.582
2557				    54.49
2562				    57.185
2566				    60.375
2570				    68.281
2575				    69.769
2579				    71.779
2583				    72.302
2588				    74.101
2592				    58.284
2597				    51.042
2601				    44.634
2605				    43.062
2610				    43.062
2614				    43.062
2618				    44.184
2622				    46.856
2625				    50.903
2630				    47.228
2634				    45.978
2638				    46.065
2642				    48.371
2646				    44.854
2649				    44.854
2654				    42.536
2658				    42.536
2662				    41.919
2666				    42.134
2670				    42.134
2674				    43.073
2678				    45.079
2682				    46.574
2686				    48.29
2689				    47.703
2694				    47.287
2697				    48.31
2701				    48.104
2705				    43.073
2709				    41.712
2713				    41.491
2717				    41.491
2721				    42.549
2725				    45.159
2729				    45.135
2733				    45.902
2737				    47.337
2741				    44.753
2745				    43.938
2749				    43.685
2753				    44.325
2758				    43.232
2762				    42.095
2766				    42.051
2770				    42.051
2774				    42.622
2778				    42.457
2781				    44.004
2785				    44.004
2789				    44.692
2793				    46.366
2797				    53.077
2801				    43.951
2805				    43.951
2809				    41.837
2813				    41.837
2817				    42.542
2820				    42.689
2824				    42.157
2828				    41.656
2832				    40.428
2837				    40.428
2841				    42.868
2845				    42.868
2848				    44.714
2852				    49.978
2856				    52.233
2860				    58.135
2864				    43.347
2868				    41.597
2872				    41.597
2876				    41.597
2879				    41.597
2883				    41.597
2887				    41.597
2891				    41.597
2895				    41.597
2899				    41.597
2903				    41.597
2907				    55.024
2912				    56.642
2916				    57.298
2920				    58.657
2924				    60.377
2929				    63.587
2933				    63.587
2937				    63.587
2941				    61.365
2945				    61.365
2948				    51.301
2952				    49.191
2956				    45.929
2960				    45.929
2964				    47.197
2969				    47.699
2973				    47.985
2977				    48.592
2982				    43.968
2986				    40.86
2990				    40.86
2994				    39.452
2998				    39.024
3001				    38.867
3005				    38.867
3009				    40.953
3014				    42.134
3018				    42.095
3022				    42.095
3026				    43.887
3030				    45.945
3034				    47.078
3038				    50.343
3043				    57.705
3046				    58.234
3050				    45.519
3055				    43.98
3059				    43.699
3063				    43.699
3067				    44.682
3071				    46.1
3075				    46.66
3079				    47.314
3083				    47.314
3087				    48.124
3091				    48.124
3095				    52.763
3099				    54.546
3103				    54.401
3107				    55.818
3111				    57.552
3116				    59.661
3120				    63.502
3124				    64.304
3128				    64.304
3133				    65.437
3137				    64.773
3141				    65.021
3146				    65.021
3150				    65.021
3154				    66.84
3158				    66.84
3162				    67.862
3167				    66.971
3171				    64.06
3175				    63.003
3180				    60.896
3184				    60.896
3188				    60.857
3193				    60.857
3197				    60.726
3201				    62.026
3205				    62.189
3209				    59.014
3213				    55.939
3217				    55.41
3221				    53.996
3225				    49.584
3230				    48.577
3234				    48.577
3238				    48.577
3242				    49.044
3247				    49.044
3251				    49.044
3255				    51.899
3259				    51.899
3263				    52.757
3267				    53.267
3271				    55.294
3275				    55.294
3279				    55.294
3283				    59.424
3287				    61.629
3292				    62.82
3296				    67.61
3300				    69.455
3304				    60.027
3308				    57.782
3313				    57.782
3317				    51.733
3321				    50.851
3325				    50.851
3329				    50.851
3332				    47.239
3336				    42.852
3340				    41.656
3344				    42.923
3348				    42.923
3352				    43.78
3356				    43.123
3360				    43.311
3364				    43.311
3368				    44.316
3372				    44.316
3377				    46.085
3381				    46.523
3385				    48.648
3389				    49.039
3393				    48.124
3397				    45.846
3401				    45.352
3405				    45.352
3409				    45.352
3413				    45.352
3418				    45.352
3422				    45.66
3426				    48.324
3430				    48.632
3435				    48.632
3439				    50.447
3443				    50.788
3447				    52.511
3451				    52.511
3455				    50.591
3460				    49.147
3464				    47.373
3468				    45.641
3472				    43.364
3476				    40.896
3480				    40.473
3484				    39.638
3488				    40.155
3491				    41.313
3495				    41.313
3499				    40.49
3503				    39.516
3507				    39.118
3513				    39.311
3517				    40.83
3521				    42.967
3525				    45.145
3529				    45.77
3532				    47.901
3537				    47.363
3541				    48.502
3545				    43.633
3549				    43.633
3554				    41.606
3558				    41.606
3562				    41.23
3566				    41.58
3570				    41.58
3574				    41.199
3578				    42.388
3583				    41.827
3587				    41.692
3591				    42.705
3595				    42.705
3599				    46.064
3603				    45.014
3607				    43.044
3611				    43.495
3615				    43.429
3619				    41.857
3623				    42.184
3627				    41.467
3632				    42.236
3636				    39.818
3640				    39.838
3645				    39.838
3649				    41.336
3653				    40.018
3658				    38.81
3661				    38.376
3665				    38.376
3670				    39.291
3674				    41.125
3678				    41.221
3683				    41.221
3687				    41.261
3690				    41.261
3695				    43.29
3699				    42.762
3703				    44.767
3708				    42.834
3712				    42.702
3716				    41.207
3720				    41.207
3724				    42.092
3728				    42.092
3732				    42.092
3736				    43.094
3740				    43.501
3744				    44.247
3749				    46.487
3753				    48.493
3757				    49.719
3762				    44.744
3766				    43.871
3770				    43.871
3774				    43.871
3778				    43.871
3783				    43.871
3787				    43.871
3791				    43.871
3795				    43.871
3800				    46.006
3804				    46.006
3808				    46.006
3812				    46.006
3816				    46.006
3821				    46.006
3825				    51.123
3830				    55.608
3834				    75.616
3838				    79.051
3842				    81.333
3846				    85.694
3850				    86.192
3854				    88.483
3858				    88.483
3862				    88.483
3867				    91.139
3871				    91.139
3875				    91.139
3880				    91.139
3884				    91.139
3888				    91.139
3893				    91.139
3897				    91.139
3901				    91.139
3905				    91.139
3909				    91.139
3913				    91.139
3918				    91.139
3922				    99.102
3926				    99.102
3930				    103.245
3934				    100.74
3938				    100.35
3942				    95.039
3946				    91.982
3950				    90.847
3954				    90.847
3958				    90.847
3962				    90.847
3966				    84.885
3970				    84.885
3974				    84.885
3978				    84.885
3982				    84.885
3986				    84.885
3991				    84.885
3995				    82.424
3999				    68.424
4003				    68.055
4008				    67.774
4012				    69.381
4016				    71.933
4020				    71.933
4025				    71.933
4029				    71.933
4034				    71.933
4037				    71.933
4041				    71.933
4046				    71.933
4050				    71.933
4054				    71.933
4058				    71.933
4062				    71.933
4066				    71.933
4071				    71.933
4075				    71.933
4079				    101.964
4084				    101.964
4088				    101.964
4092				    111.012
4097				    115.533
4101				    97.547
4106				    92.315
4110				    92.315
4113				    92.315
4118				    92.315
4121				    92.315
4125				    92.315
4129				    92.315
4134				    92.315
4138				    92.315
4142				    88.517
4146				    83.223
4150				    83.223
4154				    83.223
4159				    79.288
4163				    79.288
4167				    79.288
4171				    79.288
4176				    79.288
4180				    79.288
4184				    79.288
4188				    79.288
4193				    79.288
4197				    89.428
4201				    92.319
4205				    100.866
4209				    101.652
4213				    101.652
4217				    109.114
4221				    111.663
4225				    119.293
4230				    106.573
4233				    106.573
4238				    106.573
4242				    106.573
4246				    93.192
4250				    93.192
4254				    73.344
4258				    68.289
4262				    68.289
4266				    68.289
4271				    65.039
4275				    57.388
4279				    56.043
4283				    55.427
4287				    55.609
4292				    55.609
4296				    53.672
4300				    53.672
4304				    51.35
4308				    51.35
4312				    51.35
4316				    51.503
4320				    51.503
4324				    49.954
4328				    50.315
4333				    50.779
4337				    51.313
4341				    50.927
4345				    50.927
4349				    50.144
4353				    49.729
4357				    49.759
4361				    49.759
4365				    49.759
4369				    49.812
4373				    50.194
4377				    50.107
4381				    50.107
4385				    50.107
4390				    52.483
4394				    53.646
4398				    53.96
4402				    54.138
4406				    53.867
4410				    53.867
4414				    53.093
4418				    50.276
4422				    49.942
4426				    49.951
4431				    49.951
4435				    49.951
4439				    50.67
4444				    48.099
4448				    47.338
4452				    46.373
4456				    41.926
4461				    41.673
4465				    41.673
4469				    41.673
4474				    41.198
4478				    40.176
4483				    39.88
4487				    39.832
4491				    39.359
4496				    39.573
4500				    39.573
4504				    40.252
4509				    40.252
4513				    40.252
4517				    41.944
4521				    41.473
4525				    40.726
4529				    39.932
4533				    39.01
4537				    38.615
4541				    38.615
4545				    38.615
4549				    38.615
4553				    38.615
4557				    38.707
4562				    38.53
4566				    38.695
4570				    38.695
4574				    39.113
4579				    39.304
4583				    39.304
4587				    39.304
4592				    39.304
4596				    39.304
4600				    40.849
4604				    40.849
4609				    42.088
4613				    45.2
4617				    49.36
4621				    48.09
4625				    48.09
4630				    48.09
4634				    48.09
4638				    48.09
4642				    48.09
4646				    48.09
4651				    48.09
4655				    48.09
4660				    50.554
4664				    49.478
4668				    50.643
4673				    50.643
4677				    50.643
4681				    50.643
4686				    60.211
4689				    60.211
4693				    60.211
4697				    60.211
4701				    60.211
4705				    60.211
4710				    60.211
4714				    60.211
4718				    60.211
4722				    60.211
4726				    60.211
4729				    60.211
4733				    60.211
4737				    71.338
4742				    71.176
4745				    71.176
4749				    71.176
4753				    71.176
4756				    72.134
4760				    72.963
4764				    72.963
4767				    72.963
4771				    72.963
4774				    72.963
4778				    72.963
4782				    72.963
4786				    72.963
4789				    72.963
4793				    72.963
4797				    72.963
4800				    72.963
4804				    78.814
4808				    78.814
4812				    78.814
4816				    79.541
4820				    82.711
4826				    82.711
4830				    83.755
4834				    83.755
4838				    83.755
4842				    85.176
4846				    85.41
4851				    85.41
4855				    85.41
4859				    85.41
4864				    85.41
4868				    85.41
4872				    85.41
4876				    85.41
4880				    85.41
4884				    89.979
4889				    89.979
4893				    89.979
4897				    89.979
4901				    89.979
4906				    88.154
4910				    88.154
4914				    88.154
4918				    88.154
4922				    88.154
4927				    88.154
4931				    88.154
4935				    88.154
4939				    91.74
4944				    91.74
4948				    96.12
4952				    93.833
4956				    64.762
4960				    64.762
4964				    64.762
4968				    64.762
4973				    64.788
4977				    64.788
4981				    62.309
4985				    62.309
4989				    56.661
4994				    53.106
4998				    51.522
5002				    47.792
5006				    48.001
5010				    48.001
5014				    48.001
5018				    47.625
5022				    47.625
5027				    47.298
5031				    43.945
5035				    43.945
5039				    42.631
5043				    42.442
5047				    44.237
5051				    45.585
5056				    46.161
5060				    46.161
5064				    44.761
5068				    40.642
5073				    39.823
5077				    39.838
5081				    39.916
5085				    39.916
5089				    40.162
5093				    41.493
