4190				    10
4201				    10
4212				    10
4223				    18
4234				    20
4245				    20
4257				    20
4268				    20
4279				    40
4291				    40
4302				    40
4314				    40
4325				    57
4337				    62
4348				    80
4359				    88
4370				    101
4381				    103
4393				    145
4405				    155
4416				    161
4428				    183
4439				    184
4450				    186
4461				    187
4472				    188
4484				    189
4495				    190
4507				    191
4518				    191
4530				    191
4541				    191
4553				    192
4564				    184
4577				    163
4588				    157
4599				    151
4610				    145
4622				    136
4633				    123
4644				    103
4656				    137
4667				    122
4678				    115
4689				    95
4701				    78
4712				    71
4723				    62
4735				    43
4746				    7
4757				    95
4768				    95
