36201				    50.254
36212				    50.254
36223				    50.254
36234				    50.254
36245				    49.37
36256				    20.671
36267				    20.671
36278				    20.671
36289				    20.774
36300				    15.789
36312				    4.373
36322				    7.589
36333				    7.589
36344				    3.219
36356				    3.219
36366				    3.219
36377				    3.219
36388				    13.888
36399				    2.109
36410				    2.109
36421				    2.109
36432				    12.936
36442				    12.936
36453				    3.022
36464				    3.022
36475				    9.765
36486				    11.55
36497				    14.635
36508				    20.445
36519				    20.445
36529				    11.702
36540				    10.295
36552				    7.015
36563				    3.112
36573				    3.112
36584				    3.112
36595				    1.611
36606				    1.13
36617				    6.685
36628				    7.133
36639				    1.38
36650				    3.964
36661				    3.964
36672				    1.713
36683				    5.235
36694				    4.884
36705				    4.884
36716				    4.884
36727				    4.884
36738				    4.884
36749				    12.491
36760				    17.214
36771				    14.554
36782				    0.474
36792				    7.129
36803				    8.515
36814				    8.312
36825				    12.903
36836				    13.999
36846				    3.319
36857				    4.894
36868				    17.155
36879				    6.674
36890				    6.075
36901				    6.075
36912				    5.442
36923				    3.477
36934				    3.422
36944				    4.102
36956				    5.869
36967				    5.513
36978				    0.477
36989				    4.404
37000				    4.492
37011				    4.783
37021				    2.646
37032				    5.112
37044				    0.988
37054				    4.601
37066				    4.601
37076				    2.113
37087				    2.591
37098				    2.591
37109				    2.659
37120				    2.659
37131				    2.729
37142				    3.61
37153				    2.859
37164				    4.161
37174				    4.456
37185				    4.456
37196				    11.65
37207				    5.583
37218				    1.83
37229				    3.601
37240				    3.601
37251				    15.209
