32702				    1.7	
32713				    1.7	
32724				    1.7	
32734				    1.7	
32745				    1.7	
32756				    3.1	
32767				    3.3	
32778				    3.3	
32789				    4.4	
32800				    4.4	
32811				    6.4	
32822				    7.1	
32833				    7.1	
32844				    7.1	
32855				    7.4	
32866				    11.2	
32877				    13.5	
32888				    13.5	
32899				    17.1	
32911				    18.0	
32921				    18.7	
32932				    17.9	
32944				    17.9	
32955				    19.1	
32965				    19.8	
32976				    20.3	
32987				    20.3	
32998				    20.1	
33009				    21.2	
33020				    21.2	
33031				    21.1	
33043				    22.4	
33054				    22.8	
33065				    22.8	
33076				    22.6	
33087				    23.8	
33098				    24.2
33109				    24.2
33120				    24.2
33131				    24.7
33143				    24.7
33154				    21.8
33166				    20.4
33177				    20.4
33188				    19.6
33199				    17.9
33210				    17.9
33221				    17.8
33232				    16.6
33243				    16.6
33254				    16.6
33265				    15.3
33276				    15.3
33287				    15.0
33297				    14.6
33309				    14.6
33320				    14.5
33331				    13.8
33342				    13.0
33354				    12.8
33365				    12.5
33375				    12.5
33386				    11.9
33397				    11.8
33408				    11.8
33420				    11.3
33431				    11.3
33442				    11.3
33453				    11.3
33464				    11.4
33475				    11.4
33486				    11.3
33497				    11.2
33508				    11.1
33519				    11.0
33530				    11.1
33541				    11.1
33552				    10.7
33562				    10.6
33573				    10.5
33585				    11.1
33596				    11.1
33606				    11.1
