0				    10
11				    10
22				    10
33				    10
44				    10
56				    17
67				    17
79				    17
90				    17
101				    17
112				    18
124				    31
135				    34
146				    34
157				    34
168				    35
180				    45
191				    54
202				    54
214				    56
225				    68
237				    80
248				    86
259				    87
270				    90
281				    98
292				    107
304				    107
315				    111
326				    111
338				    135
349				    135
361				    141
372				    154
383				    158
394				    159
406				    162
417				    172
428				    172
439				    175
451				    188
462				    194
473				    195
485				    198
496				    206
507				    208
519				    214
530				    214
541				    218
552				    222
563				    222
574				    222
585				    222
596				    231
607				    233
618				    241
630				    253
641				    253
652				    257
663				    269
674				    277
685				    279
696				    285
708				    290
719				    290
731				    298
742				    309
753				    313
764				    320
776				    320
787				    329
798				    329
810				    332
821				    344
832				    352
844				    354
855				    368
866				    376
877				    384
888				    387
899				    388
910				    396
922				    396
933				    397
944				    395
955				    395
967				    390
978				    388
990				    388
1001				    388
1012				    387
1023				    382
1034				    382
1045				    380
1057				    380
1068				    380
1079				    379
1091				    379
1102				    378
1114				    372
1125				    357
1136				    357
1147				    355
1158				    341
1169				    338
1180				    333
1192				    333
1203				    329
1214				    325
1226				    321
1237				    318
1248				    315
1259				    313
1271				    309
1282				    309
1294				    301
1305				    299
1316				    291
1327				    290
1338				    283
1350				    280
1361				    280
1372				    280
1383				    280
1394				    277
1406				    270
1417				    268
1428				    264
1440				    264
1451				    259
1463				    255
1474				    247
1486				    247
1497				    244
1508				    236
1519				    233
1531				    226
1542				    226
1553				    216
1564				    212
1575				    193
1586				    183
1598				    201
1609				    161
1620				    161
1632				    147
1643				    147
1654				    124
1666				    124
1677				    120
1689				    161
1701				    160
1712				    155
1725				    155
1737				    178
1748				    168
1759				    168
1770				    182
1781				    173
1792				    173
1803				    169
1814				    169
1825				    151
1837				    150
1848				    142
1860				    129
1871				    129
1882				    120
1894				    120
1905				    111
1916				    94
1927				    93
1939				    100
1951				    100
1962				    100
1973				    100
1984				    100
1995				    100
2006				    100
2017				    100
2028				    101
2039				    101
2051				    101
2062				    101
2074				    101
2084				    101
2096				    101
2107				    101
2118				    101
2129				    101
2141				    102
2152				    102
2163				    102
2175				    102
2186				    102
2197				    102
2209				    102
2220				    102
2231				    102
2243				    102
2254				    102
2265				    103
2276				    103
2288				    103
2299				    103
2310				    103
2321				    103
2332				    103
2344				    103
2355				    103
2366				    103
2377				    103
2389				    104
2400				    104
2411				    104
2423				    104
2434				    104
2445				    104
2456				    104
2467				    104
2478				    104
2489				    104
2500				    104
2511				    104
2522				    104
2533				    105
2545				    105
2556				    105
2567				    105
2578				    105
2589				    105
2600				    105
2612				    105
2623				    105
2634				    105
2645				    105
2656				    105
2667				    105
2678				    105
2690				    106
2702				    106
2713				    106
2724				    106
2735				    106
2747				    106
2758				    106
2770				    106
2781				    106
2792				    106
2803				    106
2814				    106
2826				    106
2837				    106
2848				    106
2859				    106
2870				    106
2881				    106
2893				    106
2904				    107
2916				    107
2927				    107
2938				    107
2949				    107
2960				    107
2971				    107
2982				    107
2993				    107
3004				    107
3015				    107
3026				    107
3038				    107
3049				    107
3060				    107
3072				    107
3083				    107
3095				    107
3106				    107
3117				    107
3129				    107
3140				    107
3152				    107
3163				    107
3174				    107
3185				    107
3197				    107
3209				    107
3220				    107
3231				    108
3243				    108
3254				    108
3265				    108
3277				    108
3289				    108
3300				    108
3311				    108
3322				    108
3334				    108
3345				    108
3356				    108
3368				    108
3379				    108
3391				    108
3402				    108
3415				    108
3426				    108
3437				    108
3448				    108
3459				    108
3470				    108
3481				    108
3493				    108
3504				    108
3516				    108
3527				    108
3539				    108
3550				    108
3561				    108
3572				    109
3583				    109
3594				    109
3606				    109
3617				    109
3628				    109
3639				    109
3650				    109
3661				    109
3673				    109
3684				    110
3695				    110
3706				    110
3717				    110
3729				    110
3740				    110
3751				    110
3763				    110
3774				    110
3785				    110
3796				    111
3808				    111
3819				    111
3830				    111
3841				    111
3853				    111
3864				    111
3875				    111
3886				    111
3897				    111
3908				    112
3919				    112
3930				    112
3941				    112
3953				    112
3964				    112
3976				    112
3987				    112
3998				    112
4009				    112
4021				    112
4032				    113
4043				    113
4054				    113
4066				    113
4077				    113
4089				    113
4101				    113
4112				    113
4123				    113
4134				    113
4145				    113
4157				    114
4168				    114
4179				    114
4190				    114
4202				    114
4213				    114
4225				    114
4236				    114
4247				    114
4259				    114
4270				    114
4281				    115
4292				    115
4304				    115
4315				    115
4326				    115
4338				    115
4349				    115
4360				    115
4371				    115
4382				    115
4393				    115
4404				    115
4416				    115
4427				    115
4438				    115
4449				    115
4461				    115
4472				    115
4483				    116
4494				    116
4505				    116
4516				    116
4528				    116
4539				    116
4551				    116
4562				    116
4573				    116
4584				    116
4596				    116
4607				    116
4618				    116
4629				    116
4640				    116
4652				    116
4663				    116
4675				    116
4686				    116
4698				    116
4709				    116
4720				    116
4732				    116
4743				    116
4754				    117
4765				    117
4777				    117
4788				    117
4799				    117
4810				    117
4821				    117
4832				    117
4844				    117
4855				    117
4866				    117
4877				    117
4889				    117
4900				    117
4911				    117
4922				    117
4933				    117
4944				    117
4955				    117
4966				    117
4977				    117
4988				    117
4999				    117
5010				    117
5021				    117
5032				    117
5043				    117
5055				    117
5066				    117
5078				    117
5089				    117
5100				    117
5111				    117
5122				    117
5134				    117
5145				    118
5156				    118
5167				    118
5178				    118
5190				    118
5202				    118
5212				    118
5224				    118
5235				    118
5247				    118
5258				    118
5269				    118
5280				    118
5291				    118
5302				    118
5313				    118
5326				    118
5337				    118
5348				    118
5359				    118
5370				    118
5382				    118
5393				    118
5404				    118
5415				    118
5426				    118
5437				    118
5448				    118
5460				    118
5471				    118
5482				    118
5493				    118
5504				    118
5516				    118
5527				    118
5539				    118
5550				    118
5561				    118
5573				    118
5584				    118
5595				    118
5606				    118
5617				    118
5629				    118
5640				    118
5651				    118
5663				    119
5674				    119
5685				    119
5696				    119
5707				    119
5718				    119
5729				    119
5740				    119
5751				    119
5762				    119
5774				    119
5786				    119
5798				    120
5809				    120
5821				    120
5832				    120
5844				    120
5855				    120
5866				    120
5877				    120
5888				    120
5899				    120
5910				    120
5921				    121
5932				    121
5943				    121
5954				    121
5965				    121
5977				    121
5988				    121
5999				    121
6010				    121
6021				    121
6033				    121
6045				    122
6057				    122
6068				    122
6079				    122
6090				    122
6101				    122
6113				    122
6124				    122
6135				    122
6146				    122
6157				    122
6168				    122
6179				    123
6190				    123
6202				    123
6214				    123
6225				    123
6236				    123
6247				    123
6259				    123
6270				    123
6282				    123
6293				    123
6305				    123
6316				    124
6327				    124
6338				    124
6350				    124
6362				    124
6373				    124
6384				    124
6395				    124
6406				    124
6418				    124
6429				    124
6440				    124
6451				    124
6462				    125
6473				    125
6485				    125
6496				    125
6507				    125
6518				    125
6529				    125
6541				    125
6552				    125
6563				    125
6574				    125
6585				    125
6596				    125
6607				    125
6618				    125
6630				    125
6641				    125
6652				    126
6663				    126
6675				    126
6686				    126
6697				    126
6708				    126
6719				    126
6730				    126
6742				    126
6753				    126
6765				    126
6776				    126
6787				    126
6798				    126
6809				    126
6821				    126
6832				    126
6843				    126
6854				    126
6866				    127
6877				    127
6889				    127
6900				    127
6911				    127
6923				    127
6934				    127
6945				    127
6957				    127
6968				    127
6979				    127
6990				    127
7001				    127
7012				    127
7023				    127
7034				    127
7046				    127
7057				    127
7069				    127
7080				    127
7091				    127
7102				    127
7113				    127
7126				    127
7137				    127
7148				    127
7159				    127
7171				    127
7182				    127
7193				    127
7205				    127
7216				    128
7227				    128
7238				    128
7249				    128
7261				    128
7272				    128
7283				    128
7294				    128
7305				    128
7316				    128
7328				    128
7339				    128
7350				    128
7361				    128
7372				    128
7383				    128
7394				    128
7405				    128
7417				    128
7429				    128
7440				    128
7451				    128
7463				    128
7474				    128
7486				    128
7497				    128
7508				    128
7520				    128
7531				    128
7542				    128
7553				    128
7565				    128
7576				    129
7587				    129
7598				    129
7609				    129
7620				    129
7631				    129
7643				    129
7654				    129
7665				    129
7677				    129
7688				    130
7699				    130
7710				    130
7721				    130
7733				    130
7744				    130
7755				    130
7766				    130
7778				    130
7789				    130
7800				    130
7811				    130
7822				    130
7833				    130
7845				    131
7856				    131
7867				    131
7878				    131
7889				    131
7900				    131
7911				    131
7922				    131
7934				    131
7945				    132
7956				    132
7967				    132
7978				    132
7989				    132
8000				    132
8012				    132
8023				    132
8035				    132
8046				    132
8057				    132
8069				    133
8080				    133
8091				    133
8102				    133
8113				    133
8124				    133
8135				    133
8146				    133
8157				    133
8169				    133
8180				    133
8192				    133
8203				    133
8214				    134
8225				    134
8237				    134
8248				    134
8259				    134
8270				    134
8281				    134
8293				    134
8304				    134
8315				    134
8326				    134
8337				    134
8348				    134
8359				    134
8370				    134
8381				    135
8392				    135
8403				    135
8414				    135
8426				    135
8437				    135
8448				    135
8459				    135
8470				    135
8481				    135
8493				    135
8504				    135
8515				    135
8526				    135
8537				    135
8548				    135
8559				    135
8570				    135
8581				    136
8592				    136
8603				    136
8614				    136
8626				    136
8637				    136
8648				    136
8660				    136
8671				    136
8682				    136
8693				    136
8704				    136
8716				    136
8727				    136
8738				    136
8749				    136
8761				    136
8772				    136
8783				    136
8794				    136
8805				    136
8816				    136
8828				    136
8839				    136
8850				    136
8861				    137
8872				    137
8883				    137
8894				    137
8905				    137
8917				    137
8928				    137
8940				    137
8951				    137
8962				    137
8974				    137
8985				    137
8996				    137
9007				    137
9018				    137
9029				    137
9041				    137
9052				    137
9063				    137
9074				    137
9085				    137
9097				    137
9108				    137
9119				    137
9130				    137
9141				    137
9153				    137
9165				    137
9176				    137
9188				    137
9199				    137
9211				    137
9223				    138
9234				    138
9245				    138
9257				    138
9268				    138
9280				    138
9291				    138
9302				    138
9315				    138
9327				    138
9338				    138
9349				    138
9361				    138
9372				    138
9383				    138
9394				    138
9406				    138
9416				    138
9427				    138
9438				    139
9450				    139
9461				    139
9472				    139
9483				    139
9495				    139
9506				    139
9517				    139
9529				    139
9540				    139
9551				    139
9563				    139
9574				    140
9585				    140
9596				    140
9607				    140
9619				    140
9630				    140
9641				    140
9653				    140
9664				    140
9675				    140
9687				    140
9698				    141
9710				    141
9721				    141
9733				    141
9744				    141
9756				    141
9767				    141
9778				    141
9789				    141
9800				    141
9811				    141
9822				    141
9835				    141
9846				    141
9857				    142
9869				    142
9880				    142
9891				    142
9903				    142
9914				    142
9925				    142
9936				    142
9947				    142
9958				    142
9969				    142
9980				    142
9991				    142
10002				    142
10014				    142
10025				    143
10036				    143
10047				    143
10058				    143
10070				    143
10081				    143
10093				    143
10104				    143
10115				    143
10127				    143
10138				    143
10149				    143
10160				    144
10171				    144
10182				    144
10193				    144
10204				    144
10215				    144
10226				    144
10238				    144
10249				    144
10260				    144
10271				    144
10282				    144
10293				    144
10304				    144
10315				    144
10327				    144
10338				    144
10349				    145
10360				    145
10372				    145
10383				    145
10394				    145
10406				    145
10418				    145
10429				    145
10440				    145
10451				    145
10462				    145
10473				    145
10484				    145
10495				    145
10506				    145
10517				    145
10529				    145
10540				    145
10551				    145
10563				    145
10574				    145
10586				    145
10597				    146
10608				    146
10620				    146
10631				    146
10642				    146
10653				    146
10664				    146
10676				    146
10687				    146
10698				    146
10709				    146
10720				    146
10731				    146
10743				    146
10755				    146
10766				    146
10777				    146
10788				    146
10799				    146
10810				    146
10821				    146
10833				    146
10844				    146
10855				    146
10866				    146
10877				    146
10888				    146
10899				    146
10910				    146
10921				    146
10933				    146
10944				    146
10955				    146
10966				    146
10978				    147
10989				    147
11001				    147
11012				    147
11023				    147
11034				    147
11046				    147
11057				    147
11069				    147
11080				    147
11091				    147
11102				    147
11113				    147
11124				    147
11136				    147
11147				    147
11159				    147
11170				    147
11181				    147
11193				    147
11204				    147
11215				    147
11226				    147
11237				    147
11248				    147
11259				    147
11271				    147
11282				    147
11293				    147
11304				    147
11315				    147
11326				    147
11338				    147
11349				    147
11360				    147
11371				    147
11382				    148
11394				    148
11405				    148
11416				    148
11427				    148
11438				    148
11449				    148
11460				    148
11471				    148
11483				    148
11494				    148
11506				    148
11519				    148
11530				    148
11541				    148
11552				    149
11564				    149
11575				    149
11587				    149
11598				    149
11610				    149
11621				    149
11632				    149
11643				    149
11654				    149
11665				    149
11677				    149
11688				    149
11699				    150
11710				    150
11721				    150
