0				    2.7	
11				    2.7	
22				    2.7	
33				    2.7	
44				    5.2
55				    5.2
66				    5.2
77				    5.2
88				    6.8
100				    6.8
111				    6.8
122				    6.5
134				    10.0
145				    10.7
156				    11.3
167				    13.1
178				    13.7
190				    18.1
201				    23.8
212				    25.8
223				    27.4
234				    31.8
245				    31.4
256				    37.2
268				    37.9
279				    52.3
290				    60.2
301				    64.2
312				    59.2
323				    57.3
334				    56.7
345				    50.3
356				    45.7
367				    38.5
378				    35.9
389				    33.1
400				    29.1
411				    29.1
422				    24.6
433				    23.9
444				    22.3
455				    22.0
466				    21.4
478				    20.2
489				    19.4
500				    21.7
512				    29.7
523				    32.4
534				    32.4
545				    53.2
556				    56.5
567				    51.6
578				    51.6
589				    40.7
600				    36.9
611				    32.4
623				    28.5
634				    26.9
645				    25.5
656				    25.0
667				    22.9
678				    21.5
689				    19.4
700				    18.7
711				    16.9
723				    16.3
734				    15.6
746				    14.9
758				    15.3
769				    15.4
780				    15.9
791				    15.9
802				    16.8
813				    16.7
824				    17.6
835				    20.5
846				    23.7
857				    27.9
868				    30.3
880				    30.2
890				    28.4
902				    40.8
913				    42.7
924				    53.7
936				    54.2
947				    53.3
958				    53.6
969				    54.6
980				    59.6
991				    60.9
1003				    54.4
1014				    60.2
1025				    60.9
1036				    61.2
1048				    59.7
1059				    53.6
1070				    54.6
1081				    58.7
1092				    54.6
1103				    50.9
1114				    50.9
1125				    50.9
1136				    50.9
1147				    32.9
1158				    27.1
1169				    44.6
1180				    49.5
1192				    53.1
1203				    55.9
1214				    64.9
1225				    62.5
1236				    60.8
1247				    64.6
1258				    63.0
1270				    56.9
1281				    67.4
1292				    66.3
1303				    56.7
1314				    57.5
1325				    57.8
1336				    56.3
1347				    56.7
1355				    55.0
1362				    58.5
1368				    58.5
1375				    54.2
1382				    54.5
1388				    52.7
1395				    55.2
1401				    55.9
1408				    55.3
1414				    52.4
1421				    52.1
1427				    52.5
1434				    53.4
1441				    52.8
1447				    53.0
1454				    52.2
1460				    52.2
1467				    50.5
1474				    49.0
1480				    43.8
1487				    38.4
1493				    38.0
1500				    37.7
1506				    35.6
1513				    35.2
1520				    34.7
1526				    33.7
1532				    33.1
1540				    33.0
1551				    36.8
1563				    36.6
1575				    35.3
1586				    42.4
1597				    50.2
1609				    52.5
1620				    47.0
1631				    45.7
1642				    43.1
1653				    47.5
1664				    48.3
1675				    44.4
1686				    42.8
1697				    38.4
1708				    38.1
1719				    35.9
1731				    35.0
1742				    31.1
1753				    30.4
1764				    29.0
1776				    26.5
1787				    25.0
1798				    28.3
1809				    29.0
1821				    27.9
1832				    28.3
1843				    27.8
1854				    29.3
1866				    28.8
1877				    27.5
1888				    28.2
1899				    32.5
1911				    36.1
1922				    35.5
1933				    41.9
1944				    53.2
1955				    56.3
1966				    53.4
1976				    62.5
1988				    57.5
1999				    62.2
2010				    67.3
2021				    72.6
2031				    66.4
2042				    66.2
2053				    71.3
2064				    62.6
2075				    59.8
2086				    62.5
2097				    63.4
2108				    64.1
2119				    58.8
2130				    58.8
2141				    58.8
2152				    58.8
2163				    43.6
2174				    33.6
2185				    42.3
2196				    54.4
2207				    70.0
2219				    72.0
2229				    73.9
2240				    71.6
2251				    72.3
2262				    70.2
2273				    68.6
2284				    68.2
2295				    62.7
2307				    62.5
2318				    60.0
2329				    59.9
2340				    58.4
2352				    54.3
2363				    55.0
2374				    56.0
2385				    55.2
2396				    53.6
2408				    52.2
2419				    46.9
2430				    46.8
2442				    44.0
2453				    43.6
2464				    38.5
2474				    39.6
2486				    40.2
2497				    36.3
2508				    33.8
2519				    31.3
2530				    34.8
2541				    34.3
2552				    34.4
2564				    36.8
2574				    34.6
2585				    32.7
2597				    32.0
2608				    29.6
2619				    29.9
2630				    29.8
2641				    28.7
2652				    29.1
2663				    28.8
2674				    28.3
2685				    27.5
2697				    27.5
2708				    29.0
2719				    29.2
2731				    29.8
2742				    31.4
2753				    31.4
2765				    30.6
2777				    31.3
2788				    31.5
2800				    32.3
2811				    32.5
2822				    32.1
2833				    32.1
2844				    34.0
2855				    33.2
2866				    34.3
2877				    33.9
2888				    31.2
2899				    30.4
2910				    29.6
2921				    28.8
2933				    27.9
2944				    27.8
2955				    27.5
2967				    27.3
2978				    27.7
2989				    27.6
3000				    30.9
3011				    38.5
3022				    38.3
3033				    37.4
3044				    33.7
3055				    34.3
3066				    36.8
3077				    37.6
3088				    38.0
3100				    37.3
3111				    51.9
3122				    50.7
3133				    49.3
3144				    57.8
3156				    57.8
3167				    50.6
3178				    50.6
3190				    44.7
3201				    41.7
3212				    41.2
3223				    47.8
3234				    62.9
3245				    71.0
3256				    74.3
3267				    64.0
3278				    57.0
3289				    55.7
3300				    55.4
3311				    53.6
3322				    51.8
3333				    51.7
3344				    48.8
3354				    48.8
3358				    46.8
3362				    46.0
3366				    44.0
3369				    44.0
3373				    42.8
3377				    42.8
3380				    44.0
3384				    43.8
3388				    44.8
3392				    45.2
3396				    47.6
3400				    47.8
3404				    46.9
3407				    46.6
3411				    42.4
3415				    42.4
3419				    42.0
3423				    42.2
3427				    42.2
3431				    39.8
3436				    37.9
3440				    41.1
3444				    41.1
3448				    42.6
3452				    44.8
3456				    47.0
3460				    46.7
3466				    48.0
3477				    56.1
3488				    56.1
3499				    54.9
3510				    55.8
3521				    55.6
3532				    53.1
3544				    46.4
3555				    46.7
3566				    40.1
3578				    39.0
3589				    37.4
3600				    36.4
3611				    35.9
3622				    33.3
3633				    33.3
3645				    35.8
3656				    40.8
3667				    41.1
3678				    38.9
3690				    36.5
3701				    34.5
3713				    32.0
3724				    32.0
3735				    31.2
3746				    31.5
3757				    30.0
3768				    30.5
3779				    30.8
3791				    31.2
3802				    37.6
3814				    42.1
3825				    42.9
3836				    48.0
3847				    47.8
3858				    52.5
3869				    52.5
3880				    50.2
3892				    48.9
3904				    42.9
3915				    39.4
3927				    34.4
3938				    33.0
3949				    31.6
3960				    30.5
3972				    28.9
3983				    27.1
3994				    25.8
4006				    25.8
4017				    24.6
4028				    24.2
4039				    22.6
4051				    21.3
4062				    20.6
4073				    22.6
4084				    24.0
4095				    24.3
4106				    25.6
4117				    25.9
4128				    41.0
4141				    42.0
4152				    42.3
4164				    40.3
4175				    35.8
4186				    35.8
4197				    35.8
4208				    35.8
4219				    25.3
4231				    34.6
4242				    39.1
4253				    45.4
4264				    59.4
4275				    60.5
4286				    57.3
4297				    55.4
4309				    50.9
4320				    50.8
4331				    71.1
4343				    65.2
4353				    67.0
4364				    63.2
4375				    67.6
4386				    67.5
4397				    65.0
4408				    47.9
4420				    46.2
4431				    43.1
4443				    43.0
4454				    42.7
4465				    42.2
4476				    40.9
4487				    47.3
4499				    47.3
4510				    48.3
4521				    48.5
4532				    46.5
4543				    49.2
4554				    50.1
4565				    51.5
4576				    51.3
4588				    48.8
4599				    44.8
4610				    42.0
4621				    41.6
4632				    40.1
4644				    40.8
4655				    41.7
4666				    41.6
4677				    47.9
4688				    46.7
4699				    45.7
4710				    46.0
4722				    45.5
4733				    44.8
4743				    43.1
4755				    42.0
4766				    41.2
4778				    40.1
4789				    38.7
4800				    37.0
4812				    36.6
4823				    37.3
4834				    34.5
4846				    36.7
4857				    35.7
4868				    35.3
4880				    34.9
4891				    34.1
4902				    32.2
4913				    33.2
4924				    33.2
4935				    33.7
4947				    37.1
4958				    38.8
4969				    39.3
4981				    40.6
4992				    43.3
5003				    41.2
5015				    41.0
5026				    37.4
5037				    35.4
5048				    33.3
5059				    31.4
5070				    29.6
5079				    28.8
5087				    28.6
5096				    28.7
5104				    28.5
5113				    27.4
5121				    27.9
5129				    27.8
5137				    27.8
5145				    27.2
5153				    27.2
5161				    25.7
5169				    26.1
5177				    26.1
5186				    25.4
5194				    29.2
5202				    28.7
5211				    28.7
5219				    28.7
5227				    28.7
5235				    27.6
5243				    21.7
5251				    21.7
5260				    24.7
5268				    33.4
5277				    41.0
5286				    41.0
5294				    41.0
5302				    52.7
5310				    56.6
5318				    61.6
5326				    62.6
5334				    59.7
5342				    58.1
5351				    59.2
5359				    61.7
5367				    63.5
5376				    62.5
5384				    62.2
5392				    61.9
5401				    57.4
5409				    61.9
5417				    62.3
5425				    64.0
5433				    64.7
5441				    65.7
5449				    66.5
5458				    60.2
5466				    55.8
5474				    54.8
5482				    45.8
5490				    43.2
5498				    39.6
5506				    43.2
5514				    47.1
5522				    46.8
5530				    44.9
5538				    44.0
5546				    43.7
5554				    45.7
5562				    55.8
5571				    56.8
5579				    55.8
5588				    55.3
5596				    53.6
5604				    49.0
5612				    48.6
5620				    48.8
5628				    47.8
5637				    46.5
5645				    45.0
5653				    43.6
5661				    44.4
5669				    42.7
5678				    40.9
5686				    40.1
5694				    42.3
5702				    43.0
5710				    42.1
5718				    42.6
5726				    41.9
5734				    41.4
5742				    41.3
5750				    41.5
5758				    42.3
5766				    46.7
5774				    48.4
5782				    50.4
5790				    49.4
5798				    47.2
5807				    45.0
5815				    43.9
5823				    44.8
5832				    44.4
5840				    42.5
5848				    40.7
5856				    39.0
5864				    39.0
5872				    39.8
5880				    38.1
5889				    36.7
5897				    37.4
5905				    37.1
5913				    40.6
5921				    41.7
5929				    42.3
5937				    43.0
5945				    43.0
5954				    42.9
5962				    42.3
5969				    42.5
5978				    41.3
5986				    41.3
5994				    41.2
6002				    39.9
6010				    38.2
6018				    37.4
6026				    38.8
6035				    40.8
6043				    39.7
6052				    39.2
6060				    38.2
6068				    36.2
6076				    35.5
6084				    34.3
6093				    33.8
6101				    35.6
6109				    36.6
6118				    38.6
6126				    37.7
6134				    37.3
6142				    37.3
6150				    34.0
6158				    28.8
6166				    28.7
6174				    28.7
6182				    28.7
6190				    25.5
6198				    23.6
6206				    22.7
6214				    22.7
6222				    21.5
6230				    21.0
6238				    21.0
6246				    21.0
6254				    21.0
6262				    20.6
6270				    19.1
6279				    17.8
6287				    17.4
6295				    17.4
6303				    17.2
6312				    16.3
6320				    16.3
6328				    16.3
6337				    16.3
6345				    15.3
6353				    14.7
6362				    14.9
6370				    14.9
6378				    14.5
6386				    15.6
6394				    15.6
6402				    15.6
6411				    15.4
6419				    15.5
6428				    15.5
6436				    15.5
6444				    15.5
6453				    27.3
6462				    28.4
6470				    31.5
6478				    35.3
6487				    85.8
6495				    85.7
6503				    71.6
6511				    66.8
6519				    57.9
6528				    53.0
6536				    49.9
6544				    55.2
6552				    53.9
6560				    54.9
6568				    53.7
6577				    53.9
6585				    54.9
6597				    67.5
6608				    36.0
6620				    34.0
6631				    36.4
6642				    44.8
6653				    78.1
6664				    83.1
6675				    81.9
6686				    75.3
6697				    68.4
6708				    61.2
6719				    56.2
6730				    54.8
6741				    49.2
6752				    59.2
6763				    55.1
6774				    55.3
6785				    57.0
6796				    56.3
6807				    68.6
6818				    65.2
6829				    58.9
6840				    55.5
6851				    54.3
6862				    55.6
6873				    52.3
6884				    48.2
6896				    47.7
6907				    44.5
6918				    47.0
6929				    47.8
6940				    47.1
6951				    47.0
6963				    47.0
6974				    47.3
6986				    48.5
6997				    47.3
7008				    46.9
7019				    44.8
7031				    44.8
7041				    42.5
7053				    40.9
7064				    40.5
7075				    40.4
7087				    41.1
7097				    40.8
7109				    41.4
7120				    44.4
7131				    43.9
7142				    43.8
7153				    43.2
7164				    39.9
7176				    40.1
7187				    45.1
7198				    45.3
7210				    45.7
7220				    47.0
7232				    45.8
7243				    42.9
7254				    42.9
7265				    42.9
7276				    41.0
7287				    32.5
7299				    31.4
7310				    31.2
7321				    35.7
7332				    36.7
7344				    39.4
7355				    43.9
7366				    48.7
7377				    52.9
7388				    50.8
7399				    47.3
7411				    41.7
7423				    39.1
7434				    36.1
7444				    34.5
7456				    33.0
7467				    29.1
7478				    27.9
7489				    26.8
7500				    25.7
7511				    24.5
7523				    23.2
7535				    22.5
7546				    24.7
7557				    24.5
7569				    24.8
7581				    24.5
7592				    27.1
7603				    26.7
7614				    26.2
7625				    26.0
7637				    28.7
7648				    28.7
7660				    30.8
7671				    30.8
7682				    30.8
7693				    30.8
