9830				    10
9841				    10
9853				    10
9864				    14
9876				    20
9887				    20
9898				    26
9909				    33
9921				    37
9932				    46
9944				    55
9955				    64
9966				    76
9978				    97
9989				    106
10001				    116
10012				    125
10024				    137
10035				    137
10046				    137
10058				    138
10069				    138
10080				    144
10091				    173
10102				    173
10114				    177
10125				    179
10137				    179
10148				    184
10159				    192
10170				    192
10181				    192
10192				    192
10203				    192
10214				    192
10225				    192
10237				    192
10249				    192
10260				    192
10271				    192
10282				    192
10294				    192
10305				    192
10316				    192
10327				    192
10338				    192
10349				    192
10361				    192
10372				    192
10383				    192
10394				    192
10406				    192
10417				    192
10429				    192
10440				    192
10451				    192
10463				    192
