5385				    38.065
5396				    38.065
5407				    38.065
5418				    38.065
5429				    47.656
5441				    47.656
5452				    47.656
5463				    47.656
5474				    47.925
5485				    50.936
5496				    55.546
5507				    52.335
5519				    50.159
5530				    50.159
5541				    55.586
5552				    52.6
5564				    54.723
5575				    59.409
5586				    58.365
5597				    54.453
5609				    53.412
5620				    46.904
5631				    48.645
5642				    51.997
5654				    54.014
5665				    54.014
5676				    59.22
5688				    60.79
5699				    56.403
5710				    60.348
5722				    63.065
5733				    59.069
5744				    54.39
5755				    54.866
5766				    54.683
5777				    57.262
5788				    66.754
5799				    65.194
5811				    65.194
5823				    71.538
5834				    88.351
5845				    97.993
5857				    104.131
5868				    100.367
5879				    56.647
5891				    50.387
5902				    47.952
