9633				    43.252
9645				    43.252
9656				    43.252
9667				    43.252
9678				    47.245
9689				    47.245
9701				    47.245
9712				    46.442
9723				    45.264
9734				    49.336
9745				    49.336
9757				    41.473
9769				    41.473
9780				    42.752
9792				    57.92
9803				    47.4
9814				    49.63
9825				    42.763
9837				    44.022
9848				    44.022
9861				    59.79
9873				    60.062
9884				    60.95
9896				    57.918
9907				    49.25
9919				    56.228
9930				    74.297
9942				    78.032
9953				    85.727
9964				    79.488
9975				    83.286
9986				    83.897
9997				    82.938
10008				    85.2
10020				    92.401
10031				    101.587
10042				    101.587
10053				    110.657
10065				    122.649
10077				    133.853
10089				    120.752
10100				    93.955
10111				    93.955
10123				    81.809
10134				    81.809
10146				    81.809
10157				    81.809
10169				    81.809
10180				    81.809
