18741				    33.638
18746				    33.638
18750				    33.638
18754				    33.638
18759				    33.638
18763				    33.638
18767				    33.638
18771				    33.638
18775				    33.638
18780				    33.638
18784				    33.638
18789				    33.638
18793				    18.643
18797				    18.643
18801				    4.363
18806				    4.363
18810				    4.363
18814				    4.363
18818				    4.363
18823				    4.363
18827				    4.363
18831				    4.363
18835				    4.363
18839				    4.363
18843				    4.363
18847				    4.363
18852				    1.991
18856				    1.991
18860				    1.183
18864				    1.183
18869				    2.717
18873				    2.717
18877				    2.717
18882				    2.717
18885				    2.717
18889				    2.717
18893				    4.236
18897				    4.236
18901				    4.995
18904				    4.995
18908				    2.328
18912				    2.328
18917				    1.859
18921				    1.859
18925				    1.71
18930				    1.71
18934				    1.71
18938				    1.71
18943				    1.71
18947				    1.71
18951				    1.71
18955				    3.224
18959				    3.351
18963				    3.351
18968				    3.1
18972				    3.1
18976				    5.123
18980				    5.123
18985				    5.123
18989				    5.123
18993				    5.875
18997				    5.875
19001				    5.875
19006				    5.875
19010				    5.875
19014				    4.683
19018				    6.695
19023				    6.695
19026				    6.695
19030				    6.695
19034				    6.695
19038				    6.695
19042				    16.837
19046				    16.837
19051				    10.091
19055				    10.091
19059				    10.091
19063				    10.091
19067				    10.091
19071				    4.263
19075				    4.263
19079				    3.916
19083				    3.916
19087				    4.344
19091				    4.344
19095				    4.474
19099				    4.474
19103				    3.503
19107				    3.503
19110				    3.612
19114				    3.612
19118				    4.192
19123				    4.192
19127				    4.192
19131				    4.192
19135				    4.192
19139				    4.192
19143				    4.192
19147				    4.192
19151				    4.192
19155				    11.36
19159				    9.544
19163				    7
19167				    5.413
19171				    5.413
19176				    5.413
19179				    5.413
19184				    5.413
19188				    5.413
19192				    9.481
19197				    9.481
19201				    9.481
19205				    9.481
19209				    9.481
19213				    3.178
19218				    3.178
19222				    4.368
19226				    6.043
19231				    6.043
19235				    7.097
19239				    7.097
19243				    7.125
19247				    7.125
19251				    5.348
19255				    5.348
19259				    5.348
19264				    4.952
19268				    4.952
19272				    4.759
19276				    4.759
19281				    3.64
19285				    3.64
19289				    3.64
19294				    3.64
19298				    6.91
19302				    13.609
19307				    13.609
19311				    6.378
19315				    6.378
19319				    5.468
19323				    5.468
19327				    5.732
19331				    5.732
19335				    5.732
19340				    5.732
19344				    5.732
19348				    5.732
19353				    5.732
19356				    5.732
19360				    8.644
19365				    8.644
19368				    8.644
19372				    8.644
19376				    6.887
19380				    6.887
19384				    7.086
19388				    7.086
19392				    7.086
19396				    7.086
19401				    7.086
19405				    7.086
19409				    7.086
19413				    10.023
19417				    10.023
19420				    9.758
19424				    9.758
19428				    7.587
19432				    7.587
19436				    7.39
19440				    7.39
19444				    6.071
19448				    6.071
19451				    6.835
19455				    6.835
19459				    8.56
19463				    8.56
19467				    12.445
19471				    12.445
19475				    12.445
19479				    17.411
19483				    17.411
19487				    17.411
19491				    17.373
19495				    10.344
19499				    10.344
19503				    9.736
19507				    9.736
19511				    10.162
19516				    10.162
19520				    10.232
19524				    7.776
19528				    7.776
19532				    7.902
19537				    7.902
19541				    5.841
19545				    5.841
19550				    5.841
19554				    4.69
19558				    4.681
19563				    4.681
19567				    4.681
19571				    4.681
19575				    5.398
19580				    5.398
19583				    7.43
19587				    7.43
19591				    3.921
19595				    3.921
19599				    4.71
19603				    4.71
19607				    6.171
19611				    5.514
19616				    5.514
19620				    2.77
19625				    2.77
19629				    2.77
19633				    2.77
19638				    2.77
19642				    7.537
19646				    8.91
19651				    8.91
19655				    7.461
19659				    7.461
19663				    7.461
19668				    7.461
19671				    7.506
19676				    7.506
19680				    7.213
19684				    5.021
19688				    5.021
19692				    4.567
19697				    4.567
19701				    4.369
19705				    4.369
19709				    4.603
19713				    4.622
19717				    4.622
19722				    4.294
19726				    4.294
19730				    2.694
19734				    2.694
19739				    4.308
19743				    2.371
19747				    2.69
19751				    2.69
19755				    2.7
19759				    2.7
19763				    4.018
19767				    4.018
19771				    3.382
19775				    3.382
19780				    3.946
19784				    3.946
19788				    3.946
19792				    2.568
19796				    2.568
19800				    3.836
19804				    3.836
19809				    6.513
19812				    6.513
19816				    8.161
19820				    8.161
19825				    10.988
19829				    10.988
19833				    11.775
19837				    11.775
19842				    11.775
19846				    11.775
19850				    11.775
19854				    12.911
19859				    9.935
19863				    9.935
19866				    4.949
19870				    4.949
19874				    4.949
19877				    4.949
19881				    4.949
19885				    4.949
19889				    4.949
19892				    12.035
19897				    12.035
19901				    8.385
19904				    8.385
19908				    8.675
19912				    8.675
19916				    7.904
19919				    7.904
19923				    7.904
19927				    7.904
19931				    7.904
19935				    9.206
19939				    9.145
19943				    9.145
19947				    6.924
19952				    6.924
19956				    5.124
19960				    5.124
19965				    5.233
19969				    7.153
19972				    7.319
19976				    7.319
19981				    7.319
19985				    4.288
19989				    4.288
19993				    4.288
19997				    4.288
20001				    4.288
20005				    4.288
20009				    4.288
20013				    13.325
20016				    13.325
20020				    13.325
20024				    13.325
