15282				    5.998
15286				    21.551
15290				    5.998
15294				    21.551
15298				    6.314
15302				    21.551
15307				    7.943
15311				    21.551
15315				    7.943
15319				    21.551
15324				    8.077
15328				    21.551
15332				    8.083
15335				    21.551
15339				    1.984
15343				    21.551
15347				    0.721
15351				    12.391
15356				    0.721
15360				    7.309
15364				    2.578
15369				    2.619
15373				    2.804
15378				    2.619
15382				    3.997
15386				    2.619
15390				    4.277
15394				    2.619
15399				    4.277
15403				    2.619
15407				    4.422
15412				    2.619
15416				    4.422
15420				    2.619
15424				    4.422
15429				    2.619
15433				    4.406
15437				    2.619
15441				    5.467
15445				    2.619
15450				    4.109
15454				    4.616
15458				    4.533
15463				    6.386
15467				    4.867
15471				    1.429
15476				    5.308
15480				    1.429
15485				    5.308
15489				    1.429
15493				    5.308
15498				    1.429
15502				    4.107
15507				    1.429
15511				    4.231
15515				    1.429
15520				    4.481
15524				    2.603
15529				    4.378
15533				    2.746
15537				    2.181
15541				    2.839
15545				    2.181
15549				    2.441
15553				    1.183
15557				    1.242
15561				    2.601
15565				    1.121
15569				    2.601
15573				    2.773
15577				    2.601
15581				    2.773
15586				    4.135
15590				    6.457
15594				    4.135
15598				    6.457
15603				    4.691
15608				    7.029
15612				    4.707
15616				    7.029
15620				    4.508
15625				    6.609
15629				    4.508
15634				    6.609
15638				    1.552
15642				    4.234
15646				    1.04
15650				    4.306
15654				    1.04
15658				    4.306
15663				    1.04
15667				    4.441
15671				    1.04
15676				    2.573
15680				    1.609
15685				    2.573
15689				    1.609
15693				    2.573
15698				    1.609
15702				    2.573
15706				    3.003
15710				    3.637
15714				    2.664
15718				    3.183
15722				    2.853
15725				    1.994
15730				    2.893
15733				    1.786
15737				    2.893
15741				    2.124
15745				    2.893
15749				    2.131
15754				    4.855
15758				    2.131
15762				    3.511
15767				    2.131
15771				    3.511
15776				    2.131
15780				    3.511
15785				    2.119
15789				    3.385
15794				    2.086
15797				    3.248
15801				    3.319
15805				    4.023
15810				    3.19
15814				    4.023
15818				    3.19
15822				    5.205
15827				    3.19
15831				    4.838
15835				    4.68
15840				    2.098
15844				    4.68
15848				    2.098
15853				    4.68
15857				    2.677
15861				    8.392
15866				    2.677
15870				    8.41
15874				    2.677
15878				    8.41
15882				    2.68
15886				    8.41
15891				    2.669
15895				    8.41
15899				    2.598
15904				    7.678
15908				    2.598
15913				    7.678
15917				    3.569
15921				    7.193
15925				    3.476
15929				    7.193
15933				    3.346
15937				    6.46
15942				    3.346
15946				    5.331
15950				    3.346
15954				    4.332
15958				    4.469
15962				    5.32
15966				    4.273
15969				    5.32
15973				    4.306
15977				    6.602
15981				    2.79
15985				    6.602
15990				    2.79
15993				    6.602
15998				    2.79
16002				    5.803
16005				    1.232
16009				    4.187
16013				    2.018
16017				    4.187
16021				    2.018
16025				    4.187
16029				    4.96
16034				    4.187
16038				    3.247
16042				    4.396
16046				    3.247
16051				    3.349
16055				    4.36
16059				    3.447
16064				    4.538
16068				    3.858
16072				    4.538
16077				    3.935
16081				    4.538
16085				    2.468
16090				    4.515
16094				    2.468
16098				    4.515
16103				    2.468
16107				    3.835
16111				    2.468
16115				    3.835
16119				    2.468
16123				    2.936
16128				    2.004
16132				    1.344
16136				    2.438
16141				    1.344
16145				    2.438
16149				    3.319
16154				    6.929
16158				    6.277
16162				    6.2
16166				    3.162
16170				    6.2
16174				    3.655
16178				    7.212
16182				    3.655
16186				    7.212
16190				    2.993
16194				    7.212
16198				    2.993
16202				    7.212
16206				    4.298
				    7.212
				    3.448
				    7.212
				    3.125
				    6.45
				    3.006
				    6.45
				    3.006
				    6.45
				    3.006
				    4.319
				    3.231
				    4.319
				    2.034
				    4.319
				    1.155
				    4.319
				    2.658
				    7.711
				    3.152
				    7.796
				    3.322
				    7.796
				    2.646
				    7.796
				    2.646
				    8.008
				    2.789
				    8.008
				    2.837
				    8.008
				    1.932
				    8.008
				    1.932
				    8.008
				    1.932
				    8.008
				    3.81
				    8.008
				    7.879
				    8.008
				    10.038
				    8.008
				    11.623
				    8.008
				    5.53
				    11.807
				    2.787
				    5.393
				    2.787
				    5.393
				    2.787
				    5.393
				    4.036
				    4.399
				    4.841
				    4.399
				    5.054
				    4.399
				    5.054
				    4.399
				    5.45
				    6.853
				    5.456
				    6.853
				    2.776
				    8.093
				    2.826
				    8.093
				    3.443
				    6.18
				    3.443
				    1.792
				    5.508
				    2.592
				    3.756
				    2.349
				    2.101
				    2.349
				    2.464
				    2.548
				    2.599
				    2.925
				    2.599
				    3.197
				    2.712
				    3.29
				    2.521
				    3.29
				    2.059
				    2.419
				    2.059
				    2.118
				    3.402
				    1.679
				    1.944
				    1.679
				    2.118
				    1.679
				    1.25
				    2.961
				    1.271
				    2.961
				    1.291
				    2.615
				    1.296
				    1.435
				    1.481
				    1.435
				    1.521
				    2.447
				    1.629
				    2.447
				    1.629
				    1.036
				    2.161
				    1.041
				    2.161
				    1.041
				    1.418
				    0.605
				    1.111
				    0.605
				    1.336
				    0.605
				    1.253
				    2.208
				    1.691
				    1.854
				    1.784
				    2.18
				    1.784
				    2.18
				    1.784
				    2.18
				    2.777
				    2.181
				    1.939
				    2.298
				    2.163
				    2.374
				    2.175
				    2.374
				    0.936
				    2.375
				    1.309
				    2.375
				    1.749
				    1.517
				    1.749
				    1.517
				    1.749
				    1.517
				    3.875
				    1.517
				    6.367
				    1.517
				    6.367
				    4.627
				    6.751
				    6.275
				    5.599
				    6.275
				    2.67
				    8.611
				    2.67
				    8.611
				    3.592
				    7.139
				    1.652
				    2.248
				    1.676
				    2.248
				    1.868
				    2.248
				    2.768
				    4.516
				    2.768
				    4.516
				    2.768
				    4.544
				    2.768
				    4.544
				    2.768
				    4.544
				    2.503
				    4.544
				    2.182
				    7.473
				    2.064
				    7.342
				    2.064
				    7.342
				    2.366
				    4.817
				    2.366
				    4.817
				    3.429
				    4.817
				    4.774
				    4.205
				    3.49
				    3.476
				    3.49
				    3.476
				    3.955
				    3.476
				    3.955
				    3.476
				    3.955
				    3.476
				    1.906
				    1.566
				    1.906
				    1.566
				    1.906
				    4.557
				    4.076
				    4.984
				    2.951
				    4.984
