0				    2.8	
12				    2.8	
23				    2.8	
34				    2.8	
46				    3.7	
57				    4.8	
68				    4.8	
80				    4.8	
91				    8.3	
103				    8.3	
114				    8.3	
126				    11.5	
137				    14.3	
149				    14.3	
161				    19.2	
173				    22.0	
184				    25.3	
196				    25.3	
208				    26.5	
219				    26.4
231				    28.0
243				    25.7
254				    23.4
266				    23.8
278				    21.8
289				    19.4
301				    17.9
312				    15.3
324				    14.6
336				    14.6
348				    14.2
359				    11.9
368				    12.4
375				    18.9
381				    20.9
386				    22.8
390				    25.7
395				    26.0
400				    26.0
404				    26.0
410				    26.0
414				    24.2
419				    23.2
425				    20.3
438				    20.3
452				    20.3
465				    20.3
478				    9.9
491				    8.5
500				    9.4
511				    9.4
520				    11.4
529				    11.4
538				    12.5
548				    12.5
557				    10.3
566				    8.9
575				    9.5
584				    9.5
593				    12.8
603				    11.1
612				    11.7
621				    13.0
631				    13.4
640				    14.0
649				    13.1
658				    13.9
668				    13.5
677				    14.1
686				    14.1
695				    12.0
705				    12.0
714				    11.9
722				    12.0
729				    12.5
736				    12.5
743				    11.8
750				    12.0
756				    12.4
762				    12.3
768				    12.6
774				    12.8
780				    12.8
786				    12.6
792				    12.7
798				    11.1
805				    11.7
811				    12.0
817				    12.5
823				    13.9
829				    14.3
835				    14.8
841				    13.8
847				    13.8
853				    13.4
860				    13.2
866				    13.2
872				    13.2
878				    12.2
884				    10.4
890				    11.2
896				    11.2
902				    11.2
908				    11.2
915				    11.2
921				    11.2
928				    11.5
934				    10.8
940				    10.3
946				    10.2
952				    10.2
960				    10.2
973				    10.2
986				    11.2
1000				    11.5
1014				    11.5
1027				    12.6
1040				    11.2
1047				    11.2
1055				    10.7
1062				    12.5
1069				    13.9
1076				    13.7
1083				    13.7
1091				    13.7
1098				    13.6
1105				    13.6
1112				    13.6
1119				    10.6
1126				    9.8
1133				    9.8
1141				    8.6
1148				    8.6
1156				    8.4
1163				    9.3
1171				    9.1
1177				    8.7
1184				    8.7
1191				    8.4
1198				    9.0
1205				    9.0
1212				    9.0
1220				    9.0
1227				    7.7
1235				    7.7
1247				    7.9
1258				    8.2
1269				    8.2
1282				    7.9
1290				    7.9
1296				    7.1
1302				    7.2
1308				    7.4
1314				    8.4
1319				    8.4
1325				    8.5
1331				    9.1
1337				    9.2
1343				    9.3
1349				    9.2
1355				    9.9
1360				    9.9
1366				    10.2
1372				    11.0
1378				    11.1
1383				    11.3
1389				    11.2
1395				    11.2
1400				    11.5
1406				    11.7
1412				    11.6
1417				    11.8
1423				    11.4
1429				    11.2
1435				    11.0
1441				    11.0
1446				    11.0
1452				    11.0
1459				    11.0
1465				    11.0
1472				    10.3
1479				    8.2
1487				    7.8
1495				    7.8
1502				    8.4
1510				    8.4
1518				    9.6
1525				    9.6
1532				    8.9
1540				    8.9
1548				    9.2
1555				    9.9
1563				    10.3
1570				    11.1
1578				    11.0
1585				    10.9
1593				    11.4
1601				    11.3
1608				    11.3
1615				    10.1
1623				    10.1
1630				    10.1
1638				    10.1
1645				    10.1
1653				    10.1
1660				    10.1
1668				    10.1
1675				    8.4
1683				    6.4
1690				    6.1
1698				    6.1
1706				    6.1
1713				    8.6
1720				    8.6
1728				    9.9
1735				    9.8
1743				    9.8
1750				    11.0
1757				    11.7
1765				    11.7
1772				    10.9
1780				    10.9
1787				    10.6
1795				    10.8
1802				    11.1
1810				    11.2
1818				    10.9
1825				    10.6
1832				    10.4
1840				    9.9
1847				    10.5
1855				    11.1
1863				    11.5
1870				    11.0
1878				    10.9
1885				    10.6
1893				    10.9
1900				    10.9
1908				    11.2
1915				    11.9
1923				    12.9
1930				    12.8
1937				    12.1
1944				    12.5
1952				    12.6
1960				    12.5
1971				    12.3
1982				    12.3
1994				    12.4
2006				    13.6
2017				    13.6
2028				    12.4
2040				    12.5
2051				    12.0
2062				    12.0
2073				    11.3
2085				    12.0
2096				    12.0
2107				    12.8
2118				    12.3
2130				    12.2
2142				    12.8
2153				    13.2
2164				    12.6
2175				    13.5
2187				    13.6
2198				    12.5
2209				    11.8
2221				    11.6
2232				    12.0
2244				    12.6
2256				    12.6
2267				    11.0
2278				    11.0
2290				    11.0
2301				    9.0
2312				    7.7
2323				    7.2
2335				    8.0
2346				    9.5
2357				    11.7
2369				    11.2
2380				    11.2
2391				    10.8
2402				    11.9
2413				    11.7
2425				    12.4
2436				    12.9
2447				    12.8
2459				    13.2
2470				    13.2
2481				    13.2
2492				    13.2
2504				    10.7
2515				    10.7
2526				    11.2
2538				    12.3
2549				    12.0
2561				    9.8
2572				    11.0
2584				    11.4
2595				    11.4
2606				    11.2
2618				    11.6
2629				    11.6
2640				    11.6
2651				    14.3
2662				    12.8
2674				    12.8
2686				    14.7
2697				    15.4
2709				    13.8
2720				    12.8
2729				    13.0
2737				    12.8
2746				    13.8
2755				    13.8
2764				    12.7
2772				    14.6
2780				    14.5
2789				    14.3
2797				    14.3
2806				    14.6
2814				    14.4
2823				    15.2
2831				    15.2
2839				    15.2
2848				    13.6
2857				    13.4
2865				    12.3
2874				    12.2
2882				    15.4
2891				    15.4
2900				    15.4
2908				    14.8
2917				    14.8
2925				    14.1
2934				    9.7
2943				    10.1
2951				    10.1
2959				    10.9
2968				    10.9
2977				    11.9
2985				    11.8
2995				    11.3
3006				    10.5
3018				    11.6
3030				    12.8
3041				    14.5
3052				    14.8
3064				    13.2
3076				    13.5
3087				    13.5
3099				    13.9
3111				    14.4
3122				    13.4
3134				    14.1
3146				    13.5
3158				    14.0
3167				    14.0
3175				    13.3
3184				    12.7
3192				    12.4
3201				    13.4
3209				    14.4
3217				    15.1
3226				    14.6
3235				    14.4
3243				    14.4
3251				    14.5
3259				    14.0
3268				    14.3
3277				    14.1
3286				    14.1
3294				    14.1
3303				    14.1
3311				    11.3
3320				    13.2
3328				    13.4
3337				    13.8
3345				    13.8
3354				    15.1
3362				    14.6
3371				    12.4
3379				    12.6
3387				    12.6
3396				    14.5
3404				    15.5
3412				    16.0
3421				    15.4
3429				    15.4
3438				    15.1
3446				    15.4
3455				    15.8
3464				    16.3
3472				    16.3
3481				    16.3
3489				    16.3
3497				    16.3
3506				    12.1
3515				    10.6
3524				    10.6
3533				    10.6
3541				    11.4
3550				    11.4
3558				    12.4
3564				    13.0
3571				    12.7
3579				    13.9
3592				    14.6
3605				    15.9
3618				    14.7
3631				    15.7
3644				    18.7
3657				    18.5
3670				    16.8
3682				    14.7
3695				    17.1
3708				    18.0
3721				    17.8
3735				    17.6
3746				    15.7
3753				    16.1
3759				    16.2
3765				    16.2
3771				    16.2
3777				    16.3
3783				    16.7
3789				    16.1
3795				    14.5
3801				    13.5
3807				    13.5
3813				    13.5
3819				    13.5
3825				    13.5
3831				    13.5
3837				    13.7
3843				    14.5
3849				    15.0
3854				    14.6
3860				    14.6
3866				    14.4
3872				    14.7
3878				    14.7
3884				    14.5
3890				    16.5
3896				    16.5
3902				    15.5
3908				    15.6
3913				    16.3
3919				    16.6
3925				    16.8
3931				    16.4
3937				    15.8
3944				    14.7
3955				    13.4
3966				    15.6
3978				    17.9
3989				    17.9
4001				    17.4
4012				    14.4
4024				    15.9
4035				    16.3
4046				    16.3
4057				    14.8
4069				    14.6
4080				    14.1
4091				    15.0
4103				    15.1
4114				    14.1
4125				    13.7
4136				    15.0
4148				    17.9
4159				    19.4
4170				    17.9
4182				    17.6
4193				    16.5
4204				    17.9
4215				    19.1
4226				    19.5
4237				    17.8
4249				    16.7
4260				    15.2
4271				    14.7
4282				    17.7
4293				    19.1
4304				    19.1
4315				    17.2
4326				    14.5
4337				    13.9
4348				    13.8
4359				    18.8
4370				    20.3
4382				    19.7
4394				    20.3
4404				    20.5
4416				    19.2
4427				    19.5
4438				    20.4
4449				    20.1
4460				    20.3
4471				    20.3
4483				    21.1
4495				    21.1
4506				    21.1
4517				    17.2
4529				    11.7
4540				    13.1
4551				    12.9
4562				    16.8
4574				    18.6
4585				    16.7
4596				    18.3
4607				    18.3
4618				    21.0
4630				    21.2
4641				    20.7
4652				    20.3
4663				    18.0
4675				    19.5
4686				    18.8
4697				    19.5
4708				    18.1
4720				    18.5
4731				    19.7
4743				    23.1
4754				    22.0
4765				    19.0
4777				    18.9
4788				    16.6
4800				    18.2
4811				    18.9
4823				    18.2
4834				    18.2
4845				    16.0
4857				    14.0
4868				    12.7
4879				    12.2
4890				    11.3
4901				    11.3
4912				    11.3
4924				    11.3
4936				    10.7
4947				    10.0
4959				    8.8
4971				    6.7
4982				    6.6
4994				    12.3
5005				    13.7
5016				    13.2
5027				    13.2
5039				    13.2
5050				    13.2
5061				    13.2
5072				    11.1
5084				    6.9
5095				    6.9
5106				    8.2
5118				    10.2
5129				    8.6
5140				    9.5
5151				    10.8
5163				    11.2
5174				    11.1
5185				    9.9
5196				    10.6
5207				    11.2
5218				    12.1
5229				    12.5
5241				    12.7
5252				    12.5
5263				    11.3
5274				    11.7
5286				    11.5
5297				    11.2
5308				    11.8
5319				    12.0
5330				    12.1
5341				    12.2
5353				    12.8
5364				    12.6
5375				    11.9
5386				    11.8
5397				    12.3
5408				    11.8
5420				    11.8
5431				    10.9
5442				    10.8
5453				    12.1
5464				    12.4
5476				    13.2
5487				    13.4
5498				    12.1
5509				    12.1
5521				    12.1
5532				    10.2
5543				    7.9
5554				    8.3
5565				    9.3
5577				    11.6
5588				    12.4
5599				    10.9
5610				    12.7
5622				    12.2
5633				    11.9
5644				    11.6
5655				    10.2
5666				    11.6
5677				    12.5
5689				    12.5
5700				    12.5
5711				    10.0
5722				    9.9
5733				    10.4
5745				    11.3
5756				    12.3
5767				    10.5
5778				    10.9
5789				    11.4
5800				    12.0
5811				    12.1
5822				    12.1
5834				    12.3
5845				    13.4
5857				    13.3
5868				    12.7
5880				    12.3
5891				    11.7
5902				    11.7
5913				    11.7
5925				    11.7
5936				    10.6
5948				    7.0
5960				    7.3
5971				    7.2
5983				    7.2
5994				    7.4
6006				    8.0
6018				    8.7
6029				    8.6
6040				    9.8
6052				    10.6
6063				    10.6
6074				    10.1
6086				    11.0
6097				    12.3
6109				    13.9
6121				    13.3
6132				    12.8
6143				    12.0
6154				    12.2
6165				    12.2
6176				    12.1
6188				    12.1
6199				    12.8
6210				    12.3
6222				    12.8
6234				    13.0
6245				    13.6
6256				    13.3
6267				    13.7
6278				    13.6
6290				    13.6
6301				    11.6
6313				    12.1
6325				    12.7
6336				    13.2
6347				    13.4
6359				    12.4
6370				    11.7
6381				    12.1
6392				    11.9
6403				    12.9
6414				    13.0
6426				    15.0
6437				    15.2
6448				    14.7
6459				    15.2
6471				    16.1
6482				    16.9
6493				    16.4
6504				    16.4
6515				    16.4
6523				    16.4
6531				    16.4
6540				    16.4
6548				    11.8
6556				    7.2
6564				    6.8
6573				    6.8
6581				    6.8
6590				    8.1
6599				    9.9
6607				    10.7
6615				    12.5
6623				    12.5
6631				    14.3
6639				    15.7
6648				    16.1
6656				    14.7
6664				    15.4
6672				    15.8
6680				    17.0
6689				    18.0
6697				    17.5
6705				    14.4
6713				    16.3
6722				    17.0
6730				    16.2
6739				    16.6
6750				    15.6
6762				    14.3
6773				    14.3
6784				    14.1
6795				    14.2
6807				    15.2
6818				    13.0
6830				    13.9
