814				    1
818				    1
822				    1
826				    1
830				    1
834				    1
838				    1
842				    1
845				    1
849				    1
853				    1
857				    1
861				    1
865				    1
869				    1
872				    1
876				    1
880				    1
885				    1
889				    1
893				    1
898				    1
902				    1
906				    1
910				    1
914				    1
918				    1
922				    1
926				    1
930				    1
934				    1
938				    1
942				    1
946				    1
950				    1
955				    1
959				    1
963				    1
967				    1
971				    1
976				    1
980				    1
984				    1
988				    1
992				    1
996				    1
1001				    1
1005				    1
1009				    1
1013				    1
1017				    1
1022				    1
1026				    1
1030				    1
1034				    1
1038				    1
1042				    1
1046				    1
1050				    1
1054				    1
1058				    1
1063				    1
1067				    1
1072				    1
1076				    1
1080				    1
1085				    1
1089				    1
1093				    1
1098				    1
1102				    1
1106				    1
1110				    1
1114				    1
1118				    1
1122				    1
1127				    1
1131				    1
1135				    1
1139				    1
1143				    1
1147				    1
1151				    1
1155				    1
1160				    1
1164				    1
1168				    1
1172				    1
1177				    1
1181				    1
1185				    1
1189				    1
1194				    1
1198				    1
1202				    1
1206				    1
1210				    1
1214				    1
1219				    1
1223				    1
1227				    1
1231				    1
1235				    1
1240				    1
1244				    1
1248				    1
1252				    1
1256				    1
1260				    1
1265				    1
1269				    1
1273				    1
1277				    1
1281				    1
1285				    1
1290				    1
1294				    1
1298				    1
1302				    1
1306				    1
1311				    1
1315				    1
1319				    1
1323				    1
1327				    1
1331				    1
1334				    1
1338				    1
1342				    1
1346				    1
1350				    1
1354				    1
1358				    1
1362				    1
1366				    1
1370				    1
1374				    1
1379				    1
1383				    1
1387				    1
1391				    1
1395				    1
1400				    1
1404				    1
1408				    1
1412				    1
1416				    1
1420				    1
1424				    1
1428				    1
1432				    1
1437				    1
1441				    1
1445				    1
1450				    1
1454				    1
1458				    1
1462				    1
1467				    1
1471				    1
1475				    1
1479				    1
1483				    1
1487				    1
1491				    1
1495				    1
1499				    1
1503				    1
1506				    1
1510				    1
1515				    1
1518				    1
1523				    1
1527				    1
1531				    1
1535				    1
1539				    1
1543				    1
1547				    1
1551				    1
1555				    1
1559				    1
1563				    1
1567				    1
1571				    1
1575				    1
1579				    1
1583				    1
1588				    1
1592				    1
1596				    1
1600				    1
1604				    1
1608				    1
1612				    1
1616				    1.1	
1620				    1.1	
1624				    1.1	
1628				    1.1	
1632				    1.1	
1636				    1.1	
1639				    1.1	
1644				    1.1	
1647				    1.1	
1652				    1.1	
1656				    1.1	
1660				    1.1	
1664				    1.1	
1668				    1.1	
1672				    1.1	
1676				    1.1	
1680				    1.1	
1685				    1.1	
1689				    1.1	
1693				    1.1	
1697				    1.1	
1702				    1.1	
1706				    1.1	
1710				    1.1	
1714				    1.1	
1718				    1.1	
1722				    1.1	
1727				    1.1	
1731				    1.1	
1735				    1.1	
1740				    1.1	
1744				    1.1	
1748				    1.1	
1753				    1.1	
1757				    1.1	
1761				    1.1	
1766				    1.1	
1770				    1.1	
1774				    1.1	
1779				    1.1	
1783				    1.1	
1786				    1.1	
1791				    1.1	
1795				    1.1	
1800				    1.1	
1804				    1.1	
1808				    1.1	
1812				    1.1	
1817				    1.1	
1821				    1.1	
1826				    1.1	
1830				    1.1	
1834				    1.1	
1838				    1.1	
1843				    1.1	
1847				    1.1	
1851				    1.1	
1855				    1.1	
1859				    1.1	
1863				    1.1	
1867				    1.1	
1871				    1.1	
1875				    1.1	
1879				    1.1	
1883				    1.1	
1887				    1.1	
1892				    1.1	
1896				    1.1	
1900				    1.1	
1904				    1.1	
1909				    1.1	
1913				    1.1	
1917				    1.1	
1922				    1.1	
1926				    1.1	
1930				    1.1	
1935				    1.1	
1939				    1.1	
1943				    1.1	
1947				    1.1	
1951				    1.1	
1955				    1.1	
1959				    1.1	
1963				    1.1	
1968				    1.1	
1972				    1.1	
1976				    1.1	
1980				    1.1	
1985				    1.1	
1989				    1.1	
1994				    1.1	
1998				    1.1	
2002				    1.1	
2007				    1.1	
2011				    1.1	
2015				    1.1	
2019				    1.1	
2024				    1.1	
2028				    1.1	
2032				    1.1	
2036				    1.1	
2040				    1.3	
2044				    1.3	
2049				    1.3	
2052				    1.3	
2056				    1.3	
2060				    1.3	
2064				    1.7	
2068				    1.7	
2072				    1.9	
2077				    1.9	
2081				    1.9	
2085				    1.9	
2089				    1.9	
2094				    1.9	
2098				    1.9	
2102				    1.9	
2106				    1.9	
2111				    1.9	
2115				    1.9	
2119				    1.9	
2123				    1.9	
2127				    1.9	
2132				    1.9	
2136				    1.9	
2140				    1.9	
2144				    1.9	
2148				    1.9	
2152				    1.9	
2156				    1.9	
2159				    1.9	
2164				    1.9	
2167				    1.9	
2171				    1.9	
2176				    1.9	
2180				    1.9	
2184				    1.9	
2188				    1.9	
2193				    1.9	
2197				    1.9	
2201				    1.9	
2205				    1.9	
2209				    1.9	
2214				    1.9	
2218				    1.9	
2222				    1.9	
2227				    1.9	
2230				    1.9	
2234				    1.9	
2238				    1.9	
2242				    1.9	
2246				    1.9	
2251				    1.9	
2255				    1.9	
2259				    1.9	
2264				    1.9	
2268				    1.9	
2272				    1.9	
2276				    1.9	
2281				    1.9	
2285				    1.9	
2289				    1.9	
2294				    1.9	
2298				    1.9	
2302				    1.9	
2307				    1.9	
2310				    1.9	
2314				    1.9	
2318				    1.9	
2322				    1.9	
2326				    1.9	
2331				    1.9	
2335				    1.9	
2339				    1.9	
2343				    1.9	
2348				    1.9	
2352				    1.9	
2356				    1.9	
2360				    1.9	
2364				    1.9	
2369				    1.9	
2373				    1.9	
2377				    1.9	
2381				    1.9	
2385				    1.9	
2389				    1.9	
2393				    1.9	
2398				    1.9	
2402				    1.9	
2406				    1.9	
2410				    1.9	
2414				    2.0	
2419				    2.0	
2423				    2.2	
2427				    2.2	
2432				    2.3	
2436				    2.3	
2439				    2.3	
2443				    2.3	
2447				    2.3	
2451				    2.4	
2455				    2.4	
2459				    2.6	
2463				    2.6	
2468				    2.8	
2472				    2.8	
2476				    2.8	
2480				    2.8	
2485				    2.9	
2489				    2.9	
2493				    2.9	
2498				    3.2	
2502				    3.2	
2506				    3.2	
2511				    3.2	
2514				    3.3	
2518				    3.3	
2522				    3.3	
2527				    3.3	
2531				    3.4	
2535				    3.4	
2539				    3.4	
2543				    3.4	
2547				    3.4	
2551				    3.4	
2556				    3.4	
2560				    3.6	
2565				    3.6	
2569				    3.6	
2573				    3.6	
2578				    3.6	
2582				    3.6	
2586				    3.6	
2590				    3.6	
2594				    3.6	
2598				    3.6	
2602				    3.6	
2607				    3.6	
2611				    3.6	
2615				    3.6	
2619				    3.6	
2624				    3.6	
2628				    3.6	
2632				    3.6	
2636				    3.6	
2641				    3.6	
2644				    3.6	
2649				    3.6	
2653				    3.6	
2656				    3.6	
2661				    3.6	
2664				    3.6	
2668				    3.6	
2672				    3.6	
2676				    3.6	
2680				    3.6	
2684				    3.6	
2688				    3.6	
2692				    3.6	
2696				    3.6	
2700				    3.6	
2703				    3.6	
2707				    3.6	
2711				    3.6	
2715				    3.6	
2720				    3.6	
2724				    3.6	
2727				    3.6	
2732				    3.6	
2736				    3.6	
2740				    3.6	
2745				    3.6	
2749				    3.6	
2753				    3.6	
2757				    3.6	
2761				    3.6	
2765				    3.6	
2770				    3.6	
2774				    3.6	
2778				    3.6	
2782				    3.6	
2786				    3.6	
2790				    3.6	
2794				    3.6	
2798				    3.6	
2801				    3.6	
2806				    3.6	
2810				    3.6	
2814				    3.6	
2817				    3.6	
2821				    3.6	
2825				    3.6	
2829				    3.6	
2833				    3.6	
2837				    3.6	
2842				    3.6	
2846				    3.6	
2850				    3.6	
2855				    3.6	
2858				    3.6	
2863				    3.6	
2867				    3.6	
2871				    3.6	
2876				    3.6	
2880				    3.6	
2884				    3.6	
2889				    3.6	
2893				    3.6	
2897				    3.6	
2901				    3.6	
2905				    3.6	
2909				    3.6	
2913				    3.6	
2918				    3.6	
2922				    3.6	
2926				    3.6	
2930				    3.6	
2934				    3.6	
2938				    3.6	
2942				    3.6	
2946				    3.6	
2950				    3.6	
2955				    3.6	
2959				    3.6	
2962				    3.6	
2966				    3.6	
2970				    3.6	
2974				    3.6	
2978				    3.6	
2982				    3.6	
2986				    3.6	
2990				    3.6	
2995				    3.6	
2999				    3.6	
3003				    3.6	
3006				    3.5	
3010				    3.5	
3015				    3.5	
3018				    3.5	
3022				    3.4	
3027				    3.4	
3031				    3.4	
3035				    3.4	
3039				    3.4	
3044				    3.4	
3048				    3.4	
3052				    3.3
3056				    3.3
3060				    3.2
3064				    3.2
3069				    3.1
3073				    3.1
3077				    3.1
3082				    3.1
3086				    3.1
3090				    2.9
3095				    2.9
3099				    2.9
3103				    2.9
3107				    2.8
3111				    2.8
3115				    2.8
3119				    2.8
3123				    2.8
3127				    2.7
3131				    2.7
3135				    2.7
3139				    2.6
3143				    2.6
3148				    2.6
3152				    2.6
3156				    2.6
3160				    2.5
3164				    2.5
3169				    2.5
3173				    2.5
3177				    2.2
3182				    2.2
3186				    2.2
3190				    2.2
3194				    1.8
3198				    1.8
3202				    1.8
3206				    1.8
3210				    1.8
3214				    1.8
3219				    1.8
3222				    1.8
3226				    1.8
3230				    1.8
3234				    1.8
3239				    1.8
3243				    1.8
3247				    1.8
3252				    1.8
3256				    1.8
3260				    1.8
3264				    1.8
3268				    1.8
3273				    1.8
3277				    1.8
3281				    1.8
3286				    1.8
3290				    1.8
3294				    1.8
3298				    1.8
3303				    1.8
3306				    1.8
3311				    1.8
3314				    1.8
3319				    1.8
3323				    1.8
3326				    1.8
3331				    1.8
3334				    1.8
3338				    1.8
3342				    1.8
3346				    1.8
3350				    1.8
3354				    1.8
3357				    1.8
3361				    1.8
3365				    1.8
3369				    1.8
3373				    1.8
3377				    1.8
3381				    1.8
3385				    1.8
3389				    1.8
3393				    1.8
3397				    1.8
3401				    1.8
3405				    1.8
3409				    1.8
3413				    1.8
3418				    1.8
3422				    1.8
3426				    1.8
3430				    1.8
3434				    1.8
3438				    1.8
3442				    1.8
3446				    1.8
3450				    1.8
3455				    1.8
3459				    1.8
3463				    1.8
3467				    1.8
3472				    1.8
3476				    1.8
3480				    1.8
3485				    1.8
3489				    1.8
3493				    1.8
3497				    1.8
3502				    1.8
3506				    1.8
3511				    1.8
3515				    1.8
3519				    1.8
3523				    1.8
3527				    1.9
3532				    1.9
3536				    1.9
3540				    1.9
3545				    1.9
3549				    1.9
3554				    1.9
3558				    1.9
3562				    1.9
3567				    1.9
3571				    1.8
3575				    1.8
3579				    1.8
3584				    1.8
3588				    1.6
3592				    1.6
3597				    1.6
3601				    1.6
3605				    1.4
3609				    1.4
3613				    1.4
3617				    1.4
3621				    1.3
3625				    1.3
3630				    1.3
3634				    1.3
3638				    1.2
3642				    1.2
3646				    1.1
3651				    1.1
3655				    1.1
3658				    1.1
3662				    1.1
3667				    1
3671				    1
3675				    1
3679				    1
3684				    1
3688				    1
3692				    1
3696				    1
3700				    1
3704				    1
3708				    1
3712				    1
3716				    1
3720				    1
3724				    1
3727				    1
3731				    1
3735				    1
3739				    1
3743				    1
3748				    1
3752				    1
3756				    1
3761				    1
3765				    1
3769				    1
3774				    1
3778				    1
3783				    1
3786				    1
3791				    1
3795				    1
3799				    1
3804				    1
3808				    1
3812				    1
3816				    1
3821				    1
3824				    1
3828				    1
3832				    1
3837				    1
3841				    1
3845				    1
3849				    1
3853				    1
3857				    1
3861				    1
3866				    1
3870				    1
3874				    1
3878				    1
3882				    1
3886				    1
3890				    1
3894				    1
3898				    1
3902				    1
3906				    1
3911				    1
3915				    1
3919				    1
3923				    1
3927				    1
3931				    1
3935				    1
3939				    1
3943				    1
3948				    1
3951				    1
3955				    1
3960				    1
3964				    1
3968				    1
3972				    1
3975				    1
3980				    1
3983				    1
3987				    1
3992				    1
3996				    1
4000				    1
4004				    1
4009				    1
4013				    1
4017				    1
4021				    1
4025				    1
4030				    1
4034				    1
4038				    1
4042				    1
4046				    1
4050				    1
4054				    1
4058				    1
4061				    1
4066				    1
4070				    1
4074				    1
4077				    1
4081				    1
4085				    1
4089				    1
4093				    1
4097				    1
4100				    1
4104				    1
4108				    1
4112				    1
4115				    1
4119				    1
4123				    1
4127				    1
4131				    1
4136				    1
4140				    1
4144				    1
4148				    1
4152				    1
4156				    1
4160				    1
4165				    1
4169				    1
4173				    1
4177				    1
4181				    1
4185				    1
4188				    1
4192				    1
4196				    1
4200				    2.4
4204				    2.4
4209				    2.4
4213				    2.4
4217				    2.4
4221				    2.4
4225				    2.4
4230				    2.4
4234				    2.4
4238				    2.4
4242				    2.4
4246				    2.4
4250				    2.4
4254				    2.4
4258				    2.4
4263				    2.4
4267				    2.4
4271				    2.4
4275				    2.4
4279				    2.4
4284				    2.4
4288				    2.4
4292				    2.4
4296				    2.4
4300				    2.4
4305				    2.4
4309				    2.4
4313				    2.4
4318				    2.4
4322				    2.4
4327				    2.4
4331				    2.4
4335				    2.4
4340				    2.4
4344				    2.4
4348				    2.4
4352				    2.4
4356				    2.4
4360				    2.4
4364				    2.4
4368				    2.4
4372				    2.4
4376				    2.4
4380				    2.4
4384				    2.4
4388				    2.4
4392				    2.4
4396				    2.4
4400				    2.4
4404				    2.4
4407				    2.4
4411				    2.4
4416				    2.4
4420				    2.4
4424				    2.4
4429				    2.4
4433				    2.8
4437				    2.8
4442				    2.8
4446				    2.8
4450				    2.8
4454				    4.2
4458				    4.2
4462				    4.3
4466				    4.3
4470				    4.6
4474				    4.6
4479				    4.7
4483				    4.7
4487				    4.9
4491				    4.9
4496				    4.9
4500				    4.8
4504				    4.8
4509				    4.8
4513				    4.8
4517				    4.6
4522				    4.6
4526				    4.5
4530				    4.5
4534				    4.5
4539				    4.3
4543				    4.1
4547				    4.1
4551				    4.1
4555				    4.1
4559				    3.7
4563				    3.7
4568				    3.7
4572				    3.7
4576				    3.7
4580				    3.6
4584				    3.6
4588				    3.5
4592				    3.4
4596				    3.4
4601				    3.4
4605				    3.4
4609				    3.4
4614				    3.4
4618				    3.4
4622				    3.4
4626				    3.4
4630				    3.4
4634				    3.4
4639				    3.4
4643				    3.4
4648				    3.4
4652				    3.4
4656				    3.4
4661				    3.4
4665				    3.4
4670				    3.4
4674				    3.4
4678				    3.4
4682				    3.4
4686				    3.4
4690				    3.4
4695				    3.4
4699				    3.4
4704				    3.4
4708				    3.4
4712				    3.4
4717				    3.4
4721				    3.4
4725				    3.4
4730				    3.4
4734				    3.4
4739				    3.4
4743				    3.4
4747				    3.4
4751				    3.4
4756				    3.4
4760				    3.4
4764				    3.4
4769				    3.4
4772				    3.4
4776				    3.4
4781				    3.4
4785				    3.4
4789				    3.4
4794				    3.4
4798				    3.4
4802				    3.4
4806				    3.4
4810				    3.4
4814				    3.4
4817				    3.4
4822				    3.4
4826				    3.4
4830				    3.4
4833				    3.4
4838				    3.4
4842				    3.3
4846				    3.3
4850				    3.3
4854				    3.3
4858				    3.1
4862				    3.1
4866				    3.1
4870				    3.1
4874				    3.0
4877				    3.0
4881				    3.0
4885				    3.0
4889				    3.0
4892				    3.0
4896				    2.8
4900				    2.8
4904				    2.8
4909				    2.8
4913				    2.7
4917				    2.7
4922				    2.7
4926				    2.7
4930				    2.7
4934				    2.7
4938				    2.4
4942				    2.5
4946				    2.5
4951				    2.5
4955				    2.5
4959				    2.5
4964				    2.5
4968				    2.5
4972				    2.5
4976				    2.5
4980				    2.6
4984				    2.6
4989				    2.6
4993				    2.6
4997				    2.6
5002				    2.6
5006				    2.6
5010				    2.6
5014				    2.6
5018				    2.6
5022				    2.6
5026				    2.6
5030				    2.6
5035				    2.6
5039				    2.6
5043				    2.6
5047				    2.6
5051				    2.6
5055				    2.6
5059				    2.6
5064				    2.6
5068				    2.6
5072				    2.6
5076				    2.6
5080				    2.6
5084				    2.6
5088				    2.6
5092				    2.6
5096				    2.6
5100				    2.7
5104				    2.7
5109				    2.7
5113				    2.7
5117				    2.7
5120				    2.7
5124				    2.7
5128				    2.7
5133				    2.7
5137				    2.7
5141				    2.7
5145				    2.7
5149				    2.7
5153				    2.7
5156				    2.7
5160				    2.7
5164				    2.8
5169				    2.8
5173				    2.8
5177				    2.8
5181				    3.0
5185				    3.0
5189				    3.0
5194				    3.3
5197				    3.3
5201				    3.3
5205				    3.3
5209				    3.3
5213				    3.3
5217				    3.3
5220				    3.5
5224				    3.5
5228				    3.5
5232				    3.5
5235				    3.6
5239				    3.6
5243				    3.6
5246				    3.6
5251				    3.6
5254				    3.6
5259				    3.5
5263				    3.5
5267				    3.5
5271				    3.5
5275				    3.5
5279				    3.5
5283				    3.4
5286				    3.4
5290				    3.5
5294				    3.5
5298				    3.5
5303				    3.5
5307				    3.5
5311				    3.4
5315				    3.4
5320				    3.3
5324				    3.3
5328				    3.3
5332				    3.3
5336				    3.3
5340				    3.3
5344				    3.3
5348				    3.3
5352				    3.3
5356				    3.3
5360				    3.3
5364				    3.3
5369				    3.3
5373				    3.3
5377				    3.3
5381				    3.3
5385				    3.3
5389				    3.3
5393				    3.3
5397				    3.3
5402				    3.3
5406				    3.3
5411				    3.3
5415				    3.3
5419				    3.3
5423				    3.3
5427				    3.3
5431				    3.8
5435				    3.8
5440				    3.9
5444				    3.9
5448				    3.9
5452				    3.9
5456				    4.1
5460				    4.1
5464				    4.1
5468				    4.1
5472				    4.2
5477				    4.2
5481				    4.2
5485				    4.2
