18813				    40.84
18824				    40.84
18835				    40.84
18846				    40.84
18857				    40.84
18869				    40.84
18880				    40.84
18892				    40.84
18903				    40.84
18914				    40.84
18925				    30.889
18936				    30.889
18947				    35.958
18958				    35.958
18970				    36.121
18981				    36.121
18992				    36.121
19004				    36.121
19015				    36.121
19026				    36.121
19037				    14.905
19048				    14.244
19060				    14.244
19070				    14.244
19081				    14.244
19092				    14.244
19104				    14.244
19115				    4.453
19127				    8.788
19138				    4.406
19149				    7.61
19161				    7.61
19173				    7.61
19184				    7.61
19195				    7.61
19206				    3.085
19217				    4.861
19228				    9.261
19239				    6.12
19251				    4.33
19262				    4.33
19273				    11.752
19284				    11.752
19295				    11.752
19307				    11.752
19318				    18.821
19328				    14.406
19340				    6.806
19352				    6.806
19363				    4.497
19374				    6.44
19385				    1.087
19396				    3.039
19408				    6.966
19419				    4.216
19430				    4.623
19441				    4.46
19452				    7.026
19463				    10.636
19475				    10.636
19486				    15.906
19497				    15.906
19508				    17.625
19520				    10.119
19531				    9.691
19542				    5.527
19553				    5.265
19564				    3.827
19576				    1.922
19587				    2.984
19599				    3.735
19610				    3.735
19621				    3.735
19632				    10.823
19643				    1.691
19655				    1.691
19666				    6.42
19677				    8.944
19689				    7.304
19700				    7.304
19711				    7.304
19722				    12.964
19733				    9.351
19744				    4.855
19756				    4.855
19767				    11.231
19778				    6.225
19789				    6.721
19800				    6.721
19812				    4.056
19823				    2.823
19834				    2.823
19845				    8.906
19856				    0.78
19867				    0.78
19878				    6.444
19890				    3.565
19901				    3.565
19912				    3.205
19924				    2.011
19935				    2.011
19945				    5.235
19957				    1.271
19967				    1.271
19979				    11.393
19991				    4.619
20002				    3.681
20013				    4.07
20024				    6.576
20035				    3.228
20047				    2.78
20058				    6.443
20069				    10.763
20081				    1.251
20092				    6.263
20103				    6.649
