4327				    40.981
4338				    40.981
4350				    40.981
4361				    41.11
4373				    43.986
4384				    43.986
4395				    42.862
4406				    43.281
4417				    51.855
4429				    51.472
4441				    45.339
4452				    41.609
4463				    41.212
4474				    47.511
4486				    44.571
4497				    44.571
4509				    44.571
4520				    44.571
4531				    44.571
4542				    63.918
4554				    77.978
4565				    77.978
4577				    54.673
4588				    50.436
4599				    53.994
4611				    59.534
4622				    65.24
4633				    78.706
4644				    78.706
4655				    78.706
4667				    102.606
4678				    92.731
4689				    86.261
4700				    90.667
4712				    81.242
4723				    47.933
4734				    50.898
4746				    49.082
4757				    52.434
4768				    43.635
4779				    42.173
4790				    44.725
