31613				    33.815
31625				    33.815
31636				    33.815
31647				    33.815
31659				    33.815
31670				    21.899
31681				    4.566
31692				    4.566
31703				    4.566
31715				    4.566
31726				    2.818
31738				    1.08
31749				    1.08
31760				    1.08
31771				    2.66
31783				    2.8
31794				    2.8
31805				    4.061
31816				    6.443
31827				    6.443
31838				    6.443
31850				    8.617
31861				    0.98
31872				    3.951
31883				    4.331
31894				    11.765
31906				    13.265
31917				    9.584
31929				    11.906
31940				    3.557
31951				    2.256
31962				    1.024
31974				    7.913
31984				    8.178
31995				    3.725
32006				    0.879
32017				    2.634
32028				    4.773
32040				    4.773
32051				    9.863
32062				    6.204
32073				    9.223
32084				    4.729
32095				    5.142
32106				    5.142
32117				    3.714
32128				    7.082
32139				    9.145
32150				    3.994
32161				    4.351
32172				    6.601
32182				    8.396
32194				    6.423
32204				    6.423
32215				    2.505
32226				    2.505
32238				    2.505
32249				    8.057
32260				    9.28
32271				    14.905
32282				    8.834
32293				    13.021
32305				    6.323
32316				    7.162
32327				    11.343
32338				    11.634
32349				    8.981
32360				    8.72
32371				    5.36
32382				    6.849
32393				    12.062
32404				    11.806
32415				    11.806
32426				    12.34
32437				    5.46
32448				    5.46
32459				    1.503
32470				    3.214
32481				    3.214
32492				    7.637
32503				    3.062
32514				    2.941
32525				    3.393
32537				    2.591
32548				    5.693
32559				    3.989
32570				    3.033
32581				    2.61
32593				    6.657
32604				    7.297
32615				    7.383
32626				    1.557
32638				    2.155
32649				    2.205
32660				    2.205
