6607				    10
6618				    10
6629				    10
6640				    10
6651				    10
6662				    10
6674				    10
6685				    10
6697				    10
6708				    10
6719				    10
6730				    14
6742				    14
6754				    17
6765				    17
6777				    17
6788				    17
6799				    17
6810				    17
6822				    17
6833				    17
6844				    17
6855				    17
6867				    17
6878				    17
6890				    30
6901				    31
6913				    34
6924				    34
6935				    34
6946				    34
6958				    34
6970				    34
6981				    34
6992				    34
7003				    34
7015				    34
7026				    39
7038				    39
7049				    56
7061				    63
7072				    63
7084				    68
7096				    68
7107				    68
7118				    68
7130				    68
7141				    68
7152				    68
7163				    68
7174				    68
7186				    72
7197				    82
7209				    84
7220				    98
7231				    106
7242				    120
7254				    122
7265				    136
7276				    136
7287				    136
7299				    136
7310				    136
7321				    136
7333				    136
7344				    136
7355				    136
7366				    136
7378				    136
7389				    139
7401				    149
7412				    150
7423				    167
7435				    185
7446				    189
7457				    215
7468				    215
7479				    215
7490				    223
7502				    249
7514				    265
7525				    267
7536				    271
7547				    271
7558				    271
7570				    272
7581				    272
7592				    272
7604				    272
7615				    272
7626				    272
7637				    272
7649				    286
7660				    286
7671				    312
7682				    320
7694				    320
7705				    323
7716				    355
7727				    366
7738				    374
7750				    375
7761				    389
7772				    411
7783				    412
7794				    425
7805				    427
7817				    447
7828				    449
7839				    469
7850				    495
7862				    495
7873				    515
7884				    515
7895				    535
7907				    539
7918				    541
7929				    543
7941				    543
7952				    543
7963				    543
7975				    543
7986				    544
7998				    544
8009				    544
8020				    554
8032				    554
8043				    554
8054				    599
8065				    607
8077				    607
8088				    609
8099				    636
8110				    646
8121				    646
8132				    658
8143				    658
8155				    684
8166				    688
8177				    688
8189				    728
8200				    728
