57				    2.7	
66				    2.7	
77				    2.7	
88				    2.7	
99				    2.7	
110				    2.7	
122				    3.9
132				    3.9
144				    3.9
154				    5.0
165				    5.2
177				    6.0
187				    6.9
199				    6.9
210				    7.8
221				    8.2
232				    8.9
243				    9.2
254				    9.2
265				    9.2
276				    8.3
286				    7.3
297				    7.1
308				    6.6
319				    6.4
330				    6.3
341				    6.1
352				    5.5
363				    5.5
374				    5.3
385				    5.0
395				    4.5
406				    4.4
417				    4.3
429				    4.2
440				    4.2
451				    4.0
462				    3.9
473				    3.8
484				    3.8
495				    3.6
506				    3.6
517				    3.6
528				    3.5
538				    3.5
549				    3.4
560				    3.4
571				    3.4
582				    3.4
593				    3.4
604				    3.4
615				    3.4
626				    3.4
637				    3.4
648				    3.4
659				    3.3
670				    3.3
681				    3.2
692				    3.2
703				    3.2
714				    3.2
727				    3.2
738				    3.1
749				    3.1
760				    3.1
771				    3.0
782				    3.0
793				    3.0
804				    3.0
814				    3.0
825				    3.0
836				    3.0
847				    3.0
858				    3.0
869				    2.9
880				    2.8
891				    2.8
902				    2.8
913				    2.8
924				    2.8
935				    3.0
946				    3.0
957				    3.0
968				    3.1
979				    2.3
990				    2.3
1002				    2.6
1013				    2.8
1024				    3.1
1035				    3.2
1045				    4.1
1057				    4.1
1068				    4.2
1079				    4.5
1090				    4.5
1101				    4.5
1112				    4.4
1123				    4.4
1134				    4.3
1145				    4.1
1156				    4.1
1167				    3.9
1178				    3.8
1189				    3.6
1200				    3.4
1211				    3.2
1222				    3.2
1234				    3.1
1245				    3.0
1256				    2.9
1267				    2.8
1278				    2.8
1288				    2.6
1299				    2.5
1310				    2.4
1321				    2.4
1332				    2.4
1343				    2.3
1354				    2.3
1365				    2.3
1376				    2.4
1387				    2.4
1398				    2.4
1409				    2.5
1420				    2.5
1431				    2.5
1442				    2.6
1452				    2.6
1463				    2.6
1474				    2.6
1485				    2.7
1496				    2.7
1507				    2.7
1518				    3.0
1529				    3.0
1540				    3.1
1551				    3.3
1562				    3.3
1573				    3.4
1584				    3.4
1594				    3.6
1606				    3.6
1616				    3.6
1627				    3.8
1639				    4.0
1649				    4.1
1660				    4.1
1672				    4.2
1682				    4.3
1694				    4.3
1705				    3.7
1715				    3.9
1726				    4.0
1737				    4.0
1749				    3.9
1758				    3.8
1766				    3.8
1774				    3.8
1782				    3.8
1790				    3.7
1799				    4.0
1807				    4.0
1815				    4.0
1823				    4.0
1831				    4.0
1839				    4.4
1847				    4.4
1855				    4.5
1863				    4.6
1872				    4.6
1880				    4.6
1888				    4.5
1896				    4.5
1904				    4.3
1912				    4.3
1920				    4.3
1928				    4.2
1936				    4.3
1944				    4.3
1953				    4.4
1961				    4.4
1969				    4.4
1977				    4.4
1985				    4.5
1993				    4.5
2002				    4.5
2009				    4.4
2018				    4.4
2026				    4.4
2034				    4.4
2042				    4.4
2050				    4.3
2058				    4.3
2066				    4.3
2074				    4.8
2082				    4.8
2090				    4.8
2098				    4.8
2106				    5.0
2114				    5.0
2122				    4.9
2131				    4.9
2138				    4.9
2146				    4.8
2155				    4.7
2163				    4.7
2171				    4.6
2179				    4.6
2187				    4.5
2195				    4.5
2203				    4.2
2211				    4.2
2219				    3.9
2227				    3.9
2236				    3.9
2244				    3.9
2252				    3.7
2260				    3.5
2268				    3.5
2277				    3.4
2285				    3.2
2293				    3.2
2301				    3.0
2309				    3.0
2317				    2.9
2325				    2.9
2333				    2.9
2341				    2.9
2349				    2.5
2357				    2.4
2366				    2.4
2374				    2.3
2382				    2.3
2390				    2.2
2399				    2.2
2407				    2.2
2415				    2.2
2423				    2.2
2431				    2.1
2439				    1.9
2448				    1.9
2456				    1.9
2464				    1.9
2472				    1.9
2481				    2.0
2488				    2.0
2497				    2.0
2505				    2.0
2513				    2.0
2521				    2.3
2529				    2.3
2537				    2.3
2545				    2.3
2553				    2.3
2561				    2.7
2569				    2.7
2577				    2.7
2585				    2.7
2594				    2.8
2602				    2.8
2610				    2.8
2618				    2.8
2627				    2.8
2635				    2.9
2643				    2.9
2651				    3.0
2659				    3.0
2667				    3.0
2675				    3.0
2683				    3.1
2691				    3.1
2700				    3.1
2708				    3.3
2716				    3.3
2724				    3.3
2732				    3.3
2740				    3.3
2749				    3.2
2757				    3.3
2765				    3.3
