7970				    1.7	
7974				    1.7	
7978				    1.7	
7982				    1.7	
7987				    1.7	
7990				    1.7	
7994				    1.7	
7998				    1.7	
8002				    1.7	
8006				    1.7	
8010				    1.7	
8014				    1.7	
8018				    1.7	
8022				    1.7	
8026				    1.7	
8031				    3.7	
8035				    3.7	
8039				    3.7	
8044				    3.7	
8048				    3.7	
8052				    3.7	
8057				    3.7	
8060				    3.7	
8064				    4.1	
8068				    4.5	
8073				    5.8	
8077				    6.3	
8081				    9.0	
8086				    9.0	
8090				    9.0	
8094				    9.0	
8099				    9.0	
8103				    10.3	
8107				    11.3	
8112				    14.0	
8116				    14.0	
8120				    14.1	
8124				    15.0	
8129				    16.8	
8133				    17.8	
8137				    17.8	
8142				    17.8	
8146				    21.8	
8150				    21.8	
8154				    21.8	
8159				    24.3	
8163				    29.2	
8167				    29.7	
8171				    32.7	
8175				    32.5	
8179				    31.4	
8183				    31.1	
8187				    30.4	
8191				    30.4	
8196				    30.4	
8200				    37.2	
8204				    37.2	
8208				    40.4	
8212				    41.3	
8217				    41.3	
8221				    41.6	
8225				    42.8	
8229				    42.8	
8233				    42.5	
8237				    42.1	
8240				    41.7	
8244				    45.1	
8248				    46.5	
8253				    55.2	
8256				    55.2	
8260				    55.1	
8264				    54.0	
8268				    57.2	
8272				    56.6	
8276				    54.2
8280				    53.0
8284				    52.7
8288				    51.4
8292				    50.6
8296				    48.0
8300				    43.8
8303				    42.7
8307				    42.6
8311				    42.7
8315				    42.7
8319				    42.7
8324				    33.7
8328				    32.1
8332				    32.1
8336				    32.1
8340				    26.1
8344				    26.1
8349				    24.7
8353				    24.1
8357				    24.1
8362				    17.8
8366				    17.8
8370				    12.6
8374				    12.6
8378				    12.6
8382				    12.3
8387				    10.9
8391				    9.4
8396				    6.8
8399				    6.4
8404				    3.9
8408				    2.7
8412				    2.7
8416				    2.7
8420				    1.9
8425				    1
8429				    1
8433				    1
8438				    1.0
8442				    1.1
8446				    1.2
8451				    27.9
