38261				    20.529
38272				    20.529
38284				    20.529
38295				    20.529
38306				    20.529
38317				    16.243
38329				    12.681
38341				    12.681
38352				    12.681
38363				    12.681
38374				    4.867
38386				    4.867
38397				    2.074
38409				    2.074
38420				    2.074
38431				    2.074
38442				    1.883
38453				    6.429
38464				    9.003
38476				    9.859
38487				    6.618
38498				    3.275
38510				    3.275
38521				    2.67
38532				    10.261
38544				    10.261
38555				    4.398
38566				    1.025
38577				    4.352
38589				    3.919
38600				    7.167
38612				    11.123
38623				    11.123
38634				    11.777
38646				    9.393
38657				    5.589
38668				    5.589
38679				    11.883
38690				    1.514
38702				    2.172
38713				    9.015
38724				    2.764
38735				    2.764
38746				    4.686
38758				    6.626
38769				    6.626
38781				    7.182
38792				    7.338
38804				    7.106
38815				    8.711
38826				    5.05
38837				    10.555
38848				    13.101
38860				    8.962
38871				    10.147
38883				    3.777
38894				    1.341
38905				    2.845
38917				    5.501
38928				    5.501
38940				    5.989
38951				    5.989
38962				    2.478
38973				    2.147
38985				    3.959
38996				    0.868
39008				    2.56
39019				    4.324
39030				    3.259
39041				    2.786
39052				    6.153
39064				    6.153
39075				    13.837
39086				    7.503
39097				    4.672
39108				    4.672
