27390				    2.5	
27401				    2.5	
27412				    2.5	
27424				    2.5	
27434				    2.5	
27446				    1.7
27456				    2.7
27467				    2.7
27478				    2.7
27490				    3.0
27501				    3.0
27512				    5.2
27523				    5.2
27535				    5.4
27546				    5.8
27557				    5.8
27568				    6.4
27579				    7.7
27590				    7.5
27602				    7.5
27613				    8.4
27623				    8.3
27634				    8.3
27646				    9.3
27657				    10.0
27669				    9.7
27679				    9.5
27690				    9.1
27701				    8.5
27713				    8.5
27724				    7.9
27734				    7.6
27746				    7.3
27757				    7.3
27768				    7.1
27779				    6.5
27790				    6.2
27801				    5.9
27813				    6.1
27824				    6.1
27835				    6.1
27846				    6.1
27857				    5.5
27868				    5.5
27879				    6.1
27891				    6.6
27902				    6.8
27913				    6.8
27924				    6.8
27935				    6.8
27946				    7.1
27958				    7.1
27969				    7.2
27981				    7.5
27992				    7.9
28003				    7.8
28014				    7.9
28026				    7.6
28036				    7.6
28047				    7.6
28058				    7.7
28070				    8.0
28081				    8.0
28092				    8.9
28103				    8.9
28114				    8.7
28125				    5.9
28136				    5.8
28147				    5.8
28159				    5.8
28170				    6.2
28181				    6.2
28193				    6.2
28204				    6.3
28216				    7.2
28227				    7.2
28238				    7.2
28249				    7.1
28260				    7.4
28271				    7.4
28282				    7.1
28293				    6.9
28304				    6.9
28315				    6.9
28326				    6.6
28337				    6.4
28348				    6.4
28359				    6.4
28370				    6.3
28381				    6.3
28393				    6.2
28404				    5.7
28415				    5.7
28427				    5.5
28438				    5.2
28449				    5.2
28460				    5.2
28471				    5.2
28482				    5.2
28494				    5.2
28504				    5.3
28515				    5.4
28526				    5.9
28538				    6.8
28550				    7.0
28561				    7.0
28572				    7.2
28583				    7.2
28594				    7.2
28605				    7.1
28616				    7.1
28627				    6.8
28638				    6.8
28650				    6.9
28661				    6.8
28673				    6.6
28684				    6.6
28695				    6.7
28706				    7.0
28718				    7.1
28729				    7.5
28739				    8.0
28751				    8.2
28762				    8.2
28773				    8.2
28784				    8.2
28795				    7.9
28806				    7.9
28818				    7.2
28829				    7.2
28840				    7.2
28851				    7.5
28862				    7.5
28873				    7.5
28884				    7.8
