14373				    1.9	
14384				    1.9	
14395				    1.9	
14406				    1.9	
14417				    1.9	
14428				    1.9	
14439				    1.9	
14450				    2.3	
14461				    2.6	
14472				    2.6	
14483				    2.6	
14494				    2.6	
14506				    2.6	
14516				    6.5	
14527				    6.5	
14538				    6.5	
14549				    6.5	
14559				    6.5	
14570				    7.1	
14581				    7.1	
14592				    10.3	
14604				    10.3	
14616				    13.3	
14627				    13.3	
14638				    13.3	
14649				    14.8	
14660				    17.6	
14671				    17.6	
14682				    17.6	
14693				    16.6	
14703				    24.4	
14714				    27.3	
14725				    27.3	
14736				    29.2	
14747				    27.0	
14758				    31.2	
14769				    31.5	
14780				    31.5	
14791				    29.4	
14803				    28.3	
14813				    24.5
14824				    24.3
14835				    22.7
14846				    22.7
14857				    22.0
14867				    20.9
14878				    19.7
14889				    19.5
14900				    18.9
14911				    16.9
14922				    16.9
14933				    15.8
14944				    15.8
14954				    15.0
14965				    14.9
14976				    14.4
14987				    13.7
14997				    13.5
15008				    12.9
15019				    12.8
15030				    12.6
15041				    12.6
15052				    12.2
15062				    12.2
15074				    11.8
15085				    11.8
15096				    11.8
15107				    11.4
15118				    12.1
15129				    12.1
15139				    12.1
15150				    11.7
15161				    11.1
15172				    11.6
15184				    11.6
15194				    11.3
15205				    11.3
15216				    11.4
15227				    11.3
15237				    11.1
15248				    10.7
15259				    10.7
15270				    10.5
15281				    10.2
15292				    10.2
15303				    10.2
15314				    10.0
15326				    9.9
15336				    9.9
15347				    9.7
15358				    9.7
