8131				    10
8135				    10
8139				    10
8143				    10
8148				    10
8151				    10
8155				    10
8159				    10
8163				    10
8167				    10
8171				    10
8175				    10
8179				    10
8183				    10
8187				    10
8191				    10
8195				    10
8199				    10
8203				    10
8207				    10
8211				    10
8215				    10
8220				    10
8224				    10
8228				    10
8232				    10
8236				    15
8240				    15
8244				    15
8248				    15
8252				    14
8256				    14
8260				    16
8264				    16
8268				    16
8272				    16
8276				    16
8280				    16
8284				    16
8288				    16
8292				    16
8295				    16
8299				    16
8303				    16
8307				    16
8311				    16
8316				    16
8320				    16
8325				    16
8328				    16
8332				    16
8336				    16
8340				    16
8344				    16
8349				    24
8353				    26
8357				    26
8361				    26
8365				    27
8369				    27
8374				    32
8377				    32
8381				    32
8385				    32
8389				    32
8393				    32
8397				    32
8402				    32
8405				    32
8410				    32
8414				    32
8419				    32
8423				    32
8428				    32
8432				    32
8436				    32
8441				    32
8445				    32
8449				    32
8453				    32
8458				    32
8462				    32
8466				    32
8470				    32
8474				    32
8478				    32
8482				    32
8487				    32
8491				    32
8496				    32
8500				    32
8504				    32
8509				    32
8513				    32
8517				    32
8522				    32
8526				    32
8531				    32
8535				    32
8540				    32
8544				    32
8548				    32
8552				    32
8556				    32
8560				    32
8564				    32
8569				    32
8573				    32
8577				    32
8582				    32
8586				    32
8590				    32
8595				    32
8599				    32
8604				    32
8608				    32
8612				    32
8616				    32
8621				    32
8624				    32
8629				    32
8633				    32
8637				    32
8641				    32
8645				    32
8649				    32
8654				    32
8658				    32
8662				    32
8666				    32
8670				    32
8674				    32
8679				    32
8683				    32
8687				    32
8692				    33
8696				    33
8700				    33
8705				    33
8709				    33
8713				    33
8717				    33
8720				    33
8724				    33
8729				    33
8733				    33
8737				    33
8742				    33
8746				    33
8750				    33
8754				    33
8758				    33
8763				    33
8767				    33
8771				    33
8776				    33
8780				    33
8784				    33
8789				    33
8793				    33
8797				    33
8801				    33
8806				    33
8810				    33
8814				    33
8819				    33
8823				    33
8827				    33
8831				    33
8835				    33
8839				    33
8843				    33
8847				    33
8852				    33
8856				    33
8860				    33
8864				    33
8868				    33
8872				    33
8876				    33
8881				    33
8885				    33
8890				    33
8894				    33
8898				    33
8903				    33
8907				    33
8911				    33
8916				    33
8920				    34
8925				    34
8929				    34
8933				    34
8938				    34
8942				    34
8946				    34
8951				    34
8955				    34
8960				    34
8964				    34
8968				    34
8972				    34
8976				    34
8980				    34
8984				    34
8989				    34
8993				    34
8997				    34
9001				    34
9005				    34
9009				    34
9014				    34
9018				    34
9022				    34
9026				    34
9030				    34
9034				    34
9038				    34
9042				    34
9046				    34
9050				    34
9054				    34
9058				    34
9062				    34
9066				    34
9070				    34
9074				    34
9079				    34
9083				    34
9087				    34
9092				    34
9096				    34
9100				    34
9105				    34
9109				    34
9113				    34
9118				    34
9122				    34
9126				    34
9130				    34
9135				    34
9139				    34
9143				    34
9148				    34
9152				    34
9156				    34
9161				    34
9165				    34
9170				    34
9174				    34
9178				    34
9183				    34
9187				    34
9192				    35
9196				    35
9200				    35
9204				    35
9208				    35
9212				    35
9216				    35
9220				    35
9224				    35
9228				    35
9232				    35
9236				    35
9240				    35
9244				    35
9248				    35
9251				    35
9256				    35
9259				    35
9263				    35
9268				    35
9272				    35
9276				    35
9281				    35
9285				    35
9290				    35
9294				    35
9298				    35
9303				    35
9307				    35
9311				    35
9315				    35
9320				    35
9324				    35
9329				    35
9333				    35
9337				    35
9342				    35
9346				    35
9350				    35
9354				    35
9357				    35
9362				    35
9365				    35
9369				    35
9373				    35
9377				    35
9381				    35
9385				    35
9389				    35
9393				    35
9397				    35
9401				    36
9405				    36
9409				    36
9413				    36
9417				    36
9421				    36
9425				    36
9429				    36
9433				    36
9437				    36
9441				    36
9445				    36
9449				    36
9453				    36
9458				    36
9462				    36
9466				    36
9471				    36
9475				    36
9479				    36
9484				    36
9488				    36
9492				    36
9495				    36
9499				    36
9504				    36
9508				    36
9512				    36
9516				    36
9520				    36
9524				    36
9528				    36
9532				    36
9536				    36
9541				    36
9544				    36
9549				    36
9552				    36
9557				    36
9561				    36
9565				    36
9569				    36
9573				    36
9577				    36
9581				    36
9586				    36
9590				    36
9594				    36
9598				    36
9602				    36
9607				    36
9611				    36
9615				    36
9619				    36
9624				    36
9628				    36
9633				    36
9637				    36
9640				    36
9645				    36
9649				    36
9653				    36
9658				    36
9662				    37
9666				    37
9671				    37
9675				    37
9680				    37
9684				    37
9688				    37
9692				    37
9696				    37
9701				    37
9705				    37
9709				    37
9713				    37
9717				    37
9722				    37
9726				    37
9730				    37
9734				    37
9739				    37
9743				    37
9747				    37
9751				    37
9756				    37
9760				    37
9764				    37
9769				    37
9773				    37
9776				    37
9780				    37
9785				    37
9789				    38
9793				    38
9797				    38
9801				    38
9805				    38
9810				    38
9814				    38
9819				    38
9823				    38
9827				    38
9831				    38
9836				    38
9840				    38
9844				    38
9849				    38
9852				    38
9856				    38
9861				    38
9865				    38
9869				    38
9874				    38
9878				    38
9882				    38
9887				    38
9890				    38
9895				    39
9899				    39
9903				    39
9908				    39
9912				    39
9917				    39
9921				    39
9925				    39
9930				    39
9933				    39
9937				    39
9942				    39
9946				    39
9950				    39
9955				    39
9959				    39
9962				    39
9966				    39
9971				    39
9974				    39
9978				    39
9982				    39
9986				    39
9990				    39
9994				    39
9997				    39
10001				    39
10005				    39
10009				    39
10013				    40
10017				    40
10021				    40
10025				    40
10030				    40
10034				    40
10038				    40
10042				    40
10047				    40
10051				    40
10055				    40
10059				    40
10063				    40
10067				    40
10071				    40
10076				    40
10080				    40
10084				    40
10088				    40
10092				    40
10097				    40
10100				    40
10105				    40
10109				    40
10113				    40
10117				    40
10121				    40
10125				    40
10129				    40
10132				    41
10137				    41
10140				    41
10144				    41
10148				    41
10152				    41
10156				    41
10160				    41
10164				    41
10168				    41
10171				    41
10175				    41
10179				    41
10184				    41
10188				    41
10191				    41
10196				    41
10200				    41
10204				    41
10208				    41
10212				    41
10216				    41
10220				    41
10224				    41
10228				    41
10233				    41
10237				    41
10241				    41
10244				    41
10249				    41
10253				    42
10257				    42
