25108				    27.76
25120				    27.76
25131				    27.76
25142				    27.76
25153				    27.76
25165				    27.76
25176				    8.416
25188				    8.416
25199				    8.416
25210				    8.416
25222				    9.28
25233				    4.445
25244				    4.445
25255				    2.798
25266				    4.594
25277				    4.594
25289				    3.586
25300				    2.729
25311				    3.754
25323				    1.958
25334				    2.47
25345				    4.961
25356				    7.857
25367				    9.504
25378				    9.821
25389				    11.981
25400				    11.784
25411				    9.638
25423				    9.355
25434				    9.355
25446				    13.775
25457				    3.086
25468				    3.086
25480				    2.019
25491				    0.793
25502				    4.252
25513				    3.213
25524				    3.213
25535				    9.355
25547				    3.741
25558				    3.016
25569				    5.194
25580				    3.843
25592				    7.112
25603				    9.166
25614				    10.3
25627				    6.537
25638				    6.537
25649				    6.537
25661				    6.537
25672				    9.655
25683				    9.655
25694				    9.655
25705				    9.655
25717				    9.655
25728				    9.655
25739				    9.655
25751				    9.655
25762				    9.655
25773				    9.655
25785				    9.655
25796				    59.504
25808				    59.504
25819				    58.043
25830				    54.734
25841				    45.036
25853				    44.67
25864				    44.83
25875				    28.131
25886				    28.131
25898				    19.887
25909				    16.49
25921				    16.49
25932				    16.482
25943				    3.418
25955				    3.418
25967				    3.343
25978				    1.334
25989				    8.727
26000				    8.727
26012				    25.192
26023				    24.101
26034				    22.36
26045				    15.996
26057				    5.242
26069				    5
26080				    5
26091				    1.741
26102				    4.056
26114				    4.056
26125				    2.652
26136				    3.391
26148				    3.391
26160				    13.192
26171				    10.198
26183				    7.48
26194				    8.311
26205				    6.303
26216				    5.963
26227				    10.048
26238				    10.048
26249				    7.079
26260				    7.079
26272				    5.427
26283				    3.898
26295				    7.306
26306				    8.156
26317				    9.26
26328				    9.26
26339				    10.296
26351				    8.805
26362				    1.803
26373				    6.968
26384				    6.304
26396				    2.401
26407				    2.658
26418				    2.051
26429				    2.432
26440				    5.412
26451				    4.377
26463				    4.377
26474				    2.378
26485				    2.378
26496				    2.911
26508				    3.138
26519				    3.066
26530				    3.066
26541				    6.286
26552				    7.356
26564				    7.356
26575				    5.615
26587				    6.285
26598				    6.352
26609				    4.147
26620				    3.232
26632				    3.232
26643				    5.384
26654				    3.04
26665				    2.462
26676				    2.047
26687				    2.097
26699				    2.349
26710				    2.707
26722				    2.513
26733				    3.974
26744				    5.384
