13029				    10
13040				    10
13051				    10
13063				    20
13074				    20
13085				    20
13097				    20
13108				    20
13119				    29
13131				    29
13142				    29
13153				    29
13165				    30
13176				    31
13187				    31
13198				    31
13209				    32
13220				    32
13231				    32
13243				    32
13253				    32
13265				    33
13276				    34
13288				    34
13299				    34
13310				    35
13322				    35
13333				    35
13344				    36
13355				    36
13368				    37
13379				    37
13391				    37
13402				    37
13414				    38
13425				    38
13436				    39
13448				    39
13459				    39
13471				    40
13482				    40
13493				    41
13505				    41
13516				    42
13528				    42
13539				    42
13550				    43
13562				    44
13573				    44
13584				    44
13596				    45
13607				    45
13618				    45
13629				    45
13641				    46
13652				    46
13663				    46
13675				    47
13686				    48
13697				    48
13708				    49
13720				    49
13731				    49
13742				    50
13753				    50
13764				    50
13775				    51
13786				    52
13798				    52
13809				    53
13820				    54
13832				    54
13843				    55
13854				    55
13865				    55
13876				    55
13888				    55
13899				    56
13910				    56
13921				    58
13933				    58
13945				    59
13956				    59
13967				    59
13978				    59
13989				    59
14000				    59
14011				    61
14022				    61
14033				    61
14044				    62
14056				    63
14068				    63
14079				    64
14090				    64
