107				    2.419
116				    18.562
124				    3.066
132				    18.562
140				    1.56
148				    18.562
157				    1.56
165				    18.562
173				    1.56
182				    18.562
190				    1.56
198				    18.562
206				    1.56
214				    18.562
223				    18.573
231				    18.562
239				    7.102
248				    14.982
256				    7.102
265				    14.982
273				    7.102
282				    14.982
290				    7.102
298				    14.982
306				    7.102
315				    14.982
323				    5.172
332				    14.982
340				    1.184
348				    14.982
356				    1.777
365				    14.982
377				    6.972
389				    10.095
400				    9.332
411				    9.328
422				    11.29
434				    11.645
446				    5.812
457				    7.453
468				    5.783
479				    7.453
491				    4.206
503				    7.453
514				    5.026
525				    7.453
537				    10.729
548				    7.453
559				    2.607
570				    7.453
582				    2.607
593				    7.453
605				    3.094
617				    7.453
628				    1.362
640				    4.922
651				    1.362
663				    6.034
674				    3.856
685				    5.372
696				    1.304
708				    1.462
719				    4.412
731				    1.462
743				    1.26
754				    1.462
765				    1.26
774				    1.462
782				    11.053
791				    1.462
799				    3.992
808				    1.462
816				    4.588
825				    1.462
836				    4.588
848				    1.462
859				    4.588
872				    1.462
884				    4.588
895				    1.462
906				    25.654
917				    1.462
928				    14.998
940				    1.462
951				    9.673
962				    1.462
973				    4.802
985				    1.462
996				    7.163
1007				    1.462
1018				    3.574
1030				    1.462
1042				    3.729
1052				    1.462
1060				    2.412
1069				    42.573
1077				    2.412
1085				    39.843
1094				    2.412
1102				    39.843
1110				    2.412
1119				    39.843
1127				    2.412
1135				    39.843
1143				    11.534
1152				    46.694
1160				    24.734
1168				    46.694
1176				    24.734
1184				    53.09
1193				    24.734
1201				    53.09
1209				    24.734
1218				    53.09
1227				    24.961
1235				    53.09
1243				    24.961
1251				    53.09
1260				    24.961
1268				    53.09
1276				    24.961
1285				    53.09
1293				    24.961
1301				    53.09
1310				    24.961
1318				    53.09
1326				    24.961
1334				    53.09
1343				    24.961
1351				    53.09
1359				    24.961
1368				    53.09
1376				    24.961
1384				    53.09
1393				    24.961
1401				    53.09
1409				    55.004
1418				    53.09
1426				    40.961
1435				    53.09
1446				    23.273
1457				    49.561
1469				    23.273
1480				    27.717
1491				    23.273
1502				    10.446
1514				    2.906
1525				    7.961
1536				    5.117
1547				    7.961
1559				    2.901
1571				    7.961
1582				    2.901
1593				    7.961
1605				    2.901
1616				    7.961
1628				    2.901
1639				    7.961
1650				    2.901
1662				    7.961
1673				    2.901
1685				    7.961
1697				    2.901
1709				    7.961
1720				    2.901
1731				    7.961
				    2.901
				    7.961
				    2.901
				    7.961
				    2.901
				    7.961
				    2.901
				    7.961
				    2.901
				    7.961
				    85.292
				    7.961
				    58.035
				    7.961
				    37.485
				    7.961
				    37.485
				    7.961
				    31.534
				    7.961
				    31.534
				    7.961
				    29.894
				    7.961
				    29.894
				    7.961
				    19.685
				    7.961
				    18.8
				    7.961
				    20.117
				    7.961
				    18.266
				    7.961
				    17.222
				    7.961
				    17.222
				    135.923
				    17.222
				    106.754
				    17.222
				    54.289
				    17.222
				    43.967
				    17.222
				    43.967
				    17.222
				    43.967
				    17.222
				    43.967
				    17.222
				    48.575
				    17.222
				    12.264
				    17.222
				    9.399
				    17.222
				    7.089
				    33.33
				    5.921
				    31.113
				    14.169
				    31.113
				    26.676
				    31.113
				    20.689
				    31.113
				    3.158
				    31.113
				    2.1
				    31.113
				    2.1
				    31.113
				    8.622
				    31.113
				    9.293
				    31.113
				    8.31
				    31.113
				    2.766
				    31.113
				    1.3
				    27.49
				    1.156
				    27.682
				    5.587
				    27.662
				    9.548
				    4.123
				    6.391
				    34.391
				    6.391
				    37.073
				    39.416
				    37.073
				    20.657
				    37.073
				    20.657
				    37.073
				    20.657
				    37.073
				    15.542
				    37.073
				    6.73
				    37.073
				    7.575
				    37.073
				    2.073
				    39.529
				    2.684
				    27.621
				    8.528
				    32.825
				    13.937
				    33.478
				    11.825
				    14.814
				    12.059
				    0.883
				    12.5
				    0.883
				    13.227
				    3.263
				    4.728
				    7.7
				    0.763
				    8.418
				    3.237
				    0.72
				    3.527
				    2.753
				    2.147
				    3.417
				    0.713
				    3.395
				    2.638
				    3.395
				    1.6
				    2.758
				    1.211
				    2.758
				    1.211
				    2.758
				    1.211
				    2.758
				    1.211
				    26.279
				    18.551
				    26.521
				    18.551
				    29.016
				    18.551
				    14.377
				    18.551
				    9.705
				    18.551
				    9.705
				    18.551
				    9.705
				    18.551
				    18.567
				    49.296
				    18.567
				    20.553
				    18.567
				    2.24
