931				    1
943				    1
955				    1
966				    1
977				    1
989				    1
1000				    1
1011				    1.5	
1023				    1.9	
1034				    1.9	
1045				    2.0	
1056				    2.1	
1068				    2.1	
1079				    2.1	
1091				    2.1	
1102				    6.4	
1114				    6.4	
1125				    6.4	
1136				    6.4	
1148				    13.6	
1160				    17.5	
1171				    17.5	
1182				    17.5	
1193				    18.1	
1205				    18.1	
1216				    17.4	
1227				    18.8	
1239				    21.1	
1250				    20.7	
1262				    19.7	
1273				    29.1	
1285				    41.3	
1297				    45.7	
1308				    46.6	
1319				    47.9	
1330				    47.9	
1341				    51.7
1353				    49.3
1364				    43.5
1375				    43.5
1387				    42.0
1398				    34.7
1409				    26.2
1420				    25.0
1431				    21.8
1443				    21.1
1454				    19.3
1467				    13.9
1478				    13.6
1489				    10.3
1501				    8.4
1512				    5.3
1524				    1.6
1535				    27.4
1547				    28.9
1558				    28.9
1569				    28.9
