16415				    40.166
16426				    40.166
16437				    40.166
16448				    40.405
16459				    43.518
16470				    43.518
16481				    43.518
16492				    40.341
16504				    40.456
16516				    40.456
16527				    39.455
16538				    44.511
16549				    48.519
16561				    44.179
16571				    40.372
16583				    47.393
16594				    50.153
16605				    47.795
16617				    42.517
16627				    45.371
16635				    48.693
16643				    50.819
16652				    53.063
16660				    59.474
16668				    61.784
16676				    61.44
16684				    60.361
16692				    55.254
16700				    57.951
16708				    59.234
16717				    63.531
16725				    67.114
16737				    69.204
16748				    74.755
16759				    86.183
16771				    75.666
16782				    75.666
16794				    66.307
16805				    66.307
