1978				    57.276
1982				    57.276
1986				    57.276
1991				    57.276
1995				    57.276
1999				    57.276
2003				    57.276
2007				    57.276
2011				    57.276
2015				    57.276
2020				    57.276
2024				    57.276
2028				    57.276
2032				    57.276
2036				    57.276
2040				    57.276
2043				    57.276
2047				    65.36
2052				    65.36
2056				    65.36
2060				    65.36
2063				    65.36
2067				    65.36
2071				    65.36
2075				    65.36
2079				    65.36
2083				    65.36
2087				    65.36
2091				    65.36
2095				    61.03
2099				    61.03
2102				    61.03
2107				    61.03
2111				    61.379
2115				    61.379
2120				    62.404
2124				    62.404
2128				    62.404
2133				    63.561
2137				    65.105
2141				    65.105
2145				    65.105
2149				    65.105
2153				    69.891
2157				    69.891
2161				    69.521
2165				    69.521
2169				    70.872
2173				    70.872
2177				    70.872
2181				    70.872
2185				    71.108
2189				    71.108
2192				    71.108
2197				    71.108
2201				    74.442
2205				    74.442
2209				    74.442
2214				    75.449
2218				    75.449
2222				    75.449
2226				    75.449
2230				    75.449
2234				    75.449
2239				    86.898
2242				    86.898
2246				    86.898
2250				    86.898
2255				    87.837
2259				    87.837
2263				    88.951
2267				    88.951
2271				    90.808
2275				    90.808
2279				    91.828
2284				    91.828
2287				    94.211
2291				    94.211
2295				    94.211
2299				    96.596
2303				    96.893
2307				    96.893
2311				    96.893
2315				    100.901
2319				    100.901
2323				    102.346
2327				    102.346
2331				    102.346
2335				    102.346
2339				    107.342
2342				    107.342
2347				    107.342
2351				    107.342
2355				    107.342
2359				    111.043
2363				    111.043
2367				    111.27
2371				    111.27
2375				    112.984
2379				    112.984
2383				    112.984
2387				    112.984
2391				    114.726
2396				    114.726
2400				    114.726
2404				    118.461
2409				    118.776
2413				    118.776
2417				    118.776
2421				    118.632
2426				    118.632
2430				    118.632
2434				    118.632
2438				    118.632
2442				    118.632
2446				    118.632
2450				    120.668
2454				    120.668
2458				    130.75
2462				    130.75
2466				    132.147
2470				    132.147
2474				    114.5
2478				    111.243
2482				    111.4
2486				    111.4
2490				    113.145
2494				    113.145
2498				    116.579
2502				    116.579
2506				    116.579
2510				    116.579
2514				    129.221
2518				    129.221
2522				    129.221
2526				    129.221
2530				    132.351
2534				    132.351
2538				    132.351
2542				    132.351
2546				    132.351
2550				    135.356
2554				    135.356
2558				    138.131
2561				    137.785
2565				    137.785
2569				    137.785
2573				    136.282
2578				    136.282
2582				    136.282
2586				    136.282
2590				    136.282
2593				    135.868
2597				    129.945
2601				    127.527
2606				    127.527
2609				    127.527
2613				    127.788
2617				    129.702
2621				    129.702
2625				    130.6
2629				    130.6
2633				    132.408
2637				    132.408
2641				    132.408
2645				    132.408
2649				    132.408
2653				    133.112
2658				    135.344
2662				    135.344
2666				    135.344
2670				    135.344
2674				    137.657
2678				    137.657
2681				    137.657
2685				    137.657
2689				    137.657
2694				    138.188
2698				    138.188
2702				    138.188
2705				    142.218
2710				    142.218
2713				    142.218
2717				    142.218
2721				    139.577
2725				    139.577
2729				    139.577
2733				    139.577
2736				    139.206
2740				    139.206
2744				    139.206
2748				    139.206
2752				    143.511
2756				    143.511
2759				    144.878
2763				    144.878
2767				    148.181
2770				    148.181
2774				    148.181
2778				    148.181
2782				    148.181
2786				    148.181
2790				    151.197
2795				    151.197
2799				    151.706
2803				    151.706
2808				    151.706
2811				    151.706
2815				    151.706
2820				    153.629
2824				    153.629
2828				    153.424
2832				    148.639
2837				    148.639
2841				    148.639
2845				    148.639
2850				    145.524
2854				    145.524
2858				    145.524
2863				    144.556
2867				    144.214
2872				    144.214
2876				    144.214
2880				    145.419
2885				    145.419
2889				    146.236
2893				    146.236
2897				    146.236
2901				    146.236
2906				    146.236
2910				    149.609
2914				    149.609
2918				    150.77
2923				    150.77
2927				    150.77
2931				    150.77
2934				    150.77
2939				    150.77
2943				    150.77
2947				    150.77
2952				    151.039
2956				    151.039
2960				    152.908
2965				    152.908
2969				    152.908
2974				    150.549
2978				    148.419
2982				    148.419
2986				    148.419
2990				    148.419
2994				    147.194
2998				    147.194
3002				    147.194
3006				    147.194
3010				    144.73
3014				    144.73
3018				    139.497
3022				    139.497
3026				    136.225
3030				    136.225
3034				    136.225
3039				    133.851
3043				    133.851
3048				    133.851
3052				    133.851
3056				    120.001
3061				    120.001
3065				    120.001
3069				    120.001
3074				    119.384
3078				    118.632
3082				    118.632
3086				    118.632
3090				    118.632
3094				    120.687
3098				    120.687
3103				    120.687
3107				    120.687
3111				    120.687
3115				    120.687
3120				    126.571
3124				    126.571
3128				    132.132
3132				    134.319
3137				    134.091
3141				    134.091
3145				    134.091
3149				    135.43
3153				    135.43
3157				    135.43
3161				    135.43
3165				    135.43
3169				    135.43
3174				    141.058
3177				    141.058
3182				    141.058
3185				    141.058
3190				    141.058
3194				    142.43
3198				    139.879
3202				    139.879
3206				    139.362
3211				    139.362
3215				    134.666
3219				    134.666
3223				    133.945
3227				    133.945
3231				    128.679
3235				    128.679
3239				    126.728
3244				    126.728
3248				    123.359
3252				    123.359
3256				    123.359
3260				    123.359
3264				    123.359
3268				    125.136
3272				    125.136
3276				    126.62
3281				    126.62
3285				    126.62
3289				    125.651
3294				    125.651
3298				    125.677
3302				    125.677
3307				    126.494
3311				    126.494
3315				    123.342
3320				    123.342
3324				    123.21
3328				    123.21
3332				    123.21
3336				    125.747
3341				    125.43
3344				    125.43
3349				    125.43
3353				    127.072
3357				    127.072
3361				    127.072
3365				    127.072
3370				    127.501
3374				    127.501
3378				    127.501
3383				    127.706
3387				    127.706
3391				    127.536
3395				    127.536
3399				    127.536
3404				    127.536
3408				    128.668
3412				    128.668
3416				    128.668
3420				    132.176
3424				    133.012
3429				    133.012
3433				    133.128
3437				    133.128
3442				    131.452
3446				    131.452
3450				    131.452
3454				    132.412
3459				    132.412
3463				    132.412
3467				    132.412
3471				    133.963
3475				    133.963
3480				    133.963
3484				    137.341
3488				    137.341
3493				    137.341
3497				    137.341
3501				    139.256
3506				    139.256
3510				    139.256
3514				    140.994
3518				    140.002
3522				    140.002
3526				    140.002
3531				    139.403
3535				    139.403
3539				    139.403
3542				    139.403
3546				    139.403
3550				    137.193
3555				    137.193
3559				    137.193
3563				    137.193
3567				    137.045
3572				    137.045
3576				    137.045
3580				    136.264
3584				    136.264
3588				    136.264
3592				    129.644
3597				    129.644
3601				    117.82
3605				    117.82
3610				    117.82
3614				    115.47
3618				    106.604
3622				    106.604
3627				    106.604
3631				    105.761
3635				    105.761
3638				    102.862
3642				    102.862
3646				    102.862
3650				    100.28
3654				    100.28
3658				    98.075
3662				    98.075
3666				    97.572
3670				    97.572
3674				    95.434
3677				    95.434
3682				    95.434
3685				    95.434
3689				    95.206
3693				    95.206
3698				    95.206
3702				    95.206
3706				    96.144
3710				    96.144
3714				    96.42
3718				    97.149
3722				    97.149
3726				    98.397
3730				    98.397
3734				    101.653
3738				    101.653
3742				    102.337
3746				    102.337
3750				    102.337
3754				    102.337
3758				    106.603
3761				    106.603
3765				    106.603
3769				    106.603
3773				    106.064
3777				    106.064
3781				    106.064
3784				    106.064
