11539				    68.062
11550				    68.062
11561				    68.062
11572				    68.062
11583				    68.062
11594				    61.473
11605				    60.192
11616				    60.192
11627				    60.192
11638				    60.192
11649				    60.086
11660				    61.164
11671				    61.164
11682				    61.164
11693				    61.164
11703				    54.472
11714				    55.096
11725				    55.096
11736				    55.096
11747				    55.096
11757				    47.103
11769				    47.103
11779				    47.103
11790				    49.47
11802				    49.47
11813				    50.817
11824				    55.885
11835				    55.885
11846				    55.885
11857				    56.842
11868				    59.792
11880				    61.085
11891				    63.476
11902				    65.834
11912				    67.267
11923				    67.267
11934				    67.267
11945				    64.644
11956				    63.082
11967				    61.579
11978				    61.579
11989				    57.557
12000				    52.834
12010				    51.771
12021				    51.771
12032				    51.771
12043				    51.771
12054				    53.71
12065				    55.527
12076				    55.527
12087				    55.527
12098				    48.209
12109				    50.043
12120				    50.043
12131				    56.252
12142				    56.252
12153				    55.03
12164				    53.368
12176				    52.586
12187				    56.461
12197				    56.461
12209				    57.552
12220				    55.339
12231				    51.272
12243				    51.066
12254				    50.707
12264				    50.707
12275				    48.202
12286				    48.202
12297				    45.556
12308				    44.635
12318				    45.257
12329				    45.566
12340				    47.395
12351				    49.552
12362				    49.552
12373				    52.994
12384				    47.128
12395				    47.128
12406				    47.128
12416				    45.428
12427				    45.729
12438				    51.69
12449				    54.716
12460				    54.716
12471				    56.456
12482				    51.864
12494				    50.456
12505				    50.456
12515				    50.499
12526				    50.499
12537				    51.68
12548				    55.991
12559				    55.991
12570				    53.977
12581				    53.977
12592				    50.949
12603				    50.949
12614				    56.341
12625				    63.539
12636				    57.662
12647				    57.662
12658				    52.809
12669				    52.836
12679				    52.836
12690				    51.821
12701				    51.821
12713				    47.607
12724				    47.607
12734				    46.698
12745				    47.792
12756				    52.361
12767				    52.361
12778				    48.23
12789				    51.373
12799				    46.8
12810				    46.8
12821				    50.781
12833				    50.781
12843				    52.832
12855				    56.424
12866				    63.012
12876				    63.012
12887				    63.012
12898				    58.307
12909				    52.323
12920				    52.323
12930				    56.97
