19546				    19.004
19557				    19.004
19568				    19.004
19579				    12.087
19591				    3.91
19602				    3.91
19613				    3.91
19625				    1.769
19636				    2.894
19648				    2.894
19659				    0.954
19670				    1.231
19681				    2.991
19693				    3.283
19704				    4.06
19715				    3.347
19726				    2.665
19738				    2.647
19749				    1.391
19760				    6.04
19772				    3.767
19783				    0.71
19795				    0.71
19807				    0.71
19818				    0.71
19829				    0.71
19841				    0.71
19852				    0.71
19863				    37.793
19875				    1.83
19887				    1.363
19898				    1.341
19910				    2.171
19921				    2.059
19932				    0.521
19944				    5.073
19955				    2.116
19966				    0.39
19978				    2.301
19989				    1.127
20000				    1.674
20012				    3.575
20023				    5.089
20035				    2.431
20046				    3.012
20058				    2.935
