3062				    18.068
3073				    18.068
3084				    18.068
3095				    4.639
3107				    4.808
3118				    4.808
3129				    4.808
3140				    4.667
3151				    1.317
3162				    1.317
3173				    2.644
3185				    2.644
3197				    1.13
3208				    3.795
3219				    0.635
3231				    1.67
3242				    1.173
3253				    6.63
3264				    5.328
3275				    1.099
3286				    2.184
3298				    2.669
3309				    0.828
3321				    2.779
3332				    5.09
3343				    2.626
3354				    3.179
3366				    1.115
3377				    0.859
3389				    0.404
3400				    3.026
3411				    3.3
3422				    0.483
3433				    0.935
3445				    1.039
3456				    0.774
3468				    0.989
3479				    1.659
3491				    12.024
3502				    13.799
