2475				    63.057
2486				    63.057
2498				    63.057
2509				    63.057
2521				    63.057
2532				    63.057
2544				    63.057
2555				    45.731
2567				    17.213
2579				    17.213
2590				    17.213
2601				    17.213
2613				    17.213
2625				    17.213
2636				    14.147
2648				    12.837
2660				    7.252
2671				    6.059
2683				    3.83
2695				    3.279
2706				    5.441
2718				    5.441
2730				    2.571
2742				    2.304
2753				    1.663
2765				    2.457
2776				    2.068
2788				    1.585
2800				    2.634
2812				    1.895
2824				    1.673
2835				    2.351
2847				    2.528
2859				    1.953
2871				    1.828
2883				    1.332
2894				    1.316
2907				    0.872
2919				    1.016
2931				    1.057
2942				    1.15
2953				    2.318
2965				    3.282
2976				    4.395
2987				    0.975
2999				    0.553
3011				    0.435
3023				    1.016
3035				    0.727
3047				    1.086
3059				    0.527
3071				    0.437
3082				    2.238
3094				    0.538
3106				    1.732
3117				    2.51
3129				    5.448
3141				    9.294
3152				    9.294
3165				    1.212
3176				    0.675
3188				    2.032
3199				    2.032
3211				    2.032
3222				    2.032
3234				    2.032
3245				    2.032
3257				    2.032
3268				    2.032
