16568				    21.542
16572				    21.542
16576				    21.542
16580				    21.542
16585				    21.542
16589				    21.542
16592				    21.542
16597				    21.542
16601				    21.542
16605				    21.542
16609				    13.476
16613				    8.542
16617				    4.11
16621				    4.11
16625				    4.11
16630				    4.11
16634				    4.11
16638				    4.11
16642				    4.464
16647				    4.254
16651				    4.254
16655				    3.367
16659				    1.938
16663				    1.429
16667				    1.429
16671				    1.429
16675				    1.429
16679				    4.562
16683				    3.887
16687				    2.591
16690				    2.364
16694				    2.029
16698				    1.245
16702				    1.276
16706				    1.111
16710				    1.208
16714				    1.236
16718				    1.236
16722				    1.975
16726				    2.498
16730				    2.289
16733				    1.859
16737				    1.049
16741				    1.049
16745				    1.491
16749				    2.528
16753				    2.543
16757				    3.916
16761				    2.324
16765				    1.967
16769				    1.377
16773				    0.608
16777				    0.787
16781				    0.787
16785				    0.857
16789				    0.857
16793				    1.561
16797				    1.64
16802				    1.414
16806				    1.414
16810				    2.801
16814				    4.735
16818				    4.072
16822				    4.072
16827				    4.072
16831				    4.072
16835				    6.734
16839				    7.81
16843				    7.475
16847				    0.582
16851				    1.981
16855				    3.396
16860				    0.475
16864				    0.35
16868				    0.416
16873				    0.341
16877				    2.001
16881				    1.008
16886				    2.159
16889				    2.085
16893				    0.416
16898				    1.415
16902				    1.776
16906				    0.793
16910				    0.972
16915				    0.874
16919				    1.113
16923				    1.592
16928				    0.741
16932				    0.894
16936				    0.644
16940				    0.658
16944				    1.349
16949				    1.061
16953				    0.437
16957				    1.167
16960				    1.167
16964				    1.167
16968				    1.167
16972				    1.167
16976				    1.167
16980				    1.167
16985				    1.167
16989				    1.167
16993				    1.167
16998				    1.167
17002				    1.167
17006				    1.167
17010				    1.167
17014				    1.167
17018				    1.167
17022				    1.167
17026				    1.167
17030				    1.167
