2641				    51.799
2645				    51.799
2650				    51.799
2654				    51.799
2658				    51.799
2663				    51.799
2667				    51.799
2671				    51.799
2675				    51.799
2679				    51.799
2683				    51.799
2688				    51.799
2692				    51.799
2696				    51.799
2701				    51.799
2705				    51.799
2709				    51.799
2713				    51.799
2718				    51.799
2722				    51.799
2725				    51.799
2730				    51.799
2734				    51.799
2738				    51.799
2743				    51.799
2747				    51.799
2751				    51.799
2755				    51.799
2759				    8.392
2763				    8.392
2767				    8.392
2771				    8.392
2775				    8.392
2779				    8.392
2783				    8.392
2787				    8.392
2791				    8.392
2795				    8.392
2800				    8.392
2804				    8.392
2808				    8.392
2812				    8.392
2815				    8.392
2820				    8.392
2824				    8.392
2828				    8.392
2832				    8.392
2835				    8.392
2839				    8.392
2843				    8.392
2848				    8.392
2852				    8.392
2856				    8.392
2859				    2.436
2863				    2.436
2867				    2.436
2872				    2.436
2875				    2.436
2879				    2.436
2883				    2.436
2887				    2.436
2891				    2.436
2895				    2.436
2899				    2.436
2902				    2.436
2906				    2.436
2910				    2.436
2914				    2.436
2918				    2.436
2922				    2.436
2926				    2.436
2930				    2.436
2934				    2.436
2938				    2.436
2942				    2.436
2946				    2.436
2950				    2.436
2954				    2.436
2959				    1.106
2963				    1.106
2967				    1.106
2971				    5.695
2975				    5.695
2980				    1.626
2984				    1.626
2988				    3.558
2992				    3.558
2996				    3.558
3000				    3.558
3004				    3.558
3008				    3.558
3012				    3.558
3017				    3.558
3021				    3.558
3025				    3.558
3029				    3.558
3033				    3.558
3037				    3.558
3042				    3.558
3046				    3.558
3050				    3.558
3054				    3.558
3058				    4.126
3062				    4.126
3066				    4.512
3071				    4.512
3075				    2.205
3078				    2.205
3082				    2.205
3086				    2.205
3090				    5.678
3094				    5.678
3098				    5.678
3101				    5.678
3105				    4.81
3109				    0.326
3113				    0.326
3116				    2.231
3120				    2.231
3124				    7.826
3128				    7.826
3133				    7.826
3137				    11.559
3141				    11.559
3145				    11.559
3150				    11.559
3154				    11.559
3158				    11.559
3163				    11.559
3167				    11.559
3171				    11.559
3175				    11.559
3180				    11.559
3184				    20.324
3189				    20.324
3193				    20.324
3197				    20.324
3201				    20.324
3206				    20.324
3210				    20.324
3214				    20.324
3218				    10.756
3222				    10.343
3226				    10.343
3230				    10.343
3234				    7.872
3238				    7.872
3242				    7.872
3246				    7.872
3250				    6.429
3254				    5.797
3258				    5.797
3262				    5.285
3266				    5.285
3269				    2.744
3273				    2.744
3277				    2.744
3281				    2.744
3285				    1.727
3289				    1.727
3294				    1.727
3297				    1.727
3302				    4.122
3306				    4.122
3310				    3.313
3314				    3.313
3318				    3.026
3322				    3.026
3327				    4.769
3331				    4.769
3335				    2.746
3340				    2.746
3344				    2.746
3348				    2.746
3352				    2.746
3357				    9.199
3361				    9.199
3365				    9.199
3369				    9.199
3374				    9.199
3378				    9.199
3383				    9.199
3387				    9.199
3391				    9.199
3395				    7.325
3399				    7.325
3404				    7.325
3408				    7.325
3412				    7.325
3417				    7.325
3421				    7.325
3425				    7.325
3430				    7.325
3434				    5.938
3438				    5.938
3443				    7.284
3447				    7.284
3452				    9.623
3455				    9.623
3459				    9.623
3464				    9.623
3467				    9.623
3471				    9.623
3475				    11.901
3479				    11.901
3483				    5.586
3487				    5.586
3491				    1.576
3496				    1.576
3499				    1.576
3503				    1.576
3507				    1.576
3511				    5.6
3515				    5.6
3519				    0.341
3524				    0.341
3528				    0.341
3532				    3.114
3536				    3.114
3541				    0.63
3545				    0.63
3549				    0.63
3553				    0.63
3558				    5.188
3562				    5.15
3566				    5.243
3571				    5.243
3575				    5.243
3579				    5.243
3583				    5.243
3587				    2.394
3592				    3.478
3596				    3.478
3601				    5.523
3605				    5.523
3609				    5.523
3614				    5.523
3618				    3.604
3622				    3.604
3626				    3.604
3630				    3.604
3634				    6.433
3638				    6.433
3643				    6.433
3647				    7.556
3651				    7.556
3655				    7.556
3660				    7.556
3664				    0.568
3668				    0.568
3672				    2.518
3676				    2.518
3680				    8.443
3685				    8.443
3689				    8.443
3693				    8.443
3697				    8.443
3702				    8.443
3706				    8.443
3710				    8.443
3714				    8.443
3719				    9.352
3722				    9.352
3726				    9.352
3730				    9.352
3734				    9.352
3738				    9.352
3742				    9.352
3747				    9.352
3750				    9.352
3754				    5.879
3758				    5.879
3762				    5.879
3766				    5.63
3770				    4.738
3775				    4.738
3779				    4.738
3783				    6.91
3787				    6.91
3791				    8.402
3795				    8.402
3799				    6.629
3803				    6.629
3807				    5.423
3811				    5.423
3815				    6.716
3819				    6.716
3823				    6.716
3828				    6.716
3832				    3.811
3836				    3.811
3840				    4.266
3844				    4.266
3848				    3.183
3852				    3.183
3856				    4.909
3860				    4.909
3864				    7.45
3868				    7.45
3872				    4.045
3876				    1.5
3880				    3.573
3884				    3.573
3888				    3.573
3892				    8.2
3896				    8.2
3900				    1.549
3904				    1.549
3908				    1.549
3912				    1.549
3917				    5.976
3921				    5.976
3925				    4.74
3929				    4.74
3933				    1.396
3938				    1.396
3942				    4.217
3946				    4.217
3950				    3.335
3954				    3.335
3959				    3.335
3963				    10.06
