23980				    172.887
23984				    172.887
23988				    172.887
23992				    172.887
23996				    172.887
24000				    172.887
24004				    172.887
24008				    172.887
24012				    172.887
24016				    172.887
24020				    172.887
24024				    172.887
24028				    172.887
24032				    172.887
24036				    172.887
24040				    172.887
24044				    172.887
24049				    172.887
24053				    172.887
24057				    172.887
24061				    172.887
24065				    172.887
24070				    172.887
24074				    172.887
24078				    172.887
24083				    172.887
24087				    172.887
24091				    172.887
24095				    172.887
24099				    172.887
24103				    172.887
24108				    172.887
24112				    172.887
24116				    172.887
24120				    172.887
24124				    172.887
24128				    172.887
24131				    172.887
24135				    172.887
24140				    172.887
24143				    172.887
24147				    172.887
24151				    171.401
24155				    171.401
24158				    171.401
24162				    172.361
24166				    172.361
24170				    172.361
24173				    172.361
24177				    172.361
24181				    172.361
24185				    172.361
24189				    172.361
24193				    172.361
24198				    172.361
24202				    172.361
24206				    172.361
24211				    172.361
24215				    172.361
24219				    172.361
24224				    172.361
24228				    172.361
24232				    172.361
24237				    172.361
24241				    172.361
24245				    172.361
24249				    172.361
24253				    172.361
24257				    172.361
24261				    172.361
24264				    172.361
24269				    172.361
24272				    172.361
24276				    172.361
24280				    172.361
24284				    172.361
24288				    172.361
24292				    172.361
24296				    172.361
24300				    172.361
24304				    166.248
24308				    163.567
24313				    163.443
24317				    163.443
24321				    166.284
24325				    166.284
24329				    166.284
24333				    166.284
24336				    166.284
24340				    166.284
24344				    166.284
24348				    166.284
24352				    166.284
24356				    166.284
24360				    166.284
24364				    166.284
24368				    166.284
24373				    166.284
24376				    166.284
24380				    166.284
24384				    166.284
24387				    166.284
24391				    166.284
24395				    166.284
24399				    166.284
24403				    166.284
24407				    166.284
24411				    166.284
24415				    166.284
24419				    166.284
24422				    166.284
24426				    166.284
24430				    166.284
24434				    166.284
24438				    166.284
24442				    166.284
24446				    166.284
24450				    166.284
24454				    166.284
24458				    166.284
24462				    166.284
24466				    166.284
24471				    166.284
24475				    167.235
24479				    167.235
24483				    166.699
24488				    166.699
24492				    169.84
24496				    169.84
24500				    169.84
24504				    169.84
24508				    169.84
24512				    178.706
24516				    178.706
24521				    178.706
24525				    178.706
24529				    185.105
24533				    185.105
24537				    185.105
24541				    185.105
24545				    185.105
24549				    185.105
24553				    185.105
24557				    185.105
24562				    185.105
24566				    185.105
24570				    185.105
24574				    185.105
24578				    185.105
24582				    185.105
24587				    185.105
24591				    185.105
24595				    185.105
24600				    185.105
24604				    185.105
24608				    185.105
24613				    185.105
24617				    185.105
24621				    185.105
24626				    185.105
24630				    185.105
24634				    185.105
24638				    185.105
24643				    185.105
24647				    185.105
24651				    185.105
24656				    185.105
24660				    185.105
24664				    188.336
24668				    188.547
24672				    188.547
24676				    189.729
24680				    191.745
24684				    191.745
24688				    191.745
24692				    191.745
24696				    198.092
24700				    198.092
24704				    199.992
24708				    199.992
24713				    199.992
24717				    199.992
24721				    208.52
24726				    208.52
24729				    208.52
24734				    208.316
24738				    208.316
24742				    208.316
24747				    208.316
24751				    208.316
24755				    208.316
24760				    208.316
24764				    208.316
24767				    208.316
24772				    208.316
24776				    208.316
24780				    208.316
24783				    208.316
24787				    208.316
24791				    208.316
24795				    208.316
24799				    208.316
24803				    208.316
24806				    208.316
24810				    208.316
24814				    208.316
24818				    208.316
24821				    208.316
24825				    208.316
24829				    208.316
24833				    208.316
24837				    208.316
24841				    208.316
24846				    208.316
24850				    208.316
24854				    208.316
24857				    208.316
24862				    208.316
24866				    208.316
24870				    207.862
24875				    207.862
24879				    207.862
24883				    207.862
24887				    207.862
24892				    207.862
24896				    226.347
24900				    226.347
24904				    226.347
24908				    226.347
24912				    233.432
24916				    233.432
24921				    228.409
24925				    214.66
24929				    214.66
24933				    212.253
24938				    213.733
24942				    213.733
24946				    219.426
24951				    219.426
24955				    220.906
24959				    220.906
24963				    220.906
24967				    220.906
24971				    220.906
24975				    220.906
24979				    220.906
24983				    220.906
24987				    220.906
24991				    220.906
24995				    220.906
24999				    220.906
25003				    220.906
25008				    220.906
25012				    220.906
25015				    220.906
25019				    220.906
25023				    220.906
25027				    220.906
25032				    220.906
25036				    220.906
25040				    220.906
25044				    220.906
25048				    220.906
25052				    220.906
25055				    220.906
25059				    220.906
25063				    220.906
25068				    220.906
25072				    220.906
25076				    220.906
25080				    208.707
25084				    208.707
25087				    208.707
25091				    208.707
25095				    184.094
25099				    184.094
25104				    183.784
25108				    184.311
25112				    184.311
25117				    184.311
25121				    184.311
25125				    184.311
25129				    184.311
25133				    205.795
25138				    205.795
25142				    208.283
25146				    207.363
25150				    204.57
25155				    204.57
25159				    204.57
25163				    204.57
25168				    204.57
25172				    204.57
25177				    204.57
25181				    204.57
25185				    204.57
25189				    204.57
25193				    208.996
25197				    208.996
25201				    208.996
25205				    208.996
25210				    208.996
25214				    208.996
25218				    208.996
25222				    208.996
25226				    208.996
25230				    208.996
25235				    208.996
25238				    208.996
25243				    208.996
25247				    208.996
25251				    208.996
25255				    208.996
25259				    208.996
25263				    208.996
25267				    201.138
25271				    201.138
25276				    200.707
25280				    200.707
25284				    191.71
25288				    191.71
25292				    191.71
25296				    191.71
25300				    182.383
25304				    182.383
25308				    181.431
25312				    181.431
25316				    181.46
25321				    182.455
25325				    182.455
25329				    185.9
25334				    185.9
25338				    185.9
25342				    185.9
25346				    185.9
25350				    185.9
25354				    192.304
25359				    192.304
25363				    196.924
25367				    196.924
25371				    196.924
25376				    196.924
25380				    196.924
25384				    196.924
25388				    196.924
25392				    196.924
25397				    196.924
25401				    196.924
25405				    196.924
25409				    196.924
25413				    196.924
25417				    196.924
25422				    196.924
25426				    196.924
25430				    196.924
25434				    196.924
25439				    196.924
25443				    200.074
25448				    200.074
25452				    194.072
25456				    194.072
25461				    193.646
25464				    193.191
25469				    190.78
25473				    190.772
25478				    190.772
25482				    195.125
25486				    195.125
25490				    196.346
25494				    196.608
25499				    196.854
25502				    196.854
25507				    197.699
25511				    197.699
25514				    197.699
25518				    197.884
25522				    196.995
25527				    197.214
25531				    197.214
25535				    203.098
25540				    203.098
25544				    201.59
25548				    201.59
25552				    201.134
25556				    201.134
25560				    201.737
25564				    201.737
25569				    202.26
25573				    202.26
25577				    202.26
25581				    202.26
25586				    202.26
25590				    202.26
25594				    202.26
25599				    206.583
25603				    206.583
25607				    206.583
25611				    206.583
25615				    206.583
25619				    206.583
25624				    206.583
25628				    206.583
25632				    206.583
25636				    206.583
25640				    206.583
25644				    206.583
25648				    206.583
25652				    206.583
25656				    206.583
25660				    208.813
25664				    208.813
25668				    209.937
25672				    209.937
25676				    213.432
25680				    213.432
25684				    213.432
25688				    213.432
25692				    213.432
25697				    213.432
25700				    216.995
25705				    216.995
25709				    226.642
25713				    226.642
25717				    230.99
25721				    230.99
25725				    232.423
25730				    235.438
25734				    235.506
25738				    235.506
25742				    235.506
25746				    235.506
25750				    235.506
25754				    237.975
25758				    237.975
25763				    237.975
25767				    237.975
25771				    237.975
25775				    241.544
25779				    244.021
25783				    239.276
25787				    239.276
25792				    239.276
25796				    238.241
25800				    238.241
25804				    238.241
25808				    238.241
25812				    238.241
25816				    238.241
25820				    238.241
25824				    238.241
25828				    238.241
25832				    238.241
25836				    238.241
25840				    238.241
25844				    238.241
25848				    238.241
25852				    238.241
25856				    238.241
25860				    238.241
25864				    238.241
25868				    238.241
25873				    238.241
25876				    238.241
25880				    243.577
25884				    243.577
25888				    243.577
25892				    243.577
25896				    243.577
25900				    243.577
25904				    243.577
25908				    245.318
25912				    245.318
25916				    245.318
25920				    245.318
25924				    245.318
25928				    245.318
25932				    249.041
25936				    249.041
25940				    242.554
25945				    237.991
25948				    237.991
25952				    237.961
25956				    237.961
25960				    236.071
25964				    236.071
25968				    236.071
25972				    236.071
25976				    236.071
25980				    236.071
25984				    242.402
25988				    242.402
25992				    240.415
25996				    240.415
26000				    240.918
26004				    240.918
26009				    235.957
26013				    235.957
26017				    235.935
26021				    235.935
26025				    240.455
26029				    240.455
26034				    241.636
26038				    241.675
26042				    241.675
26046				    241.675
26051				    241.675
26055				    241.675
26059				    241.675
26063				    241.675
26067				    241.675
26072				    241.675
26076				    241.675
26081				    241.675
26085				    241.675
26089				    241.675
26093				    241.675
26097				    241.675
26101				    241.675
26106				    241.675
26110				    241.675
26114				    241.675
26119				    241.675
26123				    241.675
26127				    241.675
26132				    241.675
26136				    241.675
26140				    241.675
26145				    241.675
26149				    241.675
26154				    241.675
26158				    241.675
26162				    241.675
26166				    247.719
26171				    247.719
