9024				    103.865
9035				    103.865
9046				    103.865
9057				    103.865
9068				    103.865
9079				    103.865
9090				    103.865
9101				    103.865
9112				    103.865
9125				    98.402
9136				    98.402
9147				    98.402
9158				    98.402
9169				    98.402
9180				    98.402
9191				    98.402
9202				    98.402
9213				    98.402
9224				    98.738
9235				    98.738
9246				    106.764
9257				    130.706
9268				    130.706
9279				    130.706
9290				    130.706
9301				    130.706
9312				    130.706
9323				    130.706
9334				    122.599
9345				    122.599
9356				    106.737
9367				    105.975
9379				    114.935
9389				    116.475
9400				    116.475
9411				    116.475
9422				    116.475
9433				    116.475
9444				    116.475
9455				    117.641
9466				    127.005
9477				    127.005
9488				    127.005
9499				    137.365
9510				    139.015
9521				    151.219
9532				    156.693
9543				    156.693
9554				    162.794
9565				    162.794
9576				    162.794
9587				    162.794
9599				    162.794
9610				    162.794
9621				    159.246
9632				    160.83
9643				    160.83
9654				    163.733
9665				    163.733
9676				    169.311
9687				    165.299
9698				    165.299
9708				    174.42
9719				    187.358
9730				    188.281
9741				    194.787
9752				    197.471
9764				    206.107
9775				    206.107
9786				    206.107
9796				    206.107
9807				    206.107
9818				    204.479
9829				    206.917
9839				    206.917
9850				    217.359
9861				    217.359
9872				    219.799
9883				    217.669
9894				    217.586
9905				    223.895
9915				    238.241
9926				    240.055
9937				    254.897
9948				    261.208
9959				    263.962
9970				    258.273
9981				    261.185
9992				    262.556
10002				    276.961
10013				    288.739
10024				    288.739
10036				    295.305
10047				    300.353
10058				    302.482
10070				    304.02
10081				    311.527
10092				    313.562
10103				    316.253
10114				    316.253
10125				    316.253
10136				    321.058
10147				    322.272
10158				    327.091
10169				    325.985
10180				    324.584
10191				    325.345
10202				    326.507
10213				    338.533
10224				    342.094
10235				    343.551
10246				    357.471
10257				    357.471
10268				    360.756
10279				    366.956
10290				    371.553
10301				    372.594
10312				    381.939
10323				    391.508
10334				    394.027
10345				    404.215
10356				    405.827
