9322				    2.3	
9326				    2.3	
9330				    2.3	
9334				    2.3	
9338				    2.3	
9342				    2.3	
9347				    2.3	
9351				    2.3	
9355				    2.3	
9359				    2.9	
9364				    5.0	
9368				    5.0	
9372				    5.0	
9376				    5.0	
9381				    5.0	
9385				    5.0	
9389				    5.0	
9394				    5.0	
9398				    7.5	
9402				    8.1	
9406				    8.6	
9411				    10.2	
9415				    10.2	
9419				    10.2	
9423				    10.2	
9427				    10.2	
9431				    11.1	
9436				    11.7	
9440				    12.1	
9444				    16.4	
9448				    16.4	
9453				    16.4	
9457				    16.5	
9460				    16.0	
9465				    17.3	
9469				    17.3	
9473				    17.3	
9477				    19.3	
9481				    21.1	
9486				    23.4	
9490				    23.4	
9494				    24.5	
9497				    32.5	
9502				    37.0	
9506				    37.0	
9510				    38.4	
9514				    38.4	
9519				    38.1	
9523				    38.1	
9527				    42.6	
9531				    43.9	
9535				    45.9	
9540				    46.6	
9544				    48.1	
9548				    48.1	
9552				    47.8	
9557				    47.3	
9561				    46.0	
9565				    60.9	
9569				    73.9	
9573				    74.3	
9577				    77.7	
9581				    76.2	
9584				    76.7	
9588				    76.4	
9592				    72.7	
9596				    68.9	
9600				    74.2	
9604				    65.1
9608				    62.2
9613				    60.9
9617				    59.4
9621				    57.3
9625				    57.3
9629				    57.3
9633				    57.3
9637				    57.3
9642				    57.3
9646				    54.0
9650				    54.0
9654				    37.9
9658				    37.8
9662				    37.8
9666				    37.8
9670				    31.6
9675				    20.3
9679				    13.9
9683				    11.8
9687				    7.5
9691				    2.2
9695				    2.2
9699				    1.7
9703				    1.4
9707				    22.7
9712				    26.4
9716				    26.4
9720				    26.4
9724				    32.3
9728				    32.3
9732				    34.7
