2610				    20.04
2615				    20.04
2619				    20.04
2623				    20.04
2627				    20.04
2631				    20.04
2635				    20.04
2639				    20.04
2643				    20.04
2647				    20.04
2650				    20.04
2654				    9.809
2658				    7.028
2662				    5.35
2665				    5.35
2670				    5.35
2674				    5.35
2678				    5.35
2682				    5.35
2687				    5.672
2692				    5.18
2697				    2.646
2701				    2.46
2705				    3.146
2709				    3.983
2713				    3.983
2718				    3.983
2722				    3.983
2726				    3.983
2731				    3.983
2735				    3.983
2739				    3.983
2743				    3.983
2747				    3.983
2751				    3.983
2755				    10.542
2760				    1.674
2764				    1.674
2768				    1.674
2772				    1.259
2777				    0.782
2781				    0.782
2785				    0.782
2789				    0.782
2793				    0.782
2797				    0.782
2802				    0.782
2806				    0.782
2810				    1.087
2815				    1.087
2819				    0.63
2823				    0.63
2828				    0.442
2832				    0.363
2837				    1.02
2841				    1.02
2845				    1.02
2849				    1.02
2854				    1.584
2858				    1.584
2862				    1.584
2866				    3.066
2870				    3.066
2875				    3.264
2879				    2.665
2883				    0.647
2888				    0.329
2892				    0.329
2896				    0.329
2900				    0.329
2905				    0.329
2909				    0.329
2913				    0.839
2917				    1.441
2921				    3.864
2926				    2.569
2931				    1.234
2935				    0.689
2939				    0.689
2944				    0.689
2948				    1.231
2952				    1.47
2957				    1.718
2961				    0.839
2966				    1.642
2970				    1.008
2974				    1.008
2978				    1.008
2983				    2.264
2987				    2.392
2992				    2.392
2996				    2.392
3000				    2.392
3005				    2.392
3008				    2.392
3012				    2.392
3017				    2.392
3021				    11.706
3025				    16.533
3030				    16.266
3034				    3.152
3038				    3.152
3043				    3.152
3047				    3.152
3051				    3.152
3055				    3.993
3060				    5.127
3064				    5.127
3068				    5.127
3072				    5.127
3076				    5.127
3080				    5.127
3084				    5.127
3088				    4.168
3092				    4.168
3097				    4.168
3101				    3.895
3105				    5.031
3109				    5.031
3113				    5.641
3118				    5.641
3122				    6.28
3126				    6.28
3130				    6.28
3135				    6.74
3139				    6.74
3143				    6.239
3148				    2.117
3152				    2.219
3156				    2.219
3160				    2.219
3164				    2.219
3168				    2.219
3173				    5.007
3176				    5.007
3180				    6.28
3184				    6.28
3188				    4.446
3192				    2.018
3196				    1.711
3200				    3.028
3204				    4.12
3208				    4.12
3211				    4.12
3215				    4.12
3220				    4.12
3223				    4.12
3227				    4.12
3231				    4.12
3236				    4.885
3239				    4.885
3243				    4.885
3248				    4.741
3251				    2.452
3255				    1.985
3259				    1.985
3262				    1.985
3266				    1.985
3270				    1.985
3274				    1.985
3278				    2.13
3282				    2.264
3286				    1.002
3290				    1.002
3294				    1.002
3297				    1.069
3301				    1.602
3305				    2.669
3310				    2.669
3314				    2.669
3319				    2.669
3323				    2.876
3327				    3.359
3331				    2.988
3335				    3.043
3339				    3.043
3344				    3.043
3348				    2.009
3352				    2.398
3356				    5.074
3361				    5.074
3365				    5.074
3369				    5.074
3374				    5.074
3378				    3.292
3382				    3.175
3386				    3.732
3390				    5.205
3395				    5.327
3399				    5.327
3404				    4.262
3408				    4.687
3412				    4.687
3416				    6.114
3420				    4.561
3424				    4.561
3428				    2.984
3432				    2.418
3437				    2.083
3441				    2.083
3445				    2.083
3449				    1.948
3453				    1.948
3457				    1.256
3461				    0.892
3466				    2.081
3470				    4.819
3474				    2.542
3478				    1.857
3482				    1.646
3486				    1.022
3490				    1.109
3494				    1.795
3499				    1.795
3503				    1.956
3507				    2.129
3512				    2.145
3516				    1.939
3520				    1.55
3525				    2.157
3529				    2.036
3533				    2.082
3537				    1.372
3542				    1.372
3546				    1.372
3550				    2.328
3554				    2.328
3558				    2.091
3562				    1.724
3567				    1.606
3571				    1.736
3575				    2.758
3580				    3.435
3584				    3.435
3588				    4.989
3593				    4.989
3597				    4.989
3601				    6.525
3605				    6.858
3609				    6.904
3613				    2.624
3617				    2.15
3621				    1.841
3625				    2.948
3629				    2.948
