23573				    1
23584				    1
23595				    1
23607				    1
23618				    1
23629				    1
23640				    1
23651				    1
23662				    1
23673				    1
23684				    1
23695				    1.3	
23706				    1.7	
23717				    1.7	
23728				    1.7	
23739				    1.7	
23750				    1.7	
23761				    1.7	
23772				    1.7	
23783				    1.7	
23795				    1.7	
23805				    1.7	
23816				    2.2	
23827				    2.2	
23839				    2.3	
23850				    3.2	
23861				    3.2	
23872				    3.2	
23883				    3.2	
23895				    3.2	
23906				    3.2	
23917				    3.4	
23928				    3.4	
23939				    4.8	
23951				    5.9	
23963				    6.2	
23974				    6.2	
23986				    6.2	
23997				    6.2	
24008				    6.2	
24020				    6.2	
24031				    6.2	
24042				    6.2	
24053				    6.2	
24064				    6.2	
24075				    6.2	
24087				    7.0	
24098				    7.0	
24109				    7.0	
24120				    8.0	
24131				    8.1	
24143				    8.3	
24154				    9.9	
24165				    9.9	
24176				    10.1	
24187				    10.1	
24198				    10.1	
24209				    10.1	
24220				    10.7	
24231				    10.7	
24242				    10.7	
24253				    11.4	
24264				    11.4	
24275				    11.0	
24286				    15.0	
24298				    15.0	
24308				    14.3	
24319				    13.7	
24330				    13.7	
24342				    13.4	
24353				    13.2	
24364				    14.1	
24375				    14.1	
24387				    13.9	
24398				    13.9	
24409				    13.4	
24420				    13.4	
24431				    13.4	
24442				    13.4	
24453				    13.3	
24464				    13.4	
24475				    13.8	
24487				    14.1	
24498				    14.2	
24510				    14.2	
24521				    15.3	
24532				    15.3	
24543				    15.6	
24554				    15.6	
24566				    15.5	
24577				    15.1	
24588				    15.1	
24599				    12.5
24611				    12.2
24622				    11.5
24633				    11.5
24644				    11.3
24655				    11.1
24666				    10.8
24678				    10.5
24689				    10.4
24700				    10.0
24711				    9.5
24723				    9.5
24734				    9.0
24745				    9.0
24756				    8.9
24767				    6.1
24779				    6.1
24790				    6.1
24801				    5.9
24812				    5.8
24824				    5.8
24835				    5.4
24846				    5.2
24858				    5.2
24870				    4.7
24881				    3.7
24892				    3.4
24903				    3.4
24914				    2.9
24925				    2.9
24936				    1.9
24947				    1.9
24959				    1.3
24970				    1.3
24981				    1
24992				    1
25004				    5.5
25015				    5.5
