40958				    1.6	
40962				    1.6	
40966				    1.6	
40970				    1.6	
40974				    1.6	
40978				    1.6	
40982				    1.6	
40986				    1.6	
40990				    1.6	
40994				    1.6	
40998				    1.6	
41001				    1.6	
41005				    1.6	
41009				    2.3	
41014				    2.3	
41018				    3.2	
41022				    3.2	
41027				    3.2	
41031				    3.2	
41035				    3.2	
41039				    3.2	
41043				    3.2	
41048				    3.2	
41052				    3.2	
41056				    3.2	
41060				    3.2	
41064				    3.2	
41068				    3.6	
41073				    3.6	
41077				    4.8
41081				    4.8
41085				    4.8
41089				    4.8
41093				    4.8
41097				    4.8
41102				    4.8
41106				    4.8
41110				    5.6
41113				    5.6
41117				    5.7
41121				    5.7
41125				    5.8
41129				    5.8
41133				    5.4
41137				    5.4
41141				    5.3
41145				    5.3
41149				    5.2
41153				    5.2
41157				    5.3
41161				    5.8
41166				    5.8
41169				    5.8
41173				    5.8
41177				    5.8
41181				    5.8
41185				    5.8
41189				    5.5
41193				    5.5
41197				    5.2
41201				    5.2
41205				    5.2
41209				    5.2
41213				    5.3
41217				    5.3
41221				    5.3
41225				    5.3
41229				    5.5
41233				    5.5
41237				    5.8
41242				    5.8
41246				    5.9
41249				    5.9
41253				    5.7
41257				    5.7
41261				    5.6
41265				    5.6
41269				    5.5
41273				    5.5
41277				    5.6
41281				    5.8
41285				    5.8
41289				    6.1
41293				    6.1
41296				    6.2
41300				    6.2
41305				    6.2
41309				    6.2
41312				    6.3
41316				    6.3
41320				    6.2
41323				    6.2
41327				    6.1
41331				    6.1
41335				    6.2
41339				    6.2
41342				    6.1
41346				    6.1
41350				    6.1
41354				    6.1
41357				    6.4
41361				    6.4
41365				    6.4
41369				    6.8
41373				    6.8
41377				    6.8
41381				    6.8
41385				    6.8
41389				    6.6
41393				    6.6
41397				    6.8
41400				    6.8
41404				    6.8
41408				    6.8
41412				    6.9
41416				    6.9
41420				    6.9
41424				    6.9
41427				    6.9
41431				    6.9
41435				    6.9
41439				    6.9
41444				    6.9
41448				    6.9
41452				    6.4
41456				    6.2
41461				    6.2
41465				    6.2
41469				    6.2
41473				    6.1
41477				    6.1
41481				    6.1
41486				    6.1
41490				    6.7
41494				    6.7
41499				    6.7
41503				    6.7
41507				    6.7
41512				    6.5
41516				    6.6
41519				    6.6
41523				    6.6
41527				    6.7
41531				    6.9
41536				    6.9
41540				    6.8
41544				    6.8
41549				    7.2
41553				    7.2
41557				    7.2
41562				    7.2
41565				    7.2
41569				    7.2
41574				    6.6
41577				    6.6
41582				    6.8
41586				    6.8
41590				    6.5
41595				    6.5
41599				    6.5
41603				    6.5
41607				    6.5
41611				    6.2
41616				    6.8
41620				    6.8
41624				    6.9
41629				    6.9
41633				    7.0
41637				    7.0
41641				    7.0
41646				    7.0
41649				    6.8
41653				    6.8
41657				    6.9
41661				    6.9
41665				    7.0
41670				    7.0
41674				    7.0
41678				    6.8
41682				    6.8
41686				    6.0
41691				    6.0
41695				    6.3
41699				    6.3
41703				    6.5
41707				    6.5
41712				    6.5
41715				    6.5
41719				    6.5
41724				    6.5
41727				    6.5
41731				    6.2
41735				    6.2
41739				    6.4
41742				    6.4
41747				    6.4
41751				    6.2
41755				    6.2
41759				    6.0
41764				    5.9
41768				    5.9
41772				    6.0
41776				    6.0
41781				    6.1
41785				    6.1
41789				    6.6
41793				    6.6
41797				    6.7
41801				    6.8
41806				    6.8
41810				    6.8
41814				    6.8
41818				    7.3
41822				    7.3
41826				    7.3
41830				    7.3
41835				    7.3
41839				    7.3
41843				    7.3
41847				    7.3
41852				    6.7
41856				    6.7
41860				    6.7
41865				    6.7
41869				    6.7
41873				    6.7
41878				    6.4
41882				    6.4
41887				    6.4
41891				    6.4
41895				    6.4
41899				    6.5
41903				    6.5
41908				    6.5
41912				    6.4
41916				    6.9
41920				    6.9
41925				    6.9
41929				    6.9
41933				    7.4
41938				    7.4
41942				    7.5
41946				    7.5
41950				    7.6
41954				    7.6
41958				    7.6
41962				    7.6
41966				    7.6
41970				    7.1
41975				    7.1
41979				    6.6
41983				    6.6
41988				    6.6
41992				    6.5
41996				    6.4
42001				    6.4
42005				    6.4
42009				    6.7
42014				    6.7
42018				    7.7
42022				    7.7
42026				    7.8
42030				    7.8
42034				    7.6
42038				    7.4
42042				    7.4
42046				    7.4
42050				    7.1
42055				    7.0
42059				    7.0
42063				    7.1
42067				    7.1
42072				    7.3
42075				    7.3
42080				    7.3
42084				    7.3
42088				    7.1
42093				    7.1
42097				    7.5
42101				    7.5
42105				    7.6
42109				    7.6
42113				    7.3
42118				    7.3
42122				    7.3
42125				    7.3
42129				    7.2
42134				    7.2
42138				    7.2
42142				    7.5
42145				    7.5
42149				    7.5
42154				    7.5
42158				    7.7
42162				    7.7
42166				    7.7
42170				    7.7
42174				    7.8
42178				    7.8
42182				    7.8
42186				    7.8
42190				    7.9
42194				    7.9
42198				    7.9
42202				    7.9
42206				    7.9
42210				    8.0
42214				    8.0
42218				    8.0
42221				    8.0
42226				    8.0
42230				    8.0
42234				    7.9
42238				    7.9
42243				    7.9
42247				    7.9
42251				    7.4
42255				    7.4
42259				    7.5
42263				    7.5
42267				    7.6
42271				    7.6
42275				    7.6
42278				    7.6
42282				    7.2
42286				    7.2
42290				    7.0
42294				    7.0
42298				    7.0
42301				    7.0
42305				    6.7
42309				    6.7
42314				    6.7
42318				    6.8
42322				    7.4
42327				    7.7
42331				    7.7
