2630				    65.007
2641				    65.007
2653				    65.007
2664				    61.569
2676				    53.316
2687				    55.298
2699				    55.298
2710				    55.298
2722				    48.303
2733				    43.261
2744				    43.261
2755				    43.261
2767				    43.261
2777				    43.261
2789				    43.261
2800				    65.684
2811				    76.442
2822				    89.61
2833				    89.61
2845				    89.61
2857				    89.61
2868				    54.292
2879				    52.867
2890				    52.867
2901				    52.867
2913				    52.867
2924				    61.931
2936				    65.087
2947				    72.86
2959				    72.86
2970				    68.042
2981				    55.244
2992				    48.702
3003				    48.702
3014				    48.702
3025				    48.702
3037				    48.702
3048				    64.284
3059				    64.284
3070				    64.284
3082				    64.284
3093				    48.215
3105				    51.647
3116				    51.647
3127				    52.399
3138				    45.417
3150				    45.59
3161				    44.505
3172				    40.092
3184				    39.693
3195				    41.378
3206				    45.693
3217				    47.351
3229				    42.244
3240				    42.244
3251				    41.773
3262				    45.895
3274				    49.672
3285				    42.913
3296				    39.618
3307				    38.127
3319				    38.127
3330				    40.613
3342				    44.667
3353				    54.995
3364				    56.092
3375				    46.401
3387				    46.401
3398				    46.364
3409				    48.039
3420				    49.913
3431				    52.653
3442				    49.165
3453				    49.188
3464				    52.466
3475				    53.459
3487				    56.708
3498				    55.97
3509				    44.366
3520				    44.402
3532				    44.511
3543				    44.511
3554				    46.144
3565				    46.144
3576				    46.144
3588				    50.617
3599				    50.617
3610				    80.426
3622				    93.987
3633				    115.004
3644				    111.557
3655				    111.557
3667				    111.557
3678				    83.523
3689				    63.826
3701				    64.234
