22				    39.967
34				    39.967
45				    39.967
56				    38.205
67				    39.336
79				    39.336
90				    39.336
101				    39.578
113				    45.891
124				    45.891
135				    45.17
147				    41.622
158				    42.867
169				    42.867
180				    42.867
191				    42.867
203				    42.867
214				    55.472
225				    66.902
237				    66.902
248				    64.511
259				    62.476
270				    53.045
282				    62.667
293				    70.247
304				    80.115
316				    85.933
327				    88.522
338				    88.522
350				    97.149
361				    111.012
372				    111.012
383				    114.296
394				    123.76
406				    137.067
417				    136.637
428				    148.57
440				    155.403
451				    155.403
462				    164.526
474				    158.864
486				    158.864
498				    150.688
509				    102.849
520				    80.884
532				    60.464
543				    49.338
554				    52.07
566				    54.654
577				    56.627
588				    72.413
600				    46.189
611				    46.189
622				    46.189
633				    39.731
644				    43.517
655				    43.517
666				    40.908
