0				    60.897
11				    60.897
22				    60.897
33				    60.897
44				    49.327
56				    49.327
67				    49.327
78				    45.441
89				    45.441
100				    48.772
111				    56.779
122				    52.838
133				    50.032
144				    45.232
156				    44.411
167				    55.941
178				    55.941
189				    62.46
200				    61.638
211				    68.017
222				    69.3
234				    65.592
245				    66.853
256				    66.853
267				    72.623
278				    74.177
289				    81.861
300				    82.901
311				    82.901
323				    90.274
334				    99.271
345				    107.828
356				    118.904
367				    123.052
379				    127.908
390				    137.658
402				    137.658
413				    146.8
424				    150.363
435				    165.456
446				    167.139
457				    174.66
468				    182.537
479				    184.15
490				    198.875
501				    199.915
512				    208.406
523				    209.364
535				    209.658
546				    213.697
558				    223.7
569				    225.238
580				    225.602
592				    226.963
603				    224.456
615				    224.456
626				    232.636
637				    232.414
648				    233.109
659				    244.705
670				    244.705
681				    245.043
693				    252.32
704				    252.32
715				    252.32
726				    275.711
738				    276.66
749				    288.545
761				    294.3
772				    316.074
783				    313.72
795				    316.052
807				    320.84
818				    330.306
829				    331.846
840				    341.928
852				    343.972
863				    343.972
874				    362.297
885				    361.995
896				    364.958
907				    364.958
919				    380.961
930				    385.523
941				    387.037
952				    399.397
963				    399.397
974				    407.893
985				    423.448
997				    423.448
1008				    426.376
1019				    426.376
1030				    437.837
1042				    439.986
1053				    440.949
1064				    447.683
1075				    448.419
1086				    449.441
1097				    466.824
1108				    466.824
1120				    472.678
1131				    477.585
1142				    477.585
1153				    477.585
1165				    494.265
1176				    494.265
1187				    495.974
1198				    510.877
1209				    513.369
1221				    531.213
1232				    538.835
1244				    528.717
1255				    524.91
1266				    525.914
1277				    545.777
1288				    562.075
1300				    563.25
1311				    570.23
1323				    579.091
1334				    579.091
1346				    586.181
1357				    585.652
1368				    592.283
1379				    602.502
1391				    605.554
1402				    605.554
1413				    616.742
1424				    617.592
1436				    628.819
1447				    624.577
1459				    633.901
1471				    638.41
1482				    638.41
1493				    652.106
1504				    664.369
1516				    664.369
1527				    672.944
1539				    666.304
1551				    666.304
1562				    678.586
1573				    688.164
1584				    689.522
1596				    688.652
1607				    689.307
1619				    703.854
1631				    714.661
1643				    716.35
1654				    716.35
1666				    728.321
1677				    728.321
1688				    728.321
1699				    728.321
1711				    740.217
1722				    740.217
1733				    754.274
1745				    755.524
1756				    761.229
1768				    752.8
1779				    745.241
1791				    745.241
1802				    748.453
1813				    765.926
1824				    767.527
1836				    767.527
1848				    768.488
1859				    768.488
1871				    781.702
1883				    799.374
1895				    790.688
1907				    787.071
1919				    787.741
1930				    794.135
1941				    792.026
1952				    788.977
1963				    788.977
1974				    788.977
1986				    784.393
1997				    783.943
2008				    793.873
2020				    795.07
2031				    797.034
2043				    798.349
2054				    798.448
2066				    779.303
2078				    779.303
2089				    791.424
2100				    755.038
2111				    755.038
2123				    730.344
2134				    730.344
2145				    719.519
2156				    651.683
2168				    651.683
2179				    652.913
2192				    617.953
2203				    605.278
2215				    602.965
2227				    599.048
2238				    555.455
2250				    555.455
2261				    555.455
2272				    551.11
2284				    543.575
2296				    543.575
2307				    543.575
2318				    543.575
2330				    543.575
2341				    543.575
2353				    543.575
2364				    543.575
2375				    543.575
2387				    543.575
2398				    543.575
2409				    543.575
2420				    543.575
2431				    543.575
2443				    543.575
2454				    543.575
2466				    543.575
2477				    543.575
2488				    543.575
2500				    543.575
2513				    500.145
2525				    500.145
2536				    500.145
2548				    487.627
2559				    487.627
2570				    473.673
2581				    473.673
2593				    473.673
2604				    473.673
2616				    357.228
2627				    348.153
2638				    348.541
2650				    350.574
2661				    350.574
2672				    341.204
2683				    341.204
2695				    344.95
2706				    343.032
2717				    343.032
2729				    343.032
2740				    343.032
2751				    347.87
2763				    347.87
2774				    347.87
2786				    347.57
2797				    351.819
2808				    351.819
2819				    358.379
2830				    354.996
2841				    339.775
2852				    338.88
2864				    327.062
2875				    309.402
2886				    309.402
2897				    307.853
2908				    293.21
2919				    293.673
2930				    297.63
2941				    302.393
2952				    302.393
2963				    304.383
2975				    296.906
2986				    294.532
2997				    290.364
3008				    285.823
3019				    285.823
3031				    285.823
3042				    233.721
3053				    194.24
3065				    184.806
3076				    182.364
3087				    181.775
3098				    183.301
3109				    190.198
3120				    205.816
3131				    206.869
3142				    220.663
3153				    235.901
3164				    237.172
3175				    248.5
3186				    269.305
3198				    269.537
3209				    269.537
3220				    290.748
3231				    298.939
3242				    294.951
3253				    281.627
3264				    248.052
3276				    246.752
3287				    234.314
3298				    242.778
3309				    243.413
3320				    229.631
3331				    229.631
3343				    236.3
3354				    234.725
3365				    234.725
3376				    237.912
3388				    239.751
3399				    240.115
3410				    240.208
3421				    235.377
3433				    236.17
3444				    238.994
3455				    238.994
3467				    222.997
3478				    221.723
3489				    218.526
3500				    198.983
3512				    198.983
3523				    187.572
3534				    160.263
3545				    130.338
3556				    130.338
3568				    120.229
3579				    113.509
3590				    109.215
3601				    108.184
3612				    110.158
3624				    110.158
3635				    109.882
3646				    112.763
3657				    115.433
3668				    116.866
3680				    120.221
3691				    120.37
3701				    121.737
3712				    124.699
3724				    124.223
3735				    119.163
3746				    120.826
3757				    121.452
3768				    121.871
3779				    122.603
3790				    122.603
3802				    123.526
3813				    126.792
3824				    126.792
3835				    126.792
3846				    134.201
3858				    134.201
3869				    137.06
3880				    131.301
3891				    128.251
3902				    126.927
3913				    129.163
3924				    128.379
3936				    126.591
3947				    128.748
3959				    130.331
3970				    128.417
3982				    123.188
3993				    123.188
4004				    131.457
4015				    132.245
4026				    135.207
4037				    141.483
4049				    141.86
4060				    141.439
4072				    142.244
4083				    142.244
4094				    145.081
4105				    145.081
4116				    145.081
4127				    145.081
4138				    164.674
4149				    169.209
4161				    174.21
4172				    174.21
4183				    176.557
4194				    179.693
4205				    184.784
4217				    191.29
4228				    191.29
4239				    196.727
4250				    203.074
4261				    207.251
4272				    208.579
4284				    216.35
4295				    216.35
4306				    216.35
4318				    221.093
4329				    221.093
4340				    221.093
4352				    225.088
4363				    225.088
4374				    225.088
4385				    225.088
4396				    225.088
4408				    225.088
4419				    258.347
4430				    273.231
4441				    273.231
4452				    279.938
4463				    283.467
4474				    284.895
4486				    285.282
4497				    263.947
4508				    262.75
4519				    255.395
4531				    255.395
4542				    256.297
4553				    257.971
4564				    257.971
4575				    257.971
4587				    260.036
4598				    260.036
4609				    260.036
4620				    260.036
4631				    260.036
4643				    265.025
4654				    265.025
4665				    265.025
4676				    265.025
4688				    265.025
4699				    265.025
4710				    265.025
4721				    265.025
4732				    265.025
4743				    284.987
4755				    291.265
4766				    298.622
4777				    317.914
4788				    317.914
4800				    317.914
4810				    317.914
4821				    356.419
4832				    373.524
4843				    373.524
4854				    384.902
4866				    390.745
4877				    391.799
4888				    391.799
4899				    398.017
4910				    398.017
4921				    398.365
4933				    400.448
4944				    400.448
4955				    400.448
4967				    403.028
4978				    403.028
4989				    403.028
5000				    403.028
5011				    403.028
5022				    403.028
5034				    403.028
5045				    403.028
5056				    403.028
5067				    412.407
5079				    412.407
5090				    412.407
5101				    412.407
5112				    412.407
5124				    412.407
5135				    412.407
5147				    423.111
5158				    423.111
5169				    423.111
5180				    414.321
5191				    408.275
5202				    376.69
5213				    372.449
5224				    372.449
5236				    366.079
5247				    355.284
5258				    355.196
5270				    357.8
5281				    358.291
5292				    335.681
5303				    218.685
5314				    189.893
5325				    189.893
5337				    158.25
5348				    157.038
5358				    153.524
5370				    141.449
5381				    143.19
5393				    143.19
5404				    143.732
5415				    143.732
5426				    142.265
5437				    142.925
5448				    145.086
5460				    150.348
5470				    144.354
5481				    133.825
5492				    133.825
5504				    138.215
5515				    138.185
5526				    137.599
5537				    134.685
5548				    133.446
5559				    132.515
5571				    132.515
5582				    141.559
5593				    130.169
5604				    130.169
5615				    130.169
5626				    142.834
5637				    144.065
5648				    142.696
5659				    145.382
5671				    142.708
5681				    141.968
5693				    140.721
5704				    129.884
5715				    129.614
5727				    132.627
5738				    134.813
5749				    134.813
5760				    148.333
5771				    143.931
5782				    146.836
5793				    148.826
5804				    153.255
5815				    153.255
5826				    158.871
5838				    159.248
5849				    159.871
5860				    161.82
5871				    163.699
5883				    163.669
5894				    169.586
5905				    169.145
5916				    159.424
5927				    159.497
5938				    159.497
5949				    162.345
5960				    169.221
5972				    169.109
5983				    163.273
5994				    163.273
6004				    163.726
6015				    167.757
6027				    160.99
6038				    156.956
6049				    153.886
6060				    148.719
6071				    148.719
6083				    150.781
6094				    155.797
6105				    151.879
6116				    152.454
6128				    152.454
6139				    152.454
6150				    164.669
6161				    166.537
6172				    169.142
6183				    170.944
6195				    170.944
6206				    175.163
6217				    176.268
6228				    183.244
6240				    184.358
6252				    183.277
6263				    183.277
6274				    178.291
6285				    178.824
6296				    178.824
6307				    181.604
6318				    181.604
6330				    185.042
6341				    185.042
6352				    185.042
6364				    193.286
6375				    193.286
6386				    203.518
6397				    209.545
6408				    215.812
6420				    240.49
6431				    240.49
6443				    247.437
6454				    271.372
6465				    269.134
6476				    269.95
6487				    270.683
6498				    277.04
6509				    277.04
6520				    281.23
6532				    286.136
6543				    286.49
6554				    286.49
6565				    288.036
6576				    288.036
6588				    294.815
6599				    294.815
6610				    294.815
6621				    294.815
6632				    294.815
6643				    294.815
6655				    294.815
6667				    307.847
6678				    307.847
6689				    307.847
6700				    307.847
6711				    307.847
6722				    307.847
6733				    307.847
6744				    307.847
6755				    307.847
6767				    307.847
6778				    326.236
6789				    352.584
6800				    357.781
6812				    357.781
6823				    369.251
6833				    386.481
6844				    388.535
6856				    394.207
6867				    398.15
6878				    400.059
6890				    400.059
6901				    400.781
6912				    393.382
6923				    393.509
6935				    398.127
6947				    398.127
6958				    396.867
6970				    396.867
6981				    396.867
6992				    400.966
7004				    400.966
7015				    400.966
7026				    400.966
7037				    407.812
7048				    407.812
7059				    407.812
7071				    407.812
7082				    407.812
7093				    407.812
7104				    407.812
7116				    407.812
7127				    407.812
7136				    407.812
7142				    407.812
7148				    407.812
7154				    407.812
7159				    407.812
7165				    427.475
7171				    427.475
7177				    427.475
7183				    427.475
7188				    427.475
7194				    427.475
7200				    427.475
7205				    427.475
7211				    427.475
7218				    427.475
7225				    427.475
7234				    434.45
7242				    434.45
7251				    434.45
7260				    438.647
7269				    438.647
7278				    444.076
7286				    444.076
7295				    444.076
7304				    460.588
7313				    460.023
7321				    460.023
7330				    459.13
7338				    459.372
7347				    458.609
7356				    457.042
7365				    456.882
7374				    458.556
7383				    458.556
7391				    443.477
7400				    443.477
7409				    319.543
7419				    319.543
7428				    186.554
7437				    179.915
7445				    141.201
7454				    141.201
7465				    138.046
7476				    137.632
7487				    129.94
7498				    129.851
7509				    129.581
7520				    130.24
7531				    128.98
7543				    132.27
7554				    132.27
7565				    130.214
7576				    131.294
7587				    134.195
7599				    134.195
7610				    133.631
7621				    136.255
7632				    136.255
7643				    139.176
7655				    140.119
7666				    140.171
7677				    140.171
7688				    133.622
7699				    136.724
7711				    136.724
7722				    136.724
7734				    136.754
7745				    136.334
7756				    136.334
7768				    138.108
7779				    139.587
7790				    139.587
7801				    144.542
7812				    140.445
7824				    140.445
7835				    140.445
7846				    148.262
7857				    145.81
7868				    141.544
7879				    141.544
7890				    147.047
7901				    152.355
7912				    149.989
7923				    149.023
7934				    149.023
7945				    142.179
7956				    142.812
7967				    134.671
7978				    133.251
7989				    138.716
8000				    140.328
8011				    142.428
8023				    142.442
8034				    142.442
8045				    146.193
8057				    147.122
8068				    144.987
8079				    147.294
8091				    147.147
8102				    150.745
8113				    150.745
8124				    152.787
8136				    156.115
8147				    153.913
8158				    156.165
8169				    156.165
8181				    157.466
8192				    156.361
8203				    156.361
8214				    156.361
8225				    166.442
8236				    165.138
8247				    164.75
8259				    169.536
8270				    169.536
8281				    172.444
8292				    172.154
8303				    172.138
8314				    172.138
8325				    180.577
8336				    180.577
8347				    194.223
8358				    194.943
8369				    193.746
8380				    193.746
8391				    193.746
8403				    195.531
8414				    195.531
8425				    203.326
8436				    203.326
8447				    209.256
8458				    211.457
8469				    216.813
8480				    223.731
8492				    223.731
8503				    229.32
8514				    232.419
8525				    232.597
8537				    232.597
8548				    230.274
8559				    220.368
8570				    220.368
8581				    220.395
8592				    220.395
8603				    221.957
8615				    226.195
8626				    229.789
8637				    231.293
8648				    231.293
8659				    232.359
8671				    232.359
8682				    234.907
8693				    240.718
8705				    248.979
8716				    248.979
8727				    261.408
8738				    262.843
8750				    266.327
8761				    269.964
8772				    269.708
8782				    272.197
8794				    272.197
8805				    272.197
8816				    274.605
8827				    275.444
8838				    278.081
8849				    280.914
8860				    282.711
8873				    282.711
8884				    285.106
8895				    285.106
8906				    285.106
8917				    291.239
8928				    291.239
8940				    291.239
8951				    300.928
8962				    300.928
8974				    306.067
8985				    306.067
8996				    306.067
9007				    306.067
9018				    306.067
9029				    313.178
9040				    319.162
9051				    319.162
9062				    331.828
9073				    331.828
9084				    345.943
9096				    345.943
9107				    345.943
9117				    345.943
9128				    372.753
9140				    394.092
9151				    394.092
9162				    397.995
9173				    401.095
9184				    400.956
9195				    393.372
9206				    392.172
9217				    397.409
9228				    398.484
9240				    401.353
9251				    402.482
9262				    402.482
9273				    402.482
9284				    402.482
9296				    402.482
9307				    402.482
9318				    422.55
9329				    420.963
9340				    420.963
9351				    420.963
9362				    420.963
9373				    421.593
9385				    421.593
9396				    421.593
9407				    425.889
9418				    425.889
9430				    425.889
9441				    431.645
9452				    431.645
9464				    431.645
9475				    431.645
9486				    442.055
9497				    442.055
9508				    442.055
9519				    442.055
9530				    442.055
9541				    442.055
9552				    442.055
9563				    442.055
9575				    442.055
9586				    479.517
9597				    479.517
9608				    479.517
9619				    479.517
9630				    479.517
9641				    516.87
9652				    522.837
9664				    530.888
9675				    534.328
9686				    536.257
9697				    535.919
9708				    533.592
9720				    533.64
9731				    540.569
9743				    541.706
9754				    519.177
9765				    519.427
9776				    519.851
9787				    473.904
9799				    473.904
9810				    334.733
9821				    173.179
9832				    173.179
9843				    162.901
9855				    163.101
9866				    151.811
9878				    150.453
9889				    150.453
9900				    145.69
9911				    120.323
9922				    117.616
9933				    87.831
9945				    78.099
9956				    75.825
9967				    62.293
9978				    62.983
9989				    62.983
10000				    67.7
10011				    67.7
10022				    67.7
10033				    76.266
10044				    77.767
10055				    77.003
10066				    72.528
10077				    77.145
10088				    68.897
10100				    68.602
10111				    68.315
10122				    73.452
10133				    71.94
10144				    71.94
10155				    76.72
10166				    75.692
10178				    75.692
10189				    79.481
10200				    76.747
10211				    76.747
10222				    76.747
10233				    78.287
10244				    78.481
10255				    81.86
10266				    78.511
10278				    78.643
10289				    84.031
10300				    85.522
10312				    91.018
10323				    90.891
10335				    93.333
10346				    93.17
10357				    93.17
10368				    93.702
10379				    94.997
10391				    101.973
10402				    101.973
10413				    101.973
10424				    101.973
10436				    101.973
10447				    113.018
10458				    120.333
10469				    122.988
10480				    122.988
10491				    125.044
10502				    131.422
10513				    131.422
10524				    136.851
10536				    137.077
10547				    138.271
10558				    138.271
10570				    138.271
10581				    138.271
10592				    145.137
10603				    145.137
10614				    148.369
10625				    148.369
10636				    148.369
10647				    173.003
10658				    176.481
10669				    192.257
10680				    199.733
10692				    199.733
10703				    199.733
10714				    204.628
10725				    203.772
10736				    203.772
10748				    210.773
10759				    217.638
10770				    223.269
10781				    223.269
10792				    223.269
10803				    223.269
10815				    223.269
10826				    223.269
10837				    223.269
10848				    223.269
10859				    223.269
10871				    230.227
10882				    230.227
10893				    230.227
10905				    238.303
10916				    238.303
10927				    246.434
10938				    246.434
10949				    246.434
10960				    246.434
10971				    290.839
10982				    294.2
10993				    294.2
11004				    297.417
11015				    302.525
11026				    302.525
11037				    302.525
11048				    311.32
11060				    311.32
11070				    319.758
11082				    325.113
11093				    325.113
11104				    332.12
11116				    340.768
11128				    340.768
11138				    340.768
11149				    340.768
11160				    340.768
11172				    340.768
11183				    340.768
11194				    340.768
11205				    340.768
11216				    340.768
11227				    340.768
11238				    340.768
11249				    340.768
11260				    340.768
11272				    340.768
11283				    340.768
11294				    340.768
11305				    340.768
11317				    357.215
11328				    357.215
11340				    363.342
11351				    359.665
11362				    341.312
11374				    336.634
11385				    321.179
11397				    318.276
11408				    146.769
11419				    146.769
11430				    100.677
11441				    100.677
11452				    100.677
11464				    92.65
11475				    73.519
11486				    74.288
11497				    78.436
11508				    78.436
11520				    85.454
11531				    69.723
11542				    73.499
11553				    73.499
11564				    73.674
11575				    74.061
11586				    76.71
11598				    71.698
11609				    72.368
11620				    72.387
11631				    72.387
11643				    76.852
11654				    80.43
11665				    82.366
11676				    87.269
11688				    87.269
11699				    83.038
11711				    83.038
11722				    81.987
11733				    80.761
11744				    80.761
11756				    80.761
11767				    84.177
11778				    88.052
11789				    93.218
11800				    97.967
11811				    99.961
11822				    97.661
11833				    99.984
11844				    107.655
11855				    107.655
11866				    107.655
11877				    109.198
11888				    109.198
11900				    117.515
11911				    127.869
11922				    135.714
11933				    135.714
11944				    139.464
11955				    139.464
11967				    143.635
11978				    143.656
11989				    144.375
12000				    147.225
12012				    147.225
12023				    147.225
12035				    147.225
12046				    149.32
12057				    149.32
12068				    149.32
12079				    153.894
12091				    153.894
12102				    174.488
12114				    175.836
12125				    175.836
12136				    175.836
12147				    176.003
12158				    174.618
12169				    171.375
12180				    171.375
12191				    171.375
12203				    171.375
12214				    171.375
12225				    171.375
12236				    171.375
12247				    171.375
12258				    171.375
12269				    177.712
12280				    177.712
12292				    177.712
12302				    182.488
12314				    190.315
12325				    212.431
12336				    215.649
12348				    232.086
12359				    232.086
12370				    247.318
12382				    242.058
12393				    242.058
12404				    245.184
12415				    257.365
12427				    258.574
12438				    259.641
12449				    259.641
12460				    259.641
12471				    259.641
12482				    259.641
12493				    259.641
12505				    259.641
12516				    259.641
12527				    259.641
12538				    259.641
12549				    259.641
12560				    259.641
12572				    259.641
12583				    259.641
12594				    259.641
12605				    269.421
12616				    269.421
12627				    269.421
12638				    269.421
12649				    269.421
12660				    269.421
12672				    269.421
12683				    284.383
12694				    306.989
12705				    306.989
12716				    306.989
12728				    318.123
12739				    318.123
12751				    331.058
12761				    394.725
12772				    394.725
12784				    405.595
12795				    411.477
12807				    410.815
12818				    409.459
12829				    409.126
12840				    414.87
12851				    415.742
12863				    415.742
12875				    415.742
12886				    415.742
12897				    415.742
12908				    415.742
12920				    415.742
12931				    415.742
12942				    415.742
12953				    415.742
12964				    415.742
12976				    415.742
12987				    415.742
12998				    415.742
13009				    415.742
13020				    415.742
13031				    415.742
13042				    415.742
13053				    415.742
13064				    415.742
13076				    391.588
13087				    383.998
13099				    343.886
13110				    343.886
13121				    340.825
13132				    320.2
13143				    314.472
13154				    314.301
13165				    190.826
13176				    178.6
13187				    121.991
13198				    105.107
13209				    101.184
13220				    97.657
13231				    97.657
13242				    101.04
13253				    102.795
13264				    99.485
13275				    94.267
13286				    94.794
13297				    97.742
13308				    97.692
13319				    101.045
13331				    101.045
13342				    102.015
13353				    103.683
13363				    101.26
13375				    101.26
13386				    104.22
13397				    104.951
13408				    107.103
13420				    108.172
13431				    106.182
13442				    104.94
13453				    104.94
13464				    106.693
13475				    106.373
13486				    99.98
13498				    99.336
13509				    97.493
13520				    97.493
13531				    99.486
13542				    101.745
13553				    101.745
13564				    106.943
13576				    107.659
13586				    114.587
13597				    115.289
13609				    118.839
13620				    115.048
13631				    115.487
13642				    115.487
13653				    116.041
13665				    112.825
13676				    112.089
13687				    112.901
13698				    116.143
13709				    118.912
13720				    120.357
13732				    122.228
13743				    123.846
13755				    121.867
13766				    125.661
13777				    126.578
13788				    133.036
13799				    133.036
13810				    135.906
13821				    138.585
13832				    138.585
13843				    141.34
13854				    135.387
13865				    130.963
13876				    130.963
13888				    132.291
13899				    125.705
13911				    125.705
13922				    127.404
13934				    127.404
13945				    127.404
13956				    131.372
13967				    131.372
13978				    140.472
13989				    140.472
14000				    154.331
14011				    156.695
14023				    156.695
14034				    159.01
14045				    162.206
14056				    162.206
14067				    168.508
14078				    173.304
14089				    173.304
14101				    173.304
14111				    181.388
14122				    181.388
14133				    181.388
14145				    181.388
14156				    181.388
14167				    181.388
14178				    191.364
14189				    191.364
14200				    199.218
14212				    199.218
14223				    204.409
14234				    219.491
14245				    221.169
14256				    222.247
14268				    223.451
14279				    228.693
14290				    229.432
14301				    232.154
14312				    232.154
14324				    232.154
14335				    231.993
14346				    231.993
14357				    231.993
14368				    234.986
14380				    234.986
14391				    234.986
14403				    241.707
14414				    241.707
14425				    241.707
14436				    241.707
14447				    241.707
14458				    255.047
14469				    255.047
14480				    255.047
14491				    255.047
14503				    255.047
14514				    255.047
14525				    255.047
14536				    255.047
14547				    265.661
14558				    276.821
14569				    276.821
14580				    307.338
14591				    307.338
14602				    333.237
14613				    345.378
14624				    352.825
14636				    352.825
14647				    357.104
14658				    357.104
14669				    357.104
14680				    357.104
14691				    373.608
14702				    377.091
14713				    377.091
14724				    379.502
14735				    384.955
14747				    384.955
14757				    384.955
14768				    387.339
14780				    387.339
14791				    387.339
14802				    387.339
14813				    395.296
14824				    395.296
14836				    395.296
14847				    395.296
14858				    395.296
14869				    395.296
14881				    395.296
14892				    395.296
14903				    395.296
14915				    395.296
14926				    395.296
14937				    395.296
14948				    433.264
14959				    440.861
14970				    440.861
14981				    430.376
14992				    405.402
15003				    398.408
15014				    398.408
15025				    400.27
15037				    400.27
15048				    390.143
15059				    390.143
15070				    279.98
15081				    193.617
15092				    142.557
15104				    142.557
15115				    142.557
15126				    115.053
15137				    115.053
15148				    109.368
15159				    109.35
15171				    109.35
15182				    113.188
15193				    114.046
15204				    113.401
15215				    115.481
15226				    109.349
15237				    108.157
15248				    114.464
15259				    114.411
15271				    109.573
15282				    108.427
15293				    108.427
15304				    116.631
15315				    116.107
15326				    116.107
15337				    118.685
15348				    121.002
15359				    123.628
15371				    122.756
15383				    125.083
15394				    127.144
15405				    131.299
15416				    132.184
15428				    129.862
15439				    130.083
15450				    132.274
15461				    133.969
15472				    133.433
15484				    134.49
15495				    134.49
15506				    134.49
15518				    142.352
15529				    149.217
15540				    146.144
15551				    148.448
15562				    148.257
15573				    148.987
15584				    147.495
15596				    147.706
15607				    147.706
15618				    151.014
15630				    152.488
15641				    152.488
15652				    152.488
15664				    147.961
15675				    150.362
15686				    150.362
15697				    154.377
15708				    151.466
15720				    149.223
15732				    149.048
15743				    147.916
15753				    148.426
15765				    146.048
15776				    146.048
15787				    147.306
15798				    150.407
15809				    150.407
15821				    150.407
15832				    150.407
15843				    150.407
15855				    158.985
15866				    174.116
15877				    179.19
15889				    179.19
15899				    208.221
15910				    211.145
15921				    215.658
15932				    220.277
15944				    225.064
15955				    227.029
15966				    235.465
15977				    243.212
15988				    245.328
16000				    254.889
16011				    256.928
16022				    264.024
16033				    264.024
16044				    274.918
16055				    274.918
16067				    278.258
16078				    282.049
16089				    282.049
16100				    282.049
16112				    282.049
16123				    282.049
16134				    282.049
16145				    296.91
16157				    296.91
16168				    296.91
16180				    307.655
16191				    307.655
16202				    307.655
16213				    307.655
16224				    307.655
16236				    307.655
16247				    307.655
16258				    320.82
16269				    330.714
16280				    330.714
16291				    330.714
16303				    330.714
16314				    345.407
16325				    345.407
16336				    345.407
16347				    345.407
16359				    345.407
16370				    363.887
16381				    438.068
16392				    442.676
16403				    459.351
16415				    464.859
16426				    464.859
16437				    477.383
16448				    481.706
16460				    485.172
16470				    485.172
16481				    486.551
16493				    486.551
16504				    492.122
16515				    495.867
16527				    495.867
16538				    503.345
16549				    503.302
16560				    505.267
16571				    505.267
16583				    506.49
16594				    506.49
16605				    506.49
16616				    506.49
16628				    512.305
16638				    512.305
16650				    512.305
16661				    512.305
16672				    512.305
16683				    512.305
16694				    512.305
16705				    523.938
16716				    523.938
16728				    523.938
16739				    523.938
16750				    523.938
16761				    523.938
16772				    523.938
16784				    523.938
16795				    523.938
16807				    523.938
16818				    523.938
16829				    539.088
16840				    539.088
16851				    539.088
16863				    539.088
16874				    557.091
16885				    563.717
16896				    563.717
16907				    563.717
16919				    563.717
16930				    563.717
16941				    563.717
16952				    563.717
16963				    563.717
16974				    574.832
16985				    574.832
16996				    589.048
17008				    606.032
17019				    606.018
17030				    604.005
17041				    596.324
17052				    566.805
17064				    566.805
17075				    548.337
17086				    544.194
17097				    544.671
17108				    540.824
17119				    539.093
17130				    539.093
17141				    539.093
17152				    539.093
17164				    539.093
17175				    539.093
17186				    539.093
17198				    539.093
17209				    526.277
17221				    526.277
17232				    526.277
17243				    526.277
17252				    526.277
17260				    526.277
17269				    464.733
17277				    456.634
17285				    450.433
17293				    450.433
17301				    305.904
17310				    299.468
17319				    299.005
17327				    301.759
17335				    302.972
17343				    302.972
17352				    302.804
17360				    302.034
17368				    146.086
17378				    123.133
17388				    106.422
17399				    92.679
17409				    88.215
17419				    79.513
17429				    68.063
17440				    68.063
17450				    72.096
17460				    67.855
17470				    67.855
17481				    58.93
17491				    58.93
17501				    61.989
17511				    55.719
17521				    59.372
17531				    59.372
17541				    61.48
17551				    57.464
17561				    57.75
17571				    60.412
17582				    64.394
17592				    64.394
17602				    67.536
17613				    71.23
17623				    71.23
17633				    71.23
17643				    71.095
17654				    63.227
17663				    63.227
17673				    57.389
17684				    59.015
17694				    59.015
17704				    64.689
17714				    64.689
17724				    69.059
17735				    69.059
17746				    73.824
17757				    87.071
17768				    90.829
17780				    88.957
17790				    87.364
17802				    89.732
17813				    96.847
17824				    97.215
17835				    97.215
17846				    97.215
17857				    101.826
17869				    101.826
17880				    111.981
17891				    115.686
17902				    116.094
17913				    115.436
17924				    114.679
17935				    117.652
17946				    119.392
17957				    121.777
17968				    121.777
17980				    125.692
17991				    125.692
18003				    125.692
18014				    125.692
18025				    141.813
18036				    143.418
18047				    147.089
18059				    156.436
18070				    156.436
18082				    165.386
18093				    170.859
18104				    173.756
18115				    175.211
18126				    175.211
18137				    177.796
18148				    177.796
18159				    182.443
18170				    186.631
18181				    186.631
18193				    186.631
18204				    186.631
18215				    192.689
18226				    192.689
18237				    192.689
18248				    192.689
18260				    198.593
18271				    229.077
18282				    231.077
18293				    231.077
18304				    235.594
18315				    234.657
18326				    234.7
18337				    233.983
18349				    235.958
18360				    235.958
18371				    237.714
18383				    237.714
18394				    237.714
18405				    243.829
18416				    243.829
18427				    243.829
18438				    243.829
18450				    248.246
18461				    248.246
18472				    248.246
18483				    248.246
18495				    248.246
18506				    248.246
18517				    248.246
18528				    248.246
18540				    248.246
18550				    248.246
18562				    261.191
18573				    261.191
18585				    261.191
18596				    261.191
18607				    272.05
18618				    272.05
18629				    312.85
18640				    331.852
18651				    331.852
18663				    348.888
18674				    359.611
18685				    359.611
18696				    361.392
18707				    364.383
18719				    364.85
18730				    364.85
18741				    364.85
18753				    364.85
18764				    364.85
18775				    371.374
18787				    371.374
18798				    371.374
18810				    373.946
18821				    373.946
18832				    373.946
18843				    373.946
18854				    373.946
18866				    373.946
18877				    373.946
18888				    373.946
18899				    373.946
18910				    373.946
18921				    373.946
18932				    373.946
18944				    373.946
18954				    373.946
18965				    373.946
18976				    373.946
18988				    373.946
18999				    381.717
19010				    381.717
19022				    381.717
19033				    397.498
19044				    397.498
19055				    397.498
19066				    398.992
19077				    398.992
19089				    398.992
19100				    400.498
19111				    399.182
19122				    399.182
19133				    399.182
19144				    394.786
19155				    394.786
19167				    394.402
19178				    394.402
19189				    394.402
19200				    394.402
19211				    394.402
19223				    394.402
19234				    397.6
19245				    402.379
19256				    402.379
19267				    402.379
19278				    402.379
19289				    402.379
19301				    413.575
19312				    413.575
19323				    413.575
19334				    413.575
19345				    413.575
19357				    385.894
19368				    372.95
19379				    355.24
19389				    351.944
19401				    339.072
19412				    325.092
19423				    293.825
19434				    260.938
19445				    239.804
19456				    96.27
19468				    96.27
19479				    92.023
19490				    84.222
19501				    83.013
19512				    83.013
19524				    83.425
19535				    84.066
19545				    84.298
19557				    83.586
19568				    83.586
19579				    85.707
19591				    79.743
19602				    79.743
19614				    79.175
19624				    78.209
19636				    78.884
19647				    80.115
19658				    79.293
19669				    79.328
19680				    78.109
19692				    78.109
19703				    79.315
19715				    83.371
19726				    83.371
19737				    86.219
19748				    86.528
19759				    86.874
19770				    86.566
19782				    88.433
19793				    88.433
19805				    90.245
19816				    94.428
19827				    93.107
19838				    87.552
19849				    90.102
19860				    100.727
19872				    100.727
19883				    105.446
19895				    108.172
19906				    108.172
19917				    108.515
19928				    109.521
19940				    111.913
19951				    111.913
19962				    113.413
19973				    126.403
19984				    125.654
19995				    125.654
20006				    126.326
20017				    126.326
20028				    126.326
20040				    130.801
20051				    130.801
20063				    130.801
20075				    139.524
20086				    144.603
20097				    153.829
20108				    156.924
20119				    158.368
20131				    158.417
20142				    157.425
20153				    154.91
20164				    154.91
20176				    154.91
20187				    156.58
20198				    156.58
20209				    156.58
20220				    156.58
20232				    156.58
20243				    156.58
20255				    162.279
20266				    162.279
20277				    162.279
20288				    162.279
20299				    170.396
20311				    189.441
20322				    198.678
20333				    202.293
20344				    202.293
20356				    202.293
20367				    221.201
20378				    221.201
20390				    222.398
20401				    221.37
20412				    223.17
20423				    223.17
20435				    223.17
20446				    226.655
20457				    226.655
20468				    226.655
20479				    226.655
20490				    226.655
20502				    226.655
20513				    226.655
20524				    226.655
20535				    226.655
20546				    242.673
20558				    242.673
20569				    242.673
20580				    242.673
20591				    242.673
20602				    242.673
20614				    242.673
20625				    242.673
20636				    270.55
20648				    296.633
20659				    301.287
20670				    316.875
20681				    320.104
20692				    320.104
20704				    324.966
20714				    329.509
20725				    333.341
20737				    333.341
20748				    338.429
20759				    341.38
20771				    344.845
20782				    350.859
20793				    350.859
20804				    350.859
20816				    350.859
20827				    350.859
20838				    359.752
20849				    366.049
20860				    366.049
20872				    366.049
20883				    366.049
20894				    366.049
20905				    366.049
20916				    366.049
20928				    366.049
20939				    366.049
20950				    366.049
20961				    366.049
20972				    366.049
20984				    366.049
20995				    366.049
21006				    366.049
21017				    366.049
21028				    366.049
21039				    381.899
21050				    381.899
21062				    381.899
21073				    399.775
21084				    399.775
21096				    399.775
21107				    399.775
21118				    399.775
21129				    399.775
21140				    434.472
21152				    460.623
21164				    476.465
21175				    480.541
21186				    480.541
21197				    467.757
21208				    360.55
21220				    223.855
21231				    223.855
21242				    143.228
21253				    143.228
21264				    103.261
21276				    102.523
21287				    93.692
21298				    84.298
21309				    81.18
21320				    80.706
21331				    81.811
21342				    79.44
21353				    75.131
21364				    73.348
21375				    73.348
21386				    78.409
21397				    78.793
21408				    78.793
21419				    80.273
21431				    80.383
21442				    81.55
21453				    81.55
21464				    85.685
21476				    91.129
21487				    91.091
21498				    91.091
21509				    86.752
21520				    89.649
21532				    93.109
21543				    93.109
21554				    93.109
21565				    95.048
21576				    95.048
21587				    95.048
21598				    101.827
21610				    101.827
21621				    101.827
21632				    115.16
21644				    112.445
21656				    107.5
21668				    107.5
21679				    107.5
21691				    110.034
21702				    110.034
21713				    110.69
21725				    110.66
21736				    110.66
21748				    110.901
21759				    110.901
21770				    116.214
21781				    117.588
21792				    113.702
21804				    113.702
21815				    113.702
21826				    125.487
21837				    125.487
21848				    126.803
21860				    130.204
21871				    131.534
21883				    134.086
21894				    133.295
21905				    133.775
21916				    133.775
21928				    143.688
21939				    143.688
21950				    144.952
21961				    144.952
21972				    151.318
21983				    151.896
21994				    153.271
22005				    155.324
22016				    155.324
22028				    162.713
22039				    164.872
22051				    166.354
22061				    167.73
22073				    167.706
22084				    165.13
22095				    165.478
22107				    166.65
22118				    169.673
22129				    169.673
22140				    171.602
22152				    172.15
22163				    172.15
22174				    172.15
22185				    181.676
22196				    191.579
22207				    191.579
22218				    191.579
22230				    195.098
22241				    203.525
22252				    203.525
22264				    216.718
22275				    220.598
22286				    227.082
22297				    228.811
22308				    231.835
22319				    237.638
22330				    239.039
22341				    239.039
22353				    239.039
22364				    242.216
22375				    242.216
22386				    242.216
22398				    242.216
22408				    246.672
22419				    246.672
22431				    246.672
22443				    257.736
22454				    257.736
22465				    264.842
22476				    264.842
22488				    270.241
22499				    270.241
22510				    270.241
22521				    276.665
22532				    276.665
22543				    276.665
22554				    276.665
22565				    284.473
22576				    284.473
22588				    284.473
22599				    284.473
22611				    312.489
22622				    312.489
22633				    312.489
22644				    344.629
22655				    353.326
22666				    353.326
22677				    357.391
22688				    366.841
22699				    366.841
22711				    366.841
22722				    366.841
22733				    370.37
22744				    370.37
22755				    370.37
22766				    370.37
22777				    375.44
22788				    375.44
22800				    375.44
22811				    375.44
22822				    375.44
22833				    375.44
22844				    375.44
22856				    384.022
22867				    389.393
22878				    389.393
22889				    389.393
22900				    389.393
22912				    389.393
22923				    397.832
22934				    406.219
22945				    414.449
22956				    433.532
22967				    433.532
22979				    433.532
22990				    433.532
23001				    433.532
23012				    433.532
23023				    433.532
23034				    444.09
23046				    444.09
23057				    444.09
23068				    444.09
23079				    444.09
23090				    444.09
23101				    444.09
23112				    482.686
23123				    490.469
23134				    481.222
23145				    469.257
23156				    468.948
23168				    480.014
23179				    461.049
23190				    461.049
23201				    321.658
23213				    321.658
23224				    135.56
23235				    114.112
23246				    114.112
23257				    103.299
23269				    70.741
23280				    70.741
23292				    70.741
23303				    70.025
23314				    63.082
23325				    59.682
23336				    59.682
23347				    61.448
23358				    61.448
23370				    61.448
23380				    62.183
23391				    64.311
23403				    67.15
23414				    70.346
23426				    70.346
23437				    70.346
23448				    58.714
23459				    56.979
23470				    56.979
23481				    61.111
23492				    57.719
23504				    58.083
23515				    59.293
23526				    55.224
23537				    56.672
23548				    57.071
23559				    62.195
23570				    63.133
23581				    62.973
23592				    62.973
23603				    62.285
23614				    60.99
23626				    58.321
23637				    58.321
23648				    58.321
23660				    68.413
23671				    66.822
23682				    65.874
23693				    65.874
23704				    68.659
23715				    68.659
23727				    64.85
23738				    66.724
23749				    70.013
23760				    71.576
23772				    71.576
23783				    72.636
23794				    71.385
23805				    71.385
23816				    71.385
23827				    80.494
23838				    81.398
23850				    85.79
23861				    89.129
23872				    89.129
23883				    89.129
23895				    91.008
23907				    96.78
23918				    96.78
23929				    102.024
23940				    104.83
23952				    104.83
23964				    107.72
23975				    107.72
23986				    107.72
23997				    107.72
24009				    107.72
24020				    113.351
24032				    113.351
24043				    117.426
24055				    117.426
24066				    117.426
24077				    135.089
24088				    139.303
24100				    142.123
24111				    143.196
24122				    148.04
24133				    148.04
24144				    150.766
24155				    150.766
24166				    150.766
24177				    150.766
24188				    150.766
24200				    150.766
24211				    150.766
24222				    150.766
24233				    150.766
24244				    160.537
24255				    160.537
24266				    160.537
24277				    169.826
24288				    169.826
24299				    176.744
24310				    210.257
24321				    217.478
24332				    220.898
24343				    228.364
24354				    230.809
24365				    230.809
24376				    237.849
24387				    238.49
24399				    238.49
24410				    238.49
24421				    238.49
24432				    238.49
24443				    238.49
24454				    238.49
24465				    238.49
24476				    238.49
24487				    238.49
24498				    238.49
24509				    238.49
24521				    238.49
24532				    238.49
24543				    238.49
24554				    238.49
24565				    238.49
24576				    250.805
24588				    250.805
24599				    250.805
24610				    250.805
24621				    250.805
24633				    250.805
24644				    250.805
24655				    266.716
24667				    266.716
24678				    283.52
24689				    337.939
24701				    337.939
24712				    352.7
24723				    399.114
24735				    406.955
24746				    406.442
24757				    408.946
24768				    413.264
24780				    415.556
24790				    416.246
24802				    416.357
24813				    416.357
24824				    416.357
24835				    416.357
24846				    416.357
24857				    416.357
24868				    416.357
24879				    416.357
24891				    416.357
24902				    404.428
24914				    404.428
24925				    404.428
24937				    404.428
24948				    404.428
24959				    364.067
24970				    280.123
24981				    280.123
24992				    253.063
25004				    248.399
25015				    248.399
25027				    246.471
25038				    246.471
25049				    200.499
25060				    185.789
25071				    185.789
25082				    160.493
25094				    138.527
25104				    118.155
25115				    118.155
25127				    89.666
25138				    84.466
25149				    68.112
25160				    67.571
25171				    66.633
25182				    60.053
25194				    60.053
25205				    60.053
25215				    61.996
25226				    57.873
25237				    58.758
25248				    58.758
25259				    57.138
25271				    57.509
25282				    59.309
25293				    59.309
25304				    56.532
25315				    55.471
25326				    55.471
25337				    56.52
25349				    53.897
25360				    51.792
25371				    51.792
25383				    49.014
25394				    49.014
25405				    49.014
25416				    49.014
25427				    62.616
25439				    71.128
25450				    71.128
25461				    72.241
25472				    72.241
25484				    68.965
25495				    68.965
25506				    69.979
25517				    69.979
25528				    68.758
25539				    67.025
25550				    67.683
25561				    67.683
25572				    66.88
25583				    67.713
25594				    67.254
25606				    68.721
25617				    68.372
25628				    68.372
25639				    68.372
25651				    73.953
25662				    76.198
25673				    76.198
25684				    80.291
25695				    80.291
25706				    88.641
25718				    98.274
25729				    98.274
25740				    105.606
25751				    104.273
25762				    107.064
25773				    107.064
25784				    109.92
25795				    109.92
25806				    120.439
25817				    120.439
25829				    120.439
25840				    124.892
25851				    124.892
25862				    124.892
25873				    124.892
25884				    138.684
25896				    138.684
25907				    154.959
25918				    154.959
25929				    167.926
25940				    170.424
25951				    170.424
25963				    178.668
25974				    182.59
25985				    182.59
25997				    182.59
26008				    182.59
26019				    191.649
26030				    191.649
26041				    191.649
26052				    191.649
26063				    203.459
26074				    203.459
26085				    211.761
26096				    211.761
26108				    211.761
26119				    211.761
26130				    225.039
26141				    225.039
26152				    225.039
26163				    225.039
26174				    225.039
26186				    235.286
26197				    235.286
26208				    245.391
26219				    245.391
26231				    255.204
26242				    265.667
26253				    265.667
26264				    287.948
26276				    294.33
26287				    294.33
26298				    294.33
26309				    306.649
26320				    313.568
26332				    313.568
26343				    313.568
26355				    313.568
26366				    313.568
26377				    324.001
26388				    324.001
26399				    324.001
26410				    332.503
26421				    332.503
26432				    332.503
26444				    332.503
26455				    332.503
26466				    332.503
26477				    332.503
26488				    332.503
26499				    332.503
26510				    332.503
26521				    332.503
26532				    349.458
26543				    349.458
26555				    349.458
26566				    349.458
26577				    367.397
26588				    378.193
26599				    378.193
26611				    378.193
26622				    378.193
26633				    378.193
26644				    389.673
26655				    389.673
26666				    366.812
26677				    339.436
26688				    339.436
26699				    339.436
26711				    339.436
26722				    339.436
26733				    339.436
26744				    339.436
26755				    339.436
26766				    267.479
26777				    267.479
26788				    267.479
26800				    267.479
26810				    267.479
26821				    198.932
26833				    122.289
26844				    122.289
26854				    122.289
26865				    115.054
26876				    115.054
26888				    100.808
26899				    97.264
26911				    97.264
26922				    75.305
26933				    75.305
26944				    69.579
26955				    71.055
26966				    70.399
26977				    71.59
26988				    71.59
27000				    64.436
27011				    64.436
27021				    63.987
27033				    66.526
27044				    60.258
27056				    60.169
27067				    61.653
27076				    64.091
27082				    62.642
27088				    62.642
27093				    62.642
27097				    62.642
27101				    67.826
27105				    67.826
27109				    67.826
27113				    67.826
27117				    67.826
27122				    73.422
27126				    73.422
27130				    73.422
27134				    73.422
27138				    73.422
27142				    81.776
27146				    81.776
27151				    83.048
27155				    83.048
27160				    83.048
27165				    89.297
27170				    89.297
27177				    89.297
27185				    95.775
27195				    95.775
27206				    99.432
27217				    99.432
27229				    114.112
27240				    117.347
27252				    125.275
27263				    129.197
27274				    133.452
27285				    133.452
27297				    136.908
27308				    137.918
27319				    139.784
27331				    139.784
27342				    139.784
27353				    142.072
27364				    149.072
27376				    149.072
27387				    149.072
27398				    149.072
27409				    149.072
27421				    154.822
27432				    154.822
27443				    161.464
27455				    169.896
27466				    173.714
27477				    173.714
27489				    171.208
27500				    166.925
27512				    166.925
27523				    165.054
27534				    165.054
27545				    165.054
27557				    165.054
27568				    165.054
27579				    165.054
27591				    165.054
27602				    165.054
27614				    156.083
27626				    151.908
27637				    151.908
27648				    151.908
27660				    151.908
27671				    151.908
27682				    156.468
27693				    156.468
27705				    144.167
27716				    144.167
27728				    137.637
27739				    136.354
27750				    136.354
27761				    136.354
27773				    152.69
27784				    152.69
27795				    152.69
27807				    152.69
27818				    152.69
27829				    160.427
27841				    160.427
27852				    160.427
27864				    179.545
27876				    179.545
27887				    197.951
27899				    197.951
27910				    197.951
27922				    197.951
27933				    197.951
27944				    197.951
27956				    197.951
27967				    197.951
27979				    211.205
27990				    211.205
28001				    221.95
28013				    221.95
28024				    254.05
28036				    254.05
28048				    264.158
28059				    274.994
28071				    274.994
28082				    295.236
28094				    295.236
28105				    309.997
28117				    309.997
28128				    315.252
28140				    326.58
28152				    326.58
28163				    326.58
28175				    326.58
28186				    326.58
28198				    337.71
28209				    337.71
28221				    337.71
28233				    337.71
28244				    337.71
28255				    337.71
28267				    350.128
28279				    358.985
28291				    358.985
28302				    358.985
28313				    358.985
28325				    356.613
28336				    356.613
28348				    336.539
28360				    314.145
28371				    314.145
28383				    307.665
28394				    285.207
28406				    285.207
28418				    285.207
28429				    285.207
28441				    285.207
28452				    285.207
28464				    285.207
28475				    285.207
28486				    285.207
28498				    285.207
28509				    285.207
28520				    282.551
28532				    282.551
28544				    279.852
28556				    279.852
28567				    280.466
28579				    280.466
28591				    280.466
28603				    280.466
28614				    279.963
28625				    279.657
28637				    280.011
28648				    280.011
28659				    281.598
28671				    281.219
28682				    281.219
28694				    281.219
28706				    281.219
28717				    286.898
28729				    286.898
28740				    286.898
28752				    286.898
28763				    286.898
28774				    286.898
28786				    279.537
28797				    276.687
28809				    276.061
28820				    267.958
28831				    267.958
28843				    255.773
28854				    219.949
28865				    198.946
28876				    130.713
28888				    120
28899				    92.807
28911				    69.694
28922				    69.694
28933				    69.694
28944				    61.183
28956				    59.498
28967				    57.993
28979				    56.319
28990				    51.581
29001				    52.774
29012				    54.97
29024				    57.45
29036				    57.45
29048				    55.868
29059				    54.421
29070				    54.421
29081				    56.425
29093				    53.933
29104				    53.933
29115				    59.758
29127				    60.41
29138				    56.682
29150				    56.682
29161				    58.549
29172				    66.52
29184				    66.52
29195				    66.52
29207				    67.233
29218				    68.146
29230				    68.146
29241				    68.146
29252				    71.758
29264				    71.758
29275				    73.531
29286				    75.615
29298				    83.446
29309				    83.446
29320				    83.169
29332				    84.343
29343				    84.343
29355				    84.343
29367				    89.436
29379				    87.599
29390				    83.21
29402				    83.339
29413				    83.339
29424				    87.18
29436				    90.527
29447				    90.527
29459				    90.527
29470				    100.462
29482				    107.409
29493				    107.409
29504				    128.625
29516				    129.391
29527				    129.391
29539				    130.09
29551				    131.33
29563				    131.33
29574				    131.33
29585				    133.806
29596				    133.806
29608				    133.806
29620				    139.712
29631				    145.611
29642				    145.611
29654				    145.611
29665				    157.562
29676				    157.562
29688				    173.193
29699				    179.397
29711				    179.397
29722				    179.397
29733				    190.684
29744				    201.361
29756				    206.674
29768				    206.674
29779				    206.674
29790				    209.829
29802				    214.483
29813				    214.483
29825				    214.483
29836				    214.483
29848				    220.529
29859				    220.529
29870				    220.529
29882				    220.529
29893				    220.529
29905				    229.33
29916				    229.33
29928				    237.045
29940				    253.59
29951				    253.59
29963				    253.59
29974				    253.59
29985				    253.59
29997				    262.639
30008				    280.802
30020				    293.58
30031				    299.369
30043				    316.741
30055				    325.463
30066				    325.463
30078				    327.644
30089				    330.408
30100				    330.408
30112				    344.672
30124				    349.048
30135				    352.04
30147				    356.533
30159				    356.533
30170				    356.533
30181				    356.533
30193				    356.533
30205				    356.533
30217				    370.726
30228				    370.726
30240				    370.726
30252				    370.726
30263				    370.726
30275				    370.726
30286				    370.726
30297				    370.726
30309				    381.647
30320				    381.647
30332				    349.601
30343				    331.751
30355				    319.927
30366				    319.927
30377				    319.927
30389				    286.502
30400				    91.252
30412				    87.834
30423				    82.995
30434				    82.995
30445				    67.749
30457				    66.731
30468				    67.519
30480				    69.891
30491				    63.535
30502				    63.054
30513				    63.054
30525				    67.874
30536				    70.411
30547				    72.61
30558				    76.291
30570				    81.365
30581				    81.365
30593				    81.365
30604				    86.15
30615				    70.588
30627				    69.466
30638				    69.466
30649				    72.338
30661				    68.448
30673				    67.625
30684				    71.672
30696				    76.133
30707				    78.856
30719				    77.765
30730				    77.765
30741				    80.024
30753				    86.38
30764				    86.38
30775				    90.969
30787				    90.969
30799				    94.917
30810				    97.353
30821				    99.974
30833				    99.974
30844				    98.902
30856				    98.902
30867				    101.943
30878				    101.531
30890				    102.466
30901				    102.466
30913				    100.774
30924				    101.271
30935				    101.271
30947				    102.785
30959				    102.679
30970				    103.571
30982				    103.571
30993				    103.571
31005				    114.305
31016				    114.305
31028				    116.555
31039				    118.437
31051				    126.026
31062				    127.172
31074				    128.593
31085				    128.593
31096				    133.956
31108				    133.956
31120				    139.306
31132				    142.246
31143				    142.246
31155				    143.2
31166				    146
31178				    146
31190				    146
31202				    152.414
31213				    152.414
31225				    162.604
31236				    162.604
31248				    185.673
31260				    188.876
31272				    199.021
31283				    199.021
31294				    199.021
31306				    207.194
31317				    207.194
31328				    209.886
31340				    211.153
31351				    211.153
31363				    211.153
31374				    216.391
31386				    216.391
31397				    220.579
31409				    223.244
31420				    223.244
31432				    223.244
31443				    223.244
31455				    223.244
31467				    223.244
31479				    229.954
31491				    229.954
31502				    229.954
31515				    229.954
31526				    229.954
31538				    229.954
31549				    229.954
31561				    253.339
31572				    253.339
31584				    253.339
31595				    253.339
31607				    253.339
31619				    253.339
31630				    253.339
31641				    289.382
31653				    328.755
31664				    355.425
31676				    363.857
31688				    379.298
31700				    385.643
31711				    385.643
31723				    393.433
31734				    410.614
31746				    413.887
31757				    421.97
31769				    421.97
31780				    425.851
31792				    425.851
31804				    425.851
31815				    425.851
31827				    435.187
31838				    443.421
31850				    443.421
31861				    453.231
31873				    453.231
31884				    453.231
31896				    453.231
31908				    462.953
31919				    462.953
31931				    480.358
31942				    487.046
31954				    487.046
31965				    487.046
31977				    487.046
31989				    487.046
32001				    487.046
32012				    487.046
32024				    500.903
32036				    500.903
32047				    429.647
32059				    355.466
32070				    354.134
32081				    343.864
32093				    254.493
32105				    254.493
32116				    188.097
32127				    87.031
32139				    83.398
32151				    75.063
32162				    71.536
32173				    71.536
32185				    64.971
32196				    64.971
32208				    65.451
32219				    66.193
32230				    66.193
32241				    66.03
32253				    63.759
32265				    61.423
32276				    62.687
32288				    58.984
32299				    57.257
32311				    57.257
32322				    57.448
32333				    57.161
32345				    59.249
32356				    58.345
32368				    55.647
32379				    55.68
32391				    56.304
32402				    57.551
32413				    54.196
32424				    54.196
32436				    54.196
32447				    58.343
32459				    61.344
32470				    60.415
32482				    62.453
32493				    62.453
32504				    56.313
32516				    57.7
32528				    58.859
32540				    61.739
32551				    74.917
32563				    75.784
32574				    75.583
32585				    75.763
32597				    77.912
32608				    77.912
32620				    77.912
32632				    72.481
32644				    73.273
32655				    73.273
32667				    73.273
32679				    73.273
32691				    78.287
32703				    85.157
32714				    87.867
32725				    87.867
32737				    93.064
32748				    93.064
32759				    109.336
32771				    121.722
32782				    128.845
32794				    128.845
32805				    128.845
32816				    128.845
32828				    128.845
32839				    128.845
32850				    128.845
32862				    134.981
32873				    134.981
32884				    161.577
32896				    161.577
32908				    161.577
32919				    161.577
32931				    167.936
32942				    173.478
32953				    175.426
32964				    177.898
32976				    182.047
32987				    199.167
32999				    204.551
33011				    209.787
33022				    209.787
33033				    209.787
33044				    209.787
33056				    209.787
33068				    209.787
33079				    209.787
33091				    209.787
33103				    209.787
33114				    209.787
33125				    209.787
33137				    209.787
33148				    209.787
33160				    209.787
33171				    209.787
33183				    209.787
33194				    245.938
33205				    245.938
33217				    256.827
33228				    276.309
33240				    276.309
33252				    276.309
33263				    276.309
33274				    308.085
33286				    311.174
33297				    317.379
33308				    317.379
33320				    326.11
33332				    327.202
33343				    328.168
33354				    328.168
33366				    333.06
33377				    333.06
33389				    333.06
33400				    333.06
33412				    333.06
33423				    333.06
33434				    333.06
33446				    333.06
33457				    333.06
33468				    333.06
33480				    333.06
33492				    333.06
33504				    333.06
33515				    333.06
33526				    333.06
33538				    333.06
33549				    333.06
33560				    333.06
33572				    333.06
33584				    333.06
33595				    333.06
33606				    333.06
33618				    333.06
33629				    333.06
33640				    333.06
33652				    360.707
33664				    360.707
33675				    360.707
33687				    386.27
33698				    386.27
33709				    397.343
33721				    408.907
33732				    408.907
33744				    408.907
33756				    427.687
33767				    427.687
33779				    427.687
33790				    449.534
33802				    449.534
33813				    449.534
33824				    449.534
33836				    485.695
33847				    493.094
33859				    493.094
33870				    515.116
33881				    515.116
33892				    515.116
33904				    528.116
33915				    528.116
33927				    539.188
33938				    539.188
33949				    539.188
33961				    539.188
33972				    539.188
33984				    550.275
33995				    550.275
34006				    550.275
34018				    550.275
34029				    550.275
34041				    550.275
34052				    550.275
34064				    550.275
34076				    550.275
34087				    550.275
34099				    550.275
34111				    550.275
34122				    550.275
34134				    550.275
34145				    550.275
34156				    550.275
34168				    550.275
34180				    550.275
34192				    550.275
34203				    551.177
34214				    527.65
34226				    500.52
34237				    500.52
34248				    473.892
34260				    457.063
34272				    450.298
34284				    423.009
34295				    416.113
34307				    411.065
34318				    411.065
34330				    343.305
34341				    292.81
34352				    292.81
34364				    292.81
34375				    237.592
34386				    222.635
34398				    200.877
34409				    172.201
34420				    154.073
34432				    147.647
34443				    122.642
34454				    122.642
34466				    105.992
34477				    87.556
34489				    83.723
34500				    73.267
34511				    72.804
34522				    68.222
34534				    66.393
34545				    70.145
34556				    70.145
34568				    79.741
34579				    90.535
34591				    90.535
34602				    93.033
34613				    92.717
34625				    92.717
34636				    92.717
34648				    86.545
34659				    86.545
34670				    86.545
34682				    88.995
34693				    85.361
34704				    85.361
34716				    85.361
34727				    86.845
34739				    87.081
34751				    89.925
34762				    97.274
34773				    99.333
34785				    99.266
34796				    99.266
34808				    103.658
34819				    102.578
34831				    102.745
34843				    102.605
34855				    102.605
34866				    96.724
34877				    96.369
34889				    96.369
34900				    99.055
34911				    102.498
34922				    102.498
34934				    102.498
34945				    106.678
34956				    113.48
34968				    113.48
34979				    117.989
34990				    121.089
35001				    124.243
35013				    124.243
35024				    123.333
35035				    123.726
35047				    124.987
35058				    124.987
35070				    124.987
35081				    124.987
35092				    124.987
35104				    137.094
35116				    137.094
35128				    140.449
35139				    140.449
35151				    166.687
35163				    172.047
35174				    172.047
35185				    190.18
35196				    190.18
35208				    195.191
35220				    195.191
35231				    199.813
35243				    199.813
35254				    199.813
35266				    199.813
35277				    203.701
35288				    203.701
35300				    203.701
35311				    203.701
35323				    203.701
35334				    203.701
35346				    203.701
35357				    209.983
35368				    209.983
35380				    209.983
35391				    219.355
35403				    226.554
35415				    226.554
35426				    244.281
35437				    249.827
35449				    265.922
35460				    267.674
35471				    263.043
35482				    262.139
35494				    262.218
35505				    262.218
35516				    262.218
35528				    266.186
35539				    266.186
35551				    266.186
35563				    268.66
35574				    268.66
35586				    268.66
35597				    268.66
35609				    268.66
35620				    268.66
35632				    268.66
35643				    268.66
35654				    268.66
35666				    268.66
35678				    268.66
35689				    268.66
35701				    268.66
35712				    279.197
35723				    279.197
35735				    279.197
35747				    279.197
35758				    279.197
35770				    279.197
35781				    279.197
35793				    293.667
35804				    293.667
35816				    293.667
35828				    293.667
35839				    307.968
35850				    322.346
35862				    347.449
35873				    347.449
35885				    389.288
35896				    389.288
35907				    403.981
35919				    403.981
35930				    442.856
35941				    442.856
35953				    442.856
35964				    449.357
35976				    465.704
35988				    465.704
35999				    465.704
36011				    465.704
36022				    465.704
36034				    465.704
36045				    465.704
36056				    465.704
36068				    479.489
36079				    479.489
36091				    479.489
36102				    479.489
36113				    479.489
36125				    479.489
36137				    479.489
36149				    479.489
36160				    479.489
36172				    479.489
36183				    479.489
36195				    479.489
36206				    479.489
36217				    479.489
36228				    479.489
36240				    479.489
36252				    479.489
36263				    479.489
36275				    474.967
36286				    474.967
36297				    463.723
36308				    430.848
36320				    412.869
36332				    412.869
36344				    397.839
36355				    383.985
36367				    287.533
36379				    241.273
36390				    222.104
36401				    160.641
36413				    147.341
36425				    127.977
36436				    114.955
36448				    111.078
36460				    110.819
36472				    103.528
36483				    103.528
36495				    94.025
36506				    76.313
36517				    71.529
36528				    69.565
36540				    70.019
36552				    71.07
36563				    73.155
36574				    76.992
36585				    76.992
36597				    84.249
36608				    94.508
36620				    94.045
36631				    86.762
36643				    86.762
36654				    77.971
36665				    64.99
36677				    67.231
36688				    67.231
36699				    64.33
36711				    64.33
36723				    66.844
36735				    65.6
36747				    59.614
36758				    59.614
36769				    64.985
36780				    63.741
36791				    63.741
36803				    63.741
36814				    74.38
36825				    76.624
36836				    73.285
36847				    72.732
36859				    71.471
36870				    71.471
36881				    75.25
36892				    75.25
36903				    80.565
36915				    87.161
36926				    93.303
36937				    94.255
36948				    97.441
36960				    105.097
36971				    115.128
36982				    115.128
36993				    119.789
37004				    119.789
37016				    130.212
37028				    130.212
37038				    130.212
37050				    130.212
37061				    130.212
37072				    130.212
37084				    130.212
37095				    130.212
37106				    152.088
37117				    167.307
37128				    167.307
37139				    191.576
37150				    209.962
37161				    224.165
37173				    226.257
37184				    229.02
37195				    229.663
37206				    229.663
37217				    228.685
37228				    225.433
37240				    224.96
37251				    224.96
37262				    224.96
37273				    224.96
37284				    224.96
37295				    224.96
37306				    224.96
37317				    224.96
37328				    224.96
37339				    224.96
37350				    224.96
37361				    224.96
37372				    224.96
37384				    224.96
37395				    224.96
37407				    224.96
37418				    224.96
37429				    224.96
37440				    224.96
37451				    239.725
37462				    239.725
37473				    239.725
37484				    256.258
37496				    256.258
37507				    321.538
37519				    341.715
37531				    341.715
37542				    345.821
37553				    343.04
37564				    342.151
37576				    342.151
37587				    342.151
37599				    344.398
37610				    344.398
37621				    344.398
37632				    344.398
37644				    344.398
37655				    344.398
37667				    344.398
37678				    344.398
37689				    344.398
37700				    344.398
37712				    344.398
37723				    344.398
37734				    344.398
37745				    344.398
37756				    344.398
37767				    344.398
37778				    344.398
37789				    344.398
37800				    344.398
37812				    344.398
37823				    344.398
37833				    344.398
37844				    344.398
37856				    344.398
37868				    344.398
37879				    344.398
37891				    344.398
37902				    344.398
37913				    344.398
37924				    344.398
37936				    344.398
37947				    380.172
37958				    380.172
37969				    380.172
37980				    380.172
37992				    380.172
38003				    413.407
38014				    413.407
38025				    476.287
38036				    483.737
38047				    502.421
38058				    536.333
38070				    539.25
38081				    550.539
38092				    550.539
38103				    556.95
38115				    572.23
38126				    582.823
38138				    582.823
38149				    582.823
38160				    595.969
38171				    595.969
38182				    608.162
38193				    613.129
38204				    613.129
38216				    630.741
38227				    631.234
38238				    631.234
38249				    631.234
38260				    631.234
38271				    631.234
38282				    631.234
38293				    631.234
38304				    631.234
38316				    631.234
38327				    631.234
38338				    631.234
38349				    631.234
38360				    631.234
38371				    631.234
38383				    631.234
38394				    631.234
38405				    631.234
38416				    631.234
38428				    631.234
38439				    631.234
38451				    631.234
38462				    631.234
38473				    631.234
38484				    631.234
38495				    631.234
38506				    528.502
38517				    498.573
38528				    451.685
38540				    447.168
38551				    422.971
38562				    422.971
38573				    422.971
38585				    422.971
38596				    422.971
38607				    422.971
38619				    422.971
38630				    422.971
38641				    422.971
38652				    388.45
38663				    388.45
38674				    388.45
38685				    206.088
38696				    206.088
38708				    206.088
38719				    206.088
38730				    206.088
38741				    147.939
38752				    128.944
38763				    112.669
38774				    108.592
38785				    106.645
38796				    106.645
38807				    93.034
38818				    90.035
38830				    86.119
38841				    86.119
38852				    76.956
38863				    70.811
38874				    69.631
38885				    65.126
38896				    61.482
38907				    61.566
38919				    59.637
38930				    59.637
38941				    61.675
38953				    57.424
38964				    57.424
38975				    57.424
38986				    62.651
38997				    61.687
39008				    61.687
39019				    66.952
39030				    66.952
39041				    66.952
39052				    77.658
39064				    72.765
39075				    70.378
39086				    67.277
39097				    70.392
39108				    67.862
39120				    67.862
39131				    73.509
39142				    76.206
39153				    76.206
39164				    83.45
39175				    85.018
39186				    85.018
39197				    85.018
39208				    88.256
39219				    95.117
39231				    95.117
39242				    99.476
39253				    109.182
39264				    109.182
39276				    110.354
39287				    110.354
39299				    110.354
39310				    110.354
39321				    110.354
39332				    116.584
39343				    118.509
39354				    123.632
39365				    123.632
39376				    123.632
39387				    133.398
39398				    135.843
39409				    141.463
39420				    141.463
39432				    146.625
39443				    146.625
39454				    152.149
39465				    155.863
39476				    155.863
39488				    155.863
39499				    155.863
39510				    185.678
39521				    185.678
39532				    185.678
39544				    185.678
39555				    185.678
39566				    197.564
39577				    197.564
39588				    204.858
39599				    212.115
39611				    212.115
39623				    212.115
39634				    212.115
39644				    212.115
39656				    212.115
39667				    212.115
39679				    212.115
39690				    212.115
39701				    212.115
39712				    232.85
39723				    232.85
39734				    232.85
39745				    232.85
39757				    232.85
39768				    232.85
39779				    232.85
39790				    232.85
39801				    232.85
39813				    283.727
39824				    283.727
39835				    283.727
39846				    283.727
39857				    283.727
39868				    283.727
39880				    332.748
39891				    353.647
39903				    353.647
39914				    353.647
39925				    353.647
39936				    353.647
39947				    353.647
39959				    380.305
39970				    405.512
39981				    447.121
39992				    447.121
40004				    482.16
40015				    482.16
40026				    482.16
40037				    482.16
40049				    499.155
40060				    499.155
40071				    499.155
40083				    499.155
40094				    499.155
40106				    519.533
40117				    519.533
40128				    537.717
40139				    537.717
40151				    537.717
40162				    537.717
40173				    537.717
40184				    537.717
40196				    537.717
40207				    643.598
40218				    643.598
40230				    643.598
40241				    643.598
40252				    643.598
40264				    651.394
40275				    651.394
40286				    662.135
40297				    670.547
40308				    614.804
40320				    590.922
40331				    440.218
40342				    414.905
40354				    409.67
40365				    358.41
40376				    253.858
40387				    253.858
40398				    253.858
40409				    239.626
40420				    133.42
40431				    133.42
40442				    108.34
40453				    108.34
40464				    105.298
40475				    105.298
40486				    79.018
40497				    66.588
40508				    66.588
40519				    66.588
40531				    66.588
40542				    65.009
40553				    66.376
40564				    66.376
40575				    66.814
40586				    69.074
40597				    67.885
40608				    67.885
40618				    69.82
40629				    65.143
40640				    62.436
40652				    62.436
40663				    59.367
40675				    58.569
40686				    58.569
40697				    61.247
40708				    59.489
40719				    60.254
40731				    60.254
40742				    55.504
40753				    55.504
40764				    55.704
40775				    55.704
40787				    65.511
40798				    66.698
40809				    61.86
40820				    61.329
40833				    51.305
40844				    51.305
40855				    51.305
40866				    51.394
40877				    51.394
40888				    53.49
40899				    51.531
40911				    51.531
40922				    54.249
40934				    54.249
40945				    52.921
40956				    52.921
40967				    52.921
40979				    56.542
40990				    56.542
41001				    59.545
41012				    63.359
41024				    59.451
41035				    58.041
41046				    56.419
41057				    53.215
41068				    49.481
41079				    46.025
41090				    46.025
41102				    45.765
41113				    44.499
41124				    48.181
41136				    48.181
41147				    48.181
41158				    49.664
41170				    53.397
41181				    53.397
41192				    53.397
41205				    51.631
41215				    51.631
41221				    51.631
41226				    51.631
41231				    51.631
41235				    51.631
41239				    51.631
41243				    54.157
41247				    54.157
41251				    54.157
41255				    54.157
41259				    54.157
41263				    56.058
41267				    56.058
41271				    64.807
41275				    64.807
41279				    64.807
41283				    61.699
41288				    61.699
41300				    54.509
41310				    54.509
41318				    54.509
41326				    57.942
41334				    59.125
41342				    62.117
41351				    60.596
41359				    54.882
41368				    54.882
41376				    54.882
41385				    54.175
41393				    52.94
41402				    51.927
41410				    51.927
41418				    47.98
41427				    46.116
41439				    48.362
41451				    53.906
41460				    54.913
41467				    54.913
41474				    54.913
41481				    55.701
41488				    50.837
41493				    50.837
