14272				    10
14283				    10
14294				    10
14305				    10
14316				    12
14328				    20
14338				    20
14350				    21
14361				    26
14372				    30
14383				    30
14394				    30
14405				    30
14416				    46
14427				    48
14438				    56
14449				    56
14460				    56
14471				    56
14483				    79
14493				    93
14504				    108
14515				    114
14526				    136
14537				    158
14548				    205
14559				    222
14569				    240
14580				    263
14592				    288
14603				    288
14614				    296
14625				    281
14637				    280
14647				    280
14658				    280
14669				    280
14680				    319
