2410				    10
2418				    10
2427				    10
2435				    10
2443				    10
2452				    10
2461				    10
2469				    10
2477				    10
2486				    10
2494				    10
2502				    10
2510				    10
2518				    10
2527				    10
2535				    20
2544				    20
2552				    20
2560				    20
2568				    20
2577				    20
2585				    20
2594				    20
2602				    20
2611				    20
2619				    20
2627				    20
2636				    20
2644				    20
2653				    23
2661				    29
2670				    30
2678				    30
2687				    30
2695				    30
2703				    30
2711				    30
2720				    30
2728				    30
2737				    30
2745				    30
2753				    30
2761				    30
2769				    37
2777				    37
2786				    39
2794				    39
2802				    40
2811				    40
2819				    40
2828				    40
2836				    40
2845				    40
2853				    40
2862				    40
2870				    40
2878				    40
2887				    40
2895				    40
2904				    40
2912				    58
2921				    58
2929				    58
2938				    58
2946				    58
2955				    72
2963				    74
2971				    74
2980				    86
2988				    94
2997				    108
3005				    122
3014				    136
3022				    158
3030				    178
3038				    216
3047				    237
3055				    259
3063				    287
3071				    328
3079				    336
3088				    336
3096				    336
3105				    336
3114				    220
3123				    218
3131				    218
3140				    217
3151				    217
3163				    217
3174				    217
3186				    217
3198				    219
3210				    219
3222				    219
