7058				    20.047
7069				    20.047
7081				    20.047
7092				    2.698
7104				    2.698
7115				    2.698
7126				    1.662
7137				    2.173
7149				    2.173
7160				    2.442
7171				    1.921
7182				    1.633
7194				    3.187
7205				    3.536
7217				    2.735
7228				    0.427
7239				    0.532
7250				    4.672
7262				    1.76
7273				    1.784
7284				    6.749
7295				    3.011
7307				    2.021
7318				    2.312
7329				    0.804
7340				    0.848
7352				    1.27
7363				    0.569
7374				    1.229
7386				    0.959
7398				    0.626
7409				    0.626
7420				    0.626
7431				    18.352
7442				    0.221
7454				    0.316
7468				    1.588
7479				    1.588
