14595				    41.104
14606				    41.104
14617				    41.104
14629				    40.033
14640				    42.536
14652				    42.536
14663				    40.769
14675				    39.292
14686				    38.906
14697				    39.111
14708				    38.605
14719				    37.751
14731				    38.355
14742				    37.463
14754				    37.935
14765				    37.268
14776				    37.888
14787				    40.404
14798				    43.471
14809				    42.092
14820				    38.372
14832				    39.287
14842				    44.306
14854				    50.497
14865				    56.204
14876				    64.517
14887				    69.643
14898				    74.485
14909				    75.153
14920				    75.153
14931				    104.688
14943				    96.812
14954				    81.743
14965				    75.525
14976				    65.324
14987				    61.659
