5996				    10
6007				    10
6019				    10
6030				    10
6042				    10
6053				    10
6064				    10
6075				    10
6087				    10
6099				    10
6110				    14
6122				    14
6133				    17
6144				    17
6156				    17
6167				    17
6178				    17
6189				    17
6200				    17
6211				    17
6222				    18
6233				    21
6244				    22
6256				    32
6267				    34
6278				    34
6289				    34
6301				    34
6312				    34
6323				    34
6334				    36
6345				    40
6356				    40
6368				    42
6379				    53
6391				    68
6403				    68
6414				    68
6425				    68
6436				    68
6448				    69
6459				    72
6471				    83
6483				    85
6494				    94
6506				    108
6517				    109
6528				    127
6539				    128
6551				    136
6562				    136
6573				    136
6584				    138
6596				    144
6607				    144
6618				    144
6630				    148
6641				    180
6653				    192
6664				    192
6675				    209
6687				    224
6698				    233
6710				    257
6721				    263
6733				    263
6744				    263
6755				    271
6766				    271
6777				    275
6788				    285
6799				    285
6811				    287
6823				    293
6834				    303
6846				    309
6857				    309
6869				    328
6881				    342
6892				    356
6904				    371
6915				    371
6926				    391
6937				    399
6949				    431
6960				    431
6972				    441
6983				    447
6994				    471
7006				    473
7017				    493
7029				    501
7040				    507
7051				    519
7062				    525
7073				    527
7084				    539
7096				    541
7107				    541
7118				    541
7130				    541
7141				    549
7152				    551
7163				    569
7174				    571
7185				    573
7197				    575
7208				    583
7219				    585
7231				    603
7242				    609
7253				    613
7264				    629
7276				    643
7287				    653
7298				    654
7310				    670
7321				    670
7333				    703
7344				    711
7356				    722
7367				    744
7378				    744
7390				    744
