8496				    10
8507				    10
8519				    10
8530				    10
8541				    10
8552				    11
8563				    20
8575				    20
8587				    20
8598				    20
8610				    40
8622				    40
8633				    40
8644				    44
8656				    59
8666				    70
8678				    80
8689				    82
8701				    90
8712				    120
8724				    135
8735				    130
8746				    129
8758				    124
8769				    111
8781				    105
8792				    82
8805				    78
8817				    70
8829				    70
8840				    96
8851				    96
8863				    96
8874				    96
8885				    97
8896				    97
8907				    97
8918				    98
8929				    98
8941				    98
8952				    98
8963				    99
8974				    99
8986				    99
8997				    100
9008				    100
9019				    100
9031				    94
9042				    93
9053				    34
9064				    30
9075				    29
