4772				    2.915
4783				    20.048
4794				    3.861
4806				    20.048
4817				    3.944
4829				    20.048
4840				    3.944
4851				    13.526
4862				    1.641
4873				    4.528
4884				    3.316
4895				    4.528
4907				    3.399
4918				    3.177
4930				    3.399
4941				    2.093
4952				    3.399
4964				    4.841
4975				    1.455
4986				    5.564
4997				    1.653
5009				    3.11
5020				    1.653
5032				    1.922
5043				    1.653
5054				    3.869
5066				    1.205
5077				    2.87
5089				    3.476
5100				    3.713
5111				    4.705
5122				    1.557
5133				    4.705
5144				    3.398
5155				    1.414
5167				    5.411
5178				    3.747
5189				    4.379
5201				    1.944
5212				    0.317
5223				    2.406
5234				    2.144
5245				    3.322
5256				    2.249
5268				    3.322
5279				    3.812
				    4.777
				    0.663
				    1.674
				    0.204
				    3.947
				    0.771
				    2.072
				    2.342
				    5.218
				    2.604
				    1.12
				    1.163
				    3.349
				    1.415
				    2.147
				    1.809
				    2.361
				    1.385
				    1.882
				    2.895
				    1.882
				    1.965
				    8.91
				    4.004
				    3.567
				    3.022
				    3.429
				    3.241
				    2.142
				    0.894
				    1.616
				    1.145
				    1.616
				    3.564
				    2.243
				    1.113
				    1.833
				    3.077
				    1.315
				    1.494
				    1.315
				    1.8
				    1.078
				    3.341
				    5.323
				    3.449
