17.881043000	0.061022000
17.960167000	0.071695000
17.960171000	0.071664000
17.960172000	0.071663000
17.960176000	0.071625000
17.960177000	0.071624000
17.961009000	0.072394000
17.961012000	0.072396000
17.961016000	0.072308000
18.036049000	0.075880000
18.036054000	0.075884000
18.036055000	0.075807000
18.036056000	0.075806000
18.036057000	0.075764000
18.036058000	0.075764000
18.036061000	0.075727000
18.036062000	0.075727000
18.036063000	0.075680000
18.036147000	0.075763000
18.042911000	0.081901000
18.042917000	0.081906000
18.042919000	0.081858000
18.042920000	0.081857000
18.042922000	0.081818000
18.043947000	0.082842000
18.043955000	0.082797000
18.043957000	0.082799000
18.079988000	0.043936000
18.079992000	0.043939000
18.087903000	0.051812000
18.094956000	0.058862000
18.094962000	0.058813000
18.094964000	0.058814000
18.094967000	0.058779000
18.094972000	0.058783000
18.104003000	0.067760000
18.104014000	0.067770000
18.111062000	0.074771000
18.111067000	0.074774000
18.111069000	0.074724000
18.111070000	0.074724000
18.111072000	0.074678000
18.111073000	0.074678000
18.111075000	0.074630000
18.111076000	0.074630000
18.111944000	0.075432000
18.111949000	0.075436000
18.111953000	0.069038000
18.111954000	0.069038000
18.112034000	0.069082000
18.112035000	0.069082000
18.112874000	0.069871000
18.128035000	0.085031000
18.128041000	0.084986000
18.128042000	0.084986000
18.128044000	0.084937000
18.128045000	0.084937000
18.128047000	0.084095000
18.128048000	0.084094000
18.128050000	0.084049000
18.128051000	0.084049000
18.128890000	0.084838000
18.128895000	0.084841000
18.152924000	0.072934000
18.152929000	0.072938000
18.159986000	0.079961000
18.159992000	0.079965000
18.159994000	0.072081000
18.159995000	0.072073000
18.161011000	0.066050000
18.161020000	0.066028000
18.161022000	0.066028000
18.168929000	0.073885000
18.176004000	0.080958000
18.176010000	0.080915000
18.176011000	0.080914000
18.176012000	0.080865000
18.176013000	0.080865000
18.176839000	0.072828000
18.192001000	0.087989000
18.192028000	0.087973000
18.192035000	0.087979000
18.192036000	0.080971000
18.192037000	0.080971000
18.192039000	0.080940000
18.192040000	0.080940000
18.192043000	0.080888000
18.192044000	0.080888000
18.192045000	0.080843000
18.192046000	0.080842000
18.193036000	0.081781000
18.193041000	0.081785000
18.193043000	0.081734000
18.193044000	0.081683000
18.193046000	0.081634000
18.193048000	0.081100000
18.193905000	0.081864000
18.201918000	0.089818000
18.208883000	0.096742000
18.208899000	0.096706000
18.208994000	0.096748000
18.208998000	0.096119000
18.209838000	0.081798000
18.217932000	0.089860000
18.224975000	0.096851000
18.224988000	0.096813000
18.224989000	0.096749000
18.224990000	0.096698000
18.224991000	0.096662000
18.224993000	0.096611000
18.224994000	0.096560000
18.225938000	0.097046000
18.225942000	0.097005000
18.241017000	0.088089000
18.241023000	0.088065000
18.257010000	0.097021000
18.272001000	0.111981000
18.272006000	0.111984000
18.272007000	0.111933000
18.272008000	0.111933000
18.272009000	0.111886000
18.272010000	0.111885000
18.272932000	0.111916000
18.272935000	0.111917000
18.280858000	0.119782000
18.287915000	0.126837000
18.287927000	0.126799000
18.287928000	0.126799000
18.287964000	0.126782000
18.287965000	0.126779000
18.287966000	0.119027000
18.288016000	0.119074000
18.288943000	0.112935000
18.288947000	0.112938000
18.288948000	0.112905000
18.289999000	0.113955000
18.290006000	0.113911000
18.290007000	0.113911000
18.297911000	0.121764000
18.304956000	0.128807000
18.304969000	0.128770000
18.304971000	0.128770000
18.304972000	0.128128000
18.304973000	0.128127000
18.304974000	0.112950000
18.304975000	0.112948000
18.305185000	0.113066000
18.305190000	0.113069000
18.305191000	0.113031000
18.305192000	0.113031000
18.305194000	0.112982000
18.305195000	0.112982000
18.305196000	0.112932000
18.305197000	0.112932000
18.306004000	0.113688000
18.306012000	0.113695000
18.306014000	0.113647000
18.306015000	0.113646000
18.306017000	0.113597000
18.306019000	0.113598000
18.306021000	0.113536000
18.306022000	0.113535000
18.306023000	0.113495000
18.306025000	0.113496000
18.306108000	0.113523000
18.306968000	0.114381000
18.306972000	0.113933000
18.306974000	0.113934000
18.306975000	0.113895000
18.306977000	0.113896000
18.340934000	0.147803000
18.340953000	0.147821000
18.340957000	0.147774000
18.348047000	0.154863000
18.348061000	0.154826000
18.348063000	0.154827000
18.348067000	0.154780000
18.348069000	0.154780000
18.348070000	0.154731000
18.348072000	0.154732000
18.348073000	0.154682000
18.348074000	0.154679000
18.348076000	0.154631000
18.348079000	0.154582000
18.348917000	0.155005000
18.348923000	0.154963000
18.348924000	0.146995000
18.348925000	0.146954000
18.349026000	0.140129000
18.349029000	0.140091000
18.349030000	0.140033000
18.349031000	0.139990000
18.349033000	0.139939000
18.349905000	0.140759000
18.349911000	0.140713000
18.349913000	0.140664000
18.355007000	0.145163000
18.355017000	0.145124000
18.355018000	0.137061000
18.355019000	0.137035000
18.355021000	0.130035000
18.355022000	0.129994000
18.372949000	0.147609000
18.372966000	0.147574000
18.372968000	0.147524000
18.379907000	0.154412000
18.379918000	0.154371000
18.380857000	0.155258000
18.380864000	0.155213000
18.390007000	0.164066000
18.390012000	0.164026000
18.396875000	0.170833000
18.396891000	0.170801000
18.396986000	0.155964000
18.396992000	0.155942000
18.397910000	0.156806000
18.397915000	0.156763000
18.414061000	0.157047000
18.414973000	0.157923000
18.430045000	0.158042000
18.430050000	0.158045000
18.430052000	0.158017000
18.430053000	0.158017000
18.430054000	0.157966000
18.430055000	0.157965000
18.430984000	0.158846000
18.430991000	0.158852000
18.430993000	0.158804000
18.430995000	0.158805000
18.430996000	0.158755000
18.430997000	0.158755000
18.445873000	0.172940000
18.445885000	0.172950000
18.445888000	0.172909000
18.446834000	0.173854000
18.461976000	0.181110000
18.461989000	0.181121000
18.461992000	0.174068000
18.461993000	0.174067000
18.461994000	0.174023000
18.462179000	0.174205000
18.462184000	0.174166000
18.462188000	0.174169000
18.462189000	0.174117000
18.462190000	0.174114000
18.462191000	0.174070000
18.462192000	0.174069000
18.462193000	0.174020000
18.462194000	0.174020000
18.462929000	0.174701000
18.462932000	0.174703000
18.462934000	0.173989000
18.462935000	0.173989000
18.462936000	0.173945000
18.462938000	0.173946000
18.462938000	0.173895000
18.463032000	0.173988000
18.486084000	0.196081000
18.486099000	0.196095000
18.486101000	0.196048000
18.486102000	0.196048000
18.486103000	0.195999000
18.486104000	0.195999000
18.486105000	0.188184000
18.486107000	0.188183000
18.486108000	0.181143000
18.486109000	0.181141000
18.486110000	0.181102000
18.487030000	0.182021000
18.487035000	0.181967000
18.487038000	0.181968000
18.487039000	0.181919000
18.487040000	0.181919000
18.487041000	0.181853000
18.487042000	0.181853000
18.487902000	0.182668000
18.487908000	0.182673000
18.488006000	0.182720000
18.488011000	0.182723000
18.488013000	0.182675000
18.488870000	0.183530000
18.492961000	0.187571000
18.492970000	0.187578000
18.492972000	0.187530000
18.492973000	0.187529000
18.492974000	0.187480000
18.492976000	0.187480000
18.492977000	0.187431000
18.492978000	0.187430000
18.493914000	0.188315000
18.493919000	0.188319000
18.493922000	0.188272000
18.493923000	0.188271000
18.493924000	0.188221000
18.493925000	0.188220000
18.493926000	0.187917000
18.493927000	0.187917000
18.494961000	0.188943000
18.494964000	0.188906000
18.494965000	0.188905000
18.494966000	0.188905000
18.494967000	0.188855000
18.494968000	0.188855000
18.496867000	0.190753000
18.502970000	0.196809000
18.502974000	0.196811000
18.502975000	0.196811000
18.502977000	0.196764000
18.502978000	0.196763000
18.503074000	0.196858000
18.512891000	0.206626000
18.512898000	0.206631000
18.520044000	0.213776000
18.520046000	0.213729000
18.520048000	0.213730000
18.520049000	0.213730000
18.520051000	0.213683000
18.520053000	0.213083000
18.520054000	0.213083000
18.520055000	0.213082000
18.520982000	0.213970000
18.520985000	0.213971000
18.520986000	0.213971000
18.528994000	0.221928000
18.535965000	0.228898000
18.535971000	0.228902000
18.536046000	0.228930000
18.536048000	0.195100000
18.536049000	0.195098000
18.536050000	0.195094000
18.536051000	0.195069000
18.536052000	0.195068000
18.536053000	0.195020000
18.536054000	0.187997000
18.536913000	0.188854000
18.536917000	0.188752000
18.536918000	0.188750000
18.536920000	0.188726000
18.536923000	0.188727000
18.537959000	0.189714000
18.537963000	0.189716000
18.537965000	0.189668000
18.545886000	0.197587000
18.552930000	0.204581000
18.553017000	0.204667000
18.553021000	0.204617000
18.553023000	0.204617000
18.553093000	0.204640000
18.553095000	0.204641000
18.553096000	0.204587000
18.553097000	0.204586000
18.553099000	0.204539000
18.553100000	0.204538000
18.553101000	0.204488000
18.553102000	0.204488000
18.554143000	0.205478000
18.554148000	0.205482000
18.554149000	0.205432000
18.554150000	0.205432000
18.554152000	0.205232000
18.561900000	0.212978000
18.561908000	0.212937000
18.561909000	0.212937000
18.569994000	0.220966000
18.576952000	0.227924000
18.576958000	0.227884000
18.577028000	0.227953000
18.577030000	0.227904000
18.577031000	0.227904000
18.577032000	0.227854000
18.577033000	0.227853000
18.577034000	0.227803000
18.577035000	0.227803000
18.577036000	0.227753000
18.577037000	0.227753000
18.577906000	0.228569000
18.577910000	0.228571000
18.577912000	0.228525000
18.577913000	0.228474000
18.577915000	0.228424000
18.578071000	0.228528000
18.578075000	0.228480000
18.592874000	0.243227000
18.592881000	0.243182000
18.592883000	0.243132000
18.600011000	0.250208000
18.600019000	0.250110000
18.600021000	0.250062000
18.600022000	0.250058000
18.600024000	0.250012000
18.600026000	0.249964000
18.892886000	0.542823000
18.900048000	0.549984000
18.900063000	0.405940000
18.990026000	0.056988000
