7.150869000	0.034896000
7.195826000	0.040567000
7.195859000	0.040591000
7.195863000	0.040560000
7.195889000	0.040583000
7.195901000	0.040554000
7.200836000	0.045486000
7.200868000	0.045434000
7.203875000	0.048438000
7.203934000	0.048396000
7.203958000	0.048415000
7.237867000	0.042018000
7.237899000	0.042045000
7.237904000	0.042010000
7.237908000	0.042010000
7.237917000	0.041943000
7.240849000	0.044867000
7.240882000	0.044871000
7.245835000	0.049820000
7.245866000	0.049805000
7.245871000	0.049807000
7.247898000	0.047040000
7.247960000	0.047097000
7.248052000	0.047156000
7.248089000	0.047190000
7.248093000	0.044193000
7.248097000	0.044191000
7.251133000	0.047190000
7.251165000	0.047218000
7.261853000	0.057864000
7.261887000	0.057894000
7.277850000	0.039961000
7.277906000	0.040011000
7.277929000	0.039918000
7.277934000	0.039919000
7.278072000	0.040006000
7.278780000	0.040711000
7.280927000	0.042762000
7.280959000	0.042787000
7.283828000	0.045620000
7.283858000	0.045646000
7.283863000	0.042992000
7.283867000	0.042991000
7.283930000	0.043021000
7.283941000	0.043029000
7.284040000	0.038183000
7.284059000	0.038198000
7.284062000	0.038177000
7.284065000	0.038177000
7.285871000	0.039886000
7.285902000	0.039912000
7.288869000	0.040948000
7.290809000	0.042884000
7.290846000	0.042877000
7.295837000	0.047866000
7.295869000	0.047795000
7.295874000	0.047796000
7.296877000	0.048702000
7.296914000	0.048736000
7.296930000	0.048702000
7.296945000	0.048714000
7.297041000	0.048733000
7.298881000	0.050570000
7.298913000	0.047758000
7.299044000	0.047884000
7.299058000	0.047862000
7.299062000	0.037180000
7.299070000	0.037151000
7.315889000	0.038007000
7.318782000	0.040693000
7.318814000	0.040638000
7.318819000	0.040525000
7.320875000	0.042078000
7.322831000	0.041884000
7.322871000	0.041876000
7.322885000	0.039031000
7.322890000	0.038951000
7.322925000	0.038936000
7.325847000	0.041855000
7.325879000	0.041831000
7.328860000	0.044809000
7.328893000	0.044797000
7.328902000	0.044803000
7.328906000	0.044722000
7.328909000	0.044718000
7.329013000	0.044769000
7.329048000	0.044801000
7.329265000	0.044945000
7.329296000	0.044973000
7.329306000	0.044934000
7.329311000	0.044936000
7.329314000	0.043421000
7.329318000	0.043420000
7.329321000	0.043360000
7.329385000	0.043420000
7.329399000	0.040508000
7.329402000	0.040506000
7.329438000	0.038604000
7.329452000	0.038611000
7.329455000	0.038574000
7.329459000	0.038574000
7.329462000	0.033603000
7.329473000	0.033609000
7.329635000	0.033746000
7.330769000	0.034877000
7.330798000	0.034808000
7.335872000	0.039876000
7.335895000	0.038994000
7.335905000	0.038997000
7.335912000	0.038975000
7.336016000	0.039074000
7.336047000	0.039057000
7.338882000	0.041887000
7.338913000	0.041862000
7.338923000	0.041868000
7.338931000	0.041829000
7.338934000	0.041827000
7.338938000	0.040035000
7.340818000	0.041767000
7.340855000	0.041787000
7.365849000	0.049933000
7.365889000	0.049930000
7.369930000	0.053965000
7.369968000	0.053939000
7.369977000	0.053883000
7.369981000	0.053881000
7.369985000	0.053804000
7.370780000	0.054546000
7.379131000	0.060342000
7.379291000	0.060480000
7.379328000	0.060439000
7.379406000	0.060430000
7.379459000	0.060477000
7.379462000	0.060393000
7.379512000	0.060360000
7.379887000	0.056671000
7.439329000	0.103275000
7.449464000	0.050377000
7.449548000	0.050309000
7.449552000	0.050297000
7.449556000	0.050281000
7.449559000	0.050202000
7.449562000	0.050191000
7.449565000	0.050059000
7.449569000	0.050049000
7.449580000	0.049817000
7.450784000	0.037925000
7.450803000	0.037914000
7.452806000	0.036921000
7.455778000	0.036870000
7.455800000	0.036869000
7.460844000	0.041781000
7.460873000	0.041761000
7.462863000	0.042015000
7.462933000	0.040011000
7.465809000	0.031913000
7.465837000	0.031926000
7.470805000	0.036885000
7.470840000	0.036908000
7.472824000	0.038865000
7.472854000	0.038678000
7.472865000	0.036946000
7.472871000	0.036935000
7.472943000	0.034019000
7.475866000	0.036927000
7.475897000	0.036948000
7.480831000	0.041872000
7.480879000	0.041885000
7.483855000	0.044743000
7.483909000	0.044782000
7.483966000	0.044829000
7.483983000	0.044835000
7.484022000	0.044840000
7.484034000	0.044733000
7.484077000	0.044761000
7.484090000	0.044763000
7.484134000	0.044451000
7.484148000	0.044456000
7.484188000	0.044488000
7.484200000	0.043337000
7.484243000	0.043367000
7.489186000	0.046244000
7.490851000	0.047878000
7.493830000	0.050752000
7.493851000	0.050061000
7.493933000	0.050034000
7.493987000	0.050079000
7.493995000	0.050077000
7.494093000	0.048274000
7.494103000	0.045166000
7.494145000	0.045193000
7.494152000	0.045191000
7.494158000	0.045166000
7.494198000	0.045090000
7.494208000	0.045085000
7.494250000	0.045118000
7.494303000	0.045137000
7.494310000	0.045030000
7.494317000	0.045023000
7.494408000	0.045105000
7.494415000	0.045074000
7.495787000	0.046329000
7.495805000	0.046261000
7.498795000	0.049211000
7.498847000	0.049260000
7.498856000	0.049174000
7.498900000	0.049212000
7.498909000	0.049140000
7.498954000	0.049179000
7.498962000	0.049152000
7.499008000	0.049195000
7.499015000	0.049151000
7.499061000	0.049194000
7.499069000	0.049151000
7.499115000	0.049194000
7.499123000	0.049151000
7.499169000	0.049194000
7.499177000	0.049152000
7.499223000	0.049195000
7.499231000	0.049152000
7.499239000	0.049157000
7.499277000	0.049144000
7.499331000	0.049195000
7.499342000	0.049155000
7.499385000	0.049195000
7.499395000	0.049155000
7.499399000	0.049156000
7.500765000	0.050471000
7.500775000	0.050478000
7.501782000	0.050984000
7.501837000	0.051029000
7.502030000	0.049213000
7.502059000	0.046264000
7.502067000	0.046262000
7.503848000	0.042982000
7.503876000	0.042995000
7.503884000	0.042988000
7.503888000	0.042989000
7.503892000	0.040999000
7.503992000	0.041094000
7.505834000	0.042891000
7.505856000	0.042910000
7.506852000	0.043809000
7.506860000	0.043811000
7.506947000	0.043817000
7.506975000	0.043839000
7.506984000	0.043813000
7.506988000	0.043814000
7.507092000	0.043868000
7.507121000	0.043894000
7.507130000	0.043852000
7.510871000	0.047589000
7.510899000	0.047567000
7.515861000	0.052526000
7.515888000	0.052501000
7.515897000	0.050080000
7.515909000	0.050067000
7.518894000	0.048063000
7.518924000	0.048072000
7.518932000	0.046085000
7.518937000	0.046075000
7.518940000	0.046049000
7.518943000	0.046048000
7.519048000	0.046094000
7.519076000	0.043185000
7.519080000	0.043177000
7.520820000	0.039961000
7.520851000	0.039966000
7.525841000	0.041964000
7.525868000	0.041948000
7.525885000	0.041907000
7.525889000	0.041899000
7.525952000	0.041921000
7.528868000	0.044827000
7.528898000	0.044812000
7.528907000	0.044809000
7.528911000	0.044767000
7.529008000	0.044853000
7.529035000	0.044839000
7.529044000	0.044837000
7.529048000	0.044796000
7.529146000	0.039938000
7.529174000	0.038300000
7.533912000	0.040066000
7.533941000	0.040085000
7.533949000	0.040008000
7.533953000	0.039961000
7.535947000	0.041948000
7.535957000	0.041857000
7.535965000	0.041857000
7.535978000	0.041829000
7.536032000	0.041876000
7.538838000	0.044635000
7.538872000	0.044666000
7.540810000	0.046555000
7.540840000	0.046583000
7.545966000	0.051659000
7.545994000	0.051680000
7.546003000	0.051644000
7.546007000	0.051594000
7.546011000	0.051592000
7.548814000	0.053014000
7.550848000	0.055039000
7.554999000	0.056187000
7.555028000	0.056175000
7.555037000	0.056176000
7.555041000	0.056135000
7.555045000	0.056132000
7.555056000	0.056097000
7.555149000	0.056183000
7.555183000	0.056170000
7.555187000	0.056167000
7.555191000	0.056125000
7.555194000	0.056121000
7.555296000	0.056176000
7.555325000	0.056198000
7.555329000	0.056155000
7.555333000	0.056152000
7.555336000	0.056108000
7.555340000	0.056104000
7.555361000	0.056080000
7.555371000	0.056087000
7.555848000	0.056512000
7.555975000	0.056636000
7.556788000	0.057399000
7.556840000	0.057448000
7.556848000	0.057406000
7.556947000	0.057502000
7.556954000	0.056182000
7.556961000	0.056182000
7.558894000	0.057096000
7.558912000	0.057065000
7.558998000	0.056946000
7.559009000	0.056945000
7.559016000	0.056934000
7.559051000	0.055181000
7.559104000	0.055222000
7.559157000	0.055238000
7.559210000	0.055288000
7.560825000	0.056826000
7.560882000	0.056880000
7.563932000	0.058081000
7.564025000	0.058164000
7.564053000	0.057196000
7.564061000	0.057196000
7.564065000	0.057097000
7.564151000	0.057170000
7.564162000	0.057157000
7.565859000	0.039901000
7.565905000	0.037001000
7.567899000	0.038971000
7.567913000	0.038734000
7.573876000	0.039930000
7.573906000	0.039935000
7.575812000	0.039850000
7.575827000	0.039842000
7.577871000	0.039007000
7.577888000	0.037055000
7.577894000	0.031906000
7.580829000	0.034804000
7.580837000	0.034689000
7.585842000	0.034970000
7.588877000	0.033843000
7.588892000	0.033829000
7.590862000	0.035684000
7.595920000	0.040599000
7.595936000	0.040568000
7.598806000	0.043395000
7.600786000	0.045302000
7.600800000	0.045212000
7.605873000	0.050189000
7.605890000	0.050177000
7.608853000	0.052863000
7.608866000	0.052021000
7.608901000	0.051949000
7.608906000	0.051873000
7.613917000	0.055000000
7.613934000	0.054921000
7.613942000	0.054882000
7.613947000	0.054785000
7.613969000	0.053129000
7.613974000	0.050031000
7.614065000	0.050007000
7.614083000	0.050001000
7.614090000	0.049923000
7.614117000	0.048221000
7.614170000	0.048215000
7.615807000	0.049742000
7.625821000	0.059708000
7.630844000	0.064682000
7.633850000	0.067635000
7.633901000	0.067628000
7.633981000	0.067669000
7.634050000	0.067678000
7.634104000	0.067685000
7.634155000	0.067683000
7.634209000	0.067683000
7.634214000	0.067633000
7.634262000	0.067629000
7.634268000	0.066358000
7.634271000	0.066335000
7.634369000	0.066382000
7.635845000	0.067804000
7.638968000	0.065068000
7.638986000	0.065043000
7.679093000	0.038132000
