22.550521000	0.084508000
22.622419000	0.071136000
22.622433000	0.071140000
22.622437000	0.071119000
22.622447000	0.071126000
22.647584000	0.095972000
22.647598000	0.095983000
22.687549000	0.065123000
22.687564000	0.065135000
22.688311000	0.065797000
22.688332000	0.065814000
22.703432000	0.080860000
22.703445000	0.080870000
22.703457000	0.080792000
22.703460000	0.080789000
22.718481000	0.078044000
22.718500000	0.078051000
22.718514000	0.070921000
22.718520000	0.070924000
22.718525000	0.070844000
22.719361000	0.071676000
22.719382000	0.071640000
22.719386000	0.071641000
22.765412000	0.077855000
22.765427000	0.077866000
22.765432000	0.077851000
22.765435000	0.077851000
22.780479000	0.092154000
22.795541000	0.107213000
22.795554000	0.107187000
22.795566000	0.107196000
22.795569000	0.092130000
22.795573000	0.092131000
22.795576000	0.092019000
22.795579000	0.092018000
22.795582000	0.091966000
22.795588000	0.091969000
22.803303000	0.099588000
22.803335000	0.099614000
22.810583000	0.092091000
22.810597000	0.092101000
22.810601000	0.092055000
22.810604000	0.092054000
22.810608000	0.091999000
22.810611000	0.091998000
22.810621000	0.091964000
22.810624000	0.091963000
22.811379000	0.092668000
22.811402000	0.092686000
22.811496000	0.092127000
22.811505000	0.092132000
22.811509000	0.092042000
22.811512000	0.092042000
22.811516000	0.091997000
22.812352000	0.092830000
22.849539000	0.084118000
22.849555000	0.084131000
22.849559000	0.084108000
22.849562000	0.084108000
22.864556000	0.098998000
22.864569000	0.099008000
22.864573000	0.098930000
22.864583000	0.098933000
22.900390000	0.119904000
22.900416000	0.104868000
22.907544000	0.111993000
22.907557000	0.111851000
22.907562000	0.111852000
22.907565000	0.111791000
22.907569000	0.111792000
22.907572000	0.111706000
22.907576000	0.111704000
22.907579000	0.111617000
22.907582000	0.111614000
22.907585000	0.111535000
22.907588000	0.111532000
22.907592000	0.111454000
22.908539000	0.112396000
22.908552000	0.112327000
22.908556000	0.112325000
22.908560000	0.112244000
22.908565000	0.112243000
22.908575000	0.105250000
22.908578000	0.105248000
22.908581000	0.105209000
22.908584000	0.105209000
22.908588000	0.097997000
22.908591000	0.097997000
22.908594000	0.097859000
22.909421000	0.098623000
22.909431000	0.098539000
22.909435000	0.098437000
22.909439000	0.098404000
22.909442000	0.098310000
22.909563000	0.098335000
22.940405000	0.129011000
22.947568000	0.136135000
22.947581000	0.136081000
22.947585000	0.136047000
22.947589000	0.135998000
22.947593000	0.135950000
22.947603000	0.135905000
22.947607000	0.135235000
22.980382000	0.130834000
22.980396000	0.130820000
22.987517000	0.137865000
22.987530000	0.137802000
22.987534000	0.122972000
22.987538000	0.122828000
22.987543000	0.122764000
22.988437000	0.123565000
23.011447000	0.111049000
23.011459000	0.111009000
23.026442000	0.125987000
23.026457000	0.125957000
23.026461000	0.125957000
23.026465000	0.118914000
23.026468000	0.118914000
23.026472000	0.118864000
23.026475000	0.118864000
23.034293000	0.126578000
23.041449000	0.133730000
23.041487000	0.133687000
23.041493000	0.133687000
23.041496000	0.133648000
23.041499000	0.133647000
23.041509000	0.133564000
23.041513000	0.133562000
23.041515000	0.133482000
23.041519000	0.133476000
23.041522000	0.133398000
23.041525000	0.133395000
23.042419000	0.134254000
23.042431000	0.134263000
23.042436000	0.134217000
23.042439000	0.134218000
23.042442000	0.134170000
23.042445000	0.134170000
23.042448000	0.134122000
23.042451000	0.134122000
23.043426000	0.134880000
23.043436000	0.134887000
23.043441000	0.134692000
23.058445000	0.149692000
23.058493000	0.149682000
23.058498000	0.149685000
23.058501000	0.149638000
23.058505000	0.149639000
23.058508000	0.149591000
23.058512000	0.149592000
23.058515000	0.149542000
23.058518000	0.149540000
23.058521000	0.149496000
23.059352000	0.150324000
23.059373000	0.150294000
23.059377000	0.150296000
23.059381000	0.150249000
23.059384000	0.150249000
23.059387000	0.150201000
23.067349000	0.158160000
23.074550000	0.165310000
23.074563000	0.165320000
23.074568000	0.165274000
23.074572000	0.165275000
23.074575000	0.165149000
23.074578000	0.165149000
23.074583000	0.165125000
23.075376000	0.165915000
23.083327000	0.173810000
23.090343000	0.180823000
23.090374000	0.180807000
23.090446000	0.180876000
23.090457000	0.180839000
23.090461000	0.180840000
23.090464000	0.180792000
23.090475000	0.180801000
23.090479000	0.180754000
23.090482000	0.180754000
23.090486000	0.180706000
23.091462000	0.181680000
23.091494000	0.181661000
23.091499000	0.181612000
23.091504000	0.181614000
23.359467000	0.260059000
23.360309000	0.253775000
23.360319000	0.253254000
23.360323000	0.253253000
23.380486000	0.273170000
23.380497000	0.273171000
23.387445000	0.279084000
23.387456000	0.255870000
23.387463000	0.255867000
23.387468000	0.255827000
23.387471000	0.255827000
23.387475000	0.255773000
23.388481000	0.256776000
23.388494000	0.242023000
23.396375000	0.249887000
23.427489000	0.267016000
23.427504000	0.259955000
23.427509000	0.259925000
23.427513000	0.258867000
23.427518000	0.258837000
23.428538000	0.259008000
23.428550000	0.243956000
23.436420000	0.251765000
23.466539000	0.259005000
23.466551000	0.258970000
23.466555000	0.258133000
23.466559000	0.249181000
23.466563000	0.242089000
23.474433000	0.248958000
23.474463000	0.225967000
23.474468000	0.225897000
23.481437000	0.232743000
23.481451000	0.231963000
23.481455000	0.220969000
23.481459000	0.214003000
23.481463000	0.213857000
23.489293000	0.221640000
23.496521000	0.228022000
23.496533000	0.227979000
23.496537000	0.226906000
23.496541000	0.226857000
23.497344000	0.211816000
23.497406000	0.211774000
23.512513000	0.226108000
23.512526000	0.226064000
23.512531000	0.210969000
23.512535000	0.210896000
23.512539000	0.210802000
23.512543000	0.210101000
23.512547000	0.187051000
23.512550000	0.186927000
23.512554000	0.186834000
23.512558000	0.172031000
23.540323000	0.192696000
23.540337000	0.192644000
23.547597000	0.188008000
23.547610000	0.187664000
23.547616000	0.187639000
23.547622000	0.187592000
23.547626000	0.187541000
23.547630000	0.187492000
23.547633000	0.187445000
23.547638000	0.187447000
23.547641000	0.187401000
23.547644000	0.187400000
23.548451000	0.188137000
23.548462000	0.188145000
23.548470000	0.188125000
23.548474000	0.188126000
23.548477000	0.167983000
23.548480000	0.167978000
23.549489000	0.162036000
23.549500000	0.162039000
23.549507000	0.162015000
23.556388000	0.168893000
23.556398000	0.168810000
23.556406000	0.168804000
23.556410000	0.167920000
23.556413000	0.167912000
23.571444000	0.175059000
23.594354000	0.166857000
23.601428000	0.173928000
23.601438000	0.173904000
23.601444000	0.173907000
23.601448000	0.173803000
23.601451000	0.173803000
23.601455000	0.173724000
23.601458000	0.173721000
23.601462000	0.173644000
23.601465000	0.173641000
23.601468000	0.172923000
23.601471000	0.172923000
23.602498000	0.173931000
23.602509000	0.173821000
23.602516000	0.166071000
23.602520000	0.166070000
23.620330000	0.153785000
23.620344000	0.153796000
23.627474000	0.160896000
23.627487000	0.160906000
23.627497000	0.160862000
23.627503000	0.160865000
23.627507000	0.160826000
23.627513000	0.160829000
23.628527000	0.161783000
23.628538000	0.161791000
23.628546000	0.154092000
23.628550000	0.154091000
23.636343000	0.161854000
23.643387000	0.168895000
23.643416000	0.168875000
23.643447000	0.168903000
23.643451000	0.162006000
23.643454000	0.162006000
23.643458000	0.161979000
23.643461000	0.161979000
23.644319000	0.162733000
23.644353000	0.162764000
23.644366000	0.162695000
23.644373000	0.162696000
23.652468000	0.170710000
23.659481000	0.177717000
23.659491000	0.170178000
23.659498000	0.170180000
23.659501000	0.162974000
23.659505000	0.162975000
23.659508000	0.162951000
23.659511000	0.162951000
23.660320000	0.163649000
23.660335000	0.163659000
23.660342000	0.163577000
23.680451000	0.183680000
23.680489000	0.183123000
23.680501000	0.183130000
23.687429000	0.190015000
23.687459000	0.190041000
23.687468000	0.174949000
23.687472000	0.174949000
23.687476000	0.174899000
23.687614000	0.175034000
23.687627000	0.174953000
23.687632000	0.174952000
23.687635000	0.174873000
23.687639000	0.174871000
23.687642000	0.174793000
23.687645000	0.174790000
23.687648000	0.174712000
23.688476000	0.175534000
23.688505000	0.175481000
23.688509000	0.175479000
23.688656000	0.175544000
23.688669000	0.175552000
23.688672000	0.175520000
23.688675000	0.175520000
23.688678000	0.175472000
23.689420000	0.176211000
23.689437000	0.149105000
23.689442000	0.149107000
23.689447000	0.149094000
23.697449000	0.157092000
23.704474000	0.156870000
23.704480000	0.156873000
23.704484000	0.156816000
23.704488000	0.156816000
23.705315000	0.157597000
23.720422000	0.172701000
23.720440000	0.172676000
23.720445000	0.172678000
23.720451000	0.172635000
23.727453000	0.179634000
23.727460000	0.179591000
23.727464000	0.179592000
23.727467000	0.179546000
23.727471000	0.179547000
23.727474000	0.179500000
23.727477000	0.179500000
23.728510000	0.180051000
23.728527000	0.180060000
23.728531000	0.180036000
23.728535000	0.180037000
23.728539000	0.179941000
23.728543000	0.179940000
23.728546000	0.179049000
23.736392000	0.186887000
23.751404000	0.201881000
23.751422000	0.195027000
23.751469000	0.195066000
23.751473000	0.195035000
23.751477000	0.195036000
23.751481000	0.194934000
23.751484000	0.180032000
23.767455000	0.173078000
23.768463000	0.167028000
23.768480000	0.167038000
23.768485000	0.166998000
23.780473000	0.178982000
23.787511000	0.185974000
23.787521000	0.185981000
23.787527000	0.185938000
23.787532000	0.185940000
23.787537000	0.185894000
23.787543000	0.185897000
23.787548000	0.185851000
23.787553000	0.185047000
23.787559000	0.185045000
23.787564000	0.185028000
23.788387000	0.185848000
23.788393000	0.168053000
23.788399000	0.168047000
23.788405000	0.160922000
23.788410000	0.160917000
23.796419000	0.168884000
23.803454000	0.175914000
23.803461000	0.175862000
23.803465000	0.175862000
23.804312000	0.175777000
23.812408000	0.183865000
23.819491000	0.190926000
23.819497000	0.190929000
23.819502000	0.183135000
23.819506000	0.176096000
23.819512000	0.176090000
23.828434000	0.184951000
23.835488000	0.192002000
23.835493000	0.191919000
23.835497000	0.191917000
23.835500000	0.191877000
23.835504000	0.191159000
23.835507000	0.191145000
23.835511000	0.191118000
23.835514000	0.191117000
23.836311000	0.183821000
23.836317000	0.176829000
23.836320000	0.176825000
23.844408000	0.184881000
23.851536000	0.192006000
23.851543000	0.191966000
23.851548000	0.191968000
23.851552000	0.191923000
23.851556000	0.191224000
23.851560000	0.191221000
23.851564000	0.191201000
23.851568000	0.171088000
23.852399000	0.171902000
23.852417000	0.171892000
23.852422000	0.164969000
23.852425000	0.164960000
23.852429000	0.164939000
23.853282000	0.165788000
23.853296000	0.165676000
23.853301000	0.165678000
23.861297000	0.172801000
23.876493000	0.187992000
23.876500000	0.187966000
23.876504000	0.187966000
23.876508000	0.187846000
23.876533000	0.187867000
23.876538000	0.187109000
23.876542000	0.187109000
23.876546000	0.187080000
23.876550000	0.187080000
23.876553000	0.187037000
23.960394000	0.083689000
