2.149494000	0.046510000
2.207976000	0.054698000
2.207988000	0.054708000
2.210024000	0.056718000
2.210034000	0.056726000
2.210044000	0.056657000
2.210112000	0.056723000
2.210116000	0.056680000
2.213001000	0.059564000
2.213005000	0.059516000
2.217974000	0.064485000
2.249987000	0.042003000
2.250058000	0.042072000
2.250061000	0.042002000
2.260028000	0.048313000
2.260033000	0.048318000
2.297947000	0.082574000
2.299991000	0.084617000
2.300041000	0.081013000
2.300093000	0.081064000
2.300095000	0.077411000
2.300096000	0.077411000
2.303139000	0.076799000
2.303143000	0.076802000
2.305967000	0.075969000
2.305972000	0.075973000
2.307939000	0.074263000
2.307944000	0.074267000
2.310029000	0.072717000
2.310033000	0.072720000
2.310081000	0.069118000
2.310083000	0.060092000
2.310085000	0.058256000
2.312942000	0.061112000
2.322916000	0.067471000
2.322921000	0.067475000
2.327925000	0.068829000
2.389078000	0.129047000
2.389089000	0.129057000
2.391945000	0.129522000
2.392110000	0.129686000
2.392114000	0.094164000
2.392163000	0.094211000
2.392168000	0.092166000
2.392935000	0.092931000
2.392986000	0.090015000
2.397959000	0.094986000
2.397964000	0.091671000
2.400988000	0.094694000
2.400992000	0.091397000
2.401065000	0.091468000
2.401066000	0.088146000
2.401067000	0.088146000
2.401068000	0.086034000
2.401163000	0.086127000
2.401165000	0.084049000
2.401216000	0.084098000
2.401217000	0.082044000
2.401268000	0.082094000
2.402915000	0.081658000
2.402918000	0.081661000
2.405970000	0.082604000
2.405974000	0.078435000
2.407921000	0.074154000
2.447932000	0.058846000
2.449006000	0.059919000
2.449023000	0.059863000
2.452931000	0.060979000
2.457937000	0.064940000
2.458991000	0.063909000
2.459042000	0.061860000
2.459095000	0.061912000
2.459097000	0.059845000
2.459147000	0.059894000
2.462927000	0.061592000
2.462933000	0.061597000
2.465957000	0.062537000
2.465966000	0.062545000
2.466035000	0.060529000
2.467934000	0.062427000
2.467942000	0.060351000
2.471088000	0.063496000
2.471098000	0.061617000
2.471102000	0.061620000
2.471410000	0.060309000
2.471416000	0.060314000
2.471417000	0.058698000
2.471419000	0.058699000
2.471420000	0.058672000
2.472966000	0.058630000
2.477887000	0.063550000
2.477939000	0.061984000
2.480951000	0.064995000
2.482933000	0.065329000
2.482938000	0.065333000
2.497889000	0.078698000
2.502987000	0.083793000
2.503003000	0.082192000
2.505993000	0.085181000
2.507987000	0.085541000
2.507994000	0.085548000
2.508067000	0.084018000
2.510985000	0.086935000
2.510994000	0.085311000
2.511061000	0.085378000
2.511064000	0.083777000
2.515966000	0.087060000
2.516018000	0.085471000
2.516020000	0.083879000
2.516071000	0.082311000
2.541004000	0.107243000
2.621202000	0.185822000
2.622950000	0.151037000
2.662888000	0.154074000
2.676143000	0.104876000
2.756299000	0.180197000
2.762965000	0.096805000
2.763918000	0.097197000
2.764049000	0.096211000
2.764062000	0.096223000
2.764066000	0.095110000
2.764069000	0.095112000
2.764179000	0.094117000
2.767952000	0.097889000
2.770965000	0.099798000
2.771025000	0.099858000
2.771069000	0.098796000
2.771121000	0.098847000
2.771128000	0.097799000
2.771174000	0.097843000
2.771228000	0.096854000
2.771281000	0.096906000
2.836623000	0.065252000
2.836644000	0.064484000
2.940024000	0.167102000
2.940099000	0.138716000
2.996253000	0.166352000
3.041405000	0.204741000
3.151332000	0.203845000
3.168001000	0.215850000
3.251071000	0.044795000
