37.640260000	0.060252000
37.700333000	0.052223000
37.700373000	0.052253000
37.700378000	0.052183000
37.700389000	0.052186000
37.707305000	0.059020000
37.707338000	0.059048000
37.707344000	0.058972000
37.707354000	0.058976000
37.707375000	0.058910000
37.760217000	0.059854000
37.760264000	0.059896000
37.760272000	0.059810000
37.760279000	0.059813000
37.767349000	0.066833000
37.767388000	0.066870000
37.767403000	0.066795000
37.767409000	0.066795000
37.767415000	0.060087000
37.767420000	0.060087000
37.767427000	0.060026000
37.767432000	0.060027000
37.767436000	0.059983000
37.768200000	0.060743000
37.768230000	0.060700000
37.776256000	0.068723000
37.776293000	0.068707000
37.783281000	0.075691000
37.783319000	0.075678000
37.800287000	0.040034000
37.800327000	0.040068000
37.800336000	0.040040000
37.807301000	0.047002000
37.807341000	0.046947000
37.807349000	0.046949000
37.807355000	0.046874000
37.822280000	0.061792000
37.822322000	0.054944000
37.822337000	0.054954000
37.822342000	0.054798000
37.822347000	0.054797000
37.822351000	0.054741000
37.822356000	0.054742000
37.822361000	0.054694000
37.822365000	0.054693000
37.822370000	0.054647000
37.822375000	0.054648000
37.823281000	0.055501000
37.823306000	0.055522000
37.823313000	0.055477000
37.823318000	0.055478000
37.838261000	0.070369000
37.838320000	0.070424000
37.838331000	0.070383000
37.838339000	0.070387000
37.838346000	0.070125000
37.838360000	0.070135000
37.838368000	0.070108000
37.838375000	0.070111000
37.838381000	0.062098000
37.838389000	0.062101000
37.839205000	0.062806000
37.839233000	0.062830000
37.839242000	0.055933000
37.839250000	0.055936000
37.839257000	0.055909000
37.839264000	0.055912000
37.862294000	0.061977000
37.862335000	0.062013000
37.862344000	0.061991000
37.862351000	0.061906000
37.862357000	0.055026000
37.862363000	0.054991000
37.862369000	0.054893000
37.862380000	0.054813000
37.863153000	0.040841000
37.880319000	0.058002000
37.880361000	0.057866000
37.887292000	0.064793000
37.887331000	0.064797000
37.887338000	0.064801000
37.887343000	0.064707000
37.887348000	0.064706000
37.887352000	0.064634000
37.887357000	0.064633000
37.887362000	0.064562000
37.887369000	0.064563000
37.887375000	0.064494000
37.887381000	0.064494000
37.888290000	0.065328000
37.888319000	0.065352000
37.888326000	0.065283000
37.888331000	0.065282000
37.888339000	0.065255000
37.888344000	0.065258000
37.888356000	0.065218000
37.888370000	0.065230000
37.888375000	0.065076000
37.888386000	0.065084000
37.889256000	0.065919000
37.889276000	0.065936000
37.889280000	0.065889000
37.889285000	0.065892000
37.889290000	0.065845000
37.889295000	0.065847000
37.890123000	0.051817000
37.897169000	0.058856000
37.897200000	0.058654000
37.897210000	0.058659000
37.905300000	0.066693000
37.912334000	0.073724000
37.912377000	0.073715000
37.912392000	0.073725000
37.912399000	0.073681000
37.912407000	0.073686000
37.912415000	0.073641000
37.912422000	0.073594000
37.912431000	0.073549000
37.913188000	0.074252000
37.913224000	0.074233000
37.913233000	0.074010000
37.921190000	0.081906000
37.928364000	0.089028000
37.928404000	0.089014000
37.928417000	0.088970000
37.928423000	0.088922000
37.928428000	0.066103000
37.928434000	0.065878000
37.928440000	0.065836000
37.928446000	0.065741000
37.929322000	0.066519000
37.937427000	0.074590000
37.937475000	0.074585000
37.944268000	0.081326000
37.944307000	0.081312000
37.944315000	0.081268000
37.944321000	0.081221000
37.944327000	0.081155000
37.944332000	0.081126000
37.960278000	0.097020000
37.960319000	0.097008000
37.960326000	0.079976000
37.960331000	0.079939000
37.967379000	0.080059000
37.967419000	0.080021000
37.967429000	0.080028000
37.967434000	0.079944000
37.967438000	0.079942000
37.967443000	0.079872000
37.967448000	0.079871000
37.967452000	0.079800000
37.967463000	0.079805000
37.967468000	0.079735000
37.967473000	0.079734000
37.968254000	0.080480000
37.976197000	0.088420000
37.983382000	0.095555000
37.983420000	0.095590000
37.983431000	0.095550000
37.983436000	0.095552000
37.983441000	0.095506000
37.983446000	0.095508000
37.983451000	0.095462000
37.983455000	0.095464000
37.983460000	0.095150000
37.983464000	0.095149000
37.983469000	0.095133000
37.983474000	0.095113000
37.983479000	0.095115000
37.983483000	0.095116000
37.984208000	0.094941000
37.984233000	0.094963000
37.984243000	0.094971000
37.984248000	0.094935000
37.984316000	0.095000000
38.000285000	0.110966000
38.000325000	0.110959000
38.000336000	0.110967000
38.007275000	0.117903000
38.007321000	0.117902000
38.007338000	0.117916000
38.007347000	0.117922000
38.007354000	0.117881000
38.007362000	0.117886000
38.007435000	0.117957000
38.007458000	0.117932000
38.007466000	0.117937000
38.007473000	0.117941000
38.007481000	0.117901000
38.007489000	0.117906000
38.007496000	0.117910000
38.007504000	0.117870000
38.008240000	0.118604000
38.008270000	0.118631000
38.008278000	0.118591000
38.008286000	0.118596000
38.008293000	0.118162000
38.008299000	0.118166000
38.008307000	0.111116000
38.008314000	0.111119000
38.008322000	0.111115000
38.008329000	0.111103000
38.008338000	0.111109000
38.009273000	0.112041000
38.009299000	0.103971000
38.009312000	0.103979000
38.017194000	0.104829000
38.024291000	0.111919000
38.024328000	0.111940000
38.024345000	0.111891000
38.024351000	0.111892000
38.024355000	0.111893000
38.024361000	0.111851000
38.039221000	0.126706000
38.039260000	0.126741000
38.039270000	0.126704000
38.039391000	0.126820000
38.039408000	0.126834000
38.039416000	0.126795000
38.039421000	0.126795000
38.039427000	0.126797000
38.039432000	0.126754000
38.039436000	0.126754000
38.039441000	0.126755000
38.039446000	0.126713000
38.039451000	0.126714000
38.040255000	0.127046000
38.040278000	0.127063000
38.040360000	0.127105000
38.040377000	0.127110000
38.040383000	0.127073000
38.040388000	0.127028000
38.040393000	0.127025000
38.040398000	0.119179000
38.040404000	0.119068000
38.041219000	0.112822000
38.060215000	0.131557000
38.060258000	0.131593000
38.060265000	0.131548000
38.067250000	0.138436000
38.067289000	0.138466000
38.067298000	0.138387000
38.067304000	0.138307000
38.068286000	0.139278000
38.076238000	0.147139000
38.083295000	0.154119000
38.083335000	0.154150000
38.083340000	0.154118000
38.083344000	0.154074000
38.083348000	0.154072000
38.083351000	0.154007000
38.083355000	0.153977000
38.083359000	0.153975000
38.083363000	0.145895000
38.083367000	0.145866000
38.084143000	0.146636000
38.084181000	0.146625000
38.084189000	0.139889000
38.099228000	0.154879000
38.099263000	0.154908000
38.099269000	0.154867000
38.099273000	0.154815000
38.107281000	0.162817000
38.114369000	0.169846000
38.114401000	0.169828000
38.114408000	0.169827000
38.114412000	0.169779000
38.114416000	0.169690000
38.114420000	0.169685000
38.114424000	0.154112000
38.114427000	0.154078000
38.115215000	0.154863000
38.115249000	0.154895000
38.115257000	0.154858000
38.115261000	0.154859000
38.115265000	0.154861000
38.140293000	0.179842000
38.140326000	0.179872000
38.140334000	0.179877000
38.147347000	0.186842000
38.147377000	0.186870000
38.147386000	0.186876000
38.147389000	0.186833000
38.147394000	0.179988000
38.147397000	0.179986000
38.147401000	0.179987000
38.147404000	0.179682000
38.147408000	0.179680000
38.147411000	0.179680000
38.147414000	0.179620000
38.147417000	0.179619000
38.147420000	0.179618000
38.147423000	0.179573000
38.148269000	0.180415000
38.148287000	0.180429000
38.148296000	0.180392000
38.148300000	0.180392000
38.148303000	0.180392000
38.148306000	0.180309000
38.148309000	0.180306000
38.148313000	0.180307000
38.148316000	0.180235000
38.148319000	0.180232000
38.148322000	0.180232000
38.148325000	0.180156000
38.148328000	0.180153000
38.148331000	0.180153000
38.149233000	0.180955000
38.149341000	0.181058000
38.149349000	0.181063000
38.149356000	0.181040000
38.149359000	0.173136000
38.149363000	0.173132000
38.149366000	0.165956000
38.149369000	0.165954000
38.149372000	0.165944000
38.149376000	0.165876000
38.157237000	0.173734000
38.157260000	0.173754000
38.157271000	0.173679000
38.157279000	0.173681000
38.157286000	0.173685000
38.157289000	0.173615000
38.158313000	0.174633000
38.166273000	0.182590000
38.166303000	0.182544000
38.166314000	0.182549000
38.173289000	0.189521000
38.173318000	0.189476000
38.173327000	0.189479000
38.173331000	0.189480000
38.173334000	0.189410000
38.173337000	0.189406000
38.173340000	0.189406000
38.173344000	0.189336000
38.174300000	0.190287000
38.174327000	0.190311000
38.174335000	0.190286000
38.174339000	0.190288000
38.182260000	0.198206000
38.189211000	0.205110000
38.189240000	0.205014000
38.189249000	0.205020000
38.189253000	0.205013000
38.189256000	0.204991000
38.189259000	0.204990000
38.197273000	0.213002000
38.204380000	0.220058000
38.204408000	0.220083000
38.204417000	0.220089000
38.204421000	0.220049000
38.204425000	0.204110000
38.204429000	0.204109000
38.204432000	0.204099000
38.204436000	0.204084000
38.204439000	0.204083000
38.204442000	0.204083000
38.204446000	0.197139000
38.205236000	0.197921000
38.205253000	0.197920000
38.205257000	0.197872000
38.205261000	0.197872000
38.205265000	0.197872000
38.205268000	0.197822000
38.205272000	0.197822000
38.220335000	0.212881000
38.220358000	0.212101000
38.220364000	0.212102000
38.220369000	0.212103000
38.220374000	0.212016000
38.220379000	0.212017000
38.220384000	0.212018000
38.220389000	0.211975000
38.220394000	0.211976000
38.220400000	0.211978000
38.220405000	0.211934000
38.220409000	0.211934000
38.220415000	0.211936000
38.220419000	0.211895000
38.221289000	0.212761000
38.221303000	0.212771000
38.221309000	0.212730000
38.221313000	0.212730000
38.221319000	0.212732000
38.221324000	0.212689000
38.221329000	0.212690000
38.221334000	0.212692000
38.221340000	0.212652000
38.222255000	0.213563000
38.230187000	0.221492000
38.237229000	0.228487000
38.237246000	0.228501000
38.237251000	0.228502000
38.237254000	0.228459000
38.237258000	0.228459000
38.237261000	0.228459000
38.237265000	0.228406000
38.237268000	0.228404000
38.237272000	0.228403000
38.238273000	0.229370000
38.238291000	0.229384000
38.238296000	0.229385000
38.238299000	0.229342000
38.238303000	0.229342000
38.238307000	0.229343000
38.245269000	0.236259000
38.245288000	0.236274000
38.260409000	0.251119000
38.260428000	0.251134000
38.260432000	0.251124000
38.260438000	0.251109000
38.260442000	0.251108000
38.260446000	0.251108000
38.260450000	0.243229000
38.260453000	0.243227000
38.260458000	0.236139000
38.260461000	0.236138000
38.260465000	0.236130000
38.261362000	0.236573000
38.261379000	0.236585000
38.261383000	0.236586000
38.261387000	0.236540000
38.261390000	0.236540000
38.261394000	0.236541000
38.261398000	0.236451000
38.269381000	0.244428000
38.276328000	0.251371000
38.276345000	0.237095000
38.276350000	0.237095000
38.276354000	0.237087000
38.276358000	0.237070000
38.276361000	0.237070000
38.276365000	0.237072000
38.276369000	0.236967000
38.276373000	0.236968000
38.276376000	0.236962000
38.276381000	0.236916000
38.276384000	0.236916000
38.277208000	0.237737000
38.277225000	0.237707000
38.285307000	0.245786000
38.292364000	0.252840000
38.292381000	0.252811000
38.292386000	0.252813000
38.292390000	0.252815000
38.292394000	0.252771000
38.292398000	0.252772000
38.292402000	0.252774000
38.292406000	0.252728000
38.292411000	0.252684000
38.292415000	0.252144000
38.292420000	0.252135000
38.292424000	0.252055000
38.293358000	0.252984000
38.293377000	0.252956000
38.293384000	0.252914000
38.293390000	0.252914000
38.293396000	0.252867000
38.320181000	0.279607000
38.320201000	0.279621000
38.320208000	0.279526000
38.327336000	0.286564000
38.327353000	0.286572000
38.327359000	0.286491000
38.327363000	0.286410000
38.327368000	0.286406000
38.327372000	0.286128000
38.327376000	0.286124000
38.327380000	0.267136000
38.327384000	0.267131000
38.327389000	0.267102000
38.328283000	0.267907000
38.328300000	0.267915000
38.328307000	0.267838000
38.328312000	0.261035000
38.328316000	0.261031000
38.328320000	0.260996000
38.329327000	0.261954000
38.329344000	0.261965000
38.329349000	0.261922000
38.329353000	0.261874000
38.337199000	0.269712000
38.344275000	0.275964000
38.344290000	0.275970000
38.344295000	0.268028000
38.344305000	0.268030000
38.352316000	0.268991000
38.359275000	0.275883000
38.359292000	0.275857000
38.359297000	0.275811000
38.359301000	0.275762000
38.359305000	0.275713000
38.382300000	0.298654000
38.382317000	0.298612000
38.382323000	0.298519000
38.382327000	0.298435000
38.382331000	0.298349000
38.382336000	0.298160000
38.382340000	0.298127000
38.382344000	0.298079000
38.382348000	0.283090000
38.382352000	0.283061000
38.382356000	0.282964000
38.400242000	0.300754000
38.400258000	0.292945000
38.400262000	0.285866000
38.400266000	0.285820000
38.407321000	0.292749000
38.407338000	0.292707000
38.407344000	0.292657000
38.407348000	0.292604000
38.407353000	0.292567000
38.407357000	0.292524000
38.407362000	0.292526000
38.407366000	0.292480000
38.407370000	0.292125000
38.407374000	0.292120000
38.407378000	0.292094000
38.407382000	0.292094000
38.408335000	0.293001000
38.408354000	0.268035000
38.408360000	0.268029000
38.408365000	0.268016000
38.408370000	0.268017000
38.408375000	0.261004000
38.408380000	0.260997000
38.408385000	0.260946000
38.408390000	0.260948000
38.408396000	0.260859000
38.408409000	0.260866000
38.408414000	0.260789000
38.409287000	0.261657000
38.409301000	0.261588000
38.409306000	0.261586000
38.409311000	0.261558000
38.409316000	0.261560000
38.409322000	0.261515000
38.409327000	0.261518000
38.409332000	0.261049000
38.425330000	0.277037000
38.432217000	0.283873000
38.432240000	0.283892000
38.432245000	0.283848000
38.432248000	0.283847000
38.432252000	0.283801000
38.432400000	0.283946000
38.433240000	0.284735000
38.433257000	0.284749000
38.434256000	0.285698000
38.439267000	0.290706000
38.439285000	0.290673000
38.439289000	0.290674000
38.439298000	0.290632000
38.439302000	0.290062000
38.439305000	0.289959000
38.439309000	0.289956000
38.439313000	0.289913000
38.439316000	0.289913000
38.439320000	0.289868000
38.440316000	0.290861000
38.440333000	0.290827000
38.440338000	0.290830000
38.440342000	0.290783000
38.440346000	0.283091000
38.440350000	0.283084000
38.440353000	0.283049000
38.441272000	0.283965000
38.441289000	0.283934000
38.456320000	0.298962000
38.456341000	0.298934000
38.456348000	0.298012000
38.456354000	0.290058000
38.456358000	0.290047000
38.456361000	0.290032000
38.456365000	0.283053000
38.456369000	0.283045000
38.456372000	0.283013000
38.456376000	0.283014000
38.456380000	0.282923000
38.457285000	0.283822000
38.457302000	0.283758000
38.457306000	0.283756000
38.457310000	0.282989000
38.465254000	0.290922000
38.472337000	0.297974000
38.472354000	0.297987000
38.472359000	0.297955000
38.472363000	0.290081000
38.472367000	0.283133000
38.472371000	0.283125000
38.472375000	0.283101000
38.472378000	0.283101000
38.472382000	0.283010000
38.472386000	0.283008000
38.472390000	0.275090000
38.472394000	0.267992000
38.473374000	0.268960000
38.473391000	0.268930000
38.473395000	0.268931000
38.473399000	0.268813000
38.473403000	0.268811000
38.473406000	0.268703000
38.500249000	0.295540000
38.560317000	0.059899000
