6.799819000	0.044802000
6.839942000	0.039304000
6.839965000	0.039316000
6.839974000	0.039217000
6.839978000	0.039215000
6.839992000	0.039148000
6.854963000	0.054023000
6.854973000	0.054029000
6.885001000	0.045043000
6.892889000	0.049641000
6.899821000	0.056490000
6.899955000	0.053487000
6.899979000	0.053509000
6.899983000	0.050251000
6.899987000	0.050249000
6.899997000	0.046988000
6.900006000	0.046992000
6.900789000	0.044552000
6.900809000	0.044566000
6.908877000	0.049350000
6.908898000	0.046100000
6.915833000	0.053031000
6.915853000	0.049864000
6.915870000	0.049878000
6.915883000	0.046608000
6.915888000	0.046608000
6.915893000	0.043358000
6.932933000	0.047907000
6.932952000	0.046272000
6.939888000	0.046975000
6.939912000	0.045367000
6.939916000	0.040074000
6.939919000	0.038444000
6.939928000	0.038447000
6.940923000	0.036896000
6.956756000	0.052724000
6.963940000	0.057355000
6.963976000	0.057386000
6.963981000	0.057303000
6.963992000	0.054900000
6.963995000	0.054899000
6.970836000	0.059205000
6.970863000	0.059226000
6.970869000	0.056699000
6.970873000	0.056698000
6.970876000	0.054166000
6.970885000	0.054172000
6.970889000	0.051668000
6.970895000	0.051669000
6.970899000	0.049287000
6.993927000	0.072313000
6.993963000	0.069884000
6.993972000	0.069887000
6.993977000	0.067417000
6.993981000	0.067416000
6.993984000	0.064967000
6.993987000	0.064965000
6.993990000	0.062516000
6.994822000	0.063343000
7.000889000	0.066989000
7.000921000	0.067018000
7.000931000	0.065354000
7.000936000	0.065354000
7.000940000	0.063724000
7.000943000	0.063722000
7.000947000	0.062101000
7.000950000	0.060458000
7.000974000	0.058845000
7.001904000	0.058136000
7.016911000	0.071525000
7.016948000	0.071556000
7.016952000	0.071516000
7.016955000	0.069933000
7.016959000	0.069933000
7.024811000	0.076151000
7.024854000	0.076191000
7.039914000	0.083134000
7.039948000	0.083162000
7.039957000	0.075992000
7.039961000	0.075991000
7.039990000	0.075149000
7.040002000	0.075156000
7.040006000	0.073530000
7.040009000	0.073528000
7.040012000	0.071924000
7.040015000	0.071921000
7.040019000	0.070269000
7.040022000	0.070267000
7.040031000	0.068675000
7.047870000	0.076512000
7.054869000	0.081874000
7.054905000	0.081908000
7.054922000	0.080249000
7.054926000	0.080248000
7.054929000	0.078616000
7.054932000	0.078613000
7.054936000	0.077011000
7.055905000	0.077975000
7.055921000	0.076359000
7.055925000	0.061969000
7.064811000	0.069999000
7.064846000	0.068372000
7.071920000	0.073846000
7.071955000	0.072206000
7.071962000	0.071034000
7.071966000	0.070211000
7.079818000	0.076828000
7.086804000	0.082610000
7.086839000	0.081483000
7.094895000	0.088318000
7.101870000	0.094123000
7.101908000	0.092948000
7.101914000	0.091810000
7.101918000	0.090612000
7.101935000	0.089480000
7.101939000	0.088291000
7.101943000	0.081983000
7.112912000	0.091785000
7.112927000	0.090591000
7.119842000	0.095003000
7.119875000	0.094996000
7.119881000	0.079927000
7.119886000	0.079307000
7.119890000	0.078319000
7.120832000	0.078327000
7.128757000	0.085212000
7.135879000	0.091389000
7.135914000	0.090451000
7.135919000	0.089481000
7.135923000	0.088530000
7.135927000	0.087566000
7.136887000	0.087560000
7.152854000	0.097954000
7.152889000	0.097458000
7.152895000	0.096519000
7.159919000	0.102570000
7.159956000	0.101590000
7.159961000	0.100626000
7.159965000	0.099655000
7.159982000	0.098735000
7.159986000	0.097737000
7.159990000	0.095155000
7.167857000	0.102460000
7.174854000	0.102909000
7.174885000	0.102410000
7.174891000	0.101470000
7.174895000	0.100552000
7.182805000	0.107518000
7.189933000	0.110088000
7.189981000	0.103153000
7.189986000	0.102622000
7.204806000	0.109882000
7.204848000	0.102951000
7.204856000	0.102953000
7.204871000	0.102472000
7.204877000	0.102475000
7.227953000	0.124635000
7.227992000	0.124667000
7.228006000	0.123774000
7.228012000	0.123778000
7.228017000	0.122859000
7.228040000	0.122879000
7.228045000	0.121962000
7.228051000	0.121965000
7.228063000	0.121940000
7.228069000	0.121061000
7.228074000	0.121063000
7.228079000	0.120150000
7.228084000	0.120154000
7.228089000	0.119228000
7.228096000	0.119231000
7.228102000	0.118278000
7.228107000	0.118277000
7.228113000	0.117344000
7.228119000	0.117345000
7.228124000	0.116453000
7.228129000	0.116453000
7.228134000	0.115566000
7.232929000	0.120008000
7.232945000	0.119461000
7.239773000	0.126239000
7.239803000	0.125363000
7.239812000	0.119947000
7.239941000	0.119590000
7.239948000	0.119594000
7.239952000	0.118769000
7.239955000	0.118768000
7.239959000	0.117964000
7.239968000	0.117968000
7.239971000	0.117084000
7.240900000	0.118008000
7.240911000	0.117250000
7.240915000	0.117248000
7.240919000	0.116406000
7.248856000	0.124338000
7.256042000	0.130727000
7.256074000	0.130753000
7.256084000	0.129910000
7.256089000	0.129910000
7.256093000	0.129085000
7.256096000	0.127315000
7.256099000	0.127313000
7.256103000	0.120200000
7.256106000	0.120198000
7.256123000	0.119773000
7.256126000	0.119771000
7.256779000	0.119593000
7.287849000	0.150658000
7.287886000	0.149925000
7.287895000	0.149932000
7.287899000	0.149134000
7.287903000	0.149135000
7.287907000	0.148345000
7.287926000	0.148361000
7.287929000	0.147565000
7.287933000	0.147566000
7.287936000	0.135056000
7.287940000	0.135055000
7.287948000	0.134626000
7.287956000	0.134629000
7.287960000	0.133863000
7.287964000	0.133861000
7.294875000	0.139953000
7.294911000	0.139984000
7.294928000	0.134983000
7.294935000	0.134984000
7.294940000	0.134546000
7.294944000	0.134545000
7.294949000	0.133769000
7.294955000	0.133770000
7.294959000	0.133032000
7.294964000	0.133035000
7.295943000	0.133197000
7.295959000	0.133208000
7.295963000	0.132439000
7.295966000	0.132437000
7.295970000	0.131652000
7.295973000	0.131650000
7.295977000	0.130873000
7.295980000	0.130871000
7.296817000	0.128937000
7.296833000	0.128552000
7.308923000	0.134047000
7.308955000	0.133680000
7.308964000	0.133687000
7.308969000	0.132912000
7.308973000	0.132914000
7.308976000	0.132128000
7.308993000	0.132142000
7.309001000	0.131330000
7.309777000	0.126948000
7.309795000	0.126567000
7.317864000	0.127906000
7.324922000	0.134516000
7.324956000	0.133744000
7.340909000	0.136074000
7.340944000	0.135667000
7.340949000	0.134898000
7.340953000	0.134106000
7.340966000	0.112964000
7.340970000	0.112563000
7.352922000	0.123731000
7.352956000	0.122978000
7.352962000	0.122203000
7.359855000	0.128303000
7.359890000	0.127522000
7.359896000	0.126778000
7.359899000	0.125995000
7.359907000	0.125187000
7.360884000	0.125343000
7.360900000	0.124597000
7.368801000	0.128606000
7.375896000	0.134917000
7.375932000	0.134119000
7.375945000	0.133355000
7.383867000	0.140528000
7.390900000	0.146744000
7.390920000	0.146004000
7.390925000	0.134858000
7.390929000	0.134423000
7.390933000	0.133606000
7.390939000	0.132889000
7.390974000	0.132103000
7.390978000	0.131289000
7.405782000	0.117903000
7.405797000	0.117502000
7.405839000	0.116740000
7.405843000	0.115946000
7.420820000	0.130170000
7.420841000	0.129409000
7.420848000	0.128576000
7.420854000	0.127850000
7.420859000	0.125936000
7.420867000	0.125536000
7.420983000	0.124870000
7.428926000	0.132027000
7.435790000	0.138078000
7.435838000	0.137328000
7.450868000	0.151573000
7.450916000	0.150842000
7.450922000	0.150056000
7.450926000	0.149274000
7.450931000	0.141970000
7.450934000	0.141481000
7.450939000	0.140702000
7.450942000	0.139947000
7.451833000	0.140012000
7.467831000	0.142885000
7.474900000	0.149500000
7.474917000	0.133983000
7.474921000	0.133582000
7.481856000	0.139732000
7.481872000	0.138962000
7.481877000	0.138183000
7.481880000	0.137398000
7.481884000	0.128939000
7.481896000	0.128545000
7.489879000	0.135742000
7.496997000	0.137118000
7.497014000	0.136682000
7.497019000	0.135947000
7.497023000	0.135875000
7.497027000	0.135153000
7.497031000	0.134352000
7.497034000	0.133591000
7.497058000	0.128232000
7.497063000	0.121139000
7.504877000	0.125613000
7.511888000	0.126044000
7.519798000	0.127322000
7.526879000	0.127842000
7.526884000	0.121189000
7.526889000	0.114617000
7.526892000	0.108025000
7.526896000	0.101429000
7.526906000	0.094864000
7.527834000	0.089166000
7.527850000	0.082581000
7.540857000	0.088992000
7.540873000	0.082404000
7.547827000	0.082756000
7.547845000	0.076169000
7.554860000	0.076594000
7.570935000	0.086079000
7.577903000	0.086471000
7.577949000	0.079912000
7.577954000	0.077613000
7.578858000	0.076248000
7.584797000	0.079952000
7.584825000	0.077685000
7.584831000	0.075412000
7.584952000	0.073294000
7.584962000	0.071041000
7.584967000	0.068777000
7.584973000	0.066509000
7.584979000	0.064218000
7.585859000	0.062846000
7.585875000	0.060581000
7.585881000	0.058319000
7.593947000	0.066305000
7.600884000	0.071069000
7.600946000	0.068867000
7.608844000	0.074506000
7.615887000	0.079270000
7.615904000	0.076992000
7.615908000	0.074758000
7.615912000	0.072455000
7.615916000	0.070199000
7.615919000	0.067968000
7.616909000	0.066625000
7.632816000	0.080285000
7.632833000	0.078044000
7.647838000	0.090767000
7.647875000	0.088580000
7.647880000	0.086289000
7.647903000	0.084028000
7.647907000	0.081781000
7.647911000	0.079497000
7.662806000	0.092135000
7.662843000	0.089875000
7.662848000	0.087634000
7.662958000	0.085499000
7.662979000	0.083263000
7.662983000	0.081000000
7.663865000	0.079552000
7.663886000	0.077333000
7.663897000	0.075102000
7.663901000	0.072840000
7.663905000	0.070540000
7.679761000	0.084097000
7.686891000	0.089008000
7.686931000	0.086791000
7.686937000	0.084526000
7.693958000	0.089281000
7.693990000	0.086987000
7.693996000	0.084761000
7.694000000	0.082518000
7.694003000	0.082475000
7.694007000	0.080217000
7.694011000	0.077992000
7.694014000	0.075661000
7.709777000	0.089207000
7.723898000	0.101066000
7.723933000	0.098836000
7.723938000	0.096573000
7.723942000	0.094247000
7.723946000	0.092033000
7.723949000	0.089774000
7.724854000	0.088375000
7.724870000	0.086114000
7.724874000	0.077004000
7.724878000	0.075830000
7.725864000	0.074546000
7.740838000	0.087287000
7.740853000	0.085025000
7.740906000	0.082798000
7.740911000	0.078073000
7.756859000	0.092844000
7.763907000	0.097607000
7.763927000	0.095379000
7.763934000	0.093077000
7.764946000	0.091826000
7.764969000	0.089579000
7.770973000	0.093315000
7.770990000	0.091096000
7.770998000	0.089257000
7.771002000	0.087479000
7.772032000	0.086686000
7.792915000	0.105055000
7.792947000	0.103272000
7.799938000	0.108443000
7.799955000	0.105033000
7.799960000	0.103198000
7.799964000	0.101440000
7.799968000	0.099620000
7.799994000	0.099558000
7.800923000	0.098744000
7.800940000	0.096925000
7.800945000	0.095117000
7.808817000	0.099003000
7.815894000	0.091966000
7.831890000	0.106400000
7.838953000	0.110437000
7.838970000	0.107408000
7.838975000	0.104442000
7.838979000	0.101415000
7.839827000	0.099227000
7.839909000	0.096281000
7.839925000	0.093303000
7.845832000	0.096147000
7.845852000	0.093163000
7.845859000	0.090133000
7.845865000	0.087100000
7.845871000	0.084080000
7.846883000	0.082045000
7.872934000	0.105852000
7.887953000	0.118604000
7.887964000	0.116385000
7.887966000	0.114112000
7.887968000	0.111788000
7.887972000	0.109579000
7.887974000	0.107289000
7.887977000	0.105014000
7.887979000	0.102748000
7.887981000	0.100455000
7.887984000	0.098249000
7.887986000	0.095045000
7.942885000	0.038830000
