27.749637000	0.076784000
27.787661000	0.037260000
27.812645000	0.062241000
27.819687000	0.069228000
27.819696000	0.069158000
27.819697000	0.069057000
27.832581000	0.044912000
27.839593000	0.046345000
27.854652000	0.041998000
27.872536000	0.057070000
27.879755000	0.053191000
27.879759000	0.053194000
27.879761000	0.047618000
27.879762000	0.047617000
27.880777000	0.043088000
27.880781000	0.043090000
27.880782000	0.039866000
27.880783000	0.039866000
27.880784000	0.036613000
27.888530000	0.044357000
27.895592000	0.048218000
27.895598000	0.048223000
27.895603000	0.045001000
27.903604000	0.053001000
27.910566000	0.055910000
27.910573000	0.055915000
27.911693000	0.039146000
27.911697000	0.039149000
27.940580000	0.066388000
27.940592000	0.060841000
27.940594000	0.059225000
27.947714000	0.066344000
27.947724000	0.063747000
27.947726000	0.063747000
27.947728000	0.063721000
27.947729000	0.061220000
27.947730000	0.061220000
27.947733000	0.058634000
27.948677000	0.059577000
27.948681000	0.057026000
27.954773000	0.063117000
27.954779000	0.060568000
27.954780000	0.060568000
27.954781000	0.058017000
27.954783000	0.058018000
27.954786000	0.055639000
27.954788000	0.055640000
27.954789000	0.053282000
27.954790000	0.053282000
27.955556000	0.051640000
27.955560000	0.051643000
27.978584000	0.072307000
27.978598000	0.072319000
27.978600000	0.069941000
27.978604000	0.069944000
27.978606000	0.067533000
27.978607000	0.067532000
27.978608000	0.065552000
27.979554000	0.066484000
27.980607000	0.065542000
27.985637000	0.070570000
27.985641000	0.068561000
27.985642000	0.068561000
27.985644000	0.066528000
27.985645000	0.066528000
27.993585000	0.072493000
28.000633000	0.079540000
28.015610000	0.075021000
28.015669000	0.075078000
28.015673000	0.074047000
28.015675000	0.074048000
28.015676000	0.073990000
28.015678000	0.072043000
28.023613000	0.075891000
28.023623000	0.074895000
28.023625000	0.074896000
28.038561000	0.087824000
28.038589000	0.087851000
28.038591000	0.085844000
28.046675000	0.093927000
28.046688000	0.091917000
28.053697000	0.098925000
28.053709000	0.096916000
28.053712000	0.096918000
28.053714000	0.095411000
28.053733000	0.093867000
28.053736000	0.092327000
28.053737000	0.090793000
28.054566000	0.090085000
28.054570000	0.088575000
28.072619000	0.105085000
28.072634000	0.103534000
28.079583000	0.100989000
28.079594000	0.100218000
28.079596000	0.098701000
28.079651000	0.097223000
28.079657000	0.095757000
28.094526000	0.110596000
28.094540000	0.109137000
28.094690000	0.107789000
28.094692000	0.106346000
28.094693000	0.104886000
28.117785000	0.126571000
28.117802000	0.124209000
28.117803000	0.117162000
28.118653000	0.103032000
28.124681000	0.108365000
28.124693000	0.107092000
28.124697000	0.105813000
28.132579000	0.112410000
28.139626000	0.116005000
28.139637000	0.115372000
28.139639000	0.101053000
28.139640000	0.100383000
28.139644000	0.092954000
28.140594000	0.086883000
28.140595000	0.086185000
28.140597000	0.084872000
28.152597000	0.095589000
28.152605000	0.094340000
28.159743000	0.100194000
28.159754000	0.098893000
28.159819000	0.086514000
28.159827000	0.085267000
28.159828000	0.079592000
28.172586000	0.091065000
28.172600000	0.089796000
28.179562000	0.096758000
28.179666000	0.095576000
28.179671000	0.095580000
28.179673000	0.094301000
28.179674000	0.085138000
28.179675000	0.084495000
28.179677000	0.084496000
28.202642000	0.106152000
28.202656000	0.106164000
28.202659000	0.104909000
28.202661000	0.104910000
28.202662000	0.103624000
28.202668000	0.103628000
28.202669000	0.102325000
28.202670000	0.084872000
28.202671000	0.084198000
28.202722000	0.082964000
28.203598000	0.082583000
28.203602000	0.081335000
28.203603000	0.078913000
28.203605000	0.078256000
28.203610000	0.077031000
28.225627000	0.093040000
28.232576000	0.092942000
28.232588000	0.092323000
28.232590000	0.091249000
28.232591000	0.090217000
28.232592000	0.089136000
28.232660000	0.088154000
28.240677000	0.095140000
28.247553000	0.100963000
28.247565000	0.099886000
28.247566000	0.098870000
28.248501000	0.098749000
28.256611000	0.106806000
28.263634000	0.112827000
28.263648000	0.111787000
28.263650000	0.110711000
28.263657000	0.109688000
28.278632000	0.118881000
28.278644000	0.118365000
28.279658000	0.118295000
28.280623000	0.118233000
28.295601000	0.132158000
28.295616000	0.123020000
28.295619000	0.122493000
28.296525000	0.123398000
28.296530000	0.122350000
28.296532000	0.116960000
28.312607000	0.132503000
28.312621000	0.132516000
28.319616000	0.138434000
28.319630000	0.138447000
28.319635000	0.137402000
28.319636000	0.137401000
28.319761000	0.117107000
28.335548000	0.132890000
28.342609000	0.139394000
28.342635000	0.139419000
28.342638000	0.138396000
28.342639000	0.138395000
28.342640000	0.138365000
28.342652000	0.137328000
28.342655000	0.137330000
28.342656000	0.136305000
28.342658000	0.136306000
28.343615000	0.136187000
28.349573000	0.141089000
28.349579000	0.140063000
28.349581000	0.139014000
28.349731000	0.138082000
28.358617000	0.132981000
28.358628000	0.126042000
28.365654000	0.132510000
28.365664000	0.131483000
28.373584000	0.138332000
28.373591000	0.137287000
28.380627000	0.143267000
28.380633000	0.139948000
28.380634000	0.133072000
28.380635000	0.132517000
28.403689000	0.154515000
28.403696000	0.153468000
28.403698000	0.147077000
28.403699000	0.140055000
28.403700000	0.139524000
28.403701000	0.138488000
28.403703000	0.137426000
28.412572000	0.133931000
28.412579000	0.133388000
28.412581000	0.132377000
28.412582000	0.131319000
28.412583000	0.116970000
28.412584000	0.116435000
28.412744000	0.115544000
28.432596000	0.134361000
28.439642000	0.127023000
28.439657000	0.120029000
28.439660000	0.119486000
28.439662000	0.118447000
28.440681000	0.098048000
28.440685000	0.098032000
28.440686000	0.097509000
28.440687000	0.096476000
28.455650000	0.110402000
28.455657000	0.109345000
28.455658000	0.106080000
28.455660000	0.105531000
28.455661000	0.104525000
28.455664000	0.103492000
28.463655000	0.105029000
28.478717000	0.119542000
28.478727000	0.110877000
28.479680000	0.103107000
28.487571000	0.102315000
28.494639000	0.100681000
28.502733000	0.100074000
28.509614000	0.098230000
28.509620000	0.089557000
28.524587000	0.095822000
28.524594000	0.087103000
28.532572000	0.086400000
28.539728000	0.084864000
28.539737000	0.076144000
28.547622000	0.081066000
28.554491000	0.084916000
28.569589000	0.097036000
28.569667000	0.094110000
28.569674000	0.091127000
28.569676000	0.088140000
28.577593000	0.093065000
28.584634000	0.097114000
28.584640000	0.094157000
28.584644000	0.091146000
28.599611000	0.103129000
28.599626000	0.100168000
28.607528000	0.105080000
28.614578000	0.109114000
28.614591000	0.106136000
28.614593000	0.106076000
28.614594000	0.103143000
28.614657000	0.100212000
28.615623000	0.098175000
28.615631000	0.095221000
28.630576000	0.107160000
28.630585000	0.104181000
28.630587000	0.101189000
28.631560000	0.099199000
28.631564000	0.096184000
28.639620000	0.101276000
28.646601000	0.105235000
28.646607000	0.102282000
28.646611000	0.098982000
28.654615000	0.100114000
28.661672000	0.092070000
28.661680000	0.090578000
28.661682000	0.087587000
28.661684000	0.084599000
28.661685000	0.081585000
28.677674000	0.091508000
28.677684000	0.088555000
28.677686000	0.085542000
28.686560000	0.085409000
28.693680000	0.089537000
28.693692000	0.084626000
28.693695000	0.077579000
28.693698000	0.074619000
28.693700000	0.071603000
28.701697000	0.076636000
28.708717000	0.080668000
28.708726000	0.077657000
28.708728000	0.074695000
28.708730000	0.071706000
28.717622000	0.077607000
28.717632000	0.074597000
28.724606000	0.078579000
28.724619000	0.075620000
28.724658000	0.075627000
28.724661000	0.072680000
28.732600000	0.077631000
28.732608000	0.074617000
28.739655000	0.078701000
28.747656000	0.083711000
28.762625000	0.095689000
28.762641000	0.092685000
28.770529000	0.097583000
28.770540000	0.094631000
28.777598000	0.098673000
28.777609000	0.095686000
28.778640000	0.093729000
28.787696000	0.099822000
28.794570000	0.100879000
28.794585000	0.099666000
28.795586000	0.098301000
28.810592000	0.110893000
28.810607000	0.108512000
28.810669000	0.106183000
28.810675000	0.100728000
28.818588000	0.106273000
28.825548000	0.110840000
28.833731000	0.116630000
28.840788000	0.121297000
28.840814000	0.118926000
28.841653000	0.115838000
28.849667000	0.121460000
28.856635000	0.126033000
28.856647000	0.123654000
28.856713000	0.119731000
28.872725000	0.131727000
28.872740000	0.127754000
28.879599000	0.129909000
28.879767000	0.115112000
28.879773000	0.111151000
28.894567000	0.122504000
28.894579000	0.119523000
28.894580000	0.116973000
28.895511000	0.116371000
28.910681000	0.128553000
28.910694000	0.122986000
28.926687000	0.132106000
28.926701000	0.130620000
28.926703000	0.127631000
28.926704000	0.116099000
28.926705000	0.114589000
28.927640000	0.112516000
28.943651000	0.125565000
28.950686000	0.129608000
28.950700000	0.125140000
28.950703000	0.116960000
28.950705000	0.109893000
28.951671000	0.109358000
28.957558000	0.112230000
28.957563000	0.107885000
28.972701000	0.116055000
28.973660000	0.115416000
28.974529000	0.113321000
28.989699000	0.115436000
28.989711000	0.112457000
28.989713000	0.108579000
28.989714000	0.105571000
28.989716000	0.102628000
29.004578000	0.108504000
29.004594000	0.105528000
29.012650000	0.110564000
29.019609000	0.114534000
29.019623000	0.107434000
29.019626000	0.104416000
29.028719000	0.100510000
29.028724000	0.097506000
29.035541000	0.101361000
29.035554000	0.098356000
29.058698000	0.118539000
29.058713000	0.115533000
29.058715000	0.115053000
29.073662000	0.122963000
29.073680000	0.121482000
29.073686000	0.118496000
29.073688000	0.115507000
29.073689000	0.112517000
29.074619000	0.110442000
29.074626000	0.107472000
29.074627000	0.101922000
29.080565000	0.106361000
29.080570000	0.103345000
29.110593000	0.120883000
29.110604000	0.119393000
29.110606000	0.116377000
29.110607000	0.113399000
29.111605000	0.111423000
29.111610000	0.107022000
29.119642000	0.113453000
29.119650000	0.106989000
29.126694000	0.105548000
29.134619000	0.110488000
29.141660000	0.114560000
29.141671000	0.111752000
29.141672000	0.109359000
29.141674000	0.104924000
29.152541000	0.113396000
29.152548000	0.092639000
29.152550000	0.090247000
29.159597000	0.094872000
29.174643000	0.098970000
29.174664000	0.094974000
29.174727000	0.091053000
29.174747000	0.087083000
29.174748000	0.083100000
29.174749000	0.079108000
29.175605000	0.075979000
29.192633000	0.089045000
29.192641000	0.088999000
29.192644000	0.085064000
29.199547000	0.087953000
29.207633000	0.092048000
29.214652000	0.096077000
29.214661000	0.093096000
29.214677000	0.090123000
29.214679000	0.087128000
29.215529000	0.084991000
29.230703000	0.097178000
29.230713000	0.094220000
29.231646000	0.092161000
29.231651000	0.089176000
29.239670000	0.094176000
29.312601000	0.064926000
