5.470861000	0.030917000
5.515806000	0.034735000
5.515818000	0.034744000
5.520828000	0.039727000
5.521814000	0.040711000
5.521865000	0.040664000
5.521969000	0.040766000
5.525837000	0.044586000
5.525847000	0.044595000
5.529863000	0.048512000
5.529877000	0.048524000
5.550925000	0.035111000
5.552796000	0.036980000
5.552846000	0.036985000
5.552851000	0.036989000
5.553052000	0.032218000
5.553062000	0.032226000
5.563084000	0.041266000
5.563106000	0.041287000
5.563109000	0.041241000
5.563133000	0.041264000
5.565836000	0.043864000
5.565853000	0.043880000
5.570908000	0.045064000
5.570932000	0.045086000
5.570957000	0.045067000
5.572792000	0.046900000
5.572844000	0.042970000
5.572851000	0.042976000
5.572904000	0.042989000
5.572910000	0.042994000
5.592894000	0.041957000
5.592903000	0.041964000
5.592950000	0.040146000
5.595763000	0.042958000
5.600863000	0.048014000
5.600914000	0.048064000
5.600924000	0.048011000
5.600967000	0.048052000
5.600974000	0.047915000
5.600977000	0.047917000
5.601020000	0.047915000
5.601073000	0.047967000
5.601079000	0.037978000
5.601126000	0.038022000
5.602834000	0.039698000
5.602841000	0.039704000
5.602886000	0.039699000
5.602938000	0.039750000
5.602943000	0.039703000
5.605782000	0.042541000
5.608750000	0.042902000
5.608758000	0.042907000
5.608802000	0.042912000
5.608855000	0.042964000
5.608860000	0.037934000
5.610770000	0.039841000
5.610823000	0.039862000
5.612788000	0.041825000
5.612796000	0.041784000
5.612840000	0.041827000
5.612847000	0.040049000
5.612893000	0.040094000
5.615809000	0.042961000
5.615817000	0.042968000
5.620889000	0.047980000
5.620941000	0.047988000
5.620993000	0.047986000
5.635857000	0.042955000
5.636769000	0.043813000
5.636820000	0.043824000
5.645833000	0.050063000
5.649755000	0.048881000
5.649765000	0.048741000
5.650768000	0.034949000
5.655763000	0.034864000
5.655774000	0.034775000
5.680790000	0.044925000
5.680799000	0.044023000
5.681891000	0.045066000
5.681900000	0.036055000
5.698780000	0.049017000
5.698796000	0.048985000
5.698829000	0.048968000
5.698836000	0.048973000
5.698882000	0.048970000
5.698888000	0.048974000
5.698935000	0.048153000
5.703767000	0.052983000
5.703776000	0.052952000
5.703819000	0.052994000
5.703871000	0.052995000
5.703876000	0.052998000
5.703924000	0.052995000
5.703928000	0.052997000
5.703931000	0.052948000
5.703991000	0.053002000
5.704011000	0.052976000
5.704013000	0.052977000
5.704014000	0.052927000
5.704097000	0.053009000
5.704103000	0.052964000
5.704149000	0.053009000
5.704155000	0.052964000
5.704201000	0.053008000
5.704209000	0.052965000
5.704267000	0.053022000
5.704273000	0.052975000
5.704319000	0.053019000
5.705738000	0.054390000
5.705789000	0.054439000
5.708835000	0.057435000
5.708842000	0.057440000
5.708887000	0.057435000
5.708892000	0.057439000
5.708938000	0.057434000
5.708943000	0.057437000
5.708946000	0.053176000
5.708948000	0.053175000
5.708991000	0.053173000
5.709042000	0.053222000
5.709049000	0.053178000
5.709096000	0.053224000
5.709102000	0.053179000
5.740754000	0.059958000
5.740763000	0.059965000
5.741762000	0.060918000
5.741814000	0.060968000
5.743978000	0.062081000
5.744031000	0.062132000
5.744038000	0.062093000
5.744040000	0.062094000
5.744084000	0.045293000
5.744090000	0.045296000
5.744092000	0.045258000
5.744094000	0.045259000
5.744137000	0.045252000
5.744142000	0.045204000
5.744190000	0.045199000
5.765850000	0.062072000
5.765868000	0.062043000
5.766749000	0.062870000
5.766816000	0.062886000
5.766839000	0.062842000
5.766866000	0.062818000
5.766872000	0.062771000
5.770826000	0.066673000
5.773794000	0.069522000
5.775759000	0.071435000
5.775769000	0.070024000
5.776780000	0.067940000
5.776789000	0.067898000
5.776832000	0.067890000
5.776884000	0.067890000
5.790783000	0.081632000
5.794250000	0.053484000
5.794260000	0.052442000
5.794263000	0.050228000
5.794303000	0.050216000
5.794309000	0.050169000
5.794311000	0.050118000
5.805747000	0.061502000
5.806815000	0.062518000
5.806867000	0.062518000
5.806918000	0.041052000
5.810788000	0.044886000
5.813743000	0.046973000
5.813794000	0.039944000
5.816868000	0.039878000
5.825748000	0.034955000
5.825758000	0.034899000
5.827809000	0.036918000
5.830735000	0.036476000
5.830787000	0.036479000
5.835776000	0.041416000
5.837788000	0.043376000
5.837900000	0.043435000
5.840763000	0.046246000
5.849063000	0.043305000
5.849074000	0.042253000
5.849076000	0.042205000
5.850744000	0.043822000
5.870737000	0.059943000
5.870784000	0.057036000
5.875769000	0.061966000
5.875780000	0.061931000
5.909782000	0.095882000
5.909800000	0.095849000
5.909934000	0.092905000
5.910754000	0.093671000
5.910763000	0.093630000
5.915789000	0.098604000
5.917875000	0.092121000
5.917881000	0.092079000
5.918005000	0.090189000
5.970859000	0.050079000
5.970912000	0.046934000
5.970913000	0.046931000
5.970965000	0.046934000
5.970971000	0.046835000
5.971017000	0.046876000
5.971070000	0.046752000
5.971122000	0.046609000
5.971175000	0.046658000
5.971227000	0.046609000
5.971280000	0.046659000
5.971333000	0.046661000
5.975736000	0.050889000
5.978767000	0.053009000
5.979207000	0.046913000
5.979214000	0.046877000
5.979376000	0.046983000
5.985852000	0.034003000
5.985902000	0.033940000
5.990743000	0.031695000
5.990756000	0.031656000
5.995744000	0.036595000
5.995799000	0.036592000
5.999811000	0.038990000
5.999821000	0.036961000
5.999861000	0.035968000
6.000778000	0.036830000
6.010764000	0.046713000
6.013828000	0.048028000
6.013881000	0.043000000
6.013932000	0.043010000
6.013985000	0.043012000
6.014038000	0.042965000
6.014044000	0.042866000
6.015119000	0.043836000
6.015234000	0.039492000
6.024755000	0.045543000
6.024765000	0.045549000
6.024807000	0.045545000
6.024814000	0.045434000
6.024860000	0.045478000
6.032825000	0.046966000
6.032832000	0.046970000
6.032864000	0.046958000
6.035786000	0.049878000
6.035838000	0.045086000
6.035890000	0.045136000
6.035895000	0.045098000
6.035898000	0.045100000
6.038752000	0.043000000
6.038760000	0.043005000
6.038803000	0.042998000
6.038809000	0.043002000
6.038856000	0.039039000
6.040735000	0.040916000
6.040759000	0.040894000
6.043800000	0.043934000
6.043808000	0.043893000
6.043851000	0.043935000
6.043958000	0.043175000
6.043976000	0.043191000
6.044060000	0.033290000
6.045805000	0.035033000
6.045813000	0.034995000
6.050763000	0.036930000
6.050771000	0.036936000
6.055841000	0.041956000
6.055942000	0.042056000
6.058815000	0.044878000
6.058824000	0.044886000
6.058868000	0.044879000
6.058874000	0.044883000
6.058921000	0.044880000
6.058926000	0.044883000
6.058974000	0.044873000
6.058978000	0.044874000
6.059027000	0.043904000
6.059031000	0.043906000
6.059168000	0.043930000
6.059173000	0.043933000
6.059820000	0.035059000
6.059827000	0.035064000
6.059872000	0.035061000
6.060773000	0.035961000
6.069802000	0.044938000
6.069818000	0.044953000
6.070758000	0.037929000
6.075741000	0.042907000
6.075749000	0.042881000
6.077873000	0.042081000
6.077881000	0.042039000
6.077923000	0.042030000
6.077928000	0.042031000
6.077975000	0.042031000
6.077980000	0.039222000
6.078027000	0.039264000
6.078032000	0.039225000
6.078079000	0.039268000
6.078084000	0.039225000
6.080792000	0.040035000
6.080799000	0.040037000
6.082750000	0.038944000
6.082803000	0.038992000
6.082856000	0.039002000
6.082909000	0.038935000
6.085770000	0.041792000
6.085777000	0.041712000
6.090917000	0.046851000
6.090928000	0.045118000
6.091019000	0.045204000
6.091072000	0.040303000
6.091079000	0.040305000
6.091124000	0.035274000
6.091125000	0.035179000
6.092781000	0.033960000
6.092788000	0.033962000
6.092887000	0.034015000
6.092892000	0.034015000
6.095781000	0.036856000
6.095790000	0.036862000
6.100805000	0.041828000
6.103774000	0.044793000
6.103782000	0.044752000
6.105943000	0.046909000
6.110775000	0.051604000
6.110783000	0.051608000
6.113817000	0.053992000
6.113868000	0.054039000
6.113875000	0.053999000
6.113920000	0.053142000
6.118870000	0.049055000
6.118877000	0.049056000
6.118922000	0.048157000
6.120785000	0.045038000
6.120793000	0.045041000
6.123774000	0.045895000
6.123826000	0.045942000
6.123831000	0.045904000
6.123878000	0.045948000
6.123883000	0.045905000
6.123930000	0.045948000
6.123935000	0.045904000
6.123982000	0.045948000
6.124034000	0.045951000
6.124087000	0.046001000
6.124092000	0.043295000
6.124139000	0.043337000
6.125779000	0.043022000
6.125787000	0.042980000
6.130774000	0.047914000
6.133778000	0.050866000
6.133882000	0.048107000
6.133889000	0.048109000
6.133934000	0.043010000
6.133940000	0.043014000
6.133943000	0.042973000
6.133987000	0.042964000
6.133995000	0.042920000
6.134041000	0.042960000
6.134047000	0.042917000
6.134097000	0.041311000
6.134875000	0.041985000
6.135761000	0.039973000
6.140746000	0.039935000
6.140797000	0.037012000
6.145795000	0.035014000
6.145846000	0.032023000
6.145854000	0.031977000
6.157164000	0.038289000
6.157175000	0.038249000
6.164072000	0.043277000
6.178800000	0.054970000
6.178852000	0.054970000
6.178860000	0.054926000
6.178862000	0.054876000
6.178955000	0.054865000
6.180739000	0.056596000
6.180749000	0.054960000
6.183887000	0.050104000
6.183897000	0.050006000
6.183938000	0.049996000
6.183946000	0.049954000
6.185778000	0.051732000
6.186797000	0.052695000
6.186848000	0.051969000
6.190757000	0.054991000
6.195784000	0.055032000
6.196754000	0.055953000
6.196763000	0.050961000
6.196806000	0.050956000
6.196859000	0.050948000
6.198837000	0.041666000
6.198889000	0.041671000
6.198897000	0.041627000
6.208772000	0.044692000
6.215813000	0.036997000
6.215824000	0.036966000
6.220746000	0.041838000
6.220797000	0.041836000
6.223776000	0.044764000
6.223880000	0.043133000
6.223887000	0.043091000
6.240759000	0.056863000
6.242754000	0.058811000
6.242805000	0.057020000
6.242818000	0.056984000
6.242857000	0.056971000
6.248813000	0.062009000
6.248865000	0.062011000
6.248918000	0.058154000
6.248924000	0.053132000
6.250776000	0.054015000
6.253744000	0.056932000
6.253796000	0.056932000
6.253848000	0.056932000
6.253901000	0.055056000
6.254096000	0.055149000
6.272887000	0.064102000
6.272891000	0.057069000
6.275782000	0.059913000
6.275786000	0.055031000
6.278790000	0.057988000
6.278842000	0.055058000
6.278895000	0.055009000
6.278898000	0.054961000
6.278948000	0.038173000
6.280738000	0.037978000
6.282835000	0.040026000
6.282878000	0.040017000
6.282881000	0.039970000
6.295842000	0.047024000
6.295847000	0.046978000
6.298861000	0.049940000
6.298867000	0.049894000
6.300790000	0.050009000
6.300795000	0.047047000
6.300908000	0.047108000
6.305824000	0.051972000
6.310770000	0.056866000
6.312825000	0.058711000
6.313786000	0.059669000
6.359834000	0.038981000
