1.943940000	0.047986000
2.000825000	0.046683000
2.004869000	0.050724000
2.004878000	0.050709000
2.004920000	0.050750000
2.004925000	0.050705000
2.004972000	0.050751000
2.004974000	0.050701000
2.005809000	0.051536000
2.005813000	0.051489000
2.008793000	0.054468000
2.048912000	0.048078000
2.048964000	0.048128000
2.055882000	0.051007000
2.055898000	0.051022000
2.055902000	0.050979000
2.055904000	0.050980000
2.055982000	0.051009000
2.060900000	0.055926000
2.060913000	0.055888000
2.063810000	0.058783000
2.063823000	0.058746000
2.065821000	0.060744000
2.065829000	0.060700000
2.065873000	0.060744000
2.065878000	0.060066000
2.068793000	0.062981000
2.068843000	0.062980000
2.068847000	0.062983000
2.068894000	0.060095000
2.068946000	0.060146000
2.090818000	0.041897000
2.094171000	0.045249000
2.094224000	0.045255000
2.094230000	0.045260000
2.099883000	0.043988000
2.099962000	0.044065000
2.099968000	0.044036000
2.099970000	0.044037000
2.100806000	0.044821000
2.100859000	0.044873000
2.100861000	0.044825000
2.103856000	0.047820000
2.103864000	0.047777000
2.103950000	0.047862000
2.103957000	0.043047000
2.103960000	0.043048000
2.103961000	0.043008000
2.104029000	0.043075000
2.104036000	0.040216000
2.104107000	0.040285000
2.104115000	0.040255000
2.104116000	0.040254000
2.104118000	0.038291000
2.104157000	0.038329000
2.104209000	0.038334000
2.105823000	0.039947000
2.105830000	0.039904000
2.109911000	0.043984000
2.109924000	0.043946000
2.109927000	0.043948000
2.109928000	0.041127000
2.110065000	0.041262000
2.110070000	0.041225000
2.110824000	0.041928000
2.115840000	0.046892000
2.119890000	0.050889000
2.129813000	0.035636000
2.129865000	0.035633000
2.135795000	0.035830000
2.140839000	0.039976000
2.140858000	0.036823000
2.143874000	0.038042000
2.143887000	0.033966000
2.143926000	0.034001000
2.143979000	0.034017000
2.143984000	0.034020000
2.145850000	0.035781000
2.145857000	0.035785000
2.150815000	0.039984000
2.150824000	0.039991000
2.154851000	0.039000000
2.154863000	0.039011000
2.160794000	0.040898000
2.160802000	0.040904000
2.164833000	0.044889000
2.164845000	0.044900000
2.173983000	0.044163000
2.173988000	0.044166000
2.174036000	0.044167000
2.174040000	0.044169000
2.178818000	0.043016000
2.178870000	0.043066000
2.178922000	0.038069000
2.178975000	0.038119000
2.180831000	0.039942000
2.180837000	0.039946000
2.183821000	0.042880000
2.183872000	0.042930000
2.183874000	0.042881000
2.183923000	0.042929000
2.183926000	0.042881000
2.183975000	0.042928000
2.183976000	0.042879000
2.184027000	0.040144000
2.184079000	0.040195000
2.184082000	0.040153000
2.184130000	0.040200000
2.184183000	0.040202000
2.184287000	0.040304000
2.184879000	0.040846000
2.184881000	0.040846000
2.184931000	0.040846000
2.184934000	0.040847000
2.184982000	0.040845000
2.184985000	0.040847000
2.186081000	0.041891000
2.186085000	0.040226000
2.188874000	0.038048000
2.188881000	0.034015000
2.190822000	0.030018000
2.200815000	0.035972000
2.207059000	0.033072000
2.210834000	0.036795000
2.230812000	0.051989000
2.230823000	0.051898000
2.230863000	0.050027000
2.237832000	0.054006000
2.237881000	0.054005000
2.237933000	0.054005000
2.237938000	0.053954000
2.237986000	0.053957000
2.238826000	0.053893000
2.240808000	0.049979000
2.243853000	0.043022000
2.243859000	0.036789000
2.250818000	0.039978000
2.280964000	0.050142000
2.285795000	0.054928000
2.285896000	0.054970000
2.293916000	0.056072000
2.293921000	0.056036000
2.293968000	0.056031000
2.294020000	0.056031000
2.294024000	0.055983000
2.294072000	0.055241000
2.294075000	0.055091000
2.295817000	0.054590000
2.308972000	0.058148000
2.315099000	0.034121000
2.320812000	0.035006000
2.325842000	0.039942000
2.348951000	0.055032000
2.348960000	0.054990000
2.358802000	0.064780000
2.358822000	0.064749000
2.363829000	0.069703000
2.363844000	0.069666000
2.363878000	0.069649000
2.363884000	0.069601000
2.363930000	0.069597000
2.363936000	0.068111000
2.363983000	0.068090000
2.363985000	0.068062000
2.366106000	0.070127000
2.373965000	0.053144000
2.400810000	0.074958000
2.408926000	0.059967000
2.408978000	0.059943000
2.413844000	0.055024000
2.415843000	0.056990000
2.415851000	0.052009000
2.415918000	0.052035000
2.415936000	0.052002000
2.415996000	0.052005000
2.416000000	0.051961000
2.420814000	0.056724000
2.420828000	0.056685000
2.421893000	0.055782000
2.428910000	0.054935000
2.428990000	0.054970000
2.431073000	0.057001000
2.431081000	0.056956000
2.435832000	0.061655000
2.437946000	0.037086000
2.448853000	0.039919000
2.448862000	0.039878000
2.449912000	0.036061000
2.449992000	0.034142000
2.450000000	0.034078000
2.450830000	0.034831000
2.455853000	0.039801000
2.455861000	0.039758000
2.459825000	0.043670000
2.459876000	0.039050000
2.459881000	0.038992000
2.459928000	0.038028000
2.459932000	0.037955000
2.460807000	0.038780000
2.468956000	0.040040000
2.469031000	0.040036000
2.469870000	0.038791000
2.469946000	0.038819000
2.469952000	0.034113000
2.479812000	0.041860000
2.480805000	0.042814000
2.480812000	0.042753000
2.485796000	0.047652000
2.490796000	0.052579000
2.490815000	0.052547000
2.493954000	0.043116000
2.493971000	0.038064000
2.510837000	0.051004000
2.510857000	0.050977000
2.512851000	0.052920000
2.512903000	0.052890000
2.513110000	0.053022000
2.513116000	0.052305000
2.515843000	0.046883000
2.518813000	0.049780000
2.518826000	0.048954000
2.518863000	0.048914000
2.522906000	0.052904000
2.523787000	0.037979000
2.523890000	0.033080000
2.525806000	0.034959000
2.525810000	0.031842000
2.530831000	0.036793000
2.535830000	0.041745000
2.535844000	0.041706000
2.538853000	0.044663000
2.538863000	0.044621000
2.538992000	0.044699000
2.539000000	0.044655000
2.539001000	0.044604000
2.539003000	0.044554000
2.539047000	0.044545000
2.539051000	0.044499000
2.550853000	0.040002000
2.550869000	0.039970000
2.553839000	0.040980000
2.553849000	0.040942000
2.553890000	0.040776000
2.553905000	0.040710000
2.553943000	0.040747000
2.555862000	0.040017000
2.560858000	0.045012000
2.560868000	0.044942000
2.595844000	0.077022000
2.600844000	0.082020000
2.600853000	0.081987000
2.603884000	0.085017000
2.603899000	0.084982000
2.603902000	0.084984000
2.603960000	0.081052000
2.604048000	0.081139000
2.604123000	0.081175000
2.604126000	0.080332000
2.604129000	0.080334000
2.604200000	0.080360000
2.604204000	0.080363000
2.609112000	0.048243000
2.630816000	0.029965000
2.640824000	0.036927000
2.640908000	0.036943000
2.653816000	0.049762000
2.653829000	0.049701000
2.654838000	0.050635000
2.660859000	0.051729000
2.660873000	0.051701000
2.661843000	0.052596000
2.661850000	0.052527000
2.661894000	0.052497000
2.661946000	0.052474000
2.661951000	0.052427000
2.661952000	0.052376000
2.661998000	0.052370000
2.662003000	0.052323000
2.662050000	0.052318000
2.662055000	0.052271000
2.662103000	0.052267000
2.662107000	0.052219000
2.662155000	0.052213000
2.662160000	0.052167000
2.665829000	0.055785000
2.665838000	0.055742000
2.667832000	0.057684000
2.667841000	0.057641000
2.667884000	0.057632000
2.667888000	0.057584000
2.667936000	0.057580000
2.667989000	0.057581000
2.670862000	0.060401000
2.670871000	0.060358000
2.673840000	0.063275000
2.674261000	0.043428000
2.675798000	0.034965000
2.678819000	0.037908000
2.685855000	0.032029000
2.685869000	0.031964000
2.690849000	0.036004000
2.700847000	0.039978000
2.700897000	0.039964000
2.705823000	0.044827000
2.705873000	0.044025000
2.710814000	0.048915000
2.710862000	0.048912000
2.710914000	0.048912000
2.710918000	0.048864000
2.715835000	0.049746000
2.715856000	0.047787000
2.735837000	0.034982000
2.735847000	0.034946000
2.740816000	0.034987000
2.740868000	0.034988000
2.744875000	0.034051000
2.750851000	0.039832000
2.750859000	0.034877000
2.760816000	0.044756000
2.760893000	0.044752000
2.764849000	0.048631000
2.764856000	0.048590000
2.815819000	0.036562000
