18.423289000	0.063169000
18.468157000	0.039848000
18.470035000	0.041723000
18.470041000	0.041703000
18.473103000	0.044763000
18.473111000	0.044722000
18.473154000	0.044764000
18.473159000	0.044718000
18.473164000	0.044722000
18.473165000	0.044673000
18.473362000	0.044869000
18.500133000	0.031969000
18.505018000	0.036853000
18.505068000	0.035029000
18.510052000	0.040012000
18.510065000	0.039976000
18.512069000	0.041978000
18.512082000	0.038973000
18.512120000	0.039010000
18.512128000	0.038971000
18.512172000	0.039014000
18.515023000	0.041814000
18.515034000	0.041824000
18.518085000	0.044825000
18.518100000	0.044839000
18.518103000	0.044790000
18.518137000	0.044823000
18.518139000	0.044773000
18.518188000	0.044822000
18.518240000	0.044824000
18.518247000	0.044830000
18.540098000	0.039955000
18.540111000	0.039966000
18.565057000	0.060029000
18.565075000	0.060045000
18.570235000	0.065163000
18.570249000	0.065176000
18.570286000	0.060224000
18.570296000	0.060232000
18.570299000	0.060194000
18.573051000	0.062945000
18.573060000	0.060982000
18.573102000	0.061022000
18.573106000	0.060981000
18.573153000	0.061027000
18.573206000	0.061029000
18.575039000	0.062861000
18.575049000	0.062822000
18.578160000	0.065931000
18.578167000	0.065888000
18.578213000	0.065933000
18.578218000	0.063188000
18.578264000	0.063232000
18.578270000	0.063195000
18.578274000	0.063197000
18.578369000	0.060276000
18.578374000	0.060279000
18.578421000	0.060276000
18.578429000	0.060282000
18.578473000	0.060280000
18.578474000	0.060279000
18.578589000	0.060344000
18.578593000	0.060347000
18.578640000	0.060345000
18.578746000	0.060450000
18.578855000	0.060508000
18.578864000	0.060462000
18.580038000	0.061582000
18.583407000	0.043298000
18.583417000	0.043267000
18.600028000	0.034954000
18.600046000	0.034938000
18.618051000	0.047804000
18.618059000	0.047765000
18.618062000	0.047722000
18.618111000	0.047769000
18.618115000	0.047723000
18.618220000	0.047827000
18.620059000	0.049615000
18.625089000	0.054644000
18.625191000	0.052133000
18.628046000	0.054984000
18.628055000	0.054950000
18.628097000	0.054990000
18.628220000	0.055063000
18.628400000	0.055192000
18.628505000	0.053458000
18.628511000	0.053460000
18.628515000	0.050350000
18.630001000	0.051832000
18.630051000	0.051835000
18.630058000	0.051838000
18.632066000	0.053798000
18.632072000	0.053799000
18.632118000	0.053799000
18.632123000	0.053750000
18.632170000	0.053794000
18.633068000	0.054643000
18.633074000	0.054642000
18.633119000	0.054637000
18.633123000	0.054639000
18.633224000	0.054685000
18.633232000	0.054640000
18.633236000	0.054642000
18.633276000	0.054633000
18.633328000	0.054578000
18.633332000	0.054472000
18.633379000	0.054517000
18.633432000	0.054514000
18.633437000	0.054517000
18.633483000	0.053439000
18.633490000	0.053444000
18.633648000	0.050235000
18.633653000	0.050238000
18.633655000	0.050193000
18.635037000	0.034993000
18.640074000	0.039993000
18.655334000	0.037276000
18.655346000	0.037232000
18.660045000	0.041873000
18.660055000	0.041831000
18.663005000	0.042941000
18.695153000	0.069958000
18.703164000	0.075108000
18.703216000	0.074993000
18.703268000	0.074758000
18.703273000	0.074713000
18.708245000	0.078190000
18.708255000	0.078150000
18.708297000	0.076224000
18.710005000	0.077881000
18.710056000	0.076984000
18.713069000	0.079947000
18.713079000	0.079954000
18.763061000	0.129830000
18.763077000	0.050000000
18.763165000	0.049987000
18.763171000	0.049941000
18.763179000	0.049946000
18.763186000	0.049903000
18.763217000	0.048154000
18.768088000	0.050016000
18.768093000	0.050017000
18.768095000	0.049850000
18.768096000	0.049849000
18.768192000	0.049896000
18.768197000	0.049729000
18.768199000	0.049728000
18.768243000	0.049722000
18.768248000	0.049675000
18.771090000	0.037944000
18.820255000	0.087105000
18.825085000	0.080961000
18.827044000	0.078983000
18.827051000	0.078891000
18.827148000	0.078883000
18.827152000	0.078885000
18.827155000	0.077138000
18.829067000	0.079046000
18.829074000	0.075972000
18.829119000	0.076013000
18.829123000	0.075973000
18.829171000	0.076018000
18.829223000	0.076022000
18.829227000	0.076023000
18.835099000	0.081843000
18.839995000	0.076902000
18.840047000	0.076871000
18.843088000	0.079866000
18.843139000	0.075047000
18.843191000	0.075049000
18.843243000	0.075047000
18.843252000	0.075054000
18.893163000	0.124917000
18.893168000	0.124921000
18.893215000	0.124917000
18.895077000	0.051827000
18.898032000	0.040979000
18.910032000	0.044988000
18.910046000	0.042984000
18.915032000	0.047869000
18.915043000	0.047877000
18.919050000	0.049017000
18.919102000	0.044088000
18.919155000	0.042079000
18.919161000	0.042036000
18.919998000	0.042822000
18.920050000	0.040030000
18.923115000	0.038022000
18.928022000	0.039883000
18.930022000	0.041776000
18.930073000	0.040035000
18.935078000	0.042013000
18.935088000	0.041970000
18.938040000	0.044870000
18.938051000	0.042962000
18.945039000	0.034995000
18.949096000	0.034055000
18.955093000	0.036037000
18.960003000	0.040844000
18.960012000	0.040008000
18.961121000	0.038001000
18.964991000	0.036963000
18.970024000	0.039995000
18.970032000	0.039956000
18.971103000	0.036018000
18.971155000	0.036023000
19.000062000	0.062015000
19.000079000	0.061985000
19.005045000	0.066900000
19.005057000	0.060005000
19.008022000	0.058912000
19.008074000	0.052974000
19.008178000	0.048167000
19.008230000	0.048150000
19.008235000	0.047106000
19.008282000	0.043283000
19.010037000	0.040006000
19.013046000	0.042966000
19.013054000	0.041945000
19.013096000	0.041935000
19.035125000	0.035048000
19.035145000	0.035031000
19.040120000	0.035065000
19.040130000	0.035031000
19.053111000	0.045084000
19.053121000	0.045043000
19.053162000	0.044980000
19.053169000	0.044935000
19.053214000	0.044928000
19.053220000	0.044882000
19.053266000	0.043221000
19.053318000	0.040265000
19.053370000	0.040269000
19.055036000	0.041878000
19.095219000	0.060076000
19.095228000	0.060050000
19.140079000	0.104852000
19.185068000	0.144940000
19.189997000	0.149822000
19.208055000	0.154935000
19.208063000	0.154895000
19.208116000	0.154897000
19.208123000	0.154852000
19.208168000	0.154846000
19.208175000	0.154801000
19.208220000	0.154794000
19.208226000	0.154748000
19.208272000	0.154742000
19.208278000	0.153235000
19.210028000	0.114801000
19.215046000	0.119771000
19.230008000	0.044927000
19.235038000	0.049919000
19.235145000	0.045137000
19.250022000	0.041960000
19.250072000	0.041950000
19.255136000	0.046962000
19.266020000	0.057795000
19.266071000	0.057794000
19.266124000	0.051070000
19.266176000	0.036154000
19.272128000	0.037082000
19.272179000	0.037028000
19.293289000	0.043258000
19.293301000	0.043224000
19.293304000	0.038160000
19.303066000	0.037038000
19.303077000	0.037002000
19.303116000	0.036984000
19.303167000	0.036986000
19.310008000	0.043776000
19.323076000	0.056792000
19.323129000	0.056793000
19.323136000	0.056749000
19.323181000	0.056743000
19.325021000	0.058531000
19.333028000	0.060894000
19.333080000	0.060896000
19.338029000	0.044729000
19.338081000	0.044737000
19.338086000	0.044690000
19.345038000	0.041962000
19.350008000	0.046888000
19.355064000	0.051893000
19.355075000	0.051852000
19.358019000	0.047998000
19.395006000	0.071924000
19.438046000	0.114912000
19.438098000	0.114913000
19.440099000	0.116862000
19.443167000	0.118139000
19.443285000	0.110253000
19.443293000	0.110208000
19.443337000	0.105302000
19.443389000	0.105304000
19.443394000	0.105258000
19.443441000	0.098391000
19.443445000	0.093428000
19.443493000	0.088419000
19.443501000	0.088394000
19.443597000	0.085570000
19.443604000	0.048583000
19.478045000	0.039995000
19.480055000	0.041954000
19.480105000	0.039999000
19.502115000	0.058943000
19.510039000	0.066749000
19.510055000	0.066714000
19.515047000	0.071655000
19.515059000	0.071616000
19.517076000	0.073578000
19.517128000	0.073580000
19.517136000	0.073535000
19.517180000	0.073528000
19.517232000	0.073528000
19.520051000	0.076294000
19.520060000	0.076251000
19.523148000	0.045093000
19.523200000	0.043137000
19.523205000	0.043096000
19.550138000	0.048015000
19.550188000	0.040137000
19.550194000	0.040109000
19.550240000	0.035184000
19.550246000	0.035147000
19.555020000	0.037937000
19.555029000	0.037896000
19.560339000	0.043155000
19.560347000	0.043111000
19.562148000	0.044862000
19.562155000	0.042098000
19.562200000	0.042095000
19.568172000	0.045021000
19.568177000	0.044974000
19.568179000	0.044925000
19.585063000	0.034916000
19.585086000	0.034895000
19.590083000	0.039839000
19.590133000	0.039839000
19.592120000	0.041774000
19.592130000	0.041732000
19.592172000	0.037144000
19.592179000	0.037105000
19.602207000	0.041861000
19.602215000	0.041803000
19.602310000	0.040156000
19.605072000	0.042867000
19.608021000	0.045765000
19.610135000	0.041959000
19.614264000	0.046036000
19.614273000	0.045994000
19.620027000	0.034956000
19.620037000	0.034921000
19.625007000	0.034916000
19.625058000	0.034920000
19.627079000	0.034951000
19.627129000	0.034951000
19.627135000	0.034907000
19.627181000	0.034902000
19.637102000	0.034888000
19.637153000	0.034891000
19.637205000	0.034889000
19.650095000	0.045015000
19.650289000	0.042261000
19.655035000	0.044892000
19.658148000	0.043877000
19.658157000	0.043837000
19.658199000	0.038163000
19.660025000	0.039944000
19.662395000	0.037381000
19.662402000	0.037341000
19.662446000	0.035361000
19.662452000	0.035319000
19.662453000	0.035268000
19.665020000	0.037784000
19.677060000	0.039953000
19.677111000	0.039955000
19.677117000	0.039909000
19.695084000	0.044983000
19.697099000	0.046807000
19.697203000	0.042162000
19.698153000	0.039999000
19.698159000	0.039957000
19.698205000	0.039952000
19.700026000	0.039995000
19.703147000	0.040747000
19.703199000	0.040750000
19.703205000	0.040705000
19.703250000	0.040698000
19.705177000	0.042572000
19.705178000	0.040152000
19.720033000	0.042965000
19.720042000	0.042927000
19.725026000	0.047861000
19.737254000	0.042165000
19.737258000	0.042120000
19.745034000	0.047929000
19.745088000	0.047881000
19.750167000	0.052009000
19.750178000	0.051968000
19.752133000	0.053872000
19.752192000	0.052157000
19.761043000	0.057887000
19.762039000	0.058836000
19.848093000	0.083003000
