15.880506000	0.060326000
15.940497000	0.052378000
15.940533000	0.052406000
15.940539000	0.052387000
15.947465000	0.059310000
15.947489000	0.059279000
15.947492000	0.059279000
15.947599000	0.059288000
16.000479000	0.059956000
16.000514000	0.059985000
16.000520000	0.059911000
16.007466000	0.066853000
16.007494000	0.066837000
16.007505000	0.066845000
16.007509000	0.060027000
16.007513000	0.060028000
16.007609000	0.060036000
16.007632000	0.060051000
16.007642000	0.059964000
16.007644000	0.059961000
16.008440000	0.060728000
16.008453000	0.060739000
16.008458000	0.060697000
16.008461000	0.060698000
16.008464000	0.060651000
16.040422000	0.039915000
16.040454000	0.039943000
16.040460000	0.039919000
16.047489000	0.046945000
16.047510000	0.046877000
16.047517000	0.046880000
16.047520000	0.040033000
16.047522000	0.040032000
16.060519000	0.052994000
16.060548000	0.053020000
16.060555000	0.052929000
16.067450000	0.059821000
16.067478000	0.059800000
16.067489000	0.059792000
16.067493000	0.059707000
16.067497000	0.059707000
16.067500000	0.059601000
16.067504000	0.059601000
16.067508000	0.059528000
16.067512000	0.059528000
16.067515000	0.059453000
16.067585000	0.059135000
16.068441000	0.059985000
16.068462000	0.059967000
16.076453000	0.067956000
16.083390000	0.074842000
16.083414000	0.042971000
16.083423000	0.042964000
16.083428000	0.042894000
16.084368000	0.036862000
16.092385000	0.044870000
16.092560000	0.044979000
16.092580000	0.044996000
16.099507000	0.051826000
16.099527000	0.038984000
16.099533000	0.038980000
16.099536000	0.038952000
16.099539000	0.032070000
16.099541000	0.032055000
16.114482000	0.046945000
16.129485000	0.061945000
16.129506000	0.061860000
16.129515000	0.061815000
16.129672000	0.061917000
16.129692000	0.053222000
16.129695000	0.046274000
16.129698000	0.046251000
16.129701000	0.037300000
16.140526000	0.047942000
16.140554000	0.041023000
16.147472000	0.047900000
16.147496000	0.047834000
16.180452000	0.050951000
16.180483000	0.050904000
16.180494000	0.050809000
16.195490000	0.065730000
16.195523000	0.065662000
16.195530000	0.065639000
16.195539000	0.065595000
16.195543000	0.065546000
16.195546000	0.065496000
16.195550000	0.055004000
16.195554000	0.054974000
16.195558000	0.048066000
16.195562000	0.047993000
16.240484000	0.092807000
16.240516000	0.060036000
16.240526000	0.060013000
16.247469000	0.066864000
16.247494000	0.051975000
16.247498000	0.051801000
16.247502000	0.051748000
16.247505000	0.051588000
16.247515000	0.051475000
16.247518000	0.051398000
16.248388000	0.052226000
16.300566000	0.060043000
16.300597000	0.060052000
16.300600000	0.053113000
16.307548000	0.059957000
16.307571000	0.059944000
16.307576000	0.059858000
16.307579000	0.059780000
16.307581000	0.059700000
16.307588000	0.059625000
16.307591000	0.059547000
16.307594000	0.059468000
16.307596000	0.059426000
16.315408000	0.067010000
16.360453000	0.059863000
16.360483000	0.059854000
16.367550000	0.066827000
16.367577000	0.066816000
16.367582000	0.060014000
16.367586000	0.059921000
16.367591000	0.059892000
16.367594000	0.059770000
16.367599000	0.059662000
16.369377000	0.061327000
16.369401000	0.061239000
16.369406000	0.061134000
16.369410000	0.061022000
16.377384000	0.061959000
16.420496000	0.060016000
16.420526000	0.060009000
16.420530000	0.052958000
16.427468000	0.059842000
16.427498000	0.059805000
16.427502000	0.059771000
16.427504000	0.059722000
16.427507000	0.059672000
16.427511000	0.059625000
16.427513000	0.058080000
16.427516000	0.058028000
16.427519000	0.057975000
16.427598000	0.050196000
16.460513000	0.039994000
16.460550000	0.039989000
16.460556000	0.039878000
16.460560000	0.039779000
16.467373000	0.039885000
16.475386000	0.047780000
16.475408000	0.047694000
16.482384000	0.054579000
16.482408000	0.054506000
16.482434000	0.054450000
16.482442000	0.054377000
16.498441000	0.070334000
16.505509000	0.077348000
16.505533000	0.077266000
16.512407000	0.051862000
16.512436000	0.051858000
16.512440000	0.045047000
16.520469000	0.045064000
16.540426000	0.064986000
16.540455000	0.058051000
16.540459000	0.058019000
16.547565000	0.065073000
16.547589000	0.065023000
16.547593000	0.049130000
16.547596000	0.042070000
16.547599000	0.042038000
16.547602000	0.041989000
16.548491000	0.036058000
16.556449000	0.043987000
16.563411000	0.050849000
16.563436000	0.050839000
16.563440000	0.050790000
16.579425000	0.058935000
16.600371000	0.059920000
16.600398000	0.059908000
16.600402000	0.059815000
16.607593000	0.059972000
16.607632000	0.059922000
16.607636000	0.059842000
16.607639000	0.059763000
16.607643000	0.059723000
16.607646000	0.059145000
16.607648000	0.051182000
16.607651000	0.044222000
16.607654000	0.044140000
16.607661000	0.044066000
16.620427000	0.040979000
16.648437000	0.048046000
16.648479000	0.048057000
16.648483000	0.048010000
16.648486000	0.040877000
16.660475000	0.052801000
16.660500000	0.052770000
16.660504000	0.052726000
16.675417000	0.067547000
16.675443000	0.067489000
16.675447000	0.067409000
16.675454000	0.067285000
16.675458000	0.067181000
16.675462000	0.055009000
16.700403000	0.051928000
16.700429000	0.051920000
16.700433000	0.051834000
16.707524000	0.058842000
16.707548000	0.047052000
16.707552000	0.047017000
16.708405000	0.047781000
16.720504000	0.045065000
16.740522000	0.064966000
16.740550000	0.064951000
16.740559000	0.064794000
16.747486000	0.071520000
16.747510000	0.071462000
16.747514000	0.047088000
16.747517000	0.047052000
16.747519000	0.046965000
16.747522000	0.039981000
16.747525000	0.039913000
16.748586000	0.040898000
16.756453000	0.048032000
16.763405000	0.042883000
16.780395000	0.039853000
16.780427000	0.039796000
16.780431000	0.039764000
16.780434000	0.039662000
16.787489000	0.046681000
16.787519000	0.040016000
16.787525000	0.039981000
16.795530000	0.047897000
16.802383000	0.054668000
16.802413000	0.054616000
16.802419000	0.054541000
16.802423000	0.054464000
16.802427000	0.054423000
16.810474000	0.061873000
16.818566000	0.055140000
16.826605000	0.046187000
16.833483000	0.052985000
16.833506000	0.052973000
16.833510000	0.052872000
16.841424000	0.053913000
16.841447000	0.053904000
16.841451000	0.053857000
16.848499000	0.052948000
16.848522000	0.046114000
16.848525000	0.046081000
16.848601000	0.046103000
16.848625000	0.046073000
16.848627000	0.046023000
16.849501000	0.039006000
16.880356000	0.061759000
16.880383000	0.061726000
16.880387000	0.053762000
16.887552000	0.054049000
16.887582000	0.053998000
16.887586000	0.053917000
16.887590000	0.046146000
16.887592000	0.046055000
16.887595000	0.046012000
16.887598000	0.039080000
16.887605000	0.039051000
16.900408000	0.051685000
16.900435000	0.051657000
16.900498000	0.050973000
16.920476000	0.040096000
16.920509000	0.040100000
16.920514000	0.040054000
16.927420000	0.039851000
16.927586000	0.039919000
16.935511000	0.047807000
16.942418000	0.054593000
16.942445000	0.054559000
16.942522000	0.054599000
16.943431000	0.055454000
16.958549000	0.070519000
16.958577000	0.058065000
16.958581000	0.057912000
16.958585000	0.057834000
16.958587000	0.038087000
16.958590000	0.038052000
16.966347000	0.045755000
16.973396000	0.052749000
16.973426000	0.045821000
16.973432000	0.037902000
16.973436000	0.030995000
17.000447000	0.057971000
17.000478000	0.057945000
17.000482000	0.057033000
17.000486000	0.041913000
17.007517000	0.048862000
17.007551000	0.048803000
17.007557000	0.048741000
17.007561000	0.048658000
17.007565000	0.048575000
17.007569000	0.048497000
17.007572000	0.048418000
17.007576000	0.041210000
17.022507000	0.049085000
17.022534000	0.049080000
17.023415000	0.049907000
17.024475000	0.050913000
17.032382000	0.058766000
17.060472000	0.059998000
17.060503000	0.059989000
17.060507000	0.059940000
17.067478000	0.059941000
17.067506000	0.059839000
17.067511000	0.059810000
17.067521000	0.059698000
17.067525000	0.059469000
17.067531000	0.059362000
17.067535000	0.059253000
17.069399000	0.046868000
17.069414000	0.046853000
17.069563000	0.046129000
17.069571000	0.045078000
17.069574000	0.037172000
17.120464000	0.059965000
17.120494000	0.059955000
17.120498000	0.059870000
17.127481000	0.059750000
17.127527000	0.059743000
17.135393000	0.067556000
17.142411000	0.074520000
17.142433000	0.074488000
17.150345000	0.080672000
17.180571000	0.060081000
17.180602000	0.060083000
17.180611000	0.060040000
17.180614000	0.053098000
17.187506000	0.059960000
17.187535000	0.059937000
17.187541000	0.059845000
17.187545000	0.059767000
17.187549000	0.052136000
17.187615000	0.045186000
17.187629000	0.045163000
17.188458000	0.038083000
17.188479000	0.038069000
17.188482000	0.037994000
17.200529000	0.049991000
17.200553000	0.049963000
17.207496000	0.056852000
17.220510000	0.039915000
17.220535000	0.039870000
17.227370000	0.046653000
17.235464000	0.054656000
17.242536000	0.061646000
17.242559000	0.054932000
17.242567000	0.054890000
17.250438000	0.062708000
17.257511000	0.069725000
17.257535000	0.069649000
17.257539000	0.069064000
17.257541000	0.069028000
17.257545000	0.068979000
17.257548000	0.056967000
17.257551000	0.050039000
17.257553000	0.037025000
17.258352000	0.037747000
17.258363000	0.030964000
17.280464000	0.044981000
17.280482000	0.037930000
17.280487000	0.037898000
17.287325000	0.044684000
17.287338000	0.044597000
17.287540000	0.044724000
17.289565000	0.039111000
17.297484000	0.039955000
17.304484000	0.046919000
17.304498000	0.046843000
17.360386000	0.055761000
