2.775879000	0.039920000
2.815874000	0.036559000
2.815907000	0.036583000
2.820829000	0.041473000
2.820868000	0.041510000
2.820883000	0.041431000
2.820889000	0.041433000
2.823868000	0.044340000
2.823907000	0.044373000
2.823914000	0.044304000
2.823926000	0.044309000
2.845852000	0.029955000
2.850834000	0.034932000
2.850879000	0.034911000
2.852844000	0.036873000
2.852881000	0.032026000
2.852895000	0.032033000
2.855805000	0.034824000
2.855843000	0.034857000
2.860880000	0.039840000
2.862861000	0.041817000
2.862898000	0.041765000
2.862906000	0.041768000
2.862911000	0.039014000
2.862921000	0.039019000
2.862926000	0.038976000
2.865804000	0.041851000
2.865852000	0.041840000
2.868825000	0.044810000
2.868855000	0.044779000
2.868875000	0.044796000
2.884086000	0.038218000
2.884124000	0.038253000
2.885832000	0.034968000
2.885877000	0.035003000
2.890806000	0.039904000
2.890866000	0.039961000
2.893930000	0.041058000
2.893977000	0.041100000
2.893990000	0.041013000
2.893999000	0.041018000
2.894009000	0.040971000
2.894027000	0.040986000
2.894046000	0.038212000
2.894138000	0.038299000
2.894160000	0.038287000
2.895787000	0.039911000
2.895814000	0.034906000
2.898836000	0.037923000
2.900885000	0.037996000
2.900924000	0.038030000
2.903791000	0.040779000
2.903827000	0.040808000
2.903834000	0.040763000
2.903898000	0.040824000
2.905817000	0.042653000
2.905859000	0.042689000
2.909045000	0.045800000
2.909081000	0.045830000
2.909088000	0.045757000
2.909093000	0.045757000
2.909097000	0.043259000
2.909102000	0.043257000
2.909328000	0.043449000
2.909352000	0.043469000
2.909366000	0.040516000
2.910840000	0.041948000
2.910878000	0.041946000
2.925817000	0.041698000
2.925856000	0.041697000
2.925876000	0.040005000
2.930819000	0.044896000
2.938802000	0.047969000
2.938854000	0.047974000
2.938879000	0.044908000
2.938890000	0.044848000
2.938998000	0.044907000
2.939004000	0.044847000
2.939056000	0.044853000
2.939060000	0.044804000
2.939064000	0.044753000
2.939068000	0.044703000
2.939111000	0.044691000
2.939115000	0.043305000
2.939167000	0.043322000
2.939171000	0.040304000
2.939221000	0.038301000
2.940772000	0.039815000
2.940816000	0.036994000
2.943812000	0.039960000
2.943853000	0.039945000
2.943860000	0.039904000
2.945823000	0.039970000
2.945865000	0.039978000
2.948841000	0.039764000
2.950826000	0.041706000
2.953846000	0.044652000
2.953881000	0.044625000
2.953894000	0.044550000
2.953900000	0.043034000
2.953906000	0.043032000
2.953914000	0.042991000
2.954889000	0.043873000
2.954924000	0.043899000
2.954937000	0.043874000
2.954945000	0.043835000
2.955778000	0.044662000
2.955812000	0.044646000
2.964887000	0.039039000
2.965846000	0.039941000
2.968904000	0.042993000
2.970983000	0.045020000
2.973833000	0.047827000
2.973881000	0.047822000
2.973903000	0.043051000
2.973919000	0.043025000
2.988883000	0.050048000
2.988923000	0.050055000
2.988934000	0.049899000
2.988940000	0.049901000
2.988944000	0.049878000
2.988947000	0.049877000
2.989045000	0.049971000
2.989077000	0.049956000
2.989081000	0.049956000
2.990805000	0.051677000
2.990833000	0.051655000
2.994911000	0.055730000
2.994941000	0.055757000
2.994945000	0.055758000
2.994949000	0.055711000
2.994953000	0.055711000
2.995818000	0.056572000
2.995851000	0.056601000
2.995855000	0.056572000
3.007117000	0.067830000
3.007151000	0.067860000
3.007326000	0.068031000
3.007359000	0.068023000
3.007362000	0.068021000
3.007367000	0.068022000
3.007370000	0.068021000
3.007373000	0.067983000
3.007377000	0.067983000
3.007381000	0.067983000
3.007384000	0.067982000
3.011871000	0.072427000
3.011908000	0.072460000
3.011916000	0.072464000
3.011920000	0.072464000
3.011991000	0.072493000
3.012010000	0.072508000
3.012015000	0.072509000
3.012020000	0.072510000
3.012046000	0.072494000
3.012062000	0.072506000
3.012160000	0.072600000
3.012178000	0.072614000
3.012269000	0.072664000
3.012285000	0.072676000
3.012324000	0.072711000
3.012340000	0.072723000
3.012378000	0.072719000
3.012392000	0.072729000
3.012433000	0.072766000
3.012447000	0.072776000
3.012452000	0.072739000
3.012457000	0.072740000
3.012462000	0.072741000
3.012467000	0.072742000
3.012487000	0.072720000
3.012541000	0.071747000
3.012555000	0.071756000
3.012560000	0.071756000
3.012564000	0.071755000
3.012568000	0.071730000
3.013777000	0.072935000
3.013796000	0.072950000
3.016888000	0.076038000
3.016906000	0.073069000
3.016913000	0.073071000
3.016917000	0.073072000
3.016992000	0.073144000
3.017002000	0.073125000
3.017009000	0.073129000
3.017013000	0.073131000
3.017044000	0.073159000
3.017054000	0.073117000
3.017149000	0.073208000
3.017158000	0.073214000
3.017164000	0.073218000
3.017168000	0.071321000
3.017255000	0.071402000
3.017265000	0.071408000
3.017271000	0.071411000
3.017274000	0.071168000
3.017307000	0.071196000
3.017317000	0.071202000
3.017414000	0.071295000
3.017425000	0.068557000
3.026872000	0.077999000
3.026904000	0.078028000
3.026913000	0.076061000
3.026918000	0.076061000
3.026929000	0.073057000
3.027016000	0.073139000
3.027047000	0.073158000
3.027052000	0.073160000
3.027056000	0.073144000
3.027059000	0.073112000
3.027063000	0.073113000
3.027224000	0.073272000
3.027254000	0.073299000
3.027264000	0.073306000
3.027268000	0.073269000
3.027272000	0.073270000
3.027275000	0.072361000
3.027279000	0.072360000
3.027282000	0.072351000
3.027502000	0.072568000
3.027516000	0.072573000
3.027519000	0.072556000
3.027523000	0.072557000
3.027526000	0.072557000
3.027529000	0.071727000
3.027533000	0.071725000
3.027536000	0.071717000
3.027539000	0.071717000
3.027700000	0.062789000
3.027735000	0.062819000
3.027742000	0.061862000
3.027747000	0.061861000
3.027927000	0.059009000
3.027959000	0.059038000
3.027965000	0.056954000
3.027970000	0.056955000
3.028044000	0.054180000
3.028067000	0.054196000
3.028073000	0.054178000
3.030841000	0.041651000
3.030868000	0.041553000
3.030876000	0.041510000
3.030879000	0.041460000
3.035809000	0.044988000
3.035831000	0.044970000
3.046869000	0.056005000
3.046903000	0.051975000
3.046912000	0.051978000
3.046917000	0.051950000
3.046922000	0.050951000
3.065806000	0.058662000
3.065839000	0.058617000
3.070881000	0.063652000
3.070916000	0.063565000
3.073892000	0.061997000
3.073925000	0.061985000
3.073934000	0.061932000
3.073938000	0.061883000
3.073941000	0.061833000
3.073945000	0.061775000
3.074044000	0.061824000
3.074075000	0.061797000
3.074080000	0.061748000
3.074083000	0.061698000
3.074090000	0.061650000
3.074093000	0.061600000
3.074458000	0.061909000
3.074479000	0.061879000
3.075798000	0.063144000
3.075820000	0.063112000
3.077814000	0.065051000
3.077840000	0.065022000
3.077848000	0.064976000
3.077852000	0.064926000
3.077920000	0.064940000
3.078820000	0.065785000
3.078849000	0.065761000
3.078862000	0.061960000
3.078869000	0.061927000
3.085815000	0.068816000
3.087877000	0.070829000
3.087909000	0.070810000
3.087918000	0.070763000
3.087922000	0.070715000
3.087925000	0.070715000
3.144196000	0.126934000
3.144289000	0.096784000
3.173899000	0.039803000
3.173970000	0.039838000
3.173975000	0.039817000
3.174037000	0.039876000
3.174040000	0.039753000
3.174044000	0.039744000
3.175829000	0.041513000
3.175847000	0.041498000
3.175941000	0.041589000
3.187052000	0.052590000
3.187071000	0.052587000
3.187076000	0.052582000
3.187080000	0.052576000
3.187085000	0.052451000
3.187090000	0.052441000
3.187161000	0.052495000
3.187171000	0.052495000
3.187175000	0.052474000
3.187182000	0.052471000
3.187185000	0.052369000
3.187190000	0.052344000
3.187194000	0.052333000
3.187198000	0.052313000
3.187303000	0.052381000
3.187320000	0.052332000
3.187325000	0.051499000
3.187329000	0.049481000
3.187333000	0.049464000
3.187337000	0.049444000
3.187341000	0.048487000
3.187344000	0.048450000
3.187348000	0.048394000
3.187451000	0.048482000
3.188791000	0.049773000
3.188895000	0.049833000
3.188900000	0.049823000
3.188950000	0.049847000
3.188957000	0.049839000
3.188961000	0.049762000
3.188965000	0.049751000
3.190844000	0.051607000
3.190862000	0.050051000
3.193840000	0.049929000
3.193859000	0.049852000
3.193891000	0.049867000
3.193899000	0.049863000
3.193948000	0.049901000
3.193954000	0.049887000
3.194004000	0.049926000
3.194011000	0.049834000
3.194060000	0.049866000
3.195816000	0.051608000
3.195830000	0.051473000
3.195869000	0.051500000
3.206878000	0.062501000
3.206959000	0.062550000
3.206976000	0.062420000
3.206981000	0.062416000
3.206985000	0.062412000
3.206989000	0.062408000
3.206992000	0.062377000
3.207100000	0.062311000
3.207117000	0.061333000
3.207122000	0.058225000
3.207126000	0.058213000
3.207129000	0.058207000
3.207133000	0.058202000
3.248890000	0.041504000
