3.772934000	0.035102000
3.812795000	0.034742000
3.812806000	0.034750000
3.817911000	0.039807000
3.817921000	0.039816000
3.817925000	0.039756000
3.817926000	0.039755000
3.817993000	0.039773000
3.818003000	0.039782000
3.820803000	0.042530000
3.822750000	0.044476000
3.892808000	0.080005000
3.892815000	0.080010000
3.895791000	0.082914000
3.895804000	0.082925000
3.895843000	0.077925000
3.895851000	0.077931000
3.895895000	0.077895000
3.895901000	0.077900000
3.895948000	0.077872000
3.895954000	0.077877000
3.896052000	0.077894000
3.896105000	0.077946000
3.896156000	0.077925000
3.896208000	0.077976000
3.896211000	0.077904000
3.896212000	0.077905000
3.896214000	0.075388000
3.896215000	0.075387000
3.896261000	0.073504000
3.896265000	0.073507000
3.936830000	0.044017000
3.936988000	0.044174000
3.936998000	0.044116000
3.937000000	0.044117000
3.937753000	0.041953000
3.937762000	0.041959000
3.942836000	0.046988000
3.942850000	0.047001000
3.944770000	0.048871000
3.944780000	0.048880000
3.944852000	0.048900000
3.947809000	0.051856000
3.947822000	0.051820000
3.950794000	0.054791000
3.950804000	0.054748000
3.950873000	0.054816000
3.950882000	0.054774000
3.950883000	0.054774000
3.950952000	0.054794000
3.950961000	0.054803000
3.950962000	0.054753000
3.950964000	0.054754000
3.951033000	0.054770000
3.951042000	0.054778000
3.951112000	0.054781000
3.951121000	0.054788000
3.951127000	0.054757000
3.951169000	0.054796000
3.951173000	0.054750000
3.951239000	0.054816000
3.952711000	0.056237000
3.952762000	0.056287000
3.957802000	0.061273000
3.957813000	0.061283000
3.958881000	0.062197000
3.972990000	0.036149000
3.972996000	0.035847000
3.977839000	0.040032000
3.982793000	0.039946000
3.982805000	0.039957000
3.982843000	0.039929000
3.982849000	0.039933000
3.982894000	0.038116000
3.985792000	0.041013000
3.985803000	0.040945000
3.985806000	0.040947000
3.985807000	0.040873000
3.985872000	0.040936000
3.985882000	0.038065000
3.987725000	0.039907000
3.987734000	0.039873000
3.987820000	0.039958000
3.990756000	0.039954000
3.990837000	0.040034000
3.992796000	0.041917000
3.992876000	0.041995000
3.992885000	0.041927000
3.992889000	0.041929000
3.992892000	0.041853000
3.997796000	0.046755000
3.997813000	0.046695000
4.000740000	0.049621000
4.000791000	0.049620000
4.000796000	0.049624000
4.000885000	0.049642000
4.000890000	0.049646000
4.000894000	0.049577000
4.000955000	0.049637000
4.000967000	0.049599000
4.001033000	0.049664000
4.001044000	0.049624000
4.001046000	0.049625000
4.001048000	0.049576000
4.001084000	0.049611000
4.001135000	0.049611000
4.002738000	0.051213000
4.002745000	0.051169000
4.003803000	0.052175000
4.003829000	0.052115000
4.003831000	0.052088000
4.003833000	0.052040000
4.003892000	0.051177000
4.007772000	0.055008000
4.007853000	0.050043000
4.008738000	0.050854000
4.008750000	0.049864000
4.008790000	0.049858000
4.008846000	0.049862000
4.012809000	0.053779000
4.013880000	0.054796000
4.013892000	0.054746000
4.021848000	0.048854000
4.022742000	0.049695000
4.022753000	0.049642000
4.023757000	0.050566000
4.023852000	0.050582000
4.023862000	0.050511000
4.027791000	0.054390000
4.027802000	0.049959000
4.031807000	0.053962000
4.031842000	0.053961000
4.031845000	0.053912000
4.031940000	0.053956000
4.031954000	0.049152000
4.031955000	0.049148000
4.031957000	0.049111000
4.032020000	0.049173000
4.032028000	0.049180000
4.032029000	0.049132000
4.032105000	0.049207000
4.032113000	0.049214000
4.032184000	0.049236000
4.032192000	0.046392000
4.032193000	0.046392000
4.032194000	0.046389000
4.032234000	0.046356000
4.032238000	0.046359000
4.032286000	0.046406000
4.032390000	0.046436000
4.032442000	0.046486000
4.032459000	0.046502000
4.032462000	0.046423000
4.032464000	0.046423000
4.032494000	0.046452000
4.032497000	0.044765000
4.032598000	0.044865000
4.032601000	0.044865000
4.032603000	0.044777000
4.032605000	0.044777000
4.032606000	0.044777000
4.032608000	0.041845000
4.032650000	0.041886000
4.032807000	0.041964000
4.032809000	0.041965000
4.042770000	0.049966000
4.042782000	0.049977000
4.043768000	0.050886000
4.043820000	0.050937000
4.043826000	0.050939000
4.043873000	0.050985000
4.043877000	0.050934000
4.047761000	0.054817000
4.047811000	0.054866000
4.050922000	0.057976000
4.050973000	0.053165000
4.050975000	0.053164000
4.051025000	0.053194000
4.051027000	0.053194000
4.051077000	0.050329000
4.051079000	0.050329000
4.052725000	0.051931000
4.053808000	0.053013000
4.053815000	0.053017000
4.053887000	0.053088000
4.053895000	0.053007000
4.053898000	0.053009000
4.053900000	0.053008000
4.057798000	0.056905000
4.058891000	0.057929000
4.058899000	0.057936000
4.058901000	0.057937000
4.058903000	0.057938000
4.058905000	0.057866000
4.058975000	0.057934000
4.058984000	0.057942000
4.058985000	0.057942000
4.058986000	0.057900000
4.059128000	0.058041000
4.059133000	0.058045000
4.059136000	0.058047000
4.059138000	0.058001000
4.059203000	0.058065000
4.059207000	0.058068000
4.059209000	0.058068000
4.059211000	0.058022000
4.059212000	0.058022000
4.059255000	0.056512000
4.059306000	0.056562000
4.059310000	0.056563000
4.059358000	0.056610000
4.059361000	0.055551000
4.059363000	0.055551000
4.059410000	0.055597000
4.059461000	0.055634000
4.059464000	0.055566000
4.059466000	0.055567000
4.059513000	0.055612000
4.059565000	0.055591000
4.059568000	0.055515000
4.059617000	0.055484000
4.062804000	0.054943000
4.062814000	0.054067000
4.063817000	0.055023000
4.063822000	0.055027000
4.063869000	0.055073000
4.063872000	0.054961000
4.073795000	0.060983000
4.073979000	0.052120000
4.074848000	0.052099000
4.074851000	0.052099000
4.074901000	0.052103000
4.077814000	0.054054000
4.079877000	0.052032000
4.079890000	0.047943000
4.082743000	0.050633000
4.083798000	0.051510000
4.083810000	0.051470000
4.083811000	0.051366000
4.083874000	0.051272000
4.083912000	0.051209000
4.083914000	0.041130000
4.087776000	0.043896000
4.087786000	0.039973000
4.092762000	0.041785000
4.092774000	0.038957000
4.095785000	0.041888000
4.095796000	0.041824000
4.095864000	0.041890000
4.095872000	0.038072000
4.097773000	0.038876000
4.097780000	0.038877000
4.102756000	0.043775000
4.102770000	0.043713000
4.105760000	0.046701000
4.105770000	0.046635000
4.105840000	0.046635000
4.107743000	0.048535000
4.107763000	0.048506000
4.107802000	0.048494000
4.112801000	0.053492000
4.112812000	0.053452000
4.113844000	0.054433000
4.113854000	0.054391000
4.113857000	0.054389000
4.113946000	0.054430000
4.113950000	0.054380000
4.113952000	0.054333000
4.113953000	0.054330000
4.114027000	0.054355000
4.114036000	0.054300000
4.114106000	0.051295000
4.114114000	0.051301000
4.114116000	0.051257000
4.115767000	0.052833000
4.115772000	0.052836000
4.115819000	0.052833000
4.115823000	0.052786000
4.115870000	0.052049000
4.117729000	0.053859000
4.117787000	0.053911000
4.122819000	0.058892000
4.122830000	0.058856000
4.125804000	0.061828000
4.125818000	0.052019000
4.125891000	0.051906000
4.125969000	0.051983000
4.127831000	0.053763000
4.130863000	0.056724000
4.130869000	0.056728000
4.130885000	0.056659000
4.130886000	0.056586000
4.130969000	0.056666000
4.130983000	0.056133000
4.131019000	0.056165000
4.131025000	0.056119000
4.131100000	0.056194000
4.131109000	0.056155000
4.131157000	0.056202000
4.132783000	0.054966000
4.136000000	0.056114000
4.136007000	0.056119000
4.145799000	0.065910000
4.145875000	0.065915000
4.145882000	0.065920000
4.145884000	0.065921000
4.145887000	0.065847000
4.145954000	0.065913000
4.145961000	0.065919000
4.146032000	0.065944000
4.146044000	0.065955000
4.146046000	0.065955000
4.146082000	0.065942000
4.146085000	0.065944000
4.146134000	0.065992000
4.146138000	0.065947000
4.146191000	0.065998000
4.146802000	0.066608000
4.146809000	0.066565000
4.146855000	0.066610000
4.146859000	0.066613000
4.146906000	0.066610000
4.147794000	0.067498000
4.147800000	0.067503000
4.147846000	0.067499000
4.151856000	0.071508000
4.151867000	0.071518000
4.151934000	0.071535000
4.151941000	0.071541000
4.151944000	0.071543000
4.151946000	0.069197000
4.152013000	0.069263000
4.152021000	0.069270000
4.152157000	0.069359000
4.152334000	0.069529000
4.152339000	0.068533000
4.152341000	0.068533000
4.152385000	0.068576000
4.152388000	0.068492000
4.152389000	0.068492000
4.152441000	0.068543000
4.152444000	0.068475000
4.152447000	0.068477000
4.152448000	0.068477000
4.152489000	0.068472000
4.152493000	0.068475000
4.152494000	0.068475000
4.152495000	0.068426000
4.152540000	0.068470000
4.152544000	0.068473000
4.212083000	0.124298000
4.214756000	0.126927000
4.214762000	0.096971000
4.215092000	0.051208000
4.267791000	0.034903000
