16.737465000	0.049976000
16.813539000	0.074432000
16.813549000	0.074434000
16.813553000	0.074406000
16.813559000	0.074406000
16.813561000	0.074362000
16.813575000	0.074227000
16.860250000	0.046705000
16.867274000	0.053727000
16.867304000	0.053701000
16.867313000	0.053634000
16.867316000	0.053633000
16.867318000	0.053553000
16.867321000	0.053552000
16.868308000	0.054500000
16.868335000	0.054525000
16.868340000	0.054456000
16.888250000	0.074364000
16.888288000	0.074354000
16.888292000	0.074356000
16.903335000	0.089347000
16.903346000	0.089356000
16.927231000	0.066975000
16.927242000	0.066983000
16.927363000	0.060072000
16.927376000	0.060081000
16.927379000	0.059981000
16.927382000	0.059981000
16.928257000	0.060820000
16.928271000	0.060832000
16.928274000	0.060742000
16.928277000	0.060741000
16.928280000	0.060664000
16.928282000	0.060662000
16.929219000	0.061518000
16.929247000	0.061542000
16.929259000	0.060932000
16.929263000	0.060932000
16.929267000	0.060898000
16.929270000	0.060898000
16.944280000	0.075864000
16.944307000	0.075888000
16.944310000	0.056030000
16.944313000	0.056029000
16.952228000	0.063905000
16.959374000	0.071049000
16.959388000	0.070977000
16.959393000	0.070978000
16.959397000	0.056056000
16.959409000	0.056066000
16.959420000	0.056053000
16.959428000	0.056058000
16.991447000	0.064210000
16.991457000	0.064217000
16.991460000	0.064205000
17.014371000	0.087061000
17.014382000	0.087016000
17.014386000	0.087017000
17.014389000	0.086980000
17.014391000	0.086980000
17.014394000	0.086928000
17.014397000	0.086925000
17.014399000	0.086886000
17.014401000	0.086885000
17.015206000	0.086940000
17.015229000	0.086918000
17.015234000	0.086871000
17.015245000	0.086817000
17.040221000	0.111703000
17.040264000	0.110866000
17.040271000	0.110823000
17.047274000	0.117773000
17.047283000	0.117729000
17.047286000	0.102987000
17.047289000	0.102958000
17.047292000	0.102910000
17.047300000	0.102865000
17.047303000	0.095057000
17.047305000	0.087923000
17.055264000	0.095850000
17.095290000	0.103837000
17.095320000	0.103842000
17.120338000	0.128809000
17.127344000	0.135768000
17.127356000	0.135778000
17.127359000	0.135731000
17.127362000	0.135732000
17.127364000	0.135684000
17.127367000	0.135685000
17.127369000	0.135637000
17.127372000	0.135638000
17.127374000	0.135590000
17.128272000	0.136485000
17.128282000	0.113904000
17.128287000	0.113907000
17.128289000	0.113875000
17.137213000	0.122797000
17.137237000	0.122746000
17.137241000	0.122748000
17.144311000	0.129731000
17.144340000	0.129755000
17.144344000	0.129681000
17.144346000	0.129678000
17.144349000	0.129597000
17.144351000	0.129595000
17.145308000	0.130473000
17.153309000	0.138470000
17.160209000	0.145331000
17.160233000	0.145352000
17.160237000	0.145305000
17.160240000	0.145306000
17.160311000	0.145089000
17.160320000	0.145095000
17.160322000	0.145060000
17.160325000	0.145060000
17.161149000	0.145786000
17.161157000	0.145790000
17.169185000	0.153789000
17.176252000	0.160854000
17.176276000	0.160828000
17.176429000	0.160979000
17.176453000	0.160952000
17.176457000	0.160954000
17.176460000	0.160906000
17.176463000	0.160906000
17.176465000	0.136216000
17.176468000	0.136209000
17.176471000	0.136178000
17.176473000	0.136178000
17.176476000	0.136093000
17.176478000	0.136090000
17.176481000	0.136015000
17.177347000	0.136876000
17.177357000	0.136808000
17.177361000	0.136808000
17.177363000	0.136727000
17.177366000	0.136641000
17.177369000	0.136603000
17.177377000	0.136556000
17.200189000	0.159316000
17.200219000	0.159292000
17.200223000	0.159240000
17.207336000	0.160055000
17.207346000	0.160020000
17.207349000	0.159917000
17.207353000	0.159892000
17.208199000	0.160638000
17.208228000	0.160580000
17.216267000	0.168537000
17.223285000	0.175472000
17.223309000	0.175413000
17.223313000	0.175334000
17.223316000	0.175295000
17.240283000	0.192209000
17.240317000	0.192191000
17.240322000	0.192143000
17.240326000	0.192094000
17.247338000	0.199052000
17.247346000	0.192062000
17.247349000	0.191988000
17.287331000	0.192016000
17.287342000	0.191990000
17.287345000	0.191940000
17.287348000	0.191888000
17.287356000	0.167014000
17.287360000	0.167015000
17.287362000	0.167006000
17.287365000	0.166883000
17.303233000	0.175882000
17.303266000	0.175912000
17.303272000	0.175885000
17.311327000	0.183938000
17.318273000	0.190795000
17.318312000	0.190829000
17.318319000	0.190758000
17.318325000	0.190760000
17.318329000	0.190685000
17.318335000	0.190687000
17.318340000	0.190613000
17.318344000	0.190612000
17.318349000	0.190538000
17.319223000	0.191408000
17.319234000	0.191341000
17.319238000	0.191340000
17.319242000	0.191305000
17.319246000	0.191306000
17.319251000	0.191261000
17.319255000	0.191263000
17.319259000	0.190982000
17.326367000	0.198088000
17.326378000	0.198071000
17.326381000	0.198071000
17.326384000	0.198024000
17.326388000	0.198026000
17.326390000	0.197977000
17.326394000	0.197979000
17.326397000	0.189168000
17.327357000	0.190124000
17.327388000	0.190086000
17.327393000	0.190088000
17.327401000	0.189994000
17.327405000	0.189994000
17.327410000	0.183082000
17.327414000	0.183082000
17.327418000	0.182940000
17.335331000	0.190850000
17.342205000	0.196883000
17.342363000	0.197037000
17.342378000	0.196948000
17.342383000	0.196948000
17.342386000	0.196843000
17.350317000	0.204770000
17.350349000	0.204689000
17.350354000	0.204690000
17.357257000	0.211480000
17.357287000	0.211506000
17.357292000	0.203965000
17.357295000	0.203963000
17.357298000	0.197072000
17.357302000	0.197072000
17.357421000	0.197159000
17.357431000	0.197167000
17.359317000	0.199002000
17.359348000	0.199030000
17.359353000	0.198987000
17.359356000	0.198988000
17.359360000	0.198943000
17.359363000	0.198943000
17.359366000	0.198896000
17.360307000	0.199835000
17.360329000	0.199807000
17.360342000	0.199818000
17.360349000	0.199774000
17.360352000	0.199775000
17.367202000	0.206049000
17.367234000	0.206078000
17.367240000	0.206037000
17.375276000	0.214070000
17.382293000	0.213088000
17.382323000	0.213113000
17.382329000	0.206061000
17.382332000	0.206060000
17.390329000	0.213978000
17.397378000	0.221022000
17.397408000	0.220962000
17.397413000	0.220964000
17.397417000	0.220924000
17.397420000	0.220925000
17.397423000	0.220839000
17.397426000	0.220837000
17.397429000	0.220757000
17.397432000	0.220755000
17.397436000	0.220681000
17.397439000	0.220680000
17.406292000	0.229494000
17.406324000	0.229524000
17.406329000	0.229478000
17.406332000	0.229478000
17.406335000	0.229430000
17.406339000	0.229431000
17.406344000	0.229386000
17.414177000	0.237217000
17.414206000	0.237195000
17.414212000	0.237198000
17.421253000	0.244188000
17.421284000	0.244217000
17.421289000	0.244171000
17.422216000	0.245096000
17.430289000	0.252937000
17.437249000	0.259894000
17.437281000	0.259716000
17.437285000	0.259717000
17.437356000	0.259752000
17.437369000	0.259762000
17.437373000	0.259716000
17.437376000	0.259717000
17.437380000	0.259670000
17.438226000	0.260514000
17.446300000	0.268537000
17.453273000	0.275508000
17.453310000	0.275493000
17.453317000	0.275447000
17.453323000	0.275400000
17.453330000	0.275354000
17.454217000	0.276188000
17.454239000	0.254027000
17.480429000	0.280186000
17.480471000	0.280132000
17.480478000	0.280103000
17.487323000	0.286895000
17.487338000	0.286857000
17.487343000	0.280002000
17.487349000	0.279982000
17.487354000	0.279894000
17.487359000	0.279816000
17.488167000	0.280541000
17.488188000	0.280473000
17.503448000	0.295695000
17.503465000	0.295660000
17.503470000	0.295254000
17.511226000	0.302975000
17.518213000	0.309909000
17.518228000	0.309872000
17.518233000	0.301947000
17.518237000	0.301848000
17.518241000	0.294939000
17.518264000	0.294912000
17.518269000	0.294800000
17.540254000	0.316684000
17.540272000	0.316595000
17.540277000	0.316493000
17.547258000	0.323367000
17.547274000	0.323352000
17.547279000	0.306972000
17.547282000	0.306939000
17.547291000	0.306891000
17.555227000	0.314774000
17.562323000	0.321809000
17.562328000	0.321722000
17.562332000	0.321610000
17.562336000	0.321507000
17.577208000	0.329866000
17.577284000	0.329922000
17.577288000	0.329870000
17.577292000	0.329828000
17.577295000	0.329779000
17.577299000	0.329730000
17.607332000	0.319995000
17.607338000	0.319960000
17.630323000	0.342788000
17.637377000	0.349837000
17.637384000	0.349750000
17.637388000	0.349747000
17.637391000	0.349674000
17.637395000	0.349674000
17.637398000	0.349598000
17.637402000	0.349598000
17.637406000	0.349523000
17.637411000	0.349524000
17.637415000	0.349488000
17.637418000	0.349488000
17.637422000	0.349440000
17.637425000	0.349440000
17.637429000	0.349390000
17.637432000	0.349341000
17.638259000	0.350165000
17.638264000	0.350123000
17.638371000	0.350227000
17.638376000	0.335120000
17.638380000	0.335119000
17.638383000	0.335085000
17.646378000	0.343077000
17.653382000	0.350031000
17.653398000	0.350044000
17.653407000	0.342057000
17.653411000	0.342056000
17.653415000	0.335116000
17.653418000	0.335112000
17.653423000	0.335053000
17.653426000	0.335052000
17.653430000	0.335009000
17.653434000	0.335009000
17.653438000	0.334935000
17.653441000	0.334934000
17.653444000	0.334892000
17.654255000	0.335699000
17.654303000	0.335696000
17.654308000	0.335697000
17.654311000	0.335649000
17.680219000	0.361553000
17.680240000	0.361524000
17.680400000	0.361680000
17.687417000	0.368647000
17.687423000	0.368648000
17.687427000	0.368198000
17.687431000	0.368199000
17.687435000	0.368158000
17.687438000	0.368158000
17.687442000	0.368113000
17.687445000	0.368112000
17.687449000	0.368066000
17.687453000	0.368066000
17.687457000	0.368020000
17.687461000	0.368020000
17.687464000	0.367975000
17.688289000	0.368796000
17.688470000	0.368927000
17.688476000	0.368928000
17.688480000	0.368883000
17.688484000	0.368883000
17.688487000	0.362115000
17.688491000	0.362116000
17.688494000	0.362084000
17.688498000	0.362081000
17.688502000	0.362013000
17.689325000	0.362830000
17.689343000	0.362803000
17.689349000	0.362806000
17.689354000	0.362763000
17.689359000	0.362765000
17.689363000	0.362719000
17.689368000	0.362721000
17.689373000	0.362677000
17.704295000	0.377596000
17.704312000	0.377563000
17.704316000	0.377564000
17.704320000	0.376941000
17.704324000	0.376940000
17.704327000	0.376895000
17.704331000	0.376896000
17.704335000	0.376804000
17.704338000	0.376801000
17.704342000	0.376723000
17.720484000	0.392859000
17.720503000	0.392803000
17.727341000	0.399635000
17.727359000	0.399569000
17.727364000	0.399569000
17.727369000	0.399487000
17.727374000	0.399486000
17.727379000	0.399405000
17.727383000	0.399404000
17.727388000	0.392031000
17.727393000	0.392031000
17.727398000	0.385176000
17.728313000	0.386086000
17.728319000	0.385947000
17.728323000	0.385948000
17.728327000	0.385907000
17.728330000	0.385907000
17.728333000	0.385824000
17.728337000	0.385825000
17.728340000	0.385796000
17.729186000	0.386639000
17.735218000	0.384878000
17.760257000	0.409912000
17.760277000	0.409901000
17.760347000	0.409968000
17.767312000	0.416884000
17.767330000	0.416899000
17.767334000	0.410057000
17.767366000	0.410083000
17.767372000	0.410056000
17.767376000	0.410057000
17.767380000	0.410011000
17.767383000	0.410010000
17.767387000	0.409961000
17.767391000	0.409962000
17.767394000	0.409913000
17.767397000	0.409913000
17.767401000	0.409820000
17.768264000	0.410677000
17.768280000	0.410618000
17.768285000	0.410617000
17.768447000	0.410704000
17.768462000	0.410713000
17.768466000	0.409127000
17.768470000	0.409126000
17.768474000	0.409094000
17.769284000	0.409900000
17.769299000	0.409795000
17.777233000	0.417724000
17.784246000	0.424625000
17.784261000	0.424635000
17.784265000	0.424604000
17.784268000	0.424604000
17.792295000	0.432580000
17.799308000	0.439590000
17.799323000	0.439554000
17.799327000	0.439555000
17.799330000	0.439008000
17.799333000	0.439008000
17.799337000	0.438685000
17.799340000	0.438683000
17.828502000	0.467797000
17.828522000	0.467814000
17.828532000	0.467768000
17.828536000	0.467766000
17.835370000	0.474558000
17.835387000	0.474572000
17.835391000	0.468166000
17.835395000	0.468165000
17.835398000	0.468133000
17.835402000	0.468133000
17.835405000	0.468048000
17.835409000	0.468047000
17.835412000	0.460110000
17.835416000	0.460107000
17.842325000	0.460011000
17.858185000	0.475866000
17.865315000	0.482967000
17.865332000	0.482981000
17.865336000	0.482936000
17.865340000	0.482937000
17.865346000	0.482848000
17.865350000	0.482848000
17.865353000	0.475003000
17.865356000	0.475000000
17.865360000	0.467962000
17.866255000	0.468851000
17.866274000	0.468820000
17.872318000	0.474861000
17.872334000	0.474829000
17.872338000	0.474830000
17.872342000	0.474785000
17.872345000	0.474785000
17.872348000	0.474738000
17.872354000	0.474741000
17.872359000	0.474696000
17.872366000	0.474700000
17.872370000	0.474654000
17.880251000	0.482532000
17.880268000	0.482500000
17.880272000	0.482501000
17.887241000	0.489419000
17.887258000	0.489433000
17.887262000	0.489388000
17.887266000	0.489389000
17.887270000	0.489344000
17.887273000	0.489344000
17.895330000	0.489015000
17.902380000	0.496061000
17.902397000	0.496038000
17.902401000	0.496039000
17.902405000	0.495995000
17.902409000	0.495996000
17.902413000	0.495941000
17.902417000	0.495940000
17.902421000	0.495845000
17.920199000	0.513617000
17.920219000	0.513560000
17.920224000	0.513559000
17.920229000	0.513527000
17.927278000	0.513076000
17.927295000	0.513061000
17.927299000	0.513012000
17.927303000	0.506023000
17.935350000	0.514032000
17.942254000	0.520842000
17.942270000	0.520027000
17.942275000	0.511953000
17.958234000	0.520957000
17.965343000	0.528028000
17.965359000	0.527992000
17.965364000	0.527948000
17.965369000	0.527900000
17.965373000	0.527852000
17.966249000	0.528675000
17.966264000	0.528638000
17.972177000	0.533929000
17.972193000	0.525860000
17.972198000	0.518893000
17.972356000	0.519001000
17.988296000	0.534887000
17.988314000	0.534850000
17.988319000	0.534756000
18.000279000	0.546623000
18.000295000	0.546550000
18.000299000	0.546490000
18.007260000	0.553025000
18.007279000	0.553003000
18.007284000	0.552954000
18.007289000	0.552906000
18.007293000	0.526827000
18.007298000	0.526795000
18.020270000	0.539713000
18.020287000	0.539675000
18.020292000	0.539623000
18.027177000	0.546453000
18.027196000	0.539862000
18.028210000	0.540826000
18.043323000	0.555884000
18.043333000	0.555839000
18.043339000	0.555788000
18.043439000	0.555831000
18.043448000	0.555784000
18.043454000	0.555736000
18.043460000	0.555687000
18.043466000	0.555639000
18.060248000	0.572368000
18.060268000	0.572331000
18.115415000	0.627077000
18.164241000	0.040839000
