3.409934000	1388
3.409942000	2776
3.409973000	4164
3.409977000	5552
3.410027000	6940
3.410031000	8328
3.410073000	9716
3.410075000	11104
3.410125000	12492
3.410127000	13880
3.447469000	13880
3.453334000	11104
3.453337000	12492
3.459177000	5552
3.459180000	6940
3.462505000	8328
3.462508000	9716
3.465832000	11104
3.465836000	12492
3.469133000	13880
3.469136000	15268
3.472460000	16656
3.472463000	18044
3.475846000	19432
3.475850000	20820
3.479116000	22208
3.479120000	23596
3.479156000	24984
3.482446000	26372
3.482449000	27760
3.485803000	27760
3.485806000	29148
3.488538000	29148
3.488541000	30536
3.492515000	30536
3.492519000	31924
3.522496000	31924
3.522500000	33312
3.523833000	33312
3.523836000	34700
3.527490000	34700
3.527494000	36088
3.529132000	36088
3.529136000	37476
3.531779000	22208
3.531782000	23596
3.534461000	22208
3.534465000	23596
3.536251000	24984
3.536255000	26372
3.538101000	24984
3.538104000	26372
3.538175000	27760
3.539810000	29148
3.539813000	30536
3.541605000	31924
3.541608000	33312
3.543312000	30536
3.543315000	31924
3.544866000	33312
3.544870000	34700
3.546450000	36088
3.546452000	37476
3.548033000	38864
3.548035000	40252
3.549677000	41640
3.549680000	43028
3.551232000	44416
3.551235000	45804
3.552786000	47192
3.552789000	48580
3.554368000	49968
3.554370000	51356
3.555952000	52744
3.557556000	52744
3.558374000	52744
3.558377000	54132
3.558413000	55520
3.561477000	55520
3.561481000	56908
3.562279000	54132
3.562281000	55520
3.563862000	56908
3.563865000	58296
3.565448000	59684
3.565451000	61072
3.567505000	61072
3.567509000	62460
3.568644000	62460
3.568648000	63848
3.572568000	63848
3.572572000	65236
3.573404000	61072
3.573407000	62460
3.574996000	63848
3.574999000	65236
3.576543000	66624
3.576547000	68012
3.578126000	66624
3.578129000	68012
3.579708000	69400
3.582533000	69400
3.583349000	63848
3.583353000	65236
3.583423000	66624
3.584919000	68012
3.584923000	69400
3.586527000	66624
3.586536000	68012
3.588067000	66624
3.588070000	68012
3.589490000	69400
3.589494000	70788
3.591011000	72176
3.592737000	72176
3.593483000	72176
3.593486000	73564
3.594858000	66624
3.594862000	68012
3.596081000	69400
3.596084000	70788
3.597336000	72176
3.597339000	73564
3.598534000	66624
3.598536000	68012
3.599285000	69400
3.599290000	70788
3.600028000	72176
3.600031000	73564
3.600103000	74952
3.600773000	68012
3.600775000	69400
3.601497000	70788
3.601501000	72176
3.602191000	73564
3.602194000	74952
3.602854000	73564
3.602857000	74952
3.603547000	76340
3.603550000	77728
3.604263000	79116
3.604267000	80504
3.604935000	73564
3.604937000	74952
3.605598000	76340
3.605602000	77728
3.606234000	79116
3.606236000	80504
3.606841000	81892
3.606845000	83280
3.607524000	84668
3.607527000	86056
3.608101000	84668
3.608103000	86056
3.608104000	87444
3.608766000	88832
3.608770000	90220
3.609400000	91608
3.609403000	92996
3.610037000	94384
3.610040000	95772
3.610642000	97160
3.610646000	98548
3.611274000	99936
3.611277000	101324
3.611936000	102712
3.611940000	104100
3.612550000	102712
3.612553000	104100
3.613202000	105488
3.613206000	106876
3.613811000	108264
3.613814000	109652
3.614512000	111040
3.614515000	112428
3.615075000	106876
3.615111000	108264
3.615744000	109652
3.615748000	111040
3.615749000	112428
3.616305000	113816
3.616307000	115204
3.616942000	116592
3.616945000	117980
3.617546000	116592
3.617548000	117980
3.618164000	119368
3.618167000	120756
3.618745000	122144
3.618748000	123532
3.619352000	124920
3.619354000	126308
3.622536000	126308
3.622540000	127696
3.622872000	126308
3.622874000	127696
3.623490000	129084
3.623493000	130472
3.624535000	130472
3.624540000	131860
3.624854000	127696
3.624857000	129084
3.625461000	130472
3.625462000	131860
3.625463000	133248
3.626071000	134636
3.626074000	136024
3.626682000	137412
3.627468000	137412
3.627778000	137412
3.627780000	138800
3.628388000	140188
3.630496000	140188
3.630806000	137412
3.630807000	138800
3.631414000	140188
3.631415000	141576
3.632026000	142964
3.632029000	144352
3.632637000	142964
3.632639000	144352
3.633278000	145740
3.633281000	147128
3.633888000	148516
3.634485000	148516
3.634795000	140188
3.634797000	141576
3.635435000	142964
3.635438000	144352
3.635439000	145740
3.636044000	147128
3.636047000	148516
3.636656000	149904
3.636659000	151292
3.637267000	152680
3.637271000	154068
3.637879000	155456
3.637882000	156844
3.638458000	158232
3.638461000	159620
3.642519000	158232
3.642523000	159620
3.642855000	161008
3.642856000	162396
3.644547000	161008
3.644551000	162396
3.644884000	152680
3.644885000	154068
3.645468000	155456
3.645471000	156844
3.646052000	158232
3.646055000	159620
3.646617000	161008
3.646621000	162396
3.646623000	163784
3.647226000	165172
3.647230000	166560
3.647816000	162396
3.647820000	163784
3.648389000	165172
3.648391000	166560
3.648961000	167948
3.648965000	169336
3.649536000	170724
3.649539000	172112
3.650111000	173500
3.650115000	174888
3.650686000	176276
3.650689000	177664
3.651260000	179052
3.652489000	177664
3.652785000	176276
3.652787000	177664
3.653354000	179052
3.654514000	177664
3.654808000	165172
3.654811000	166560
3.655366000	167948
3.655369000	169336
3.655371000	170724
3.655865000	172112
3.655868000	173500
3.656423000	174888
3.656440000	176276
3.656969000	177664
3.656972000	179052
3.657465000	180440
3.657467000	181828
3.657972000	177664
3.657974000	179052
3.658524000	180440
3.658528000	181828
3.659070000	183216
3.659073000	184604
3.659555000	185992
3.659558000	187380
3.660080000	188768
3.660082000	190156
3.662504000	188768
3.662508000	190156
3.662775000	188768
3.662777000	190156
3.663306000	191544
3.663309000	192932
3.663310000	194320
3.663854000	195708
3.664538000	194320
3.664805000	181828
3.664807000	183216
3.665308000	184604
3.665310000	185992
3.665760000	187380
3.665762000	188768
3.666211000	190156
3.666213000	191544
3.666676000	192932
3.666679000	194320
3.667142000	195708
3.667144000	197096
3.667609000	192932
3.667612000	194320
3.668077000	195708
3.668079000	197096
3.668547000	198484
3.668550000	199872
3.669015000	201260
3.669017000	202648
3.669499000	204036
3.669501000	205424
3.669966000	206812
3.669967000	208200
3.669968000	209588
3.670436000	210976
3.670439000	212364
3.671200000	163784
3.671204000	165172
3.671347000	163784
3.671349000	165172
3.671631000	166560
3.671633000	167948
3.671916000	169336
3.671920000	170724
3.672199000	172112
3.672201000	173500
3.672486000	174888
3.672487000	176276
3.672769000	172112
3.672770000	173500
3.673044000	174888
3.673045000	176276
3.673318000	177664
3.673320000	179052
3.673593000	180440
3.673595000	181828
3.673868000	183216
3.673870000	184604
3.673871000	185992
3.674143000	187380
3.674145000	188768
3.674440000	190156
3.674441000	191544
3.674692000	176276
3.674693000	177664
3.674957000	179052
3.674958000	180440
3.675222000	181828
3.675223000	183216
3.675487000	184604
3.675489000	185992
3.675754000	187380
3.675755000	188768
3.676021000	190156
3.676024000	191544
3.676288000	192932
3.676290000	194320
3.676553000	195708
3.676555000	197096
3.676819000	198484
3.676822000	199872
3.677083000	201260
3.677085000	202648
3.677086000	204036
3.677347000	205424
3.677349000	206812
3.677612000	202648
3.677614000	204036
3.677881000	205424
3.677883000	206812
3.678144000	208200
3.678146000	209588
3.678410000	210976
3.678412000	212364
3.678674000	213752
3.678676000	215140
3.678939000	216528
3.678941000	217916
3.679206000	219304
3.679208000	220692
3.679470000	222080
3.679472000	223468
3.679734000	224856
3.679735000	226244
3.680006000	227632
3.680008000	229020
3.680265000	230408
3.680266000	231796
3.680267000	233184
3.680530000	234572
3.680531000	235960
3.680795000	237348
3.680796000	238736
3.681060000	240124
3.681062000	241512
3.681325000	242900
3.681327000	244288
3.681591000	245676
3.681592000	247064
3.681856000	248452
3.681857000	249840
3.682121000	251228
3.682123000	252616
3.682412000	254004
3.682414000	255392
3.682652000	252616
3.682653000	254004
3.682919000	255392
3.682921000	256780
3.683183000	258168
3.683184000	259556
3.683448000	260944
3.683450000	262332
3.683451000	263720
3.683713000	265108
3.683714000	266496
3.684000000	267884
3.684007000	269272
3.684246000	270660
3.684248000	272048
3.684510000	270660
3.684512000	272048
3.684778000	269272
3.684781000	270660
3.685045000	272048
3.685047000	273436
3.685308000	274824
3.685311000	276212
3.685572000	277600
3.685574000	278988
3.685838000	280376
3.685840000	281764
3.686106000	283152
3.686108000	284540
3.686369000	285928
3.686371000	287316
3.686634000	288704
3.686636000	290092
3.686638000	291480
3.686899000	292868
3.686901000	294256
3.687164000	295644
3.687166000	297032
3.687432000	298420
3.687434000	299808
3.687694000	297032
3.687696000	298420
3.687958000	299808
3.687960000	301196
3.688224000	302584
3.688225000	303972
3.688511000	305360
3.688513000	306748
3.688754000	308136
3.690511000	308136
3.690649000	302584
3.690654000	303972
3.690913000	294256
3.690914000	295644
3.691175000	297032
3.691176000	298420
3.691441000	299808
3.691442000	301196
3.691443000	302584
3.691706000	303972
3.691708000	305360
3.691975000	306748
3.691977000	308136
3.692237000	309524
3.692238000	310912
3.692502000	309524
3.692504000	310912
3.692769000	312300
3.692771000	313688
3.693034000	315076
3.693036000	316464
3.693299000	317852
3.693301000	319240
3.693566000	320628
3.693568000	322016
3.693828000	323404
3.693830000	324792
3.694094000	326180
3.694096000	327568
3.694360000	328956
3.694361000	330344
3.694627000	323404
3.694629000	324792
3.694631000	326180
3.694890000	327568
3.694891000	328956
3.695155000	330344
3.695156000	331732
3.695420000	333120
3.695421000	334508
3.695708000	335896
3.695709000	337284
3.695952000	338672
3.697574000	338672
3.697710000	338672
3.697711000	340060
3.697974000	341448
3.698547000	341448
3.698683000	333120
3.698684000	334508
3.698947000	322016
3.698948000	323404
3.699212000	324792
3.699213000	326180
3.699479000	327568
3.699481000	328956
3.699744000	330344
3.699746000	331732
3.700010000	333120
3.700012000	334508
3.700014000	335896
3.700275000	337284
3.700276000	338672
3.700539000	340060
3.700541000	341448
3.700805000	342836
3.700807000	344224
3.701070000	345612
3.701071000	347000
3.701336000	348388
3.701337000	349776
3.701601000	351164
3.701602000	352552
3.701865000	353940
3.701866000	355328
3.702130000	356716
3.702131000	358104
3.702397000	359492
3.702399000	360880
3.702662000	359492
3.702664000	360880
3.702927000	362268
3.702929000	363656
3.703192000	365044
3.703193000	366432
3.703194000	367820
3.703456000	369208
3.704524000	369208
3.704660000	363656
3.704661000	365044
3.704926000	366432
3.704928000	367820
3.705191000	369208
3.705193000	370596
3.705456000	371984
3.705458000	373372
3.705720000	370596
3.705721000	371984
3.705984000	373372
3.705985000	374760
3.706251000	376148
3.706252000	377536
3.706515000	378924
3.706516000	380312
3.707486000	380312
3.707492000	380312
3.712510000	380312
3.712519000	380312
3.714538000	380312
3.714547000	380312
3.714553000	380312
3.714690000	378924
3.714691000	380312
3.717511000	380312
3.717520000	380312
3.717656000	380312
3.720556000	380312
3.720694000	374760
3.720695000	376148
3.720958000	362268
3.720960000	363656
3.721230000	348388
3.721232000	349776
3.721473000	347000
3.721475000	348388
3.721726000	349776
3.721728000	351164
3.721978000	352552
3.721979000	353940
3.722231000	355328
3.722232000	356716
3.722484000	355328
3.722485000	356716
3.722738000	356716
3.722739000	358104
3.722740000	359492
3.722990000	360880
3.722992000	362268
3.723244000	363656
3.723245000	365044
3.723497000	366432
3.723498000	367820
3.723754000	369208
3.723756000	370596
3.724008000	371984
3.724010000	373372
3.724260000	374760
3.724261000	376148
3.724514000	374760
3.724515000	376148
3.724766000	373372
3.724768000	374760
3.725021000	376148
3.725023000	377536
3.725274000	378924
3.725276000	380312
3.725527000	381700
3.725528000	383088
3.725780000	384476
3.725782000	385864
3.725783000	387252
3.726035000	388640
3.726036000	390028
3.726286000	391416
3.726288000	392804
3.726540000	394192
3.726542000	395580
3.726793000	396968
3.727482000	396968
3.727611000	396968
3.730562000	396968
3.730694000	390028
3.730696000	391416
3.730946000	378924
3.730948000	380312
3.731197000	367820
3.731198000	369208
3.731450000	370596
3.731452000	371984
3.731706000	373372
3.731707000	374760
3.731960000	376148
3.731962000	377536
3.732213000	378924
3.732215000	380312
3.732216000	381700
3.732468000	377536
3.732469000	378924
3.732721000	377536
3.732723000	378924
3.732971000	380312
3.732972000	381700
3.733225000	383088
3.733226000	384476
3.733480000	385864
3.733482000	387252
3.733733000	388640
3.733734000	390028
3.733986000	391416
3.733988000	392804
3.734241000	394192
3.734243000	395580
3.734491000	394192
3.734493000	395580
3.734745000	385864
3.734746000	387252
3.734998000	388640
3.734999000	390028
3.735252000	391416
3.735254000	392804
3.735255000	394192
3.735506000	395580
3.735507000	396968
3.737501000	395580
3.737505000	396968
3.737635000	395580
3.737637000	396968
3.738574000	395580
3.738578000	396968
3.738709000	383088
3.738710000	384476
3.738957000	371984
3.738959000	373372
3.739195000	369208
3.739196000	370596
3.739412000	371984
3.739414000	373372
3.739630000	374760
3.739631000	376148
3.739848000	377536
3.739849000	378924
3.740067000	380312
3.740068000	381700
3.740284000	383088
3.740285000	384476
3.740286000	385864
3.740502000	387252
3.740503000	388640
3.740719000	390028
3.740720000	391416
3.740937000	392804
3.740938000	394192
3.741155000	395580
3.741157000	396968
3.741374000	398356
3.741376000	399744
3.741590000	401132
3.741592000	402520
3.741807000	403908
3.741809000	405296
3.742026000	406684
3.742027000	408072
3.742245000	409460
3.742246000	410848
3.742460000	412236
3.742461000	413624
3.742678000	412236
3.742679000	413624
3.742895000	415012
3.742896000	416400
3.742897000	417788
3.743113000	419176
3.743114000	420564
3.743331000	421952
3.744517000	421952
3.744629000	417788
3.744631000	419176
3.744847000	420564
3.744849000	421952
3.745064000	423340
3.745065000	424728
3.745281000	426116
3.745283000	427504
3.745507000	427504
3.745508000	428892
3.745716000	421952
3.745717000	423340
3.745933000	410848
3.745934000	412236
3.746147000	402520
3.746152000	403908
3.746356000	405296
3.746357000	406199
3.746358000	406199
3.746549000	406199
3.746550000	406199
3.778746000	406199
