8.059001000	1388
8.059014000	2776
8.059074000	4164
8.059082000	5552
8.059164000	6940
8.059170000	8328
8.059256000	9716
8.059262000	11104
8.059348000	12492
8.059353000	13880
8.118553000	13880
8.118562000	15268
8.118593000	15268
8.118597000	16656
8.123511000	16656
8.123519000	18044
8.123627000	18044
8.123632000	19432
8.126545000	19432
8.126551000	20820
8.126590000	19432
8.126594000	20820
8.158562000	16656
8.158568000	18044
8.158601000	18044
8.158605000	19432
8.158677000	20820
8.158680000	22208
8.158727000	23596
8.158730000	24984
8.158781000	26372
8.158784000	27760
8.158870000	29148
8.158873000	30536
8.163539000	30536
8.163545000	31924
8.163580000	31924
8.163584000	33312
8.166649000	33312
8.166655000	34700
8.166702000	29148
8.166705000	30536
8.166809000	30536
8.166814000	31924
8.166892000	31924
8.166899000	33312
8.166964000	34700
8.166967000	36088
8.167057000	37476
8.167062000	38864
8.167137000	40252
8.167143000	41640
8.167226000	43028
8.167232000	44416
8.193597000	44416
8.193606000	44416
8.197548000	44416
8.197557000	44416
8.197584000	43028
8.197587000	44416
8.197636000	44416
8.198509000	44416
8.198514000	44416
8.201610000	44416
8.201619000	44416
8.201636000	41640
8.201639000	43028
8.201687000	44416
8.203495000	44416
8.203500000	44416
8.206528000	44416
8.208514000	44416
8.208523000	44416
8.211577000	44416
8.211581000	45804
8.211614000	44416
8.211618000	45804
8.211684000	43028
8.211690000	44416
8.211730000	44416
8.211733000	45804
8.211940000	45804
8.211950000	45804
8.211977000	41640
8.211979000	43028
8.212033000	44416
8.212036000	45804
8.228511000	45804
8.228526000	45804
8.233546000	45804
8.233559000	45804
8.233582000	44416
8.233585000	45804
8.233638000	45804
8.238557000	45804
8.238560000	47192
8.238634000	47192
8.243579000	47192
8.243588000	47192
8.243623000	44416
8.243626000	45804
8.246533000	44416
8.246537000	45804
8.246572000	44416
8.246574000	45804
8.246623000	47192
8.248510000	47192
8.248518000	47192
8.253551000	47192
8.253560000	47192
8.255528000	47192
8.255537000	47192
8.255615000	45804
8.255619000	47192
8.255657000	45804
8.255659000	47192
8.255744000	48580
8.256498000	48580
8.256539000	47192
8.256542000	48580
8.256588000	47192
8.256590000	48580
8.263508000	47192
8.263512000	48580
8.265576000	47192
8.265580000	48580
8.268491000	47192
8.268495000	48580
8.268529000	47192
8.268532000	48580
8.273551000	47192
8.273554000	48580
8.278566000	47192
8.278569000	48580
8.278642000	47192
8.278647000	48580
8.283516000	47192
8.283521000	48580
8.283557000	47192
8.283560000	48580
8.283609000	49968
8.285553000	48580
8.285556000	49968
8.285612000	48580
8.285614000	49968
8.288525000	48580
8.288529000	49968
8.288562000	48580
8.288565000	49968
8.293504000	48580
8.293508000	49968
8.293567000	48580
8.293569000	49968
8.295607000	48580
8.295611000	49968
8.295638000	48580
8.295641000	49968
8.298530000	48580
8.298535000	49968
8.298569000	48580
8.298573000	49968
8.298623000	51356
8.303553000	49968
8.303556000	51356
8.303629000	49968
8.303633000	51356
8.306574000	49968
8.306577000	51356
8.323589000	49968
8.323592000	51356
8.323625000	49968
8.323628000	51356
8.326544000	49968
8.326548000	51356
8.326582000	36088
8.326585000	37476
8.326648000	36088
8.326653000	37476
8.326687000	38864
8.326690000	40252
8.326738000	41640
8.326740000	43028
8.326789000	44416
8.326791000	45804
8.326843000	47192
8.326844000	48580
8.326895000	49968
8.326897000	51356
8.326947000	52744
8.328555000	51356
8.328558000	52744
8.328631000	51356
8.328635000	52744
8.333537000	51356
8.333541000	52744
8.333572000	48580
8.333575000	49968
8.333627000	51356
8.333629000	52744
8.338567000	51356
8.338571000	52744
8.338643000	51356
8.338648000	52744
8.338725000	54132
8.343573000	52744
8.343576000	54132
8.368542000	52744
8.368545000	54132
8.368578000	52744
8.368581000	54132
8.371575000	52744
8.371578000	54132
8.371684000	44416
8.371687000	45804
8.371757000	47192
8.371760000	48580
8.371847000	49968
8.371851000	51356
8.371933000	52744
8.371937000	54132
8.373540000	52744
8.373544000	54132
8.373576000	52744
8.373579000	54132
8.373627000	55520
8.378599000	54132
8.378602000	55520
8.378685000	54132
8.378688000	55520
8.378790000	54132
8.378794000	55520
8.383545000	54132
8.383549000	55520
8.383628000	51356
8.383632000	52744
8.383708000	54132
8.383712000	55520
8.388496000	54132
8.388499000	55520
8.388534000	54132
8.388536000	55520
8.391567000	54132
8.391570000	55520
8.391603000	54132
8.391605000	55520
8.391655000	56908
8.403697000	55520
8.403701000	56908
8.403735000	55520
8.403737000	56908
8.406546000	55520
8.406550000	56908
8.406586000	52744
8.406588000	54132
8.406636000	52744
8.406639000	54132
8.406688000	55520
8.406690000	56908
8.408528000	55520
8.408531000	56908
8.408603000	55520
8.408607000	56908
8.413518000	55520
8.413521000	56908
8.413580000	55520
8.413583000	56908
8.413631000	58296
8.416507000	56908
8.416510000	58296
8.416549000	54132
8.416551000	55520
8.416600000	51356
8.416602000	52744
8.416651000	54132
8.416654000	55520
8.416703000	56908
8.416705000	58296
8.418505000	56908
8.418508000	58296
8.423549000	56908
8.423552000	58296
8.423617000	56908
8.423621000	58296
8.428550000	56908
8.428553000	58296
8.428662000	56908
8.428666000	58296
8.428744000	59684
8.438482000	58296
8.438486000	59684
8.438519000	58296
8.438521000	59684
8.441597000	58296
8.441600000	59684
8.441634000	52744
8.441636000	54132
8.441687000	52744
8.441689000	54132
8.441739000	55520
8.441740000	56908
8.441796000	58296
8.441799000	59684
8.443536000	58296
8.443539000	59684
8.448622000	58296
8.448625000	59684
8.448693000	58296
8.448695000	59684
8.448731000	61072
8.451595000	59684
8.451598000	61072
8.458538000	59684
8.458542000	61072
8.458558000	59684
8.458560000	61072
8.463518000	59684
8.463524000	61072
8.463558000	59684
8.463561000	61072
8.466512000	52744
8.466516000	54132
8.466547000	52744
8.466549000	54132
8.466677000	55520
8.466681000	56908
8.466780000	58296
8.466784000	59684
8.466885000	61072
8.466889000	62460
8.468540000	61072
8.468544000	62460
8.468617000	61072
8.468621000	62460
8.473522000	61072
8.473526000	62460
8.473560000	61072
8.473563000	62460
8.483592000	61072
8.483596000	62460
8.483622000	61072
8.483625000	62460
8.486616000	61072
8.486622000	62460
8.486659000	55520
8.486662000	56908
8.486712000	58296
8.486716000	59684
8.486767000	61072
8.486770000	62460
8.486822000	63848
8.488533000	62460
8.488537000	63848
8.488616000	62460
8.488620000	63848
8.493535000	62460
8.493538000	63848
8.493593000	62460
8.493595000	63848
8.496592000	62460
8.496595000	63848
8.503559000	62460
8.503562000	63848
8.503636000	62460
8.503640000	63848
8.508612000	62460
8.508615000	63848
8.519611000	62460
8.519615000	63848
8.519719000	51356
8.519722000	52744
8.519834000	47192
8.519838000	48580
8.519911000	47192
8.519915000	48580
8.519993000	49968
8.519997000	51356
8.520074000	52744
8.520078000	54132
8.520155000	55520
8.520159000	56908
8.520237000	58296
8.520241000	59684
8.520281000	61072
8.520283000	62460
8.520334000	63848
8.520336000	65236
8.529576000	63848
8.529579000	65236
8.529599000	61072
8.529601000	62460
8.529650000	63848
8.529652000	65236
8.529702000	66624
8.531580000	65236
8.531584000	66624
8.531627000	49968
8.531630000	51356
8.539317000	49968
8.539320000	51356
8.539393000	49968
8.539396000	51356
8.539475000	52744
8.539479000	54132
8.539556000	55520
8.539560000	56908
8.539670000	58296
8.539673000	59684
8.539739000	61072
8.539743000	62460
8.539821000	63848
8.539825000	65236
8.539867000	66624
8.539870000	68012
8.543517000	66624
8.543519000	68012
8.553629000	66624
8.553632000	68012
8.553659000	66624
8.553661000	68012
8.558540000	66624
8.558543000	68012
8.558616000	66624
8.558620000	68012
8.559610000	66624
8.559613000	68012
8.559657000	58296
8.559659000	59684
8.559745000	61072
8.559749000	62460
8.559826000	63848
8.559830000	65236
8.559908000	66624
8.559912000	68012
8.559952000	69400
8.563528000	68012
8.563531000	69400
8.563567000	68012
8.563569000	69400
8.568539000	68012
8.568542000	69400
8.568575000	65236
8.568577000	66624
8.568650000	68012
8.568652000	69400
8.569572000	68012
8.569575000	69400
8.573533000	68012
8.573537000	69400
8.573598000	68012
8.573600000	69400
8.578548000	68012
8.578551000	69400
8.578623000	68012
8.578627000	69400
8.578744000	70788
8.581521000	69400
8.581525000	70788
8.581559000	69400
8.581561000	70788
8.583614000	69400
8.583617000	70788
8.583656000	69400
8.583658000	70788
8.588527000	69400
8.588532000	70788
8.588569000	69400
8.588573000	70788
8.591631000	69400
8.591634000	70788
8.598525000	69400
8.598529000	70788
8.598602000	69400
8.598606000	70788
8.598683000	72176
8.601565000	70788
8.601568000	72176
8.601604000	62460
8.601611000	63848
8.601683000	49968
8.601685000	51356
8.601714000	52744
8.601716000	54132
8.601819000	55520
8.601821000	56908
8.601888000	58296
8.601892000	59684
8.601965000	61072
8.601969000	62460
8.602047000	63848
8.602051000	65236
8.602159000	66624
8.602164000	68012
8.602189000	69400
8.602192000	70788
8.602242000	72176
8.602244000	73564
8.603493000	70788
8.603496000	72176
8.603532000	73564
8.608549000	72176
8.608552000	73564
8.608625000	72176
8.608629000	73564
8.611580000	72176
8.611583000	73564
8.611664000	72176
8.611668000	73564
8.613540000	72176
8.613544000	73564
8.618557000	72176
8.618560000	73564
8.618594000	72176
8.618596000	73564
8.623587000	72176
8.623590000	73564
8.623662000	72176
8.623666000	73564
8.623744000	74952
8.626596000	73564
8.626601000	74952
8.626646000	73564
8.626663000	74952
8.633572000	73564
8.633576000	74952
8.633619000	73564
8.633637000	74952
8.636527000	73564
8.636531000	74952
8.636565000	73564
8.636567000	74952
8.636631000	73564
8.636636000	74952
8.638524000	73564
8.638527000	74952
8.638600000	73564
8.638606000	74952
8.638681000	76340
8.643651000	74952
8.643655000	76340
8.643728000	74952
8.643732000	76340
8.646539000	74952
8.646543000	76340
8.646625000	72176
8.646628000	73564
8.646702000	69400
8.646706000	70788
8.646785000	72176
8.646789000	73564
8.646867000	74952
8.646870000	76340
8.648553000	74952
8.648556000	76340
8.648574000	72176
8.648576000	73564
8.648626000	74952
8.648628000	76340
8.648678000	77728
8.673529000	76340
8.673533000	77728
8.673562000	76340
8.673565000	77728
8.676543000	76340
8.676547000	77728
8.676587000	72176
8.676589000	73564
8.676705000	40252
8.676712000	41640
8.676744000	43028
8.676746000	44416
8.676795000	45804
8.676797000	47192
8.676847000	48580
8.676849000	49968
8.676899000	51356
8.676901000	52744
8.676953000	54132
8.676955000	55520
8.677005000	56908
8.677007000	58296
8.677057000	59684
8.677059000	61072
8.677109000	62460
8.677111000	63848
8.677161000	65236
8.677163000	66624
8.677213000	68012
8.677215000	69400
8.677265000	70788
8.677266000	72176
8.677317000	73564
8.677320000	74952
8.677369000	76340
8.677371000	77728
8.677422000	79116
8.678495000	76340
8.678500000	77728
8.678536000	76340
8.678538000	77728
8.678587000	79116
8.678589000	80504
8.683507000	79116
8.683511000	80504
8.683575000	79116
8.683580000	80504
8.688555000	79116
8.688558000	80504
8.688623000	79116
8.688628000	80504
8.691523000	79116
8.691526000	80504
8.691603000	76340
8.691607000	77728
8.691709000	79116
8.691712000	80504
8.708478000	79116
8.708482000	80504
8.708510000	79116
8.708512000	80504
8.713577000	79116
8.713581000	80504
8.713623000	79116
8.713640000	80504
8.713674000	81892
8.718626000	80504
8.718629000	81892
8.718702000	80504
8.718706000	81892
8.721595000	80504
8.721598000	81892
8.721625000	80504
8.721628000	81892
8.723516000	80504
8.723520000	81892
8.723619000	80504
8.723623000	81892
8.726829000	80504
8.726832000	81892
8.726916000	74952
8.726920000	76340
