12.161189000	1408
12.161198000	2816
12.161268000	4224
12.161276000	5632
12.161358000	7040
12.161363000	8448
12.161450000	9856
12.161456000	11264
12.161538000	12672
12.161543000	14080
12.213344000	14080
12.213352000	15488
12.213459000	14080
12.213465000	15488
12.213525000	16896
12.213529000	18304
12.220446000	18304
12.220451000	19712
12.220495000	16896
12.221402000	12672
12.221408000	14080
12.221440000	15488
12.221444000	16896
12.221494000	18304
12.221498000	19712
12.221552000	21120
12.221556000	22528
12.221607000	23936
12.253311000	23936
12.253316000	25344
12.253347000	23936
12.253350000	25344
12.253446000	26752
12.253452000	28160
12.260415000	28160
12.260422000	29568
12.260565000	26752
12.260569000	28160
12.260628000	29568
12.260632000	30976
12.260683000	32384
12.260687000	33792
12.261355000	33792
12.261360000	35200
12.261390000	35200
12.261393000	36608
12.276420000	36608
12.276426000	38016
12.276552000	30976
12.276555000	32384
12.276605000	33792
12.276608000	35200
12.276706000	36608
12.276711000	38016
12.276794000	39424
12.276799000	40832
12.276882000	42240
12.276887000	43648
12.276969000	45056
12.276975000	46464
12.277334000	46464
12.277339000	47872
12.293349000	47872
12.293355000	49280
12.293383000	49280
12.293386000	50688
12.313390000	50688
12.313395000	52096
12.313424000	50688
12.313427000	52096
12.313523000	53504
12.313528000	54912
12.320521000	54912
12.320526000	56320
12.320709000	45056
12.320712000	46464
12.320768000	47872
12.320772000	49280
12.320824000	50688
12.320829000	52096
12.320880000	53504
12.320885000	54912
12.320939000	56320
12.320943000	57728
12.320994000	59136
12.320998000	60544
12.321050000	61952
12.321055000	63360
12.321106000	64768
12.321111000	66176
12.321161000	67584
12.321165000	68992
12.321398000	68992
12.321401000	70400
12.321438000	64768
12.321441000	66176
12.321492000	67584
12.321495000	68992
12.321546000	70400
12.321549000	71808
12.321600000	73216
12.321602000	74624
12.321653000	76032
12.321656000	77440
12.322311000	77440
12.322313000	78848
12.322411000	76032
12.322414000	77440
12.322443000	78848
12.322446000	80256
12.322497000	81664
12.322499000	83072
12.330235000	83072
12.330240000	84480
12.330328000	84480
12.330331000	85888
12.337364000	85888
12.337370000	87296
12.337425000	78848
12.337428000	80256
12.337523000	81664
12.337528000	83072
12.337610000	84480
12.337616000	85888
12.337703000	87296
12.337709000	88704
12.337791000	90112
12.337797000	91520
12.337883000	92928
12.337889000	94336
12.337924000	95744
12.337927000	97152
12.338375000	97152
12.338379000	98560
12.338413000	97152
12.338416000	98560
12.338467000	99968
12.338469000	101376
12.353401000	101376
12.353408000	102784
12.353590000	101376
12.353596000	102784
12.353656000	104192
12.353660000	105600
12.373396000	104192
12.373401000	105600
12.373430000	101376
12.373433000	102784
12.373531000	104192
12.373537000	105600
12.373619000	107008
12.373632000	108416
12.373659000	109824
12.373662000	111232
12.373713000	112640
12.373716000	114048
12.380350000	112640
12.380355000	114048
12.380390000	112640
12.380392000	114048
12.380436000	115456
12.380439000	116864
12.380488000	118272
12.380491000	119680
12.395290000	97152
12.395295000	98560
12.395298000	99968
12.395328000	101376
12.395332000	102784
12.395335000	104192
12.395412000	85888
12.395419000	87296
12.395506000	88704
12.395517000	90112
12.395521000	91520
12.395524000	92928
12.395602000	94336
12.395606000	95744
12.395609000	97152
12.395641000	98560
12.395645000	99968
12.395648000	101376
12.395702000	102784
12.395708000	104192
12.395712000	105600
12.395748000	107008
12.395752000	108416
12.395756000	109824
12.395803000	111232
12.395808000	112640
12.395812000	114048
12.395856000	115456
12.395860000	116864
12.395864000	118272
12.395908000	119680
12.395911000	121088
12.395914000	122496
12.395958000	123904
12.395961000	125312
12.395963000	126720
12.396011000	128128
12.396014000	129536
12.396016000	130944
12.396063000	132352
12.396066000	133760
12.396069000	135168
12.396116000	136576
12.396119000	137984
12.396122000	139392
12.396168000	140800
12.396171000	142208
12.396174000	143616
12.396220000	145024
12.396223000	146432
12.396226000	147840
12.396274000	149248
12.396277000	150656
12.396280000	152064
12.396325000	153472
12.396328000	154880
12.396330000	156288
12.396378000	157696
12.396380000	159104
12.396383000	160512
12.396431000	161920
12.396433000	163328
12.403272000	161920
12.403277000	163328
12.403280000	164736
12.403311000	166144
12.410369000	164736
12.410374000	166144
12.410377000	167552
12.410634000	135168
12.410638000	136576
12.410640000	137984
12.410688000	139392
12.410691000	140800
12.410694000	142208
12.410788000	143616
12.410794000	145024
12.410797000	146432
12.410879000	147840
12.410885000	149248
12.410888000	150656
12.410972000	152064
12.410978000	153472
12.410981000	154880
12.411041000	156288
12.411045000	157696
12.411047000	159104
12.411117000	160512
12.411120000	161920
12.411123000	163328
12.411167000	164736
12.411169000	166144
12.411172000	167552
12.411221000	168960
12.411224000	170368
12.411227000	171776
12.411274000	173184
12.411277000	174592
12.411280000	176000
12.411328000	177408
12.411330000	178816
12.411333000	180224
12.411381000	181632
12.411384000	183040
12.433393000	181632
12.433400000	183040
12.433404000	184448
12.433437000	183040
12.433441000	184448
12.440380000	178816
12.440385000	180224
12.440388000	181632
12.440447000	171776
12.440450000	173184
12.440452000	174592
12.440548000	176000
12.440554000	177408
12.440557000	178816
12.440640000	180224
12.440645000	181632
12.440648000	183040
12.440725000	184448
12.440733000	185856
12.440737000	187264
12.440769000	188672
12.440774000	190080
12.440777000	191488
12.440822000	192896
12.440826000	194304
12.440830000	195712
12.440876000	197120
12.440880000	198528
12.440884000	199936
12.440931000	201344
12.440935000	202752
12.440939000	204160
12.440985000	205568
12.440989000	206976
12.441426000	206976
12.441431000	208384
12.441435000	209792
12.441479000	206976
12.441483000	208384
12.441487000	209792
12.441532000	211200
12.441536000	212608
12.441540000	214016
12.441586000	215424
12.441590000	216832
12.441594000	218240
12.441640000	219648
12.442345000	219648
12.442358000	221056
12.442362000	222464
12.442372000	222464
12.442396000	222464
12.442399000	223872
12.442402000	225280
12.442405000	226688
12.442441000	228096
12.449368000	228096
12.449374000	229504
12.449377000	230912
12.449389000	230912
12.449440000	222464
12.449447000	223872
12.449454000	225280
12.449457000	226688
12.449540000	228096
12.449545000	229504
12.449548000	230912
12.449551000	232320
12.449633000	233728
12.449639000	235136
12.449642000	236544
12.449645000	237952
12.449727000	239360
12.449733000	240768
12.449736000	242176
12.449739000	243584
12.449823000	244992
12.449829000	246400
12.449832000	247808
12.449835000	249216
12.450268000	249216
12.450273000	250624
12.450285000	250624
12.450287000	252032
12.450306000	252032
12.450309000	253440
12.458286000	253440
12.458291000	254848
12.465431000	254848
12.465436000	256256
12.465448000	256256
12.465451000	257664
12.465748000	243584
12.465753000	244992
12.465756000	246400
12.465759000	247808
12.465807000	249216
12.465810000	250624
12.465813000	252032
12.465816000	253440
12.465907000	254848
12.465913000	256256
12.465916000	257664
12.465919000	259072
12.466002000	260480
12.466008000	261888
12.466011000	263296
12.466014000	264704
12.466098000	266112
12.466104000	267520
12.466107000	268928
12.466110000	270336
12.466194000	271744
12.466199000	273152
12.474295000	273152
12.474300000	274560
12.474312000	274560
12.474315000	275968
12.474354000	270336
12.474357000	271744
12.474359000	273152
12.474362000	274560
12.474405000	275968
12.474408000	277376
12.474410000	278784
12.474413000	280192
12.474457000	281600
12.474459000	283008
12.482395000	283008
12.482400000	284416
12.489342000	284416
12.489347000	285824
12.489365000	285824
12.489370000	287232
12.489419000	278784
12.489423000	280192
12.489425000	281600
12.489470000	283008
12.489473000	284416
12.489475000	285824
12.489522000	287232
12.489525000	288640
12.489528000	290048
12.489575000	291456
12.489578000	292864
12.489581000	294272
12.489627000	295680
12.489630000	297088
12.490382000	297088
12.490387000	298496
12.490400000	298496
12.490458000	287232
12.490461000	288640
12.490464000	290048
12.490558000	291456
12.490563000	292864
12.490567000	294272
12.490648000	295680
12.490654000	297088
12.490657000	298496
12.490739000	299904
12.490745000	301312
12.490748000	302720
12.490831000	304128
12.490837000	305536
12.490840000	306944
12.490900000	308352
12.490904000	309760
12.490906000	311168
12.490951000	312576
12.491507000	312576
12.491510000	313984
12.491527000	313984
12.491802000	305536
12.491807000	306944
12.491811000	308352
12.491853000	309760
12.491857000	311168
12.491861000	312576
12.491906000	313984
12.491910000	315392
12.491914000	316800
12.491960000	318208
12.491964000	319616
12.491968000	321024
12.492015000	322432
12.492019000	323840
12.492023000	325248
12.492352000	325248
12.492357000	326656
12.492376000	326656
12.492400000	325248
12.492415000	326656
12.492418000	328064
12.492422000	329472
12.492426000	330880
12.513396000	330880
12.513401000	332288
12.513415000	332288
12.513435000	332288
12.513438000	333696
12.513440000	335104
12.520404000	335104
12.520409000	336512
12.520422000	336512
12.520772000	323840
12.520776000	325248
12.520786000	326656
12.520840000	328064
12.520845000	329472
12.520848000	330880
12.520937000	332288
12.520943000	333696
12.520946000	335104
12.521029000	336512
12.521035000	337920
12.521038000	339328
12.521121000	340736
12.521127000	342144
12.521130000	343552
12.521212000	344960
12.521217000	346368
12.521220000	347776
12.521313000	347776
12.521317000	349184
12.521320000	350592
12.521354000	347776
12.521357000	349184
12.521361000	350592
12.521410000	349184
12.521414000	350592
12.521417000	352000
12.521460000	347776
12.521463000	349184
12.521466000	350592
12.521514000	352000
12.521517000	353408
12.521520000	354816
12.521567000	356224
12.521570000	357632
12.521573000	359040
12.521620000	360448
12.521623000	361856
12.521626000	363264
12.521677000	364672
12.521681000	366080
12.522361000	364672
12.522364000	366080
12.522367000	367488
12.522403000	366080
12.522405000	367488
12.522408000	368896
12.522456000	370304
12.522458000	371712
12.537371000	370304
12.537376000	371712
12.537379000	373120
12.537423000	360448
12.537426000	361856
12.537429000	363264
12.537522000	364672
12.537528000	366080
12.537531000	367488
12.537613000	368896
12.537619000	370304
12.537622000	371712
12.537703000	373120
12.537709000	374528
12.537712000	375936
12.537834000	377344
12.537839000	378752
12.537842000	380160
12.537925000	381568
12.537931000	382976
12.537933000	384384
12.537966000	385792
12.537969000	387200
12.537971000	388608
12.545247000	387200
12.545252000	388608
12.545255000	390016
12.545370000	391424
12.552328000	391424
12.552335000	392832
12.552348000	392832
12.552382000	388608
12.552386000	390016
12.552389000	391424
12.552496000	391424
12.552501000	392832
12.552504000	394240
12.552514000	394240
12.552533000	394240
12.552537000	395648
12.552540000	397056
12.552634000	398464
12.552640000	399872
12.552643000	401280
12.552646000	402688
12.552728000	404096
12.553333000	404096
12.553338000	405504
12.553350000	405504
12.553353000	406912
12.553379000	405504
12.553382000	406912
12.553385000	408320
12.553388000	409728
12.554453000	409728
12.554458000	411136
12.554470000	411136
12.554473000	412544
12.569314000	412544
12.569319000	413952
12.569472000	413952
12.569477000	415360
12.569489000	415360
12.569523000	411136
12.569526000	412544
12.569529000	413952
12.569622000	415360
12.569628000	416768
12.569631000	418176
12.569713000	419584
12.569718000	420992
12.569722000	422400
12.570402000	422400
12.570407000	423808
12.570419000	423808
12.570438000	423808
12.570441000	425216
12.570445000	426624
12.578318000	426624
12.578323000	428032
12.585356000	428032
12.585361000	429440
12.585374000	429440
12.585420000	422400
12.585423000	423808
12.585426000	425216
12.585519000	426624
12.585525000	428032
12.585528000	429440
12.585618000	430848
12.585624000	432256
12.585627000	433664
12.585702000	435072
12.585708000	436480
12.585711000	437888
12.585786000	439296
12.586326000	439296
12.586331000	440704
12.586343000	440704
12.586371000	440704
12.586374000	442112
12.586377000	443520
12.601286000	443520
12.601292000	444928
12.601303000	444928
12.601342000	439296
12.601345000	440704
12.601347000	442112
12.601393000	443520
12.601396000	444928
12.601399000	446336
12.601445000	447744
12.601449000	449152
12.601452000	450560
12.601500000	451968
12.601510000	453376
12.602424000	453376
12.602429000	454784
12.602445000	454784
12.602464000	454784
12.602467000	456192
12.602470000	457600
12.617389000	457600
12.617394000	459008
12.617406000	459008
12.617456000	450560
12.617459000	451968
12.617462000	453376
12.617554000	454784
12.617560000	456192
12.617563000	457600
12.617645000	459008
12.617651000	460416
12.617654000	461824
12.617736000	463232
12.617742000	464640
12.617746000	466048
12.617826000	467456
12.617832000	468864
12.617835000	470272
12.618384000	470272
12.618389000	471680
12.618401000	471680
12.618420000	471680
12.618423000	473088
12.618426000	474496
12.625442000	474496
12.625447000	475904
12.625459000	475904
12.625482000	474496
12.625486000	475904
12.625489000	477312
12.625542000	478720
12.625546000	480128
12.626330000	480128
12.626333000	481536
12.634317000	481536
12.634322000	482944
12.641491000	482944
12.641496000	484352
12.641509000	484352
12.641566000	477312
12.641569000	478720
12.641572000	480128
12.641607000	481536
12.641610000	482944
12.641613000	484352
12.641659000	485760
12.641662000	487168
12.641665000	488576
12.641711000	489984
12.641714000	491392
12.641717000	492800
12.641764000	494208
12.642433000	494208
12.642440000	495616
12.642456000	495616
12.642516000	489984
12.642520000	491392
12.642524000	492800
12.642571000	494208
12.642576000	495616
12.642580000	497024
12.642626000	498432
12.642630000	499840
12.642634000	501248
12.642686000	502656
12.642689000	504064
12.657266000	504064
12.657272000	505472
12.657283000	505472
12.657305000	504064
12.657308000	505472
12.657311000	506880
12.657353000	504064
12.657356000	505472
12.657359000	506880
12.657407000	508288
12.657409000	509696
12.657412000	511104
12.657458000	512512
12.657461000	513920
12.658356000	513920
12.658361000	515328
12.658377000	515328
12.658416000	512512
12.658421000	513920
12.658424000	515328
12.658473000	516736
12.658477000	518144
12.658481000	519552
12.658526000	520960
12.659285000	520960
12.659290000	522368
12.659302000	522368
12.659317000	523776
12.674487000	523776
12.674493000	525184
12.674580000	525184
12.674583000	526592
12.674592000	526592
12.674640000	518144
12.674643000	519552
12.674646000	520843
