24.392152000	1408
24.392158000	2816
24.392246000	4224
24.392251000	5632
24.392344000	7040
24.392347000	8448
24.392435000	9856
24.392438000	11264
24.392535000	12672
24.392538000	14080
24.442794000	14080
24.442799000	15488
24.442821000	14080
24.446768000	4224
24.446770000	5632
24.450541000	7040
24.450542000	8448
24.454352000	9856
24.454355000	11264
24.458097000	12672
24.458099000	14080
24.461909000	15488
24.461912000	16896
24.465652000	18304
24.465653000	19712
24.469439000	21120
24.469444000	22528
24.490588000	22528
24.490591000	23936
24.492442000	22528
24.492446000	23936
24.495729000	25344
24.495732000	26752
24.499040000	26752
24.499044000	28160
24.502340000	29568
24.505658000	29568
24.507316000	26752
24.507318000	28160
24.510627000	29568
24.510631000	30976
24.513939000	32384
24.513943000	33792
24.517242000	29568
24.517243000	30976
24.520561000	32384
24.520565000	33792
24.523864000	35200
24.523868000	36608
24.523970000	38016
24.527170000	39424
24.527174000	40832
24.537683000	40832
24.537690000	42240
24.539345000	39424
24.539347000	40832
24.542693000	42240
24.542697000	43648
24.545972000	45056
24.545975000	46464
24.552655000	46464
24.552661000	47872
24.553984000	38016
24.553988000	39424
24.555876000	39424
24.555879000	40832
24.557805000	42240
24.557809000	43648
24.559669000	45056
24.559673000	46464
24.561559000	47872
24.561560000	49280
24.563459000	43648
24.563462000	45056
24.565352000	45056
24.565356000	46464
24.567150000	47872
24.567154000	49280
24.568911000	50688
24.568912000	52096
24.570769000	53504
24.570773000	54912
24.572515000	54912
24.572518000	56320
24.574309000	57728
24.574312000	59136
24.574350000	60544
24.576128000	61952
24.576131000	63360
24.577905000	64768
24.577909000	66176
24.579700000	56320
24.579703000	57728
24.581335000	59136
24.581338000	60544
24.582972000	60544
24.582975000	61952
24.584604000	63360
24.584607000	64768
24.586251000	66176
24.586254000	67584
24.587901000	68992
24.587905000	70400
24.589549000	70400
24.589553000	71808
24.591138000	73216
24.591142000	74624
24.592802000	76032
24.592805000	77440
24.594434000	78848
24.594438000	80256
24.596095000	81664
24.596099000	83072
24.597673000	83072
24.597678000	84480
24.603651000	84480
24.603667000	84480
24.604556000	81664
24.604560000	83072
24.606132000	84480
24.627690000	84480
24.628517000	78848
24.628521000	80256
24.630102000	73216
24.630106000	74624
24.630145000	76032
24.631597000	77440
24.631601000	78848
24.633146000	80256
24.633156000	81664
24.634593000	83072
24.634595000	84480
24.636121000	74624
24.636125000	76032
24.637498000	77440
24.637501000	78848
24.638897000	80256
24.638901000	81664
24.640293000	83072
24.640296000	84480
24.641700000	85888
24.641705000	87296
24.643149000	88704
24.643153000	90112
24.644493000	90112
24.644496000	91520
24.645894000	92928
24.645898000	94336
24.647325000	95744
24.650751000	95744
24.651460000	88704
24.651495000	90112
24.652750000	88704
24.652753000	90112
24.654019000	91520
24.654021000	92928
24.655266000	94336
24.655270000	95744
24.656493000	97152
24.656497000	98560
24.657745000	99968
24.657749000	101376
24.657790000	102784
24.658992000	104192
24.658995000	105600
24.660262000	104192
24.660266000	105600
24.661544000	107008
24.661548000	108416
24.666730000	107008
24.666733000	108416
24.667399000	104192
24.667403000	105600
24.668611000	104192
24.668613000	105600
24.669865000	107008
24.669871000	108416
24.671170000	109824
24.671173000	111232
24.679748000	109824
24.679753000	111232
24.680417000	109824
24.680421000	111232
24.686691000	109824
24.686696000	111232
24.687328000	101376
24.687330000	102784
24.688497000	104192
24.688499000	105600
24.689708000	107008
24.689712000	108416
24.690853000	109824
24.690857000	111232
24.692021000	112640
24.692024000	114048
24.693229000	115456
24.693233000	116864
24.694704000	115456
24.694708000	116864
24.695493000	118272
24.695497000	119680
24.709680000	118272
24.710268000	116864
24.710272000	118272
24.711323000	119680
24.711327000	121088
24.712448000	122496
24.712452000	123904
24.713535000	125312
24.733675000	123904
24.734271000	119680
24.734273000	121088
24.735317000	121088
24.735321000	122496
24.736408000	123904
24.736410000	125312
24.739733000	125312
24.739755000	125312
24.740309000	118272
24.740312000	119680
24.741397000	119680
24.741400000	121088
24.742488000	122496
24.742491000	123904
24.743609000	125312
24.755626000	125312
24.756176000	122496
24.756178000	123904
24.757306000	122496
24.757309000	123904
24.758392000	125312
24.765723000	125312
24.766281000	122496
24.766286000	123904
24.767360000	125312
24.773778000	125312
24.780865000	125312
24.780876000	125312
24.780918000	119680
24.781520000	121088
24.781524000	122496
24.782585000	116864
24.782589000	118272
24.783653000	107008
24.783657000	108416
24.784743000	109824
24.784746000	111232
24.785867000	112640
24.785871000	114048
24.786922000	115456
24.786924000	116864
24.788036000	118272
24.788040000	119680
24.789125000	121088
24.789130000	122496
24.790253000	123904
24.790257000	125312
24.799690000	123904
24.799695000	125312
24.806809000	123904
24.806813000	125312
24.807368000	112640
24.807371000	114048
24.808508000	109824
24.808511000	111232
24.809548000	107008
24.809552000	108416
24.810636000	109824
24.810638000	111232
24.811730000	112640
24.811734000	114048
24.812814000	115456
24.812816000	116864
24.813905000	115456
24.813907000	116864
24.813938000	118272
24.814993000	119680
24.814994000	121088
24.816088000	122496
24.816090000	123904
24.817178000	125312
24.839670000	123904
24.840252000	122496
24.840327000	123904
24.841344000	125312
24.846748000	123904
24.847359000	111232
24.847363000	112640
24.848414000	102784
24.848418000	104192
24.849309000	104192
24.849314000	105600
24.850189000	107008
24.850193000	108416
24.851102000	109824
24.851106000	111232
24.851977000	112640
24.851980000	114048
24.852837000	115456
24.852840000	116864
24.853727000	118272
24.853732000	119680
24.854607000	121088
24.854610000	122496
24.855490000	123904
24.855492000	125312
24.856375000	126720
24.856377000	128128
24.857256000	128128
24.857258000	129536
24.858140000	130944
24.858142000	132352
24.859060000	133760
24.859064000	135168
24.859143000	136576
24.859907000	137984
24.859908000	139392
24.863660000	139392
24.863665000	140800
24.864160000	137984
24.864162000	139392
24.864994000	136576
24.864996000	137984
24.865883000	139392
24.865886000	140800
24.866800000	142208
24.866810000	143616
24.867649000	145024
24.867652000	146432
24.868534000	147840
24.868536000	149248
24.880667000	149248
24.880672000	150656
24.881144000	146432
24.881147000	147840
24.882001000	147840
24.882003000	149248
24.882949000	150656
24.882952000	152064
24.889606000	152064
24.896719000	152064
24.897166000	150656
24.897168000	152064
24.898046000	143616
24.898048000	145024
24.898932000	146432
24.898934000	147840
24.899822000	149248
24.899826000	150656
24.900701000	152064
24.905725000	152064
24.912669000	152064
24.913146000	152064
24.913655000	152064
24.920711000	152064
24.920739000	152064
24.921193000	149248
24.921198000	150656
24.922070000	145024
24.922071000	146432
24.922997000	142208
24.923001000	143616
24.923842000	142208
24.923845000	143616
24.924755000	145024
24.924757000	146432
24.925648000	147840
24.925653000	149248
24.926532000	150656
24.926537000	152064
24.939670000	152064
24.939695000	152064
24.946687000	152064
24.946700000	152064
24.947173000	146432
24.947176000	147840
24.948030000	142208
24.948032000	143616
24.948948000	139392
24.948952000	140800
24.949803000	142208
24.949807000	143616
24.950685000	145024
24.950687000	146432
24.951570000	147840
24.951572000	149248
24.952455000	150656
24.952458000	152064
24.956710000	152064
24.963706000	152064
24.963727000	152064
24.964889000	152064
24.964913000	150656
24.965361000	152064
24.965681000	150656
24.966283000	152064
24.974894000	150656
24.975339000	152064
24.981782000	150656
24.982261000	149248
24.982265000	150656
24.983122000	146432
24.983126000	147840
24.984001000	149248
24.984004000	150656
24.984919000	152064
24.988789000	150656
24.989268000	132352
24.989273000	133760
24.990119000	135168
24.990121000	136576
24.991043000	137984
24.991048000	139392
24.991915000	140800
24.991920000	142208
24.992817000	143616
24.992822000	145024
24.993667000	146432
24.993673000	147840
24.994573000	149248
24.994577000	150656
24.995463000	152064
25.003759000	150656
25.004199000	146432
25.004202000	147840
25.005121000	149248
25.005126000	150656
25.005218000	152064
25.020643000	150656
25.020648000	152064
25.027783000	150656
25.027789000	152064
25.028242000	145024
25.028247000	146432
25.029123000	142208
25.029126000	143616
25.030030000	139392
25.030033000	140800
25.030917000	142208
25.030921000	143616
25.031779000	145024
25.031784000	146432
25.032660000	147840
25.032662000	149248
25.033581000	150656
25.033586000	152064
25.037586000	150656
25.037593000	152064
25.038042000	142208
25.038046000	143616
25.038952000	145024
25.038956000	146432
25.039813000	147840
25.039818000	149248
25.040698000	150656
25.040701000	152064
25.046809000	150656
25.046815000	152064
25.053627000	150656
25.053632000	152064
25.054077000	147840
25.054079000	149248
25.054960000	150656
25.054962000	152064
25.068752000	150656
25.068756000	152064
25.068801000	145024
25.069246000	146432
25.069248000	147840
25.070129000	140800
25.070131000	142208
25.071014000	140800
25.071015000	142208
25.071898000	143616
25.071900000	145024
25.072777000	146432
25.072780000	147840
25.073658000	149248
25.073661000	150656
25.074538000	152064
25.085671000	150656
25.086116000	140800
25.086118000	142208
25.086992000	140800
25.086993000	142208
25.087879000	143616
25.087883000	145024
25.088755000	146432
25.088757000	147840
25.089671000	149248
25.089672000	150656
25.090516000	152064
25.099620000	150656
25.100128000	149248
25.100129000	150656
25.100941000	152064
25.106664000	150656
25.107107000	143616
25.107108000	145024
25.107985000	140800
25.107986000	142208
25.115377000	143616
25.115378000	145024
25.115405000	146432
25.122798000	142208
25.122800000	143616
25.130241000	145024
25.130244000	146432
25.137553000	139392
25.137555000	140800
25.144970000	142208
25.144972000	143616
25.152363000	119680
25.152367000	121088
25.159723000	122496
25.159724000	123904
25.167112000	105600
25.167112000	107008
25.174505000	102784
25.174507000	104192
25.181928000	102784
25.181930000	104192
25.189320000	105600
25.189322000	107008
25.196711000	94336
25.196714000	95744
25.204132000	97152
25.204135000	98560
25.211495000	91520
25.211498000	92928
25.218881000	94336
25.218884000	95744
25.226302000	94336
25.226305000	95744
25.233631000	63360
25.233632000	64768
25.241026000	66176
25.241028000	67584
25.248429000	63360
25.248432000	64768
25.248472000	66176
25.255808000	59136
25.255811000	60544
25.263195000	47872
25.263196000	49280
25.265735000	50688
25.265738000	52096
25.268310000	53504
25.268313000	54912
25.270821000	56320
25.270824000	57728
25.273388000	59136
25.273391000	60544
25.275899000	61952
25.275902000	63360
25.278444000	61952
25.278448000	63360
25.281010000	64768
25.281013000	66176
25.283550000	67584
25.283558000	68992
25.286067000	67584
25.286070000	68992
25.288609000	70400
25.288613000	71808
25.291165000	73216
25.291168000	74624
25.293798000	61952
25.293800000	63360
25.296224000	64768
25.296225000	66176
25.298761000	67584
25.298762000	68992
25.301305000	70400
25.301308000	71808
25.303865000	70400
25.303866000	71808
25.306386000	73216
25.306388000	74624
25.306456000	76032
25.308929000	74624
25.308932000	76032
25.311471000	77440
25.311475000	78848
25.314029000	80256
25.314036000	81664
25.316550000	83072
25.316553000	84480
25.319120000	85888
25.319123000	87296
25.321657000	88704
25.321660000	90112
25.324172000	80256
25.324175000	81664
25.326707000	83072
25.326708000	84480
25.329279000	85888
25.329283000	87296
25.331794000	88704
25.331797000	90112
25.334329000	91520
25.334332000	92928
25.336871000	94336
25.336873000	95744
25.339416000	97152
25.339419000	98560
25.341952000	88704
25.341954000	90112
25.344529000	91520
25.344532000	92928
25.347037000	94336
25.347040000	95744
25.349597000	97152
25.349600000	98560
25.352145000	99968
25.352148000	101376
25.352219000	102784
25.354657000	104192
25.354660000	105600
25.357227000	107008
25.359619000	105600
25.360644000	107008
25.366633000	105600
25.367669000	90112
25.367671000	91520
25.369688000	92928
25.369691000	94336
25.371716000	95744
25.371718000	97152
25.373782000	98560
25.373786000	99968
25.375782000	98560
25.375784000	99968
25.377876000	101376
25.377879000	102784
25.379879000	104192
25.379882000	105600
25.381915000	107008
25.382702000	105600
25.383934000	101376
25.383937000	102784
25.386012000	104192
25.386015000	105600
25.388012000	107008
25.398666000	105600
25.399689000	101376
25.399691000	102784
25.401753000	104192
25.401758000	105600
25.403758000	107008
25.407690000	105600
25.409410000	101376
25.409411000	102784
25.412825000	104192
25.412830000	105600
25.412913000	107008
25.416171000	105600
25.416177000	107008
25.422668000	105600
25.422673000	107008
25.424401000	99968
25.424405000	101376
25.427765000	97152
25.427769000	98560
25.431152000	99968
25.431157000	101376
25.434575000	102784
25.434579000	104192
25.437945000	105600
25.437950000	107008
25.441338000	99968
25.441343000	101376
25.444761000	102784
25.444766000	104192
25.448123000	105600
25.448127000	107008
25.455742000	105600
25.455745000	107008
25.457021000	99968
25.457022000	101376
25.459569000	99968
25.459572000	101376
25.462131000	102784
25.462135000	104192
25.464646000	105600
25.464650000	107008
25.467223000	105600
25.467227000	107008
25.472730000	105600
25.472736000	107008
25.474037000	94336
25.474040000	95744
25.474122000	97152
25.476591000	98560
25.476596000	99968
25.479132000	101376
25.479137000	102784
25.481634000	104192
25.481637000	105600
25.484175000	107008
25.488642000	105600
25.489957000	95744
25.489961000	97152
25.492455000	98560
25.492458000	99968
25.495036000	101376
25.495040000	102784
25.497568000	104192
25.497572000	105600
25.500082000	107008
25.506706000	105600
25.507982000	98560
25.507983000	99968
25.510521000	101376
25.510523000	102784
25.513065000	104192
25.513067000	105600
25.515645000	107008
25.515676000	105600
25.518150000	107008
25.530645000	105600
25.531919000	101376
25.531920000	102784
25.534459000	104192
25.534461000	105600
25.537002000	107008
25.538586000	105600
25.539861000	107008
25.545720000	105600
25.547022000	98560
25.547026000	99968
25.547108000	101376
25.549565000	97152
25.549569000	98560
25.552115000	99968
25.552120000	101376
25.554679000	102784
25.554684000	104192
25.557195000	102784
25.557199000	104192
25.559702000	105600
25.559707000	107008
25.562771000	105600
25.562775000	107008
25.564786000	102784
25.564789000	104075
