39.401279000	1408
39.401289000	2816
39.401364000	4224
39.401372000	5632
39.401454000	7040
39.401459000	8448
39.401543000	9856
39.401548000	11264
39.401633000	12672
39.401639000	14080
39.461332000	14080
39.461337000	15488
39.461371000	12672
39.461374000	14080
39.461440000	15488
39.461448000	16896
39.461481000	18304
39.461484000	19712
39.469454000	19712
39.469459000	21120
39.469519000	15488
39.469522000	16896
39.469582000	18304
39.469589000	19712
39.469625000	21120
39.469628000	22528
39.469676000	23936
39.469678000	25344
39.469728000	26752
39.513463000	26752
39.513469000	28160
39.513499000	26752
39.513503000	28160
39.513598000	29568
39.513604000	30976
39.520434000	30976
39.520446000	32384
39.520539000	25344
39.520548000	26752
39.520611000	23936
39.520616000	25344
39.520665000	26752
39.520669000	28160
39.520716000	29568
39.520719000	30976
39.520768000	32384
39.520771000	33792
39.520820000	35200
39.520823000	36608
39.520873000	38016
39.520876000	39424
39.520926000	40832
39.520929000	42240
39.520978000	43648
39.520981000	45056
39.521506000	45056
39.521512000	46464
39.521634000	40832
39.521643000	42240
39.521675000	43648
39.521680000	45056
39.521724000	46464
39.521728000	47872
39.521777000	49280
39.521782000	50688
39.521830000	52096
39.521834000	53504
39.561490000	53504
39.561495000	54912
39.561528000	53504
39.561531000	54912
39.561579000	56320
39.561582000	57728
39.573387000	57728
39.573392000	59136
39.573429000	56320
39.573432000	57728
39.573527000	59136
39.573532000	60544
39.573618000	61952
39.573624000	63360
39.580531000	63360
39.580536000	64768
39.580682000	50688
39.580689000	52096
39.580761000	53504
39.580767000	54912
39.580799000	56320
39.580803000	57728
39.580899000	59136
39.580905000	60544
39.580993000	61952
39.581000000	63360
39.581032000	64768
39.581035000	66176
39.581143000	67584
39.581148000	68992
39.581175000	70400
39.581178000	71808
39.581227000	73216
39.581230000	74624
39.581280000	76032
39.581283000	77440
39.581333000	78848
39.581336000	80256
39.581452000	80256
39.581457000	81664
39.581613000	73216
39.581617000	74624
39.581664000	76032
39.581667000	77440
39.581717000	78848
39.581720000	80256
39.581771000	81664
39.581774000	83072
39.581825000	84480
39.581827000	85888
39.581878000	87296
39.581881000	88704
39.581932000	90112
39.581935000	91520
39.589301000	91520
39.589306000	92928
39.589390000	92928
39.589392000	94336
39.589440000	94336
39.589443000	95744
39.596408000	95744
39.596413000	97152
39.596446000	94336
39.596449000	95744
39.596544000	97152
39.596549000	98560
39.596636000	99968
39.596642000	101376
39.603386000	101376
39.603391000	102784
39.603440000	95744
39.603443000	97152
39.603550000	95744
39.603555000	97152
39.603615000	98560
39.603619000	99968
39.603689000	101376
39.603692000	102784
39.603740000	104192
39.603743000	105600
39.603794000	107008
39.613467000	105600
39.613471000	107008
39.613502000	102784
39.613506000	104192
39.613555000	105600
39.613558000	107008
39.621365000	105600
39.621372000	107008
39.627503000	105600
39.627508000	107008
39.627676000	97152
39.627680000	98560
39.627728000	99968
39.627731000	101376
39.627781000	102784
39.627783000	104192
39.627848000	105600
39.627852000	107008
39.627890000	108416
39.635462000	108416
39.642424000	108416
39.642436000	108416
39.642466000	104192
39.642468000	105600
39.642518000	105600
39.642521000	107008
39.642569000	102784
39.642573000	104192
39.642622000	105600
39.642625000	107008
39.642674000	108416
39.643376000	108416
39.643388000	108416
39.643406000	108416
39.653451000	108416
39.653464000	108416
39.653487000	107008
39.653490000	108416
39.653541000	109824
39.660417000	109824
39.660506000	109824
39.660516000	109824
39.660557000	98560
39.660560000	99968
39.660610000	101376
39.660613000	102784
39.660670000	104192
39.660673000	105600
39.660715000	107008
39.660718000	108416
39.660767000	109824
39.661387000	108416
39.661392000	109824
39.661429000	105600
39.661436000	107008
39.661526000	108416
39.661532000	109824
39.661618000	111232
39.662458000	109824
39.662463000	111232
39.662500000	107008
39.662503000	108416
39.662598000	109824
39.662605000	111232
39.667467000	109824
39.667473000	111232
39.693491000	109824
39.693497000	111232
39.693662000	104192
39.693666000	105600
39.693714000	107008
39.693717000	108416
39.693814000	109824
39.693819000	111232
39.700421000	109824
39.700426000	111232
39.700487000	85888
39.700490000	87296
39.700538000	88704
39.700541000	90112
39.700590000	91520
39.700593000	92928
39.700643000	94336
39.700646000	95744
39.700699000	97152
39.700702000	98560
39.700801000	99968
39.700807000	101376
39.700897000	102784
39.700902000	104192
39.700988000	105600
39.700994000	107008
39.701079000	108416
39.701085000	109824
39.701166000	111232
39.701171000	112640
39.701342000	112640
39.701354000	112640
39.701382000	108416
39.701385000	109824
39.701435000	111232
39.701438000	112640
39.701490000	112640
39.701494000	114048
39.701543000	114048
39.716387000	114048
39.716400000	114048
39.716442000	104192
39.716445000	105600
39.716493000	107008
39.716496000	108416
39.716545000	109824
39.716548000	111232
39.716599000	112640
39.716602000	114048
39.717341000	114048
39.717466000	114048
39.717477000	114048
39.717520000	111232
39.717525000	112640
39.717575000	114048
39.717579000	115456
39.718322000	115456
39.726409000	115456
39.733546000	115456
39.733555000	115456
39.733688000	111232
39.733691000	112640
39.733727000	114048
39.733730000	115456
39.734456000	115456
39.734466000	115456
39.735378000	115456
39.743284000	115456
39.750507000	115456
39.750518000	115456
39.750565000	104192
39.750568000	105600
39.750620000	107008
39.750623000	108416
39.750675000	109824
39.750679000	111232
39.750730000	112640
39.750734000	114048
39.750785000	115456
39.750789000	116864
39.751336000	116864
39.751436000	116864
39.751441000	116864
39.751484000	108416
39.751486000	109824
39.751537000	111232
39.751539000	112640
39.751590000	114048
39.751592000	115456
39.751643000	116864
39.752423000	116864
39.752428000	116864
39.752473000	112640
39.752475000	114048
39.752527000	115456
39.752528000	116864
39.752579000	118272
39.753339000	118272
39.784408000	116864
39.784412000	118272
39.784555000	91520
39.784558000	92928
39.784593000	94336
39.784598000	95744
39.784682000	97152
39.784686000	98560
39.784765000	99968
39.784769000	101376
39.784847000	102784
39.784851000	104192
39.784929000	105600
39.784933000	107008
39.784973000	108416
39.784975000	109824
39.785026000	111232
39.785028000	112640
39.785078000	114048
39.785081000	115456
39.785132000	116864
39.785134000	118272
39.785185000	119680
39.791386000	118272
39.791389000	119680
39.791427000	112640
39.791429000	114048
39.791503000	112640
39.791505000	114048
39.791551000	109824
39.791553000	111232
39.791604000	112640
39.791606000	114048
39.791657000	115456
39.791660000	116864
39.791710000	118272
39.791712000	119680
39.792429000	118272
39.792432000	119680
39.792485000	115456
39.792488000	116864
39.792533000	118272
39.792535000	119680
39.792586000	121088
39.793351000	119680
39.793354000	121088
39.793438000	111232
39.793442000	112640
39.793482000	114048
39.793484000	115456
39.793534000	116864
39.793536000	118272
39.793587000	119680
39.793589000	121088
39.805416000	119680
39.805420000	121088
39.805496000	116864
39.805500000	118272
39.805580000	119680
39.805585000	121088
39.828528000	119680
39.828532000	121088
39.828666000	94336
39.828670000	95744
39.828710000	97152
39.828713000	98560
39.828799000	99968
39.828803000	101376
39.828881000	102784
39.828885000	104192
39.828963000	105600
39.828967000	107008
39.829038000	108416
39.829043000	109824
39.829098000	111232
39.829101000	112640
39.829147000	114048
39.829150000	115456
39.829201000	116864
39.829203000	118272
39.829253000	119680
39.829256000	121088
39.829309000	122496
39.829312000	123904
39.836317000	122496
39.836322000	123904
39.843494000	122496
39.843497000	123904
39.843533000	108416
39.843535000	109824
39.843579000	111232
39.843581000	112640
39.843630000	114048
39.843633000	115456
39.843683000	116864
39.843685000	118272
39.843766000	119680
39.843769000	121088
39.843821000	122496
39.843824000	123904
39.844375000	122496
39.844377000	123904
39.844418000	122496
39.844421000	123904
39.844508000	125312
39.845390000	123904
39.845394000	125312
39.845429000	123904
39.845432000	125312
39.861275000	123904
39.861279000	125312
39.868380000	123904
39.868383000	125312
39.868422000	118272
39.868424000	119680
39.868509000	121088
39.868513000	122496
39.868591000	123904
39.868595000	125312
39.869369000	123904
39.869372000	125312
39.869407000	123904
39.869410000	125312
39.869457000	123904
39.869459000	125312
39.869509000	126720
39.870265000	125312
39.870269000	126720
39.875509000	125312
39.875513000	126720
39.875644000	108416
39.875646000	109824
39.875680000	111232
39.875682000	112640
39.875733000	114048
39.875735000	115456
39.875785000	116864
39.875788000	118272
39.875862000	119680
39.875864000	121088
39.875938000	122496
39.875942000	123904
39.876019000	125312
39.876024000	126720
39.876395000	125312
39.876402000	126720
39.876433000	116864
39.876436000	118272
39.876486000	119680
39.876488000	121088
39.876539000	122496
39.876541000	123904
39.876592000	125312
39.876594000	126720
39.876645000	128128
39.884336000	126720
39.884340000	128128
39.891402000	126720
39.891406000	128128
39.891448000	118272
39.891450000	119680
39.891521000	115456
39.891523000	116864
39.891594000	118272
39.891596000	119680
39.891647000	121088
39.891649000	122496
39.891699000	123904
39.891701000	125312
39.891751000	126720
39.891753000	128128
39.891804000	129536
39.899456000	128128
39.899460000	129536
39.906474000	128128
39.906478000	129536
39.906504000	119680
39.906506000	121088
39.906625000	122496
39.906628000	123904
39.906732000	125312
39.906737000	126720
39.906837000	128128
39.906841000	129536
39.907324000	128128
39.907327000	129536
39.907387000	125312
39.907390000	126720
39.907460000	128128
39.907462000	129536
39.907511000	130944
39.908417000	129536
39.908419000	130944
39.916360000	129536
39.916364000	130944
39.923418000	129536
39.923422000	130944
39.923561000	112640
39.923564000	114048
39.923594000	115456
39.923597000	116864
39.923645000	118272
39.923649000	119680
39.923696000	121088
39.923698000	122496
39.923749000	123904
39.923751000	125312
39.923804000	126720
39.923806000	128128
39.923875000	129536
39.923878000	130944
39.923923000	132352
39.924333000	130944
39.924338000	132352
39.924369000	122496
39.924372000	123904
39.924424000	125312
39.924427000	126720
39.924479000	128128
39.924483000	129536
39.924534000	130944
39.924537000	132352
39.932409000	130944
39.932413000	132352
39.932485000	130944
39.932489000	132352
39.939492000	130944
39.939496000	132352
39.939525000	122496
39.939528000	123904
39.939578000	125312
39.939580000	126720
39.939631000	128128
39.939633000	129536
39.939684000	130944
39.939686000	132352
39.939736000	133760
39.953425000	132352
39.953429000	133760
39.960479000	132352
39.960483000	133760
39.960565000	126720
39.960569000	128128
39.960609000	109824
39.960612000	111232
39.960698000	112640
39.960702000	114048
39.960780000	115456
39.960784000	116864
39.960862000	118272
39.960866000	119680
39.960953000	121088
39.960958000	122496
39.961007000	123904
39.961010000	125312
39.961059000	126720
39.961062000	128128
39.961112000	129536
39.961114000	130944
39.961165000	132352
39.961168000	133760
39.961219000	135168
39.961281000	133760
39.961284000	135168
39.961328000	133760
39.961330000	135168
39.976348000	133760
39.976353000	135168
39.976514000	125312
39.976518000	126720
39.977436000	119680
39.977441000	121088
39.977474000	119680
39.977477000	121088
39.977528000	122496
39.977531000	123904
39.977583000	125312
39.977586000	126720
39.977637000	128128
39.977640000	129536
39.977692000	130944
39.977695000	132352
39.977747000	133760
39.977750000	135168
39.977800000	136576
39.978365000	135168
39.978368000	136576
39.986411000	135168
39.986415000	136576
39.993480000	135168
39.993484000	136576
39.993517000	118272
39.993519000	119680
39.993569000	121088
39.993572000	122496
39.993621000	123904
39.993624000	125312
39.993674000	126720
39.993676000	128128
39.993726000	129536
39.993729000	130944
39.993778000	132352
39.993781000	133760
39.993831000	135168
39.993833000	136576
39.993882000	137984
40.013355000	136576
40.013360000	137984
40.013386000	133760
40.013389000	135168
40.013438000	136576
40.013440000	137984
40.020455000	136576
40.020459000	137984
40.020493000	116864
40.020495000	118272
40.020545000	119680
40.020548000	121088
40.020597000	122496
40.020600000	123904
40.020650000	125312
40.020652000	126720
40.020703000	128128
40.020705000	129536
40.020755000	130944
40.020757000	132352
40.020806000	133760
40.020808000	135168
40.020859000	136576
40.020862000	137984
40.020913000	139392
40.021414000	137984
40.021418000	139392
40.021654000	121088
40.021657000	122496
40.021692000	123904
40.021694000	125312
40.021748000	126720
40.021752000	128128
40.021803000	129536
40.021806000	130944
40.021860000	132352
40.021864000	133760
40.021914000	135168
40.021917000	136576
40.021969000	137984
40.021972000	139392
40.022021000	140800
40.033325000	139392
40.033329000	140800
40.033358000	133760
40.033360000	135168
40.033410000	136576
40.033412000	137984
40.033462000	139392
40.033464000	140800
40.033515000	142208
40.040321000	140800
40.040325000	142208
40.040368000	135168
40.040371000	136576
40.040414000	137984
40.040416000	139392
40.040466000	140800
40.040468000	142208
40.041410000	137984
40.041414000	139392
40.041494000	137984
40.041498000	139392
40.041576000	140800
40.041580000	142208
40.049318000	140800
40.049322000	142208
40.056353000	140800
40.056357000	142208
40.056391000	129536
40.056393000	130944
40.056442000	132352
40.056444000	133760
40.056495000	135168
40.056497000	136576
40.056546000	137984
40.056548000	139392
40.056598000	140800
40.056600000	142208
40.056651000	143616
40.057387000	142208
40.057391000	143616
40.057424000	136576
40.057426000	137984
40.057476000	139392
40.057478000	140800
40.057528000	142208
40.057530000	143616
40.058512000	142208
40.058515000	143616
40.058581000	142208
40.058583000	143616
40.058668000	145024
40.066405000	143616
40.066408000	145024
40.066473000	143616
40.066475000	145024
40.081505000	143616
40.081508000	145024
40.081550000	135168
40.081552000	136576
40.081638000	129536
40.081642000	130944
40.081719000	132352
40.081723000	133760
40.081800000	135168
40.081804000	136576
40.081883000	137984
40.081886000	139392
40.081964000	140800
40.081968000	142208
40.082008000	143616
40.082010000	145024
40.082061000	146432
40.082407000	145024
40.082426000	146432
40.090455000	145024
40.090458000	146432
40.090523000	145024
40.090525000	146432
40.097389000	145024
40.097393000	146432
40.097431000	130944
40.097434000	132352
40.097526000	133760
40.097532000	135168
40.097572000	136459
