35.307558000	1408
35.307565000	2816
35.307596000	4224
35.307599000	5632
35.307661000	7040
35.307666000	8448
35.307708000	9856
35.307711000	11264
35.307763000	12672
35.307766000	14080
35.359835000	14080
35.359839000	15488
35.359904000	15488
35.359907000	16896
35.366776000	16896
35.366779000	18304
35.366804000	16896
35.366873000	9856
35.366875000	11264
35.366909000	12672
35.366911000	14080
35.367000000	15488
35.367004000	16896
35.367083000	18304
35.367087000	19712
35.367131000	21120
35.367134000	22528
35.367186000	23936
35.419795000	23936
35.419800000	25344
35.419829000	23936
35.419832000	25344
35.419883000	26752
35.419886000	28160
35.426787000	28160
35.426791000	29568
35.426882000	19712
35.426884000	21120
35.426917000	22528
35.426919000	23936
35.427007000	25344
35.427011000	26752
35.427091000	28160
35.427097000	29568
35.427173000	30976
35.427178000	32384
35.427220000	33792
35.427223000	35200
35.427273000	36608
35.427275000	38016
35.427326000	39424
35.427329000	40832
35.427669000	40832
35.427672000	42240
35.427764000	42240
35.427766000	43648
35.427817000	42240
35.427819000	43648
35.427870000	45056
35.427872000	46464
35.428665000	46464
35.428667000	47872
35.459732000	47872
35.459737000	49280
35.459763000	49280
35.459765000	50688
35.466852000	50688
35.466857000	52096
35.466890000	47872
35.466893000	49280
35.466945000	50688
35.466948000	52096
35.466999000	53504
35.467002000	54912
35.467054000	56320
35.467057000	57728
35.467770000	57728
35.467773000	59136
35.467807000	59136
35.467810000	60544
35.490805000	60544
35.490810000	61952
35.490954000	49280
35.490958000	50688
35.491000000	52096
35.491003000	53504
35.491097000	54912
35.491102000	56320
35.491179000	57728
35.491183000	59136
35.491260000	60544
35.491264000	61952
35.491343000	63360
35.491347000	64768
35.491424000	66176
35.491429000	67584
35.491506000	68992
35.491510000	70400
35.491549000	71808
35.491552000	73216
35.491603000	74624
35.491605000	76032
35.498726000	76032
35.498729000	77440
35.505878000	77440
35.505881000	78848
35.505954000	74624
35.505957000	76032
35.506792000	66176
35.506796000	67584
35.506834000	57728
35.506838000	59136
35.506888000	60544
35.506891000	61952
35.506943000	63360
35.506947000	64768
35.506998000	66176
35.507001000	67584
35.507053000	68992
35.507056000	70400
35.507108000	71808
35.507112000	73216
35.507162000	74624
35.507165000	76032
35.507215000	77440
35.507218000	78848
35.507268000	80256
35.507272000	81664
35.507322000	83072
35.507325000	84480
35.507375000	85888
35.507378000	87296
35.507428000	88704
35.507431000	90112
35.507483000	91520
35.507486000	92928
35.507536000	94336
35.507539000	95744
35.507592000	97152
35.507595000	98560
35.507646000	99968
35.507652000	101376
35.507697000	102784
35.507700000	104192
35.507749000	105600
35.507751000	107008
35.519816000	105600
35.519821000	107008
35.519849000	104192
35.519852000	105600
35.519899000	107008
35.519901000	108416
35.519950000	109824
35.519953000	111232
35.520011000	112640
35.520014000	114048
35.526802000	114048
35.526806000	115456
35.526912000	109824
35.526915000	111232
35.526966000	112640
35.526969000	114048
35.527015000	115456
35.527017000	116864
35.527067000	118272
35.527069000	119680
35.527119000	121088
35.527124000	122496
35.534870000	122496
35.534873000	123904
35.549825000	123904
35.549829000	125312
35.549849000	118272
35.549877000	107008
35.549879000	108416
35.549882000	109824
35.549954000	111232
35.549957000	112640
35.549959000	114048
35.550028000	115456
35.550031000	116864
35.550033000	118272
35.550079000	119680
35.550081000	121088
35.550083000	122496
35.550132000	123904
35.550133000	125312
35.550135000	126720
35.550184000	128128
35.550186000	129536
35.550188000	130944
35.550237000	132352
35.550245000	133760
35.550249000	135168
35.550293000	136576
35.550297000	137984
35.550299000	139392
35.550344000	140800
35.550346000	142208
35.550349000	143616
35.550397000	145024
35.550399000	146432
35.565784000	145024
35.565790000	146432
35.565793000	147840
35.565823000	149248
35.573071000	147840
35.573075000	149248
35.573077000	150656
35.573110000	135168
35.573112000	136576
35.573114000	137984
35.573226000	139392
35.573232000	140800
35.573234000	142208
35.573264000	143616
35.573266000	145024
35.573268000	146432
35.573315000	147840
35.573317000	149248
35.573319000	150656
35.573368000	152064
35.573370000	153472
35.573372000	154880
35.573459000	156288
35.573462000	157696
35.573465000	159104
35.573542000	160512
35.573547000	161920
35.573550000	163328
35.573587000	164736
35.573591000	166144
35.573594000	167552
35.573642000	168960
35.573828000	167552
35.573832000	168960
35.573834000	170368
35.573869000	166144
35.573873000	167552
35.573875000	168960
35.573923000	170368
35.573926000	171776
35.573929000	173184
35.573976000	174592
35.573978000	176000
35.573981000	177408
35.574744000	176000
35.574747000	177408
35.574749000	178816
35.574786000	180224
35.579793000	178816
35.579797000	180224
35.579799000	181632
35.579832000	171776
35.579836000	173184
35.579841000	174592
35.579882000	176000
35.579884000	177408
35.579886000	178816
35.579934000	180224
35.579936000	181632
35.579938000	183040
35.580046000	184448
35.580051000	185856
35.580053000	187264
35.580128000	188672
35.580132000	190080
35.580134000	191488
35.580210000	192896
35.580214000	194304
35.587729000	192896
35.587732000	194304
35.587735000	195712
35.587803000	197120
35.594826000	195712
35.594830000	197120
35.594832000	198528
35.595001000	180224
35.595004000	181632
35.595008000	183040
35.595065000	184448
35.595082000	185856
35.595084000	187264
35.595182000	188672
35.595186000	190080
35.595189000	191488
35.595282000	192896
35.595286000	194304
35.595288000	195712
35.595394000	197120
35.595398000	198528
35.595400000	199936
35.595429000	201344
35.595432000	202752
35.595433000	204160
35.595482000	205568
35.595484000	206976
35.595486000	208384
35.595535000	209792
35.595537000	211200
35.595539000	212608
35.595587000	214016
35.595589000	215424
35.595592000	216832
35.595642000	218240
35.595644000	219648
35.595702000	219648
35.595704000	221056
35.618916000	221056
35.618920000	222464
35.618927000	222464
35.618968000	206976
35.618970000	208384
35.618972000	209792
35.619056000	211200
35.619060000	212608
35.619063000	214016
35.619141000	215424
35.619145000	216832
35.619147000	218240
35.619222000	219648
35.619227000	221056
35.619233000	222464
35.619267000	223872
35.619270000	225280
35.619272000	226688
35.619319000	228096
35.619322000	229504
35.619324000	230912
35.619371000	232320
35.619373000	233728
35.619376000	235136
35.619423000	236544
35.619426000	237952
35.619428000	239360
35.619475000	240768
35.619831000	240768
35.619834000	242176
35.619842000	242176
35.619879000	228096
35.619882000	229504
35.619884000	230912
35.619969000	232320
35.619973000	233728
35.619975000	235136
35.620050000	236544
35.620055000	237952
35.620057000	239360
35.620100000	240768
35.620102000	242176
35.620104000	243584
35.620146000	244992
35.620148000	246400
35.620150000	247808
35.620198000	249216
35.620200000	250624
35.620202000	252032
35.620250000	253440
35.620253000	254848
35.620255000	256256
35.620302000	257664
35.620305000	259072
35.621740000	259072
35.621745000	260480
35.625860000	260480
35.625863000	261888
35.625871000	261888
35.625903000	260480
35.625905000	261888
35.625907000	263296
35.625917000	260480
35.626918000	254848
35.626922000	256256
35.626924000	257664
35.626926000	259072
35.626996000	254848
35.626998000	256256
35.627000000	257664
35.627002000	259072
35.627107000	260480
35.627111000	261888
35.627113000	263296
35.627116000	264704
35.627174000	266112
35.627177000	267520
35.627179000	268928
35.627181000	270336
35.627267000	271744
35.627271000	273152
35.627273000	274560
35.627275000	275968
35.627350000	277376
35.627354000	278784
35.627356000	280192
35.627359000	281600
35.627394000	283008
35.627702000	283008
35.627704000	284416
35.635800000	284416
35.635803000	285824
35.642823000	285824
35.642827000	287232
35.642835000	287232
35.642837000	288640
35.642869000	278784
35.642871000	280192
35.642873000	281600
35.642876000	283008
35.642990000	284416
35.642994000	285824
35.642996000	287232
35.642998000	288640
35.643098000	290048
35.643102000	291456
35.643104000	292864
35.643106000	294272
35.643206000	295680
35.643210000	297088
35.643212000	298496
35.643214000	299904
35.643700000	299904
35.643704000	301312
35.643712000	301312
35.643714000	302720
35.651781000	302720
35.651784000	304128
35.658951000	304128
35.658955000	305536
35.658962000	305536
35.658964000	306944
35.659000000	294272
35.659002000	295680
35.659004000	297088
35.659006000	298496
35.659121000	299904
35.659125000	301312
35.659127000	302720
35.659129000	304128
35.659230000	305536
35.659234000	306944
35.659236000	308352
35.659238000	309760
35.659331000	311168
35.659335000	312576
35.659337000	313984
35.659340000	315392
35.659374000	316800
35.659392000	318208
35.659394000	319616
35.659396000	321024
35.659724000	321024
35.659727000	322432
35.659823000	322432
35.659825000	323840
35.659831000	323840
35.659833000	325248
35.659873000	322432
35.659875000	323840
35.659877000	325248
35.659879000	326656
35.659925000	328064
35.659927000	329472
35.660812000	329472
35.660814000	330880
35.660819000	330880
35.660821000	332288
35.660882000	332288
35.660884000	333696
35.668753000	333696
35.668757000	335104
35.675787000	335104
35.675790000	336512
35.675797000	336512
35.675799000	337920
35.675824000	328064
35.675827000	329472
35.675829000	330880
35.675831000	332288
35.675917000	333696
35.675921000	335104
35.675923000	336512
35.675925000	337920
35.676005000	339328
35.676010000	340736
35.676012000	342144
35.676014000	343552
35.676043000	344960
35.676046000	346368
35.676048000	347776
35.676050000	349184
35.676778000	347776
35.676782000	349184
35.676785000	350592
35.676788000	352000
35.677191000	344960
35.677196000	346368
35.677198000	347776
35.677201000	349184
35.677246000	350592
35.677251000	352000
35.677255000	353408
35.677258000	354816
35.677298000	356224
35.677301000	357632
35.677304000	359040
35.677307000	360448
35.684806000	359040
35.684810000	360448
35.684812000	361856
35.684814000	363264
35.691755000	361856
35.691760000	363264
35.691763000	364672
35.691767000	366080
35.691806000	350592
35.691809000	352000
35.691811000	353408
35.691813000	354816
35.691851000	356224
35.691854000	357632
35.691855000	359040
35.691857000	360448
35.691902000	361856
35.691904000	363264
35.691906000	364672
35.691908000	366080
35.691972000	367488
35.691974000	368896
35.691976000	370304
35.691978000	371712
35.692062000	373120
35.692068000	374528
35.692070000	375936
35.692072000	377344
35.692143000	378752
35.692147000	380160
35.692149000	381568
35.692151000	382976
35.692873000	381568
35.692876000	382976
35.692878000	384384
35.692881000	385792
35.692911000	370304
35.692914000	371712
35.692916000	373120
35.692918000	374528
35.693002000	375936
35.693006000	377344
35.693008000	378752
35.693010000	380160
35.693068000	381568
35.693071000	382976
35.693073000	384384
35.693075000	385792
35.693119000	387200
35.693122000	388608
35.693124000	390016
35.693126000	391424
35.693172000	392832
35.693174000	394240
35.693176000	395648
35.693178000	397056
35.693225000	398464
35.693227000	399872
35.693229000	401280
35.693230000	402688
35.700840000	401280
35.700845000	402688
35.700848000	404096
35.700851000	405504
35.700882000	404096
35.700886000	405504
35.700888000	406912
35.700891000	408320
35.715794000	406912
35.715798000	408320
35.715800000	409728
35.715802000	411136
35.715830000	409728
35.715833000	411136
35.715835000	412544
35.715882000	413952
35.716000000	413952
35.716004000	415360
35.716012000	415360
35.716015000	416768
35.716068000	402688
35.716076000	404096
35.716082000	405504
35.716084000	406912
35.716122000	408320
35.716125000	409728
35.716128000	411136
35.716131000	412544
35.716176000	413952
35.716179000	415360
35.716182000	416768
35.716185000	418176
35.716231000	419584
35.716234000	420992
35.716237000	422400
35.716239000	423808
35.716285000	425216
35.716289000	426624
35.716291000	428032
35.716294000	429440
35.716339000	430848
35.716343000	432256
35.723687000	432256
35.723690000	433664
35.723697000	433664
35.723699000	435072
35.730861000	435072
35.730864000	436480
35.730872000	436480
35.730895000	430848
35.730916000	426624
35.730918000	428032
35.730920000	429440
35.730922000	430848
35.731004000	432256
35.731009000	433664
35.731011000	435072
35.731013000	436480
35.731085000	437888
35.731090000	439296
35.731092000	440704
35.731094000	442112
35.731131000	443520
35.731133000	444928
35.731135000	446336
35.731138000	447744
35.731184000	449152
35.731186000	450560
35.739824000	450560
35.739828000	451968
35.739835000	451968
35.739837000	453376
35.739878000	437888
35.739880000	439296
35.739882000	440704
35.739884000	442112
35.739929000	443520
35.739938000	444928
35.739940000	446336
35.739942000	447744
35.739981000	449152
35.739983000	450560
35.739985000	451968
35.739987000	453376
35.740045000	454784
35.740048000	456192
35.740050000	457600
35.740052000	459008
35.740132000	460416
35.740136000	461824
35.740138000	463232
35.740141000	464640
35.740214000	466048
35.740220000	467456
35.740225000	468864
35.740229000	470272
35.759874000	470272
35.759878000	471680
35.759886000	471680
35.759888000	473088
35.766920000	473088
35.766924000	474496
35.766931000	474496
35.766933000	475904
35.766973000	460416
35.766975000	461824
35.766977000	463232
35.767063000	464640
35.767067000	466048
35.767069000	467456
35.767143000	468864
35.767147000	470272
35.767149000	471680
35.767224000	473088
35.767228000	474496
35.767230000	475904
35.767307000	477312
35.767311000	478720
35.767313000	480128
35.767388000	481536
35.767392000	482944
35.767394000	484352
35.767469000	485760
35.767473000	487168
35.767475000	488576
35.767513000	489984
35.767516000	491392
35.767518000	492800
35.767807000	492800
35.767809000	494208
35.767816000	494208
35.767853000	478720
35.767855000	480128
35.767857000	481536
35.767905000	482944
35.767907000	484352
35.767909000	485760
35.767958000	487168
35.767960000	488576
35.767962000	489984
35.768010000	491392
35.768012000	492800
35.768014000	494208
35.768063000	495616
35.768065000	497024
35.768067000	498432
35.768116000	499840
35.768118000	501248
35.768121000	502656
35.768169000	504064
35.768171000	505472
35.768173000	506880
35.768222000	508288
35.768224000	509696
35.768225000	511104
35.768274000	512512
35.768801000	512512
35.768804000	513920
35.768810000	513920
35.768846000	509696
35.768849000	511104
35.768851000	512512
35.768901000	512512
35.768904000	513920
35.768907000	515328
35.768913000	516736
35.768951000	508288
35.768953000	509696
35.768954000	511104
35.768956000	512512
35.769002000	513920
35.769004000	515328
35.769007000	516736
35.769009000	518144
35.769069000	519552
35.769072000	520960
35.769075000	522368
35.769078000	523776
35.769123000	525184
35.769126000	526475
