14.120722000	1408
14.120737000	2816
14.120763000	4224
14.120767000	5632
14.120821000	7040
14.120835000	8448
14.120873000	9856
14.120877000	11264
14.120935000	12672
14.120939000	14080
14.180041000	14080
14.180046000	15488
14.180080000	15488
14.180084000	16896
14.187074000	18304
14.187086000	19712
14.187095000	19712
14.188100000	21120
14.188115000	22528
14.188208000	12672
14.188212000	14080
14.188258000	15488
14.188260000	16896
14.188358000	18304
14.220187000	18304
14.220192000	19712
14.220228000	18304
14.220231000	19712
14.220319000	21120
14.220325000	22528
14.235075000	22528
14.235080000	23936
14.235210000	19712
14.235213000	21120
14.235271000	22528
14.235274000	23936
14.235370000	25344
14.235376000	26752
14.235462000	28160
14.235468000	29568
14.243152000	29568
14.243157000	30976
14.250036000	30976
14.250041000	32384
14.250142000	29568
14.250145000	30976
14.250192000	32384
14.250195000	33792
14.250291000	35200
14.250297000	36608
14.260102000	36608
14.260107000	38016
14.260142000	36608
14.260146000	38016
14.260234000	39424
14.260240000	40832
14.267070000	40832
14.267077000	42240
14.267112000	40832
14.267119000	42240
14.267162000	43648
14.267166000	45056
14.280094000	45056
14.280099000	46464
14.280137000	45056
14.280140000	46464
14.280200000	47872
14.280206000	49280
14.287117000	49280
14.287123000	50688
14.287258000	38016
14.287262000	39424
14.287308000	40832
14.287311000	42240
14.287433000	43648
14.287438000	45056
14.287550000	46464
14.287556000	47872
14.287667000	49280
14.287673000	50688
14.287784000	52096
14.287790000	53504
14.287846000	54912
14.287849000	56320
14.287902000	57728
14.287905000	59136
14.287957000	59136
14.287961000	60544
14.287996000	61952
14.288000000	63360
14.288051000	64768
14.288055000	66176
14.303041000	66176
14.303050000	67584
14.303082000	67584
14.303086000	68992
14.303132000	61952
14.303136000	63360
14.303184000	64768
14.303188000	66176
14.303237000	67584
14.303240000	68992
14.303292000	70400
14.303296000	71808
14.303344000	73216
14.303349000	74624
14.303397000	76032
14.303402000	77440
14.303935000	77440
14.303940000	78848
14.319120000	78848
14.319128000	80256
14.319306000	74624
14.319311000	76032
14.319356000	77440
14.319360000	78848
14.319414000	80256
14.319419000	81664
14.319470000	83072
14.319474000	84480
14.319526000	85888
14.319530000	87296
14.320138000	87296
14.320143000	88704
14.320173000	85888
14.320177000	87296
14.320299000	88704
14.320305000	90112
14.320339000	91520
14.320342000	92928
14.335170000	92928
14.335176000	94336
14.335393000	77440
14.335399000	78848
14.335434000	80256
14.335438000	81664
14.335489000	83072
14.335493000	84480
14.335549000	85888
14.335553000	87296
14.335602000	88704
14.335606000	90112
14.335658000	91520
14.335662000	92928
14.335715000	94336
14.335719000	95744
14.335768000	97152
14.335772000	98560
14.335823000	99968
14.335826000	101376
14.335878000	102784
14.335882000	104192
14.335932000	105600
14.335936000	107008
14.335987000	108416
14.335992000	109824
14.336042000	111232
14.336045000	112640
14.360118000	99968
14.360126000	101376
14.360130000	102784
14.360173000	101376
14.360178000	102784
14.360228000	104192
14.360233000	105600
14.360282000	107008
14.360287000	108416
14.360338000	109824
14.360342000	111232
14.360395000	112640
14.360399000	114048
14.360448000	115456
14.360452000	116864
14.360504000	118272
14.360508000	119680
14.360559000	121088
14.360564000	122496
14.360611000	123904
14.360615000	125312
14.360665000	126720
14.360669000	128128
14.360719000	129536
14.367067000	123904
14.367073000	125312
14.367093000	121088
14.367110000	122496
14.367113000	123904
14.367118000	125312
14.367168000	123904
14.367172000	125312
14.367176000	126720
14.367980000	122496
14.367986000	123904
14.367990000	125312
14.368027000	121088
14.368030000	122496
14.368032000	123904
14.368104000	125312
14.368107000	126720
14.368110000	128128
14.368154000	129536
14.368157000	130944
14.368159000	132352
14.368208000	133760
14.368211000	135168
14.368213000	136576
14.368261000	137984
14.368264000	139392
14.368267000	140800
14.368315000	142208
14.368317000	143616
14.368320000	145024
14.368369000	146432
14.368372000	147840
14.368374000	149248
14.368422000	150656
14.368425000	152064
14.368428000	153472
14.368475000	154880
14.368479000	156288
14.384089000	149248
14.384095000	150656
14.384098000	152064
14.384135000	147840
14.384138000	149248
14.384141000	150656
14.384219000	152064
14.384222000	153472
14.384225000	154880
14.384261000	156288
14.384264000	157696
14.384267000	159104
14.384332000	160512
14.384336000	161920
14.384338000	163328
14.384383000	164736
14.384385000	166144
14.384388000	167552
14.384436000	168960
14.384439000	170368
14.391009000	168960
14.391014000	170368
14.391019000	171776
14.391284000	156288
14.391290000	157696
14.391294000	159104
14.391349000	160512
14.391354000	161920
14.391358000	163328
14.391404000	164736
14.391408000	166144
14.391412000	167552
14.391460000	168960
14.391464000	170368
14.391468000	171776
14.391521000	173184
14.391526000	174592
14.391530000	176000
14.391568000	177408
14.391572000	178816
14.391576000	180224
14.391621000	181632
14.391625000	183040
14.391629000	184448
14.398194000	183040
14.398198000	184448
14.398207000	183040
14.398240000	174592
14.398243000	176000
14.398246000	177408
14.398339000	178816
14.398345000	180224
14.398348000	181632
14.398430000	183040
14.398436000	184448
14.398439000	185856
14.398521000	187264
14.398527000	188672
14.398530000	190080
14.398611000	191488
14.398616000	192896
14.399129000	192896
14.399133000	194304
14.399137000	195712
14.399175000	188672
14.399178000	190080
14.399181000	191488
14.399272000	192896
14.399278000	194304
14.399281000	195712
14.399313000	197120
14.399315000	198528
14.399318000	199936
14.399366000	201344
14.399368000	202752
14.399372000	204160
14.399419000	205568
14.399422000	206976
14.399425000	208384
14.399473000	209792
14.399476000	211200
14.399478000	212608
14.407064000	212608
14.407068000	214016
14.407070000	215424
14.414095000	215424
14.414100000	216832
14.414103000	218240
14.414141000	206976
14.414162000	205568
14.414165000	206976
14.414168000	208384
14.414171000	209792
14.414259000	211200
14.414265000	212608
14.414268000	214016
14.414271000	215424
14.414352000	216832
14.414358000	218240
14.414361000	219648
14.414364000	221056
14.414452000	222464
14.414457000	223872
14.414460000	225280
14.414463000	226688
14.414545000	228096
14.414551000	229504
14.414554000	230912
14.414557000	232320
14.414639000	233728
14.414966000	233728
14.414971000	235136
14.430166000	235136
14.430172000	236544
14.430188000	236544
14.430191000	237952
14.430440000	230912
14.430444000	232320
14.430447000	233728
14.430450000	235136
14.430496000	236544
14.430499000	237952
14.430503000	239360
14.430505000	240768
14.430617000	242176
14.430622000	243584
14.430625000	244992
14.430628000	246400
14.431065000	246400
14.431070000	247808
14.431080000	247808
14.431084000	249216
14.431123000	242176
14.431127000	243584
14.431130000	244992
14.431133000	246400
14.431232000	246400
14.431237000	247808
14.431239000	249216
14.431242000	250624
14.431281000	252032
14.431284000	253440
14.431287000	254848
14.431290000	256256
14.431377000	257664
14.431383000	259072
14.440019000	259072
14.440024000	260480
14.447199000	260480
14.447204000	261888
14.447215000	261888
14.447218000	263296
14.447264000	252032
14.447267000	253440
14.447270000	254848
14.447273000	256256
14.447362000	257664
14.447368000	259072
14.447371000	260480
14.447374000	261888
14.447456000	263296
14.447461000	264704
14.447464000	266112
14.447467000	267520
14.447549000	268928
14.447555000	270336
14.447558000	271744
14.447561000	273152
14.447643000	274560
14.447648000	275968
14.448085000	275968
14.448090000	277376
14.448100000	277376
14.448104000	278784
14.448135000	273152
14.448138000	274560
14.448141000	275968
14.448144000	277376
14.448187000	278784
14.448190000	280192
14.448192000	281600
14.448195000	283008
14.448240000	284416
14.448243000	285824
14.448989000	285824
14.448991000	287232
14.449000000	287232
14.449003000	288640
14.457089000	288640
14.457094000	290048
14.464097000	290048
14.464102000	291456
14.464112000	291456
14.464149000	283008
14.464153000	284416
14.464162000	285824
14.464201000	287232
14.464205000	288640
14.464208000	290048
14.464253000	291456
14.464256000	292864
14.464259000	294272
14.464306000	295680
14.464309000	297088
14.464311000	298496
14.464358000	299904
14.464361000	301312
14.464364000	302720
14.465101000	302720
14.465106000	304128
14.465117000	304128
14.465143000	299904
14.465147000	301312
14.465150000	302720
14.465242000	304128
14.465247000	305536
14.465250000	306944
14.465332000	308352
14.465337000	309760
14.465340000	311168
14.466182000	311168
14.466187000	312576
14.466198000	312576
14.466218000	309760
14.466493000	309760
14.466497000	311168
14.466500000	312576
14.466502000	313984
14.466586000	315392
14.466592000	316800
14.466595000	318208
14.466598000	319616
14.474037000	319616
14.474042000	321024
14.474053000	321024
14.474056000	322432
14.481150000	322432
14.481155000	323840
14.481165000	323840
14.481168000	325248
14.481207000	316800
14.481210000	318208
14.481213000	319616
14.481216000	321024
14.481305000	322432
14.481311000	323840
14.481314000	325248
14.481317000	326656
14.481399000	328064
14.481405000	329472
14.481407000	330880
14.481410000	332288
14.481492000	333696
14.481498000	335104
14.482075000	335104
14.482083000	336512
14.482093000	336512
14.482096000	337920
14.482128000	332288
14.482131000	333696
14.482134000	335104
14.482136000	336512
14.482226000	337920
14.482232000	339328
14.482235000	340736
14.482238000	342144
14.482319000	343552
14.482325000	344960
14.482955000	344960
14.482958000	346368
14.491074000	346368
14.491079000	347776
14.491088000	347776
14.491091000	349184
14.498012000	349184
14.498019000	350592
14.498032000	350592
14.498036000	352000
14.498079000	346368
14.498083000	347776
14.498087000	349184
14.498133000	350592
14.498137000	352000
14.498141000	353408
14.498189000	354816
14.498193000	356224
14.498197000	357632
14.498244000	359040
14.499023000	357632
14.499028000	359040
14.499032000	360448
14.499043000	359040
14.499069000	354816
14.499072000	356224
14.499077000	357632
14.499080000	359040
14.499127000	360448
14.499130000	361856
14.499133000	363264
14.499135000	364672
14.499223000	366080
14.499229000	367488
14.499232000	368896
14.499235000	370304
14.514080000	368896
14.514086000	370304
14.514089000	371712
14.514127000	359040
14.514130000	360448
14.514133000	361856
14.514179000	363264
14.514182000	364672
14.514185000	366080
14.514232000	367488
14.514234000	368896
14.514237000	370304
14.514285000	371712
14.514288000	373120
14.514290000	374528
14.514339000	375936
14.514342000	377344
14.514344000	378752
14.514392000	380160
14.514395000	381568
14.514398000	382976
14.514446000	384384
14.514449000	385792
14.514452000	387200
14.522055000	385792
14.522062000	387200
14.522066000	388608
14.522101000	390016
14.529059000	388608
14.529064000	390016
14.529067000	391424
14.529410000	373120
14.529414000	374528
14.529417000	375936
14.530074000	368896
14.530079000	370304
14.530082000	371712
14.530126000	370304
14.530129000	371712
14.530132000	373120
14.530222000	374528
14.530227000	375936
14.530230000	377344
14.530312000	378752
14.530318000	380160
14.530321000	381568
14.530405000	382976
14.530410000	384384
14.530413000	385792
14.530495000	387200
14.530501000	388608
14.530504000	390016
14.530543000	391424
14.530547000	392832
14.530550000	394240
14.530589000	395648
14.530592000	397056
14.530595000	398464
14.530641000	399872
14.530644000	401280
14.530647000	402688
14.530693000	404096
14.530696000	405504
14.530699000	406912
14.530746000	408320
14.530749000	409728
14.530752000	411136
14.530799000	412544
14.530802000	413952
14.530804000	415360
14.530851000	416768
14.530854000	418176
14.530857000	419584
14.530903000	420992
14.530906000	422400
14.530908000	423808
14.538017000	422400
14.538022000	423808
14.538025000	425216
14.538110000	426624
14.544998000	425216
14.545006000	426624
14.545010000	428032
14.545046000	429440
14.545108000	428032
14.545112000	429440
14.545116000	430848
14.545155000	420992
14.545159000	422400
14.545162000	423808
14.545212000	425216
14.545217000	426624
14.545220000	428032
14.545263000	429440
14.545267000	430848
14.545271000	432256
14.545320000	433664
14.545324000	435072
14.545328000	436480
14.545373000	437888
14.545377000	439296
14.545381000	440704
14.545427000	442112
14.545431000	443520
14.545997000	442112
14.546003000	443520
14.546007000	444928
14.546037000	440704
14.546040000	442112
14.546044000	443520
14.546089000	444928
14.546093000	446336
14.546096000	447744
14.546148000	446336
14.546152000	447744
14.546155000	449152
14.546198000	450560
14.546202000	451968
14.546205000	453376
14.546251000	454784
14.560973000	453376
14.560978000	454784
14.560981000	456192
14.561046000	451968
14.561049000	453376
14.561052000	454784
14.561162000	456192
14.561168000	457600
14.561171000	459008
14.561278000	460416
14.561284000	461824
14.561287000	463232
14.569073000	461824
14.569078000	463232
14.569082000	464640
14.569120000	466048
14.576012000	464640
14.576018000	466048
14.576021000	467456
14.576050000	463232
14.576053000	464640
14.576056000	466048
14.576099000	456192
14.576103000	457600
14.576106000	459008
14.576151000	460416
14.576154000	461824
14.576157000	463232
14.576204000	464640
14.576207000	466048
14.576210000	467456
14.576257000	468864
14.576260000	470272
14.576263000	471680
14.576309000	473088
14.576312000	474496
14.576315000	475904
14.576362000	477312
14.576365000	478720
14.576367000	480128
14.576414000	481536
14.576417000	482944
14.576419000	484352
14.576466000	485760
14.577086000	484352
14.577090000	485760
14.577093000	487168
14.577126000	477312
14.577129000	478720
14.577132000	480128
14.577179000	481536
14.577182000	482944
14.577186000	484352
14.577231000	485760
14.577234000	487168
14.577236000	488576
14.577284000	489984
14.577287000	491392
14.577290000	492800
14.577336000	494208
14.577339000	495616
14.577342000	497024
14.577387000	498432
14.577390000	499840
14.578073000	498432
14.578077000	499840
14.578081000	501248
14.600168000	499840
14.600173000	501248
14.600182000	499840
14.600225000	498432
14.600229000	499840
14.600231000	501248
14.607113000	499840
14.607120000	501248
14.607134000	499840
14.607202000	475904
14.607206000	477312
14.607210000	478720
14.607257000	480128
14.607262000	481536
14.607265000	482944
14.607312000	484352
14.607317000	485760
14.607320000	487168
14.607368000	488576
14.607372000	489984
14.607376000	491392
14.607423000	492800
14.607427000	494208
14.607431000	495616
14.607479000	497024
14.607483000	498432
14.607487000	499840
14.607536000	501248
14.608025000	499840
14.608029000	501248
14.608037000	499840
14.608072000	489984
14.608075000	491392
14.608078000	492800
14.608117000	494091
