0.743267000	1388
0.743276000	2776
0.743299000	4164
0.743301000	5552
0.743354000	6940
0.743357000	8328
0.743406000	9716
0.743408000	11104
0.743459000	12492
0.743461000	13880
0.817967000	13880
0.817969000	15268
0.823104000	15268
0.823108000	16656
0.823295000	16656
0.823298000	18044
0.826991000	18044
0.826995000	19432
0.827100000	15268
0.827102000	16656
0.827212000	18044
0.827216000	19432
0.827337000	20820
0.827341000	22208
0.827411000	23596
0.827415000	24984
0.827929000	24984
0.827933000	26372
0.832969000	26372
0.832973000	27760
0.914986000	27760
0.914989000	29148
0.915114000	29148
0.915119000	30536
0.916984000	30536
0.916989000	31924
0.917135000	27760
0.917138000	29148
0.917230000	30536
0.917235000	31924
0.917311000	33312
0.917317000	34700
0.917371000	36088
0.917374000	37476
0.917935000	37476
0.917939000	38864
0.918103000	38864
0.918106000	40252
0.920949000	40252
0.920956000	41640
0.921139000	41640
0.921143000	43028
0.921178000	43028
0.921182000	44416
0.921239000	44416
0.921243000	45804
0.921292000	44416
0.921296000	45804
0.921446000	41640
0.921451000	43028
0.921532000	44416
0.921536000	45804
0.921585000	47192
0.921589000	48580
0.921638000	49968
0.921641000	51356
0.921691000	52744
0.921694000	54132
0.922911000	54132
0.922913000	55520
0.996014000	55520
0.996017000	56908
0.996063000	52744
0.996067000	54132
0.996178000	54132
0.996183000	55520
0.996333000	48580
0.996337000	49968
0.996372000	47192
0.996375000	48580
0.996429000	48580
0.996432000	49968
0.996543000	49968
0.996549000	51356
0.996602000	51356
0.996605000	52744
0.996750000	37476
0.996753000	38864
0.996842000	26372
0.996879000	27760
0.996921000	29148
0.996925000	30536
0.996964000	31924
0.996968000	33312
0.997035000	34700
0.997037000	36088
0.997118000	37476
0.997124000	38864
0.997221000	40252
0.997224000	41640
0.997252000	43028
0.997255000	44416
0.997305000	45804
0.997308000	47192
0.997358000	48580
0.997360000	49968
0.997412000	51356
0.997414000	52744
0.997465000	54132
0.997468000	55520
0.997519000	56908
0.997521000	58296
0.997573000	59684
0.997576000	61072
0.997627000	62460
0.997629000	63848
0.997681000	65236
0.997683000	66624
0.997735000	68012
0.997737000	69400
0.997789000	70788
0.997791000	72176
0.997842000	73564
0.997845000	74952
0.998112000	76340
0.998114000	77728
0.998179000	79116
0.998183000	80504
0.998232000	81892
0.998236000	83280
0.998285000	84668
0.998289000	86056
0.998337000	87444
0.998341000	88832
0.998392000	90220
0.998396000	91608
0.998442000	92996
0.998445000	94384
0.998494000	95772
0.998497000	97160
0.998547000	98548
0.998549000	99936
0.998602000	101324
0.998604000	102712
0.998652000	104100
0.998655000	105488
0.998705000	106876
0.998708000	108264
0.998757000	109652
0.998760000	111040
1.056234000	111040
1.056237000	112428
1.056286000	108264
1.056289000	109652
1.056416000	111040
1.056419000	112428
1.056430000	113816
1.056541000	115204
1.056544000	116592
1.056631000	117980
1.060926000	105488
1.060930000	106876
1.061106000	108264
1.061109000	109652
1.061169000	111040
1.061172000	112428
1.061238000	113816
1.061242000	115204
1.061370000	116592
1.061373000	117980
1.061402000	119368
1.061405000	120756
1.061455000	122144
1.061458000	123532
1.061509000	124920
1.061512000	126308
1.061563000	127696
1.061565000	129084
1.061616000	130472
1.061619000	131860
1.065959000	127696
1.065962000	129084
1.065988000	130472
1.065990000	131860
1.066046000	131860
1.066049000	133248
1.070946000	129084
1.070950000	130472
1.070999000	127696
1.071004000	129084
1.071063000	129084
1.071067000	130472
1.071178000	127696
1.071182000	129084
1.071225000	129084
1.071230000	130472
1.071288000	130472
1.071292000	131860
1.071374000	129084
1.071377000	130472
1.071407000	127696
1.071409000	129084
1.071464000	129084
1.071467000	130472
1.071514000	131860
1.071517000	133248
1.071568000	134636
1.071571000	136024
1.071622000	137412
1.071625000	138800
1.071677000	140188
1.071680000	141576
1.071729000	142964
1.071732000	144352
1.071783000	145740
1.071786000	147128
1.071837000	148516
1.071840000	149904
1.071891000	151292
1.071893000	152680
1.071945000	154068
1.071947000	155456
1.071999000	156844
1.072001000	158232
1.072052000	159620
1.072055000	161008
1.072107000	162396
1.072110000	163784
1.072160000	165172
1.072163000	166560
1.075944000	166560
1.075949000	167948
1.076018000	162396
1.076023000	163784
1.076091000	162396
1.076098000	163784
1.076150000	162396
1.076153000	163784
1.076184000	163784
1.076187000	165172
1.076227000	163784
1.076231000	163784
1.076244000	165172
1.076291000	165172
1.076295000	166560
1.076297000	167948
1.076353000	167948
1.076365000	169336
1.076385000	170724
1.076440000	172112
1.076450000	173500
1.076502000	174888
1.076604000	176276
1.076621000	177664
1.076652000	179052
1.076656000	180440
1.076711000	181828
1.076722000	183216
1.076787000	184604
1.076871000	185992
1.082964000	187380
1.087953000	188768
1.111279000	190156
1.111333000	191544
1.111343000	192932
1.111391000	194320
1.111441000	195708
1.112929000	197096
1.118033000	198484
1.121830000	199872
1.121959000	201260
1.122948000	202648
1.126079000	204036
1.126086000	205424
1.126136000	206812
1.126186000	208200
1.126194000	209588
1.126244000	210976
1.126294000	212364
1.126352000	213752
1.126372000	215140
1.126462000	216528
1.126511000	217916
1.126518000	219304
1.126620000	220692
1.126684000	222080
1.126727000	223468
1.126789000	224856
1.126944000	226244
1.126963000	227632
1.126996000	229020
1.127052000	230408
1.127061000	231796
1.127113000	233184
1.127121000	234572
1.127888000	235960
1.127896000	237348
1.131740000	238736
1.131752000	240124
1.131761000	241512
1.131883000	242900
1.131934000	244288
1.131945000	245676
1.132059000	247064
1.132070000	248452
1.132080000	249840
1.132113000	251228
1.132876000	252616
1.132914000	254004
1.136041000	255392
1.136056000	256780
1.136067000	258168
1.136148000	259556
1.136185000	260944
1.136239000	262332
1.136291000	263720
1.136312000	265108
1.136322000	266496
1.136342000	267884
1.136396000	269272
1.136406000	270660
1.136447000	272048
1.136500000	273436
1.136577000	106876
1.136596000	108264
1.136603000	109652
1.136785000	111040
1.136793000	112428
1.136826000	113816
1.136830000	115204
1.136871000	116592
1.136874000	117980
1.136923000	119368
1.136926000	120756
1.136976000	122144
1.136978000	123532
1.137028000	124920
1.137031000	126308
1.137082000	127696
1.137085000	129084
1.137134000	130472
1.137136000	131860
1.137926000	131860
1.137941000	131860
1.138107000	131860
1.140004000	131860
1.140016000	131860
1.140070000	131860
1.141051000	131860
1.141080000	131860
1.141138000	127696
1.141141000	129084
1.141210000	129084
1.141213000	130472
1.141261000	130472
1.141264000	131860
1.166265000	130472
1.166268000	131860
1.166528000	124920
1.166531000	126308
1.166575000	127696
1.166578000	129084
1.166628000	130472
1.166631000	131860
1.183030000	77728
1.183034000	79116
1.183074000	79116
1.183077000	80504
1.183123000	81892
1.183126000	83280
1.183177000	84668
1.183180000	86056
1.183231000	87444
1.183234000	88832
1.183285000	90220
1.183287000	91608
1.183338000	92996
1.183341000	94384
1.183395000	95772
1.183398000	97160
1.183446000	98548
1.183449000	99936
1.183507000	101324
1.183510000	102712
1.183554000	104100
1.183558000	105488
1.183607000	106876
1.183610000	108264
1.183660000	109652
1.183663000	111040
1.183712000	112428
1.183715000	113816
1.183766000	115204
1.183769000	116592
1.183819000	117980
1.183823000	119368
1.183872000	120756
1.183875000	122144
1.183924000	123532
1.183928000	124920
1.183977000	126308
1.183980000	127696
1.184030000	129084
1.184033000	130472
1.184083000	131860
1.184086000	133248
1.184136000	134636
1.185870000	134636
1.185964000	134636
1.187885000	134636
1.187893000	134636
1.187991000	134636
1.190982000	134636
1.190992000	134636
1.191022000	133248
1.191026000	134636
1.191128000	134636
1.191139000	134636
1.191167000	130472
1.191170000	131860
1.191222000	133248
1.191227000	134636
1.192871000	134636
1.192945000	134636
1.195980000	134636
1.195990000	134636
1.196009000	133248
1.196012000	134636
1.196147000	134636
1.196160000	134636
1.196200000	127696
1.196204000	129084
1.196322000	127696
1.196329000	129084
1.196402000	126308
1.196410000	127696
1.196544000	127696
1.196550000	129084
1.197965000	126308
1.197968000	127696
1.197996000	129084
1.197999000	130472
1.198049000	131860
1.198052000	133248
1.198103000	134636
1.200961000	134636
1.201017000	134636
1.201031000	134636
1.201116000	134636
1.201238000	134636
1.201386000	134636
1.201393000	134636
1.201537000	134636
1.202906000	134636
1.207899000	134636
1.207913000	134636
1.208091000	134636
1.213002000	134636
1.213015000	134636
1.215940000	134636
1.215945000	136024
1.216006000	136024
1.230978000	136024
1.230993000	136024
1.231016000	134636
1.231019000	136024
1.232903000	136024
1.232920000	136024
1.235963000	136024
1.235976000	136024
1.236003000	133248
1.236006000	134636
1.236116000	134636
1.236121000	136024
1.236155000	136024
1.238020000	136024
1.238034000	136024
1.241066000	136024
1.241079000	136024
1.241107000	131860
1.241110000	133248
1.241217000	133248
1.241222000	134636
1.241391000	127696
1.241395000	129084
1.241425000	124920
1.241429000	126308
1.241478000	127696
1.241481000	129084
1.241531000	130472
1.241534000	131860
1.241585000	133248
1.241588000	134636
1.241639000	136024
1.241975000	136024
1.241983000	136024
1.242001000	134636
1.242004000	136024
1.242058000	136024
1.242065000	136024
1.242111000	136024
1.242118000	136024
1.242164000	136024
1.242172000	136024
1.242221000	136024
1.242228000	136024
1.242273000	136024
1.242280000	136024
1.242326000	136024
1.242334000	136024
1.242910000	136024
1.242917000	136024
1.245956000	136024
1.245965000	136024
1.246007000	134636
1.246010000	136024
1.246110000	136024
1.246122000	136024
1.246149000	131860
1.246152000	133248
1.246254000	133248
1.246258000	134636
1.247965000	112428
1.247968000	113816
1.247989000	115204
1.247993000	116592
1.248166000	117980
1.248179000	119368
1.248240000	120756
1.248247000	122144
1.248268000	123532
1.248271000	124920
1.248320000	126308
1.248322000	127696
1.248373000	129084
1.248376000	130472
1.248427000	131860
1.248430000	133248
1.248481000	134636
1.248484000	136024
1.252042000	129084
1.252045000	130472
1.252058000	131860
1.252110000	133248
1.252114000	134636
1.252164000	136024
1.256008000	134636
1.256011000	136024
1.256151000	133248
1.256156000	134636
1.256187000	136024
1.266012000	136024
1.266018000	137412
1.266078000	133248
1.266081000	134636
1.266195000	136024
1.266198000	137412
1.271081000	133248
1.271085000	134636
1.271112000	136024
1.271116000	137412
1.271971000	137412
1.272023000	137412
1.272031000	136024
1.272074000	137412
1.272886000	137412
1.272901000	133248
1.272926000	134636
1.272930000	136024
1.272978000	137412
1.275925000	130472
1.275928000	131860
1.276007000	133248
1.276013000	134636
1.276092000	136024
1.276098000	137412
1.277885000	137412
1.277938000	137412
1.282963000	136024
1.282968000	137412
1.282996000	130472
1.283000000	131860
1.283100000	130472
1.283105000	131860
1.283181000	133248
1.283186000	134636
1.283262000	136024
1.283267000	137412
1.285909000	136024
1.285915000	137412
1.287936000	136024
1.287943000	137412
1.287972000	136024
1.287977000	137412
1.291122000	136024
1.291127000	137412
1.291156000	130472
1.291159000	131860
1.291261000	133248
1.291267000	134636
1.291348000	136024
1.291354000	137412
1.297932000	136024
1.297938000	137412
1.298019000	136024
1.298023000	137412
1.302955000	136024
1.302963000	137412
1.302996000	133248
1.303000000	134636
1.303062000	133248
1.303065000	134636
1.303105000	133248
1.303120000	134636
1.306042000	133248
1.306044000	134636
1.306074000	133248
1.306077000	134636
1.306176000	133248
1.306181000	134636
1.306234000	133248
1.306237000	134636
1.306320000	136024
1.306326000	137412
1.306368000	138800
1.307923000	137412
1.307927000	138800
1.310974000	137412
1.310977000	138800
1.311025000	133248
1.311028000	134636
1.311077000	136024
1.311081000	137412
1.311162000	138800
1.313104000	137412
1.313109000	138800
1.313151000	131860
1.313154000	133248
1.313269000	134636
1.313272000	136024
1.313303000	137412
1.313307000	138800
1.316033000	137412
1.316036000	138800
1.316062000	137412
1.316066000	138800
1.316190000	137412
1.316193000	138800
1.316219000	137412
1.316222000	138800
1.326196000	137412
1.326199000	138800
1.327967000	137412
1.327972000	138800
1.328004000	137412
1.328007000	138800
1.343100000	137412
1.343103000	138800
1.343138000	137412
1.343141000	138800
1.343189000	140188
1.346085000	138800
1.346088000	140188
1.346258000	138800
1.346262000	140188
1.346310000	122144
1.346313000	123532
1.346415000	122144
1.346420000	123532
1.347910000	101324
1.347915000	102712
1.347957000	101324
1.347961000	102712
1.348007000	104100
1.348010000	105488
1.348060000	106876
1.348064000	108264
1.348114000	109652
1.348117000	111040
1.348169000	112428
1.348172000	113816
1.348222000	115204
1.348225000	116592
1.348276000	117980
1.348279000	119368
1.348329000	120756
1.348332000	122144
1.348384000	123532
1.348387000	124920
1.348437000	126308
1.348440000	127696
1.348490000	129084
1.348493000	130472
1.348544000	131860
1.348547000	133248
1.348599000	134636
1.348602000	136024
1.348652000	137412
1.348655000	138800
1.348706000	140188
1.356003000	138800
1.356010000	140188
1.356076000	130472
1.356080000	131860
1.356126000	127696
1.356130000	129084
1.356175000	130472
1.356180000	131860
1.356227000	133248
1.356231000	134636
1.356279000	136024
1.356284000	137412
1.356332000	138800
1.356337000	140188
1.357876000	138800
1.357880000	140188
1.363006000	138800
1.363009000	140188
1.363991000	138800
1.363994000	140188
1.364026000	138800
1.364029000	140188
1.364183000	112428
1.364186000	113816
1.364300000	108264
1.364303000	109652
1.371132000	98548
1.371136000	99936
1.371275000	101324
1.371279000	102712
1.371369000	104100
1.371375000	105488
1.371451000	106876
1.371456000	108264
1.371491000	109652
1.371494000	111040
1.371545000	112428
1.371548000	113816
1.371598000	115204
1.371601000	116592
1.371652000	117980
1.371655000	119368
1.371706000	120756
1.371709000	122144
1.371760000	123532
1.371763000	124920
1.371814000	126308
1.371816000	127696
1.371867000	129084
1.371870000	130472
1.371921000	131860
1.371924000	133248
1.371975000	134636
1.371978000	136024
1.372029000	137412
1.372032000	138800
1.372083000	139703
