8.452467000	1408
8.452478000	2816
8.452492000	4224
8.452546000	5632
8.452550000	7040
8.452594000	8448
8.452596000	9856
8.452646000	11264
8.452649000	12672
8.452699000	14080
8.568538000	14080
8.568543000	15488
8.568624000	15488
8.568627000	16896
8.574551000	16896
8.574556000	18304
8.574589000	16896
8.574619000	9856
8.574622000	11264
8.574670000	12672
8.574673000	14080
8.574721000	15488
8.574724000	16896
8.574775000	18304
8.574778000	19712
8.574828000	21120
8.574830000	22528
8.612417000	22528
8.612422000	23936
8.612529000	22528
8.612533000	23936
8.612580000	25344
8.612583000	26752
8.619452000	26752
8.619460000	28160
8.619569000	26752
8.619573000	28160
8.619602000	29568
8.619605000	30976
8.620357000	30976
8.620363000	32384
8.620391000	32384
8.620394000	33792
8.628471000	33792
8.628476000	35200
8.635405000	35200
8.635410000	36608
8.635471000	29568
8.635475000	30976
8.635517000	32384
8.635520000	33792
8.635603000	35200
8.635610000	36608
8.635638000	38016
8.635640000	39424
8.635688000	40832
8.635691000	42240
8.635741000	43648
8.635744000	45056
8.652391000	45056
8.652399000	46464
8.652432000	45056
8.652437000	46464
8.652488000	47872
8.652492000	49280
8.659437000	49280
8.659456000	50688
8.659688000	47872
8.659693000	49280
8.659724000	50688
8.659728000	52096
8.659777000	53504
8.659781000	54912
8.660362000	54912
8.660368000	56320
8.660403000	54912
8.660415000	56320
8.660507000	57728
8.660514000	59136
8.661454000	59136
8.661459000	60544
8.661497000	60544
8.661502000	61952
8.669361000	61952
8.669366000	63360
8.669394000	63360
8.669397000	64768
8.669505000	64768
8.669508000	66176
8.684447000	66176
8.684450000	67584
8.684561000	57728
8.684563000	59136
8.684596000	60544
8.684598000	61952
8.684719000	63360
8.684722000	64768
8.684822000	66176
8.684826000	67584
8.684931000	68992
8.684936000	70400
8.685030000	71808
8.685034000	73216
8.685134000	74624
8.685138000	76032
8.685238000	77440
8.685242000	78848
8.692429000	78848
8.692436000	80256
8.699529000	80256
8.699532000	81664
8.699566000	76032
8.699569000	77440
8.699662000	77440
8.699665000	78848
8.699740000	77440
8.699745000	78848
8.699822000	80256
8.699826000	81664
8.699905000	83072
8.699910000	84480
8.700016000	85888
8.700020000	87296
8.700047000	88704
8.700049000	90112
8.700100000	91520
8.700102000	92928
8.700443000	92928
8.700447000	94336
8.700569000	88704
8.700572000	90112
8.700605000	91520
8.700607000	92928
8.700657000	94336
8.700659000	95744
8.700710000	97152
8.700712000	98560
8.700765000	99968
8.700767000	101376
8.701354000	101376
8.701356000	102784
8.701405000	102784
8.701407000	104192
8.712414000	102784
8.712418000	104192
8.712429000	92928
8.712460000	91520
8.712463000	92928
8.712465000	94336
8.712550000	95744
8.712554000	97152
8.712556000	98560
8.712631000	99968
8.712636000	101376
8.712638000	102784
8.712714000	104192
8.712718000	105600
8.712720000	107008
8.712801000	108416
8.712805000	109824
8.712807000	111232
8.712883000	112640
8.712887000	114048
8.712889000	115456
8.712927000	116864
8.712929000	118272
8.712931000	119680
8.712980000	121088
8.712981000	122496
8.719461000	114048
8.719466000	115456
8.719469000	116864
8.719634000	118272
8.719638000	119680
8.719641000	121088
8.719676000	122496
8.719679000	123904
8.719682000	125312
8.719730000	126720
8.719733000	128128
8.719736000	129536
8.719785000	130944
8.719788000	132352
8.735359000	130944
8.735363000	132352
8.735366000	133760
8.735397000	135168
8.742484000	133760
8.742489000	135168
8.742492000	136576
8.742526000	135168
8.742529000	136576
8.742532000	137984
8.742579000	139392
8.742583000	140800
8.743414000	140800
8.743416000	142208
8.749558000	142208
8.749561000	143616
8.749568000	143616
8.749624000	128128
8.749626000	129536
8.749629000	130944
8.749677000	132352
8.749680000	133760
8.749683000	135168
8.749726000	136576
8.749728000	137984
8.749730000	139392
8.749779000	140800
8.749781000	142208
8.749782000	143616
8.749830000	145024
8.749832000	146432
8.749834000	147840
8.749883000	149248
8.749885000	150656
8.749887000	152064
8.749936000	153472
8.749940000	154880
8.749944000	156288
8.749987000	157696
8.749989000	159104
8.749991000	160512
8.750039000	161920
8.750478000	161920
8.750481000	163328
8.750488000	163328
8.750527000	153472
8.750530000	154880
8.750532000	156288
8.750642000	157696
8.750647000	159104
8.750649000	160512
8.750681000	161920
8.750683000	163328
8.750685000	164736
8.750734000	166144
8.750737000	167552
8.750739000	168960
8.750783000	170368
8.750785000	171776
8.750787000	173184
8.750835000	174592
8.750837000	176000
8.751370000	176000
8.751373000	177408
8.751379000	177408
8.751414000	176000
8.751416000	177408
8.751419000	178816
8.751481000	180224
8.751483000	181632
8.752385000	181632
8.752388000	183040
8.752396000	183040
8.752401000	183040
8.752424000	184448
8.752426000	185856
8.760451000	185856
8.760455000	187264
8.767450000	187264
8.767456000	188672
8.767468000	188672
8.767545000	181632
8.767550000	183040
8.767555000	184448
8.767588000	185856
8.767591000	187264
8.767594000	188672
8.767642000	190080
8.767645000	191488
8.767649000	192896
8.767693000	194304
8.767696000	195712
8.767699000	197120
8.767745000	198528
8.768422000	197120
8.768425000	198528
8.768427000	199936
8.768464000	201344
8.776463000	199936
8.776467000	201344
8.776469000	202752
8.776537000	204160
8.783562000	202752
8.783566000	204160
8.783568000	205568
8.783756000	176000
8.783763000	177408
8.783766000	178816
8.783833000	180224
8.783837000	181632
8.783840000	183040
8.783913000	184448
8.783917000	185856
8.783919000	187264
8.783998000	188672
8.784002000	190080
8.784004000	191488
8.784079000	192896
8.784084000	194304
8.784086000	195712
8.784161000	197120
8.784165000	198528
8.784167000	199936
8.784244000	201344
8.784248000	202752
8.784250000	204160
8.784325000	205568
8.784329000	206976
8.784331000	208384
8.784375000	206976
8.784377000	208384
8.784379000	209792
8.784421000	205568
8.784423000	206976
8.784426000	208384
8.784474000	209792
8.784476000	211200
8.784477000	212608
8.784526000	214016
8.784529000	215424
8.784531000	216832
8.784580000	218240
8.784582000	219648
8.784584000	221056
8.784632000	222464
8.784634000	223872
8.784636000	225280
8.784685000	226688
8.784687000	228096
8.784689000	229504
8.784738000	230912
8.784740000	232320
8.784741000	233728
8.784791000	235136
8.784793000	236544
8.784795000	237952
8.784843000	239360
8.784845000	240768
8.784848000	242176
8.784896000	243584
8.784898000	244992
8.784900000	246400
8.800580000	244992
8.800583000	246400
8.800585000	247808
8.800626000	237952
8.800629000	239360
8.800631000	240768
8.800716000	242176
8.800720000	243584
8.800722000	244992
8.800797000	246400
8.800801000	247808
8.800804000	249216
8.800880000	250624
8.800884000	252032
8.800886000	253440
8.800962000	254848
8.800966000	256256
8.800968000	257664
8.801044000	259072
8.801048000	260480
8.801451000	259072
8.801453000	260480
8.801455000	261888
8.801466000	257664
8.801497000	257664
8.801499000	259072
8.801501000	260480
8.801504000	261888
8.801549000	263296
8.801552000	264704
8.801554000	266112
8.801556000	267520
8.801601000	268928
8.801603000	270336
8.817449000	270336
8.817452000	271744
8.824496000	271744
8.824501000	273152
8.824512000	273152
8.824515000	274560
8.824570000	260480
8.824573000	261888
8.824575000	263296
8.824578000	264704
8.824623000	266112
8.824627000	267520
8.824629000	268928
8.824632000	270336
8.824677000	271744
8.824680000	273152
8.824683000	274560
8.824685000	275968
8.824731000	277376
8.824734000	278784
8.824743000	280192
8.824746000	281600
8.824783000	283008
8.824786000	284416
8.824789000	285824
8.824791000	287232
8.824835000	288640
8.824838000	290048
8.825445000	290048
8.825448000	291456
8.825460000	291456
8.825462000	292864
8.825657000	290048
8.825659000	291456
8.825662000	292864
8.825664000	294272
8.825691000	295680
8.825694000	297088
8.826338000	297088
8.826341000	298496
8.826435000	298496
8.826437000	299904
8.826486000	299904
8.826488000	301312
8.826494000	301312
8.826496000	302720
8.826538000	302720
8.826540000	304128
8.831582000	304128
8.831586000	305536
8.831592000	305536
8.831594000	306944
8.831709000	301312
8.831713000	302720
8.831715000	304128
8.831717000	305536
8.831791000	306944
8.831796000	308352
8.831799000	309760
8.831802000	311168
8.831835000	312576
8.831838000	313984
8.832478000	313984
8.832481000	315392
8.832488000	315392
8.832490000	316800
8.832521000	311168
8.832524000	312576
8.832527000	313984
8.832529000	315392
8.832576000	316800
8.832579000	318208
8.832582000	319616
8.832585000	321024
8.832629000	322432
8.832632000	323840
8.833477000	323840
8.833480000	325248
8.833489000	325248
8.833491000	326656
8.833523000	322432
8.833525000	323840
8.833528000	325248
8.833531000	326656
8.833576000	328064
8.833579000	329472
8.833581000	330880
8.833584000	332288
8.841427000	332288
8.841430000	333696
8.848472000	333696
8.848477000	335104
8.848486000	335104
8.848489000	336512
8.848520000	330880
8.848523000	332288
8.848526000	333696
8.848528000	335104
8.848574000	336512
8.848578000	337920
8.848580000	339328
8.848583000	340736
8.848628000	342144
8.848632000	343552
8.856388000	343552
8.856391000	344960
8.863571000	344960
8.863575000	346368
8.863583000	346368
8.863617000	335104
8.863620000	336512
8.863622000	337920
8.863707000	339328
8.863711000	340736
8.863713000	342144
8.863788000	343552
8.863792000	344960
8.863794000	346368
8.863891000	347776
8.863899000	349184
8.863903000	350592
8.863981000	352000
8.863985000	353408
8.863987000	354816
8.864018000	356224
8.864021000	357632
8.864023000	359040
8.864070000	360448
8.864407000	360448
8.864410000	361856
8.864416000	361856
8.864449000	354816
8.864451000	356224
8.864453000	357632
8.864501000	359040
8.864503000	360448
8.864505000	361856
8.864553000	363264
8.864555000	364672
8.864557000	366080
8.864605000	367488
8.864607000	368896
8.864609000	370304
8.864657000	371712
8.865505000	371712
8.865508000	373120
8.865517000	373120
8.865531000	370304
8.865874000	364672
8.865879000	366080
8.865882000	367488
8.865884000	368896
8.865920000	370304
8.865923000	371712
8.865926000	373120
8.865929000	374528
8.865976000	375936
8.865980000	377344
8.865983000	378752
8.865985000	380160
8.866030000	381568
8.866033000	382976
8.866036000	384384
8.866039000	385792
8.880480000	385792
8.880485000	387200
8.880492000	387200
8.880494000	388608
8.880525000	378752
8.880528000	380160
8.880530000	381568
8.880532000	382976
8.880613000	384384
8.880618000	385792
8.880620000	387200
8.880621000	388608
8.880694000	390016
8.880698000	391424
8.880701000	392832
8.880703000	394240
8.880781000	395648
8.880785000	397056
8.880788000	398464
8.880790000	399872
8.881425000	398464
8.881430000	399872
8.881432000	401280
8.881435000	402688
8.881467000	392832
8.881469000	394240
8.881472000	395648
8.881474000	397056
8.881522000	398464
8.881525000	399872
8.881528000	401280
8.881531000	402688
8.881576000	404096
8.881579000	405504
8.881582000	406912
8.881584000	408320
8.881630000	409728
8.881634000	411136
8.881637000	412544
8.881639000	413952
8.892520000	412544
8.892524000	413952
8.892526000	415360
8.892528000	416768
8.892568000	409728
8.892570000	411136
8.892573000	412544
8.892576000	413952
8.892660000	415360
8.892664000	416768
8.892666000	418176
8.892668000	419584
8.892743000	420992
8.892746000	422400
8.892749000	423808
8.892751000	425216
8.908575000	423808
8.908579000	425216
8.908581000	426624
8.908583000	428032
8.908624000	401280
8.908626000	402688
8.908628000	404096
8.908631000	405504
8.908714000	406912
8.908718000	408320
8.908721000	409728
8.908723000	411136
8.908795000	412544
8.908799000	413952
8.908801000	415360
8.908803000	416768
8.908877000	418176
8.908881000	419584
8.908883000	420992
8.908885000	422400
8.908960000	423808
8.908964000	425216
8.908967000	426624
8.908969000	428032
8.909042000	429440
8.909046000	430848
8.909048000	432256
8.909050000	433664
8.909125000	435072
8.909129000	436480
8.909131000	437888
8.909133000	439296
8.909168000	440704
8.909170000	442112
8.909172000	443520
8.909174000	444928
8.909221000	446336
8.909223000	447744
8.909225000	449152
8.909227000	450560
8.909274000	451968
8.909276000	453376
8.909278000	454784
8.909280000	456192
8.916475000	454784
8.916478000	456192
8.916480000	457600
8.916482000	459008
8.923422000	457600
8.923427000	459008
8.923430000	460416
8.923433000	461824
8.923507000	457600
8.923510000	459008
8.923513000	460416
8.923516000	461824
8.923543000	463232
8.923545000	464640
8.923548000	466048
8.923594000	467456
8.924386000	466048
8.924389000	467456
8.924391000	468864
8.924393000	470272
8.924551000	468864
8.924555000	470272
8.924557000	471680
8.924559000	473088
8.924595000	468864
8.924598000	470272
8.924600000	471680
8.924602000	473088
8.924683000	474496
8.924687000	475904
8.924689000	477312
8.924691000	478720
8.925455000	477312
8.925458000	478720
8.925461000	480128
8.925463000	481536
8.925499000	477312
8.925502000	478720
8.925503000	480128
8.925505000	481536
8.925549000	482944
8.925551000	484352
8.925553000	485760
8.925555000	487168
8.933448000	485760
8.933453000	487168
8.933456000	488576
8.933459000	489984
8.940404000	488576
8.940409000	489984
8.940412000	491392
8.940420000	489984
8.940450000	480128
8.940453000	481536
8.940455000	482944
8.940458000	484352
8.940503000	485760
8.940506000	487168
8.940509000	488576
8.940512000	489984
8.940563000	488576
8.940566000	489984
8.940569000	491392
8.940571000	492800
8.940611000	494208
8.940614000	495616
8.940617000	497024
8.940619000	498432
8.940666000	499840
8.940669000	501248
8.940672000	502656
8.940674000	504064
8.940722000	505472
8.940725000	506880
8.940728000	508288
8.940730000	509696
8.941473000	508288
8.941477000	509696
8.941479000	511104
8.941482000	512512
8.941517000	505472
8.941520000	506880
8.941522000	508288
8.941525000	509696
8.941570000	511104
8.941573000	512512
8.941575000	513920
8.941578000	515328
8.941621000	516736
8.941624000	518144
8.941626000	519552
8.941629000	520960
8.952571000	520960
8.952574000	522368
8.952582000	522368
8.952584000	523776
8.952646000	523776
8.952648000	525184
8.959491000	525184
8.959496000	526592
8.959506000	526592
8.959509000	528000
8.959558000	518027
