2.934962000	1388
2.934972000	2776
2.935031000	4164
2.935034000	5552
2.935081000	6940
2.935084000	8328
2.935135000	9716
2.935138000	11104
2.935187000	12492
2.935190000	13880
2.993539000	13880
2.993544000	15268
2.993587000	15268
2.993594000	16656
2.994515000	16656
2.994521000	18044
2.994552000	16656
2.994556000	18044
2.994625000	16656
2.994632000	18044
2.994657000	19432
2.994661000	20820
2.994782000	22208
2.994788000	23596
2.996589000	23596
2.996593000	24984
2.996701000	23596
2.996704000	24984
2.996749000	26372
2.996751000	27760
3.051652000	27760
3.051655000	29148
3.051714000	24984
3.051717000	26372
3.051824000	24984
3.051827000	26372
3.051859000	22208
3.051862000	23596
3.051931000	22208
3.051934000	23596
3.052042000	22208
3.052046000	23596
3.052089000	23596
3.052093000	24984
3.052146000	24984
3.052149000	26372
3.052193000	23596
3.052196000	24984
3.052247000	26372
3.052250000	27760
3.052300000	29148
3.052302000	30536
3.052354000	31924
3.052357000	33312
3.052408000	34700
3.052411000	36088
3.052462000	37476
3.052464000	38864
3.052516000	40252
3.052518000	41640
3.052570000	43028
3.052572000	44416
3.052623000	45804
3.052626000	47192
3.052677000	48580
3.052679000	49968
3.052731000	51356
3.052733000	52744
3.052785000	54132
3.052787000	55520
3.116705000	55520
3.116707000	56908
3.116746000	56908
3.116751000	58296
3.116803000	58296
3.116806000	59684
3.116850000	59684
3.116853000	61072
3.117557000	61072
3.117560000	62460
3.117597000	59684
3.117600000	61072
3.117654000	61072
3.117657000	62460
3.117704000	63848
3.117707000	65236
3.117856000	66624
3.117859000	68012
3.118467000	68012
3.121560000	68012
3.121572000	68012
3.121609000	68012
3.121619000	68012
3.121662000	68012
3.121687000	68012
3.121835000	68012
3.121895000	68012
3.121948000	68012
3.121959000	68012
3.122001000	65236
3.122004000	66624
3.122054000	66624
3.122058000	68012
3.122110000	68012
3.122120000	68012
3.122161000	63848
3.122166000	65236
3.122236000	63848
3.122243000	65236
3.122273000	58296
3.122276000	59684
3.122326000	61072
3.122330000	62460
3.122377000	63848
3.122381000	65236
3.122432000	66624
3.122435000	68012
3.122485000	69400
3.122489000	70788
3.163483000	72176
3.163531000	72176
3.166559000	73564
3.166573000	74952
3.166602000	76340
3.166665000	77728
3.171635000	79116
3.171643000	80504
3.171682000	81892
3.171685000	83280
3.171798000	84668
3.171803000	86056
3.171961000	87444
3.171967000	88832
3.171994000	90220
3.171997000	91608
3.172111000	92996
3.172116000	94384
3.172141000	95772
3.172144000	97160
3.184549000	98548
3.184562000	99936
3.184636000	101324
3.184644000	102712
3.194549000	104100
3.194565000	105488
3.194580000	106876
3.194692000	108264
3.194704000	109652
3.194725000	111040
3.194839000	112428
3.194851000	113816
3.204607000	115204
3.204616000	116592
3.204633000	117980
3.219848000	119368
3.219917000	48580
3.219929000	48580
3.219949000	48580
3.219954000	48580
3.220006000	45804
3.220009000	47192
3.220054000	48580
3.220108000	48580
3.220114000	48580
3.220160000	45804
3.220162000	47192
3.220213000	45804
3.220216000	47192
3.220266000	45804
3.220268000	47192
3.220319000	45804
3.220320000	47192
3.220372000	45804
3.220373000	47192
3.220426000	48580
3.222525000	48580
3.222548000	48580
3.222566000	48580
3.228527000	48580
3.228536000	48580
3.233529000	48580
3.233537000	48580
3.233623000	48580
3.233631000	48580
3.233673000	48580
3.238514000	48580
3.243638000	48580
3.248524000	48580
3.248532000	48580
3.281577000	48580
3.281580000	49968
3.281623000	49968
3.281631000	49968
3.281684000	49968
3.281692000	49968
3.281812000	49968
3.281820000	49968
3.281862000	47192
3.281866000	48580
3.281932000	45804
3.281939000	47192
3.281969000	47192
3.281973000	48580
3.282021000	48580
3.282024000	49968
3.283641000	49968
3.283655000	49968
3.285517000	49968
3.285526000	49968
3.285560000	48580
3.285563000	49968
3.285614000	49968
3.286550000	49968
3.286563000	49968
3.286587000	47192
3.286590000	48580
3.286677000	48580
3.286683000	49968
3.288498000	49968
3.288509000	49968
3.288527000	49968
3.291615000	49968
3.291836000	49968
3.291849000	49968
3.291868000	49968
3.331657000	49968
3.331662000	51356
3.331703000	49968
3.331712000	51356
3.331758000	49968
3.331762000	51356
3.331814000	49968
3.331818000	51356
3.331870000	49968
3.331874000	51356
3.331925000	49968
3.331929000	51356
3.331977000	49968
3.331982000	51356
3.333465000	51356
3.333511000	51356
3.336565000	51356
3.336581000	51356
3.336615000	48580
3.336619000	49968
3.336677000	49968
3.336682000	51356
3.336730000	48580
3.336734000	49968
3.336787000	49968
3.336791000	51356
3.338510000	51356
3.338524000	51356
3.338556000	51356
3.348495000	51356
3.348507000	51356
3.353578000	51356
3.353589000	51356
3.356707000	51356
3.356716000	51356
3.358541000	51356
3.358551000	51356
3.366651000	51356
3.366657000	52744
3.368529000	52744
3.368542000	52744
3.373492000	52744
3.373531000	52744
3.373541000	52744
3.376606000	52744
3.376619000	52744
3.376657000	48580
3.376661000	49968
3.376760000	51356
3.376767000	52744
3.378552000	52744
3.378568000	52744
3.380532000	52744
3.380543000	52744
3.380564000	52744
3.380571000	52744
3.380617000	52744
3.380624000	52744
3.381535000	52744
3.381577000	52744
3.381584000	52744
3.381629000	52744
3.381636000	52744
3.381681000	52744
3.381688000	52744
3.381735000	52744
3.381965000	51356
3.381968000	52744
3.383553000	51356
3.383558000	52744
3.400543000	51356
3.400548000	52744
3.400644000	51356
3.400649000	52744
3.430578000	51356
3.430583000	52744
3.430612000	45804
3.430615000	47192
3.430710000	48580
3.430716000	49968
3.430798000	51356
3.430804000	52744
3.430892000	54132
3.431555000	52744
3.431560000	54132
3.431602000	44416
3.431606000	45804
3.431701000	47192
3.431708000	48580
3.431736000	49968
3.431739000	51356
3.431790000	52744
3.431795000	54132
3.433479000	52744
3.433482000	54132
3.433520000	52744
3.433523000	54132
3.436553000	52744
3.436556000	54132
3.436601000	49968
3.436604000	51356
3.436654000	47192
3.436657000	48580
3.436704000	47192
3.436707000	48580
3.436757000	49968
3.436760000	51356
3.436809000	52744
3.436812000	54132
3.441536000	49968
3.441541000	51356
3.441604000	52744
3.441607000	54132
3.473590000	52744
3.473595000	54132
3.473624000	52744
3.473627000	54132
3.476555000	52744
3.476560000	54132
3.476589000	47192
3.476592000	48580
3.476687000	49968
3.476693000	51356
3.476779000	52744
3.476784000	54132
3.478519000	52744
3.478522000	54132
3.478569000	49968
3.478574000	51356
3.478647000	52744
3.478656000	54132
3.481567000	52744
3.481571000	54132
3.481617000	52744
3.481621000	54132
3.481720000	52744
3.481724000	54132
3.483522000	52744
3.483527000	54132
3.483565000	49968
3.483568000	51356
3.483619000	52744
3.483623000	54132
3.486520000	52744
3.486524000	54132
3.486640000	52744
3.486645000	54132
3.493517000	52744
3.493523000	54132
3.493546000	52744
3.493549000	54132
3.511680000	52744
3.511685000	54132
3.511725000	49968
3.511729000	51356
3.511774000	52744
3.511778000	54132
3.511832000	55520
3.513505000	54132
3.513510000	55520
3.513538000	54132
3.513541000	55520
3.518592000	54132
3.518597000	55520
3.518721000	54132
3.518725000	55520
3.521539000	54132
3.521542000	55520
3.521585000	54132
3.521588000	55520
3.531555000	54132
3.531559000	55520
3.531697000	54132
3.531700000	55520
3.531745000	48580
3.531748000	49968
3.531798000	51356
3.531801000	52744
3.531852000	54132
3.531855000	55520
3.533500000	54132
3.533504000	55520
3.536551000	54132
3.536554000	55520
3.536619000	54132
3.536623000	55520
3.541559000	54132
3.541562000	55520
3.541609000	52744
3.541612000	54132
3.541659000	55520
3.558459000	54132
3.558462000	55520
3.558509000	54132
3.558512000	55520
3.561486000	54132
3.561489000	55520
3.561538000	54132
3.561541000	55520
3.561594000	51356
3.561597000	52744
3.561648000	48580
3.561651000	49968
3.561696000	47192
3.561699000	48580
3.561755000	49968
3.561760000	51356
3.561801000	52744
3.561804000	54132
3.561855000	55520
3.578535000	54132
3.578542000	55520
3.578577000	54132
3.578581000	55520
3.581540000	54132
3.581545000	55520
3.581573000	51356
3.581576000	52744
3.581631000	51356
3.581634000	52744
3.581682000	54132
3.581686000	55520
3.588536000	54132
3.588541000	55520
3.591544000	54132
3.591547000	55520
3.591597000	56908
3.591753000	55520
3.591756000	56908
3.591805000	55520
3.591808000	56908
3.606637000	55520
3.606642000	56908
3.606675000	55520
3.606679000	56908
3.608510000	55520
3.608513000	56908
3.611536000	55520
3.611540000	56908
3.611588000	52744
3.611592000	54132
3.611640000	52744
3.611643000	54132
3.611700000	47192
3.611704000	48580
3.611772000	49968
3.611776000	51356
3.611846000	52744
3.611850000	54132
3.611906000	55520
3.611910000	56908
3.616687000	55520
3.616692000	56908
3.616766000	55520
3.616769000	56908
3.618491000	55520
3.618494000	56908
3.621520000	55520
3.621525000	56908
3.622567000	55520
3.622572000	56908
3.622604000	55520
3.622607000	56908
3.623560000	55520
3.623564000	56908
3.633536000	55520
3.633540000	56908
3.641591000	55520
3.641594000	56908
3.643529000	55520
3.643543000	56908
3.658502000	55520
3.658508000	56908
3.658536000	55520
3.658540000	56908
3.663593000	55520
3.663598000	56908
3.664601000	55520
3.664606000	56908
3.664633000	52744
3.664636000	54132
3.664685000	55520
3.664688000	56908
3.666594000	55520
3.666599000	56908
3.666729000	52744
3.666732000	54132
3.666779000	55520
3.666783000	56908
3.668542000	55520
3.668547000	56908
3.671691000	55520
3.671696000	56908
3.671725000	49968
3.671728000	51356
3.671849000	52744
3.671856000	54132
3.671968000	55520
3.671973000	56908
3.674577000	55520
3.674582000	56908
3.674626000	52744
3.674630000	54132
3.674680000	55520
3.674685000	56908
3.681563000	55520
3.681568000	56908
3.684588000	55520
3.684592000	56908
3.684632000	55520
3.684636000	56908
3.701719000	55520
3.701723000	56908
3.701767000	55520
3.701771000	56908
3.704524000	55520
3.704527000	56908
3.704603000	55520
3.704605000	56908
3.704650000	55520
3.704669000	56908
3.704723000	58296
3.708548000	56908
3.708553000	58296
3.708583000	56908
3.708586000	58296
3.713538000	56908
3.713543000	58296
3.713574000	56908
3.713577000	58296
3.714604000	56908
3.714609000	58296
3.718504000	56908
3.718507000	58296
3.718611000	56908
3.718615000	58296
3.723603000	56908
3.723608000	58296
3.723641000	56908
3.723644000	58296
3.731587000	56908
3.731591000	58296
3.731617000	54132
3.731620000	55520
3.731715000	56908
3.731721000	58296
3.734530000	56908
3.734534000	58296
3.738546000	56908
3.738551000	58296
3.738578000	56908
3.738581000	58296
3.746863000	56908
3.746867000	58296
3.746912000	56908
3.746916000	58296
3.747063000	56908
3.747067000	58296
3.747166000	56908
3.747174000	58296
3.748535000	56908
3.748539000	58296
3.751596000	56908
3.751601000	58296
3.751637000	54132
3.751641000	55520
3.751745000	51356
3.751750000	52744
3.751789000	54132
3.751792000	55520
3.751885000	56908
3.751891000	58296
3.754528000	56908
3.754531000	58296
3.754640000	56908
3.754645000	58296
3.754766000	56908
3.754770000	58296
3.758524000	56908
3.758529000	58296
3.763569000	56908
3.763574000	58296
3.778525000	56908
3.778529000	58296
3.778619000	56908
3.778624000	58296
3.781512000	56908
3.781515000	58296
3.784576000	56908
3.784581000	58296
3.784623000	56908
3.784626000	58296
3.784668000	56908
3.784671000	58296
3.808537000	56908
3.808541000	58296
3.811627000	56908
3.811630000	58296
3.811678000	54132
3.811681000	55520
3.811731000	51356
3.811734000	52744
3.811786000	51356
3.811789000	52744
3.811835000	45804
3.811839000	47192
3.811887000	48580
3.811891000	49968
3.811942000	51356
3.811946000	52744
3.812001000	44416
3.812004000	45804
3.812058000	43028
3.812062000	44416
3.812100000	45804
3.812103000	47192
3.812153000	48580
3.812156000	49968
3.812215000	51356
3.812219000	52744
3.812317000	54132
3.812325000	55520
3.812361000	56908
3.812366000	58296
3.812415000	59684
3.818503000	58296
3.818506000	59684
3.821532000	58296
3.821535000	59684
3.826570000	58296
3.826575000	59684
3.828521000	58296
3.828526000	59684
3.828564000	58296
3.828568000	59684
3.831548000	58296
3.831551000	59684
3.851575000	58296
3.851583000	59684
3.858520000	58296
3.858525000	59684
3.861513000	58296
3.861518000	59684
3.861553000	58296
3.861556000	59684
3.861605000	55520
3.861609000	56908
3.861655000	55520
3.861658000	56908
3.861708000	58296
3.861712000	59684
3.863500000	58296
3.863504000	59684
3.863544000	58296
3.863548000	59684
3.866598000	58296
3.866605000	59684
3.866739000	47192
3.866743000	48580
3.866793000	49968
3.866796000	51356
3.866892000	52744
3.866898000	54132
3.866982000	55520
3.866989000	56908
3.867027000	58296
3.867031000	59684
3.871636000	58296
3.871643000	59684
3.873529000	58296
3.873533000	59684
3.883496000	58296
3.883501000	59684
3.883528000	55520
3.883531000	56908
3.883579000	58296
3.883583000	59684
3.886714000	58296
3.886717000	59684
3.897639000	58296
3.897644000	59684
3.906573000	58296
3.906578000	59684
3.906612000	49968
3.906615000	51356
3.906719000	49968
3.906724000	51356
3.906762000	52744
3.906766000	54132
3.906859000	55520
3.906865000	56908
3.906949000	58296
3.906955000	59684
3.907511000	58296
3.907514000	59684
3.907566000	58296
3.907569000	59684
3.908467000	58296
3.908470000	59684
3.908532000	58296
3.908535000	59684
3.911574000	58296
3.911579000	59684
3.911643000	58296
3.911646000	59684
3.913535000	58296
3.913541000	59684
3.913571000	58296
3.913576000	59684
3.917600000	58296
3.917603000	59684
3.918597000	58296
3.918601000	59684
3.927581000	58296
3.927585000	59684
3.927679000	58296
3.927682000	59684
3.936522000	58296
3.936524000	59684
3.936732000	58296
3.936735000	59684
3.948487000	58296
3.948491000	59684
3.948527000	61072
3.956581000	59684
3.956588000	61072
3.956622000	56908
3.956626000	58296
3.956676000	59684
3.956681000	61072
3.957527000	59684
3.957530000	60587
