7.307411000	1408
7.307422000	2816
7.307480000	4224
7.307484000	5632
7.307524000	7040
7.307526000	8448
7.307583000	9856
7.307586000	11264
7.307631000	12672
7.307633000	14080
7.425379000	14080
7.425384000	15488
7.425439000	15488
7.425442000	16896
7.425530000	18304
7.426371000	19712
7.426384000	19712
7.426482000	12672
7.426486000	14080
7.426535000	15488
7.426538000	16896
7.426634000	18304
7.426639000	19712
7.432508000	19712
7.432513000	21120
7.432573000	21120
7.432576000	22528
7.531353000	22528
7.531358000	23936
7.538497000	23936
7.538502000	25344
7.538663000	18304
7.538666000	19712
7.538714000	21120
7.538717000	22528
7.538816000	23936
7.538822000	25344
7.538910000	26752
7.538916000	28160
7.539035000	29568
7.539040000	30976
7.539159000	32384
7.539164000	33792
7.539448000	33792
7.539453000	35200
7.539500000	29568
7.539502000	30976
7.539552000	32384
7.539555000	33792
7.539613000	35200
7.539615000	36608
7.539665000	38016
7.539667000	39424
7.539719000	40832
7.539722000	42240
7.563460000	42240
7.563465000	43648
7.563531000	43648
7.563534000	45056
7.660501000	45056
7.660504000	46464
7.660692000	43648
7.660698000	45056
7.660776000	46464
7.660780000	47872
7.660823000	49280
7.660828000	50688
7.661330000	50688
7.661334000	52096
7.661493000	52096
7.661497000	53504
7.661537000	45056
7.661539000	46464
7.661590000	47872
7.661593000	49280
7.661643000	50688
7.661646000	52096
7.661697000	53504
7.661700000	54912
7.661751000	56320
7.661753000	57728
7.661805000	59136
7.661807000	60544
7.661859000	61952
7.661861000	63360
7.662418000	63360
7.662420000	64768
7.662491000	64768
7.662494000	66176
7.673361000	66176
7.673366000	67584
7.673397000	67584
7.673400000	68992
7.680368000	68992
7.680372000	70400
7.680403000	68992
7.680406000	70400
7.680454000	67584
7.680457000	68992
7.680506000	70400
7.680509000	71808
7.680561000	73216
7.680564000	74624
7.680630000	76032
7.680634000	77440
7.681425000	77440
7.681430000	78848
7.681481000	74624
7.681484000	76032
7.681609000	77440
7.681615000	78848
7.681725000	80256
7.681731000	81664
7.681844000	83072
7.681850000	84480
7.682385000	84480
7.682389000	85888
7.682550000	85888
7.682555000	87296
7.697397000	87296
7.697409000	88704
7.697477000	88704
7.697479000	90112
7.774424000	90112
7.774429000	91520
7.775349000	91520
7.775354000	92928
7.775389000	91520
7.775393000	92928
7.775441000	94336
7.775444000	95744
7.790557000	95744
7.790562000	97152
7.790624000	94336
7.790628000	95744
7.790718000	97152
7.790723000	98560
7.790823000	99968
7.790826000	101376
7.791506000	101376
7.791510000	102784
7.791544000	102784
7.791548000	104192
7.804432000	104192
7.804437000	105600
7.804632000	94336
7.804637000	95744
7.804703000	97152
7.804706000	98560
7.804775000	99968
7.804778000	101376
7.804844000	102784
7.804848000	104192
7.804898000	105600
7.804907000	107008
7.804948000	108416
7.804952000	109824
7.805001000	111232
7.805004000	112640
7.805053000	114048
7.805057000	115456
7.805107000	116864
7.805110000	118272
7.805479000	118272
7.805483000	119680
7.805520000	111232
7.805523000	112640
7.805573000	114048
7.805576000	115456
7.805624000	116864
7.805627000	118272
7.805677000	119680
7.805680000	121088
7.805730000	122496
7.805732000	123904
7.805782000	125312
7.805786000	126720
7.805836000	128128
7.805838000	129536
7.813426000	129536
7.813431000	130944
7.820394000	130944
7.820399000	132352
7.820432000	123904
7.820435000	125312
7.820535000	126720
7.820541000	128128
7.820623000	129536
7.820629000	130944
7.820690000	132352
7.820694000	133760
7.820766000	135168
7.820769000	136576
7.820846000	137984
7.820849000	139392
7.820896000	140800
7.820900000	142208
7.835519000	140800
7.835524000	142208
7.835740000	123904
7.835743000	125312
7.835804000	126720
7.835807000	128128
7.835902000	129536
7.835908000	130944
7.835993000	132352
7.835999000	133760
7.836080000	135168
7.836086000	136576
7.836169000	137984
7.836175000	139392
7.836257000	140800
7.836262000	142208
7.836297000	143616
7.836300000	145024
7.836351000	146432
7.836355000	147840
7.836416000	146432
7.836419000	147840
7.836460000	143616
7.836463000	145024
7.836512000	146432
7.836515000	147840
7.836566000	149248
7.836568000	150656
7.836620000	152064
7.836622000	153472
7.836673000	154880
7.836676000	156288
7.836728000	157696
7.836730000	159104
7.836781000	160512
7.836784000	161920
7.836835000	163328
7.836838000	164736
7.836889000	166144
7.836892000	167552
7.836943000	168960
7.836945000	170368
7.836997000	171776
7.836999000	173184
7.853480000	171776
7.853485000	173184
7.853525000	174592
7.853528000	176000
7.860480000	174592
7.860485000	176000
7.860571000	177408
7.860573000	178816
7.891518000	178816
7.891523000	180224
7.944418000	178816
7.944424000	180224
7.944468000	181632
7.944471000	183040
7.953432000	181632
7.953436000	183040
7.953477000	181632
7.953480000	183040
7.953572000	184448
7.953578000	185856
7.953652000	187264
7.953658000	188672
7.960417000	188672
7.960422000	190080
7.960695000	181632
7.960698000	183040
7.960747000	184448
7.960750000	185856
7.960825000	187264
7.960828000	188672
7.960900000	190080
7.960903000	191488
7.960976000	192896
7.960979000	194304
7.961027000	195712
7.961030000	197120
7.961081000	198528
7.961084000	199936
7.961300000	199936
7.961303000	201344
7.961352000	201344
7.961357000	202752
7.961411000	202752
7.961414000	204160
7.976478000	204160
7.976483000	205568
7.976551000	191488
7.976554000	192896
7.976626000	194304
7.976630000	195712
7.976701000	197120
7.976705000	198528
7.976781000	199936
7.976784000	201344
7.976831000	202752
7.976834000	204160
7.976885000	205568
7.976888000	206976
7.976939000	208384
7.976942000	209792
7.976993000	211200
7.976996000	212608
7.977049000	214016
7.977052000	215424
7.977100000	216832
7.977103000	218240
7.977155000	219648
7.977158000	221056
7.977344000	221056
7.977347000	222464
7.977393000	219648
7.977396000	221056
7.977449000	222464
7.977453000	223872
7.977509000	223872
7.977513000	225280
7.977560000	226688
7.977564000	228096
7.992399000	228096
7.992405000	229504
7.992457000	216832
7.992460000	218240
7.992507000	219648
7.992511000	221056
7.992561000	222464
7.992564000	223872
7.992613000	225280
7.992617000	226688
7.992667000	228096
7.992670000	229504
7.992745000	230912
7.992749000	232320
7.992820000	233728
7.992824000	235136
7.992896000	236544
7.992899000	237952
7.992946000	239360
7.992949000	240768
7.993000000	242176
7.993003000	243584
7.993382000	243584
7.993385000	244992
7.993435000	242176
7.993438000	243584
7.993484000	244992
7.993486000	246400
7.993535000	247808
7.993538000	249216
8.008405000	249216
8.008410000	250624
8.008684000	237952
8.008688000	239360
8.008738000	240768
8.008741000	242176
8.008815000	243584
8.008819000	244992
8.008891000	246400
8.008894000	247808
8.008941000	249216
8.008944000	250624
8.008995000	252032
8.008998000	253440
8.009049000	254848
8.009052000	256256
8.009103000	257664
8.009105000	259072
8.009157000	260480
8.009160000	261888
8.009251000	263296
8.009254000	264704
8.009444000	263296
8.009446000	264704
8.009491000	254848
8.009494000	256256
8.009544000	257664
8.009547000	259072
8.009598000	260480
8.009601000	261888
8.009652000	263296
8.009655000	264704
8.009709000	266112
8.009712000	267520
8.009759000	268928
8.009762000	270336
8.009813000	271744
8.009816000	273152
8.009867000	274560
8.009870000	275968
8.009921000	277376
8.009924000	278784
8.017376000	277376
8.017383000	278784
8.017416000	280192
8.017421000	281600
8.024543000	280192
8.024548000	281600
8.024602000	266112
8.024606000	267520
8.024673000	268928
8.024677000	270336
8.024723000	271744
8.024726000	273152
8.024777000	274560
8.024780000	275968
8.024831000	277376
8.024834000	278784
8.024885000	280192
8.024888000	281600
8.024939000	283008
8.024942000	284416
8.024993000	285824
8.024995000	287232
8.025046000	288640
8.025049000	290048
8.025102000	291456
8.025105000	292864
8.025154000	294272
8.025157000	295680
8.025266000	297088
8.025269000	298496
8.025309000	297088
8.025312000	298496
8.025358000	294272
8.025360000	295680
8.025411000	297088
8.025414000	298496
8.025466000	299904
8.025468000	301312
8.025520000	302720
8.025522000	304128
8.025573000	305536
8.025576000	306944
8.025628000	308352
8.025630000	309760
8.033358000	308352
8.033363000	309760
8.033402000	311168
8.033406000	312576
8.040480000	311168
8.040485000	312576
8.040529000	302720
8.040532000	304128
8.040580000	305536
8.040583000	306944
8.040632000	308352
8.040635000	309760
8.040684000	311168
8.040687000	312576
8.040737000	313984
8.040740000	315392
8.040789000	316800
8.040792000	318208
8.040843000	319616
8.040846000	321024
8.040896000	322432
8.040899000	323840
8.040948000	325248
8.040951000	326656
8.049317000	325248
8.049322000	326656
8.049362000	328064
8.049365000	329472
8.057370000	328064
8.057375000	329472
8.057403000	330880
8.057407000	332288
8.064465000	330880
8.064469000	332288
8.064538000	313984
8.064541000	315392
8.064634000	316800
8.064640000	318208
8.064699000	319616
8.064703000	321024
8.064774000	322432
8.064778000	323840
8.064825000	325248
8.064828000	326656
8.064879000	328064
8.064882000	329472
8.064933000	330880
8.064936000	332288
8.064987000	333696
8.064989000	335104
8.065040000	336512
8.065043000	337920
8.065094000	339328
8.065097000	340736
8.065148000	342144
8.065151000	343552
8.065214000	344960
8.065218000	346368
8.065264000	347776
8.065266000	349184
8.065317000	350592
8.065327000	352000
8.065384000	350592
8.065388000	352000
8.065431000	353408
8.065434000	354816
8.065477000	356224
8.065480000	357632
8.095454000	356224
8.095457000	357632
8.095483000	359040
8.095486000	360448
8.163507000	359040
8.163510000	360448
8.163545000	359040
8.163549000	360448
8.163655000	361856
8.163658000	363264
8.163683000	364672
8.163742000	366080
8.173475000	366080
8.173480000	367488
8.173515000	367488
8.173518000	368896
8.180526000	368896
8.180532000	370304
8.180614000	363264
8.180618000	364672
8.180659000	366080
8.180664000	367488
8.180714000	368896
8.180718000	370304
8.180771000	371712
8.180775000	373120
8.180827000	374528
8.180831000	375936
8.180880000	377344
8.180884000	378752
8.181332000	378752
8.181337000	380160
8.181377000	380160
8.181381000	381568
8.189338000	381568
8.189345000	382976
8.196497000	382976
8.196502000	384384
8.196571000	377344
8.196574000	378752
8.196614000	380160
8.196617000	381568
8.196667000	382976
8.196670000	384384
8.196719000	385792
8.196722000	387200
8.196772000	388608
8.196775000	390016
8.196824000	391424
8.196827000	392832
8.197423000	392832
8.197429000	394240
8.197464000	392832
8.197468000	394240
8.197563000	395648
8.197569000	397056
8.205412000	397056
8.205416000	398464
8.220596000	398464
8.220601000	399872
8.220684000	387200
8.220687000	388608
8.220802000	390016
8.220807000	391424
8.220905000	392832
8.220909000	394240
8.220992000	395648
8.220996000	397056
8.221028000	398464
8.221030000	399872
8.221081000	401280
8.221085000	402688
8.221135000	404096
8.221138000	405504
8.221189000	406912
8.221192000	408320
8.221242000	409728
8.221245000	411136
8.221294000	412544
8.221298000	413952
8.228402000	413952
8.228405000	415360
8.228438000	413952
8.228441000	415360
8.228490000	416768
8.228493000	418176
8.235382000	418176
8.235386000	419584
8.235419000	413952
8.235422000	415360
8.235472000	416768
8.235475000	418176
8.235530000	418176
8.235533000	419584
8.235579000	415360
8.235582000	416768
8.235669000	418176
8.235676000	419584
8.235705000	420992
8.235708000	422400
8.235756000	423808
8.235759000	425216
8.235808000	426624
8.235811000	428032
8.235861000	429440
8.235864000	430848
8.235914000	432256
8.235917000	433664
8.236382000	433664
8.236386000	435072
8.236479000	435072
8.236482000	436480
8.236529000	429440
8.236531000	430848
8.236582000	432256
8.236585000	433664
8.236634000	435072
8.236637000	436480
8.236688000	437888
8.236691000	439296
8.236740000	440704
8.236742000	442112
8.236793000	443520
8.236796000	444928
8.237305000	444928
8.237309000	446336
8.237406000	446336
8.237408000	447744
8.237456000	440704
8.237458000	442112
8.237509000	443520
8.237512000	444928
8.237563000	446336
8.237565000	447744
8.237617000	449152
8.237620000	450560
8.237670000	451968
8.237673000	453376
8.237724000	454784
8.237727000	456192
8.245425000	456192
8.245430000	457600
8.252479000	457600
8.252484000	459008
8.252511000	456192
8.252514000	457600
8.252610000	459008
8.252616000	460416
8.252677000	461824
8.252680000	463232
8.253354000	463232
8.253360000	464640
8.253409000	461824
8.253428000	463232
8.253490000	464640
8.253493000	466048
8.253525000	467456
8.253527000	468864
8.261465000	468864
8.261471000	470272
8.268492000	470272
8.268498000	471680
8.268552000	461824
8.268555000	463232
8.268607000	463232
8.268610000	464640
8.268656000	461824
8.268659000	463232
8.268709000	464640
8.268712000	466048
8.268761000	467456
8.268764000	468864
8.268814000	470272
8.268817000	471680
8.268867000	473088
8.268870000	474496
8.268919000	475904
8.268922000	477312
8.268972000	478720
8.268975000	480128
8.269024000	481536
8.269027000	482944
8.269077000	484352
8.269080000	485760
8.269129000	487168
8.269133000	488576
8.269405000	488576
8.269408000	489984
8.269457000	481536
8.269461000	482944
8.269501000	484352
8.269503000	485760
8.269553000	487168
8.269556000	488576
8.269606000	489984
8.269609000	491392
8.269658000	492800
8.269661000	494208
8.269712000	495616
8.269715000	497024
8.269764000	498432
8.269767000	499840
8.270389000	499840
8.270394000	501248
8.270421000	498432
8.270425000	499840
8.270532000	499840
8.270537000	501248
8.270570000	499840
8.270573000	501248
8.270670000	502656
8.270676000	504064
8.270758000	505472
8.270763000	506880
8.270845000	508288
8.270851000	509696
8.278327000	509696
8.278332000	511104
8.278360000	511104
8.278363000	512512
8.285405000	512512
8.285412000	513920
8.285470000	505472
8.285475000	506880
8.285525000	508288
8.285529000	509696
8.285580000	511104
8.285584000	512512
8.285704000	513920
8.285710000	515328
8.285824000	516736
8.285829000	518144
8.285943000	519552
8.285949000	520960
8.285983000	522368
8.285986000	523776
8.286483000	523776
8.286486000	525184
8.286517000	519552
8.286520000	520960
8.286570000	522368
8.286573000	523776
8.286624000	525067
