2.363083000	1408
2.363094000	2816
2.363118000	4224
2.363122000	5632
2.363174000	7040
2.363176000	8448
2.363227000	9856
2.363230000	11264
2.363281000	12672
2.363283000	14080
2.618575000	14080
2.618579000	15488
2.618603000	14080
2.618722000	14080
2.618725000	15488
2.618772000	16896
2.618775000	18304
2.618871000	19712
2.618877000	21120
2.618958000	22528
2.618964000	23936
2.619045000	25344
2.619471000	25344
2.619494000	16896
2.619514000	18304
2.619517000	19712
2.619580000	21120
2.871617000	21120
2.871622000	22528
2.871752000	12672
2.871759000	14080
2.871815000	15488
2.871818000	16896
2.871865000	18304
2.871867000	19712
2.871916000	21120
2.871919000	22528
2.871970000	23936
2.871972000	25344
2.872024000	26752
2.872026000	28160
2.872077000	29568
2.872080000	30976
2.872131000	32384
2.872133000	33792
2.872510000	33792
2.872513000	35200
2.872550000	32384
2.872553000	33792
2.872635000	35200
2.872642000	36608
2.872670000	38016
2.872673000	39424
2.873433000	39424
2.873435000	40832
2.873490000	40832
2.873493000	42240
3.133445000	42240
3.133450000	43648
3.133483000	43648
3.133487000	45056
3.140512000	45056
3.140519000	46464
3.140597000	40832
3.140600000	42240
3.140689000	43648
3.140694000	45056
3.140800000	46464
3.140805000	47872
3.140831000	49280
3.140834000	50688
3.140884000	52096
3.140887000	53504
3.141379000	53504
3.141382000	54912
3.142398000	54912
3.142402000	56320
3.150439000	56320
3.150444000	57728
3.157481000	57728
3.157488000	59136
3.157518000	59136
3.157521000	60544
3.157567000	60544
3.157570000	61952
3.157622000	61952
3.157625000	63360
3.157674000	53504
3.157677000	54912
3.157776000	56320
3.157783000	57728
3.157811000	59136
3.157814000	60544
3.157864000	61952
3.157867000	63360
3.157915000	64768
3.157918000	66176
3.157967000	67584
3.157970000	68992
3.158021000	70400
3.158024000	71808
3.158073000	73216
3.158076000	74624
3.158488000	74624
3.158493000	76032
3.158559000	68992
3.158562000	70400
3.158652000	71808
3.158658000	73216
3.158746000	74624
3.158752000	76032
3.158833000	77440
3.158839000	78848
3.158921000	80256
3.158926000	81664
3.159013000	83072
3.159018000	84480
3.414605000	84480
3.414610000	85888
3.414663000	84480
3.414666000	85888
3.414782000	87296
3.414791000	88704
3.415468000	88704
3.415474000	90112
3.415621000	88704
3.415629000	90112
3.415660000	91520
3.415663000	92928
3.416409000	92928
3.416414000	94336
3.416496000	94336
3.416500000	95744
3.421493000	95744
3.421498000	97152
3.421530000	97152
3.421534000	98560
3.421641000	98560
3.421646000	99968
3.421705000	95744
3.421708000	97152
3.421797000	98560
3.421803000	99968
3.421899000	101376
3.421902000	102784
3.421986000	104192
3.421991000	105600
3.422523000	105600
3.422528000	107008
3.422561000	101376
3.422564000	102784
3.422613000	104192
3.422616000	105600
3.422667000	107008
3.422670000	108416
3.422721000	109824
3.422723000	111232
3.422774000	112640
3.422777000	114048
3.433400000	114048
3.433405000	115456
3.433436000	115456
3.433440000	116864
3.440508000	116864
3.440513000	118272
3.440694000	107008
3.440697000	108416
3.440730000	109824
3.440733000	111232
3.440830000	112640
3.440836000	114048
3.440918000	115456
3.440924000	116864
3.441020000	118272
3.441025000	119680
3.441055000	121088
3.441058000	122496
3.441106000	123904
3.441110000	125312
3.441158000	126720
3.441161000	128128
3.441212000	129536
3.441215000	130944
3.441437000	129536
3.441441000	130944
3.441475000	126720
3.441478000	128128
3.441531000	126720
3.441534000	128128
3.441580000	126720
3.441583000	128128
3.441633000	129536
3.441636000	130944
3.441686000	132352
3.441689000	133760
3.441739000	135168
3.441742000	136576
3.441791000	137984
3.441794000	139392
3.441844000	140800
3.441847000	142208
3.441897000	143616
3.441899000	145024
3.442350000	143616
3.442354000	145024
3.442393000	146432
3.442395000	147840
3.442523000	146432
3.442525000	147840
3.442572000	149248
3.442575000	150656
3.453560000	149248
3.453567000	150656
3.453844000	146432
3.453848000	147840
3.453909000	149248
3.453913000	150656
3.453967000	152064
3.453971000	153472
3.454022000	154880
3.454027000	156288
3.454079000	157696
3.454084000	159104
3.460527000	157696
3.460533000	159104
3.460562000	157696
3.460565000	159104
3.460613000	160512
3.460616000	161920
3.460667000	163328
3.460670000	164736
3.468545000	163328
3.468550000	164736
3.468582000	166144
3.468585000	167552
3.507485000	167552
3.507489000	168960
3.720532000	167552
3.720537000	168960
3.720610000	157696
3.720613000	159104
3.720662000	160512
3.720667000	161920
3.720725000	163328
3.720728000	164736
3.720772000	166144
3.720776000	167552
3.720828000	168960
3.720832000	170368
3.720884000	171776
3.720888000	173184
3.720937000	174592
3.720941000	176000
3.720991000	177408
3.720995000	178816
3.721045000	180224
3.721050000	181632
3.721099000	183040
3.721104000	184448
3.721399000	184448
3.721404000	185856
3.721439000	184448
3.721443000	185856
3.721492000	187264
3.721497000	188672
3.721554000	188672
3.721560000	190080
3.721598000	190080
3.721602000	191488
3.722493000	191488
3.722504000	192896
3.730434000	192896
3.730439000	194304
3.745433000	194304
3.745438000	195712
3.745495000	190080
3.745498000	191488
3.745539000	192896
3.745542000	194304
3.745594000	194304
3.745597000	195712
3.745644000	197120
3.745647000	198528
3.745697000	199936
3.745700000	201344
3.745749000	202752
3.745752000	204160
3.760612000	204160
3.760617000	205568
3.760863000	199936
3.760866000	201344
3.760912000	202752
3.760915000	204160
3.761010000	205568
3.761016000	206976
3.761105000	208384
3.761111000	209792
3.761197000	211200
3.761202000	212608
3.761489000	212608
3.761494000	214016
3.761537000	204160
3.761540000	205568
3.761589000	206976
3.761592000	208384
3.761642000	209792
3.761645000	211200
3.761697000	212608
3.761700000	214016
3.761750000	215424
3.761753000	216832
3.761804000	218240
3.761807000	219648
3.761858000	221056
3.761861000	222464
3.761911000	223872
3.761914000	225280
3.762405000	225280
3.762408000	226688
3.762455000	222464
3.762457000	223872
3.762508000	225280
3.762511000	226688
3.762563000	226688
3.762566000	228096
3.762616000	229504
3.762619000	230912
3.762670000	232320
3.762672000	233728
3.763477000	233728
3.763479000	235136
3.763529000	233728
3.763531000	235136
3.763583000	236544
3.763585000	237952
3.764461000	237952
3.764464000	239360
3.764492000	239360
3.764494000	240768
3.770433000	240768
3.770438000	242176
3.770471000	242176
3.770474000	243584
3.770582000	243584
3.770587000	244992
3.771233000	239360
3.771237000	240768
3.771303000	242176
3.771307000	243584
3.771360000	244992
3.771365000	246400
3.771437000	244992
3.771441000	246400
3.771484000	239360
3.771488000	240768
3.771540000	242176
3.771544000	243584
3.771595000	244992
3.771602000	246400
3.771646000	247808
3.771650000	249216
3.771702000	250624
3.771706000	252032
3.771763000	253440
3.771769000	254848
3.771810000	256256
3.771814000	257664
3.771864000	259072
3.771869000	260480
3.771917000	261888
3.771922000	263296
3.772420000	261888
3.772424000	263296
3.772678000	259072
3.772685000	260480
3.772719000	261888
3.772723000	263296
3.772770000	264704
3.772774000	266112
3.772828000	267520
3.772833000	268928
3.772881000	270336
3.772885000	271744
3.780493000	270336
3.780499000	271744
3.780529000	273152
3.780533000	274560
3.787588000	273152
3.787593000	274560
3.787644000	250624
3.787647000	252032
3.787721000	253440
3.787724000	254848
3.787798000	256256
3.787801000	257664
3.787876000	259072
3.787880000	260480
3.787927000	261888
3.787930000	263296
3.787981000	264704
3.787984000	266112
3.788035000	267520
3.788038000	268928
3.788089000	270336
3.788092000	271744
3.788142000	273152
3.788145000	274560
3.788195000	275968
3.788198000	277376
3.788247000	278784
3.788250000	280192
3.788301000	281600
3.788304000	283008
3.788353000	284416
3.788356000	285824
3.788449000	287232
3.788456000	288640
3.788482000	290048
3.788485000	291456
3.788543000	292864
3.788546000	294272
3.788593000	295680
3.788597000	297088
3.788646000	298496
3.788649000	299904
3.788698000	301312
3.788701000	302720
3.820493000	301312
3.820498000	302720
3.820559000	290048
3.820562000	291456
3.820651000	292864
3.820656000	294272
3.820738000	295680
3.820743000	297088
3.820829000	298496
3.820835000	299904
3.820921000	301312
3.820927000	302720
3.821008000	304128
3.821014000	305536
3.821095000	306944
3.821101000	308352
3.821136000	309760
3.821139000	311168
3.821190000	312576
3.821193000	313984
3.821243000	315392
3.821246000	316800
3.821297000	318208
3.821300000	319616
3.821482000	318208
3.821485000	319616
3.821535000	309760
3.821538000	311168
3.821584000	312576
3.821587000	313984
3.821649000	315392
3.821652000	316800
3.821691000	318208
3.821694000	319616
3.821744000	321024
3.821747000	322432
3.821797000	323840
3.821800000	325248
3.821851000	326656
3.821854000	328064
3.821904000	329472
3.821906000	330880
3.821957000	332288
3.821960000	333696
3.853560000	332288
3.853565000	333696
3.853617000	335104
3.853620000	336512
3.895617000	336512
3.895623000	337920
4.083519000	336512
4.083524000	337920
4.083854000	333696
4.083857000	335104
4.083905000	336512
4.083908000	337920
4.083962000	339328
4.083966000	340736
4.084010000	342144
4.084013000	343552
4.084067000	344960
4.084070000	346368
4.084379000	346368
4.084382000	347776
4.084538000	347776
4.084541000	349184
4.084586000	349184
4.084589000	350592
4.085482000	350592
4.085486000	352000
4.090582000	352000
4.090587000	353408
4.090649000	342144
4.090652000	343552
4.090746000	344960
4.090752000	346368
4.090837000	347776
4.090843000	349184
4.090924000	350592
4.090930000	352000
4.091012000	353408
4.091018000	354816
4.091099000	356224
4.091105000	357632
4.091144000	359040
4.091147000	360448
4.091195000	361856
4.091197000	363264
4.091247000	364672
4.091250000	366080
4.091449000	366080
4.091452000	367488
4.091489000	360448
4.091491000	361856
4.091546000	363264
4.091551000	364672
4.091595000	366080
4.091598000	367488
4.091654000	368896
4.091657000	370304
4.091703000	371712
4.091706000	373120
4.091756000	374528
4.091758000	375936
4.092370000	375936
4.092373000	377344
4.092443000	375936
4.092447000	377344
4.092491000	378752
4.092494000	380160
4.092549000	380160
4.092551000	381568
4.093387000	381568
4.093390000	382976
4.100496000	382976
4.100501000	384384
4.100583000	377344
4.100586000	378752
4.100618000	380160
4.100621000	381568
4.100669000	382976
4.100672000	384384
4.100725000	385792
4.100729000	387200
4.100777000	388608
4.100781000	390016
4.100830000	391424
4.100834000	392832
4.101357000	392832
4.101362000	394240
4.101397000	394240
4.101401000	395648
4.109474000	395648
4.109480000	397056
4.116535000	397056
4.116540000	398464
4.116603000	387200
4.116606000	388608
4.116701000	390016
4.116707000	391424
4.116789000	392832
4.116795000	394240
4.116882000	395648
4.116887000	397056
4.116969000	398464
4.116974000	399872
4.117061000	401280
4.117067000	402688
4.117101000	404096
4.117104000	405504
4.117155000	406912
4.117159000	408320
4.117209000	409728
4.117212000	411136
4.117429000	411136
4.117432000	412544
4.117471000	411136
4.117474000	412544
4.117524000	413952
4.117527000	415360
4.132519000	415360
4.132524000	416768
4.132566000	408320
4.132569000	409728
4.132674000	409728
4.132680000	411136
4.132716000	408320
4.132720000	409728
4.132817000	411136
4.132823000	412544
4.132904000	413952
4.132910000	415360
4.132993000	416768
4.132998000	418176
4.133085000	419584
4.133090000	420992
4.133125000	422400
4.133128000	423808
4.133179000	425216
4.133183000	426624
4.133233000	428032
4.133236000	429440
4.133287000	430848
4.133290000	432256
4.133407000	432256
4.133410000	433664
4.133449000	430848
4.133452000	432256
4.133503000	433664
4.133506000	435072
4.133557000	436480
4.133560000	437888
4.134468000	437888
4.134471000	439296
4.134521000	439296
4.134524000	440704
4.142408000	440704
4.142414000	442112
4.149486000	442112
4.149491000	443520
4.149777000	432256
4.149781000	433664
4.149890000	435072
4.149894000	436480
4.150004000	437888
4.150010000	439296
4.150123000	440704
4.150129000	442112
4.150243000	443520
4.150248000	444928
4.150361000	446336
4.150367000	447744
4.150401000	449152
4.150404000	450560
4.150466000	450560
4.150468000	451968
4.150511000	449152
4.150514000	450560
4.150565000	449152
4.150568000	450560
4.150617000	451968
4.150620000	453376
4.150671000	454784
4.150674000	456192
4.150724000	457600
4.150727000	459008
4.150778000	460416
4.150781000	461824
4.150831000	463232
4.150834000	464640
4.159362000	464640
4.159366000	466048
4.159410000	466048
4.159414000	467456
4.174617000	467456
4.174622000	468864
4.174683000	456192
4.174686000	457600
4.174781000	459008
4.174786000	460416
4.174868000	461824
4.174874000	463232
4.174955000	464640
4.174961000	466048
4.175042000	467456
4.175048000	468864
4.175129000	470272
4.175135000	471680
4.175216000	473088
4.175229000	474496
4.175257000	475904
4.175260000	477312
4.175311000	478720
4.175314000	480128
4.175363000	481536
4.175366000	482944
4.175583000	482944
4.175586000	484352
4.175623000	475904
4.175626000	477312
4.175680000	477312
4.175683000	478720
4.175729000	477312
4.175732000	478720
4.175782000	480128
4.175785000	481536
4.175835000	482944
4.175837000	484352
4.175887000	485760
4.175891000	487168
4.175940000	488576
4.175943000	489984
4.176025000	491392
4.176028000	492800
4.176076000	494208
4.176079000	495616
4.176129000	497024
4.176132000	498432
4.176505000	498432
4.176511000	499840
4.176562000	491392
4.176566000	492800
4.176617000	494208
4.176621000	495616
4.176671000	497024
4.176675000	498432
4.176726000	499840
4.176730000	501248
4.176780000	502656
4.176785000	504064
4.176835000	505472
4.176839000	506880
4.176889000	508288
4.176893000	509696
4.177425000	509696
4.177429000	511104
4.177479000	501248
4.177483000	502656
4.177532000	504064
4.177536000	505472
4.177586000	506880
4.177589000	508288
4.177641000	509696
4.177645000	511104
4.177694000	512512
4.177699000	513920
4.177749000	515328
4.177753000	516736
4.177803000	518144
4.177807000	519552
4.177858000	520960
4.177861000	522368
4.184534000	520960
4.184538000	522368
4.184566000	520960
4.184570000	522368
4.184666000	523776
4.184671000	525184
4.184753000	526592
4.184759000	527883
5.576412000	4107
