26.560744000	1408
26.560759000	2816
26.560780000	4224
26.560784000	5632
26.560829000	7040
26.560834000	8448
26.560879000	9856
26.560882000	11264
26.560932000	12672
26.560935000	14080
26.612929000	14080
26.612933000	15488
26.612960000	15488
26.612963000	16896
26.620054000	16896
26.620059000	18304
26.620095000	15488
26.620145000	9856
26.620150000	11264
26.620180000	12672
26.620184000	14080
26.620231000	15488
26.620242000	16896
26.620283000	18304
26.620285000	19712
26.620335000	21120
26.620337000	22528
26.652986000	22528
26.652990000	23936
26.653075000	21120
26.653078000	22528
26.653110000	23936
26.653112000	25344
26.653234000	26752
26.653238000	28160
26.660009000	28160
26.660013000	29568
26.660045000	26752
26.660047000	28160
26.660097000	29568
26.660099000	30976
26.660149000	32384
26.660151000	33792
26.667901000	33792
26.667905000	35200
26.674977000	35200
26.674980000	36608
26.675072000	29568
26.675074000	30976
26.675107000	32384
26.675109000	33792
26.675197000	35200
26.675201000	36608
26.675279000	38016
26.675282000	39424
26.675362000	40832
26.675365000	42240
26.675443000	43648
26.675447000	45056
26.712943000	45056
26.712947000	46464
26.713036000	45056
26.713040000	46464
26.713071000	47872
26.713073000	49280
26.719983000	49280
26.719986000	50688
26.720034000	38016
26.720037000	39424
26.720086000	40832
26.720092000	42240
26.720138000	43648
26.720141000	45056
26.720191000	46464
26.720193000	47872
26.720274000	49280
26.720277000	50688
26.720306000	52096
26.720308000	53504
26.720359000	54912
26.720361000	56320
26.720412000	57728
26.720999000	57728
26.721007000	57728
26.721041000	56320
26.721043000	57728
26.721090000	54912
26.721092000	56320
26.721144000	57728
26.729014000	57728
26.735984000	57728
26.735993000	57728
26.736045000	57728
26.736051000	57728
26.736094000	54912
26.736097000	56320
26.736147000	57728
26.736875000	57728
26.736980000	57728
26.736985000	57728
26.752901000	57728
26.752913000	57728
26.752931000	57728
26.760032000	57728
26.760041000	57728
26.760067000	54912
26.760069000	56320
26.760120000	57728
26.768004000	57728
26.768012000	57728
26.768039000	56320
26.768042000	57728
26.783088000	56320
26.783091000	57728
26.783141000	30976
26.783143000	32384
26.783231000	33792
26.783235000	35200
26.783353000	36608
26.783358000	38016
26.783430000	39424
26.783434000	40832
26.783496000	42240
26.783499000	43648
26.783570000	45056
26.783573000	46464
26.783621000	47872
26.783623000	49280
26.783677000	50688
26.783679000	52096
26.783731000	53504
26.783734000	54912
26.783784000	56320
26.783787000	57728
26.790983000	56320
26.790987000	57728
26.797985000	56320
26.797989000	57728
26.798023000	45056
26.798029000	46464
26.798110000	47872
26.798114000	49280
26.798192000	50688
26.798196000	52096
26.798274000	53504
26.798278000	54912
26.798355000	56320
26.798360000	57728
26.812964000	56320
26.812971000	57728
26.813007000	54912
26.813011000	56320
26.813063000	57728
26.833021000	57728
26.833026000	59136
26.833063000	57728
26.833066000	59136
26.839971000	59136
26.839984000	59136
26.840127000	49280
26.840131000	50688
26.840179000	52096
26.840182000	53504
26.840231000	54912
26.840245000	56320
26.840291000	57728
26.840295000	59136
26.840834000	57728
26.840837000	59136
26.840929000	57728
26.840935000	59136
26.841036000	57728
26.841039000	59136
26.841078000	57728
26.841081000	59136
26.848839000	57728
26.848845000	59136
26.855930000	57728
26.855935000	59136
26.855976000	43648
26.855978000	45056
26.856027000	46464
26.856030000	47872
26.856081000	49280
26.856083000	50688
26.856135000	52096
26.856137000	53504
26.856188000	54912
26.856191000	56320
26.856295000	57728
26.856299000	59136
26.856885000	57728
26.856888000	59136
26.856969000	57728
26.856972000	59136
26.872920000	57728
26.872925000	59136
26.872958000	57728
26.872961000	59136
26.879938000	57728
26.879943000	59136
26.900997000	57728
26.901002000	59136
26.901035000	45056
26.901039000	46464
26.901136000	47872
26.901142000	49280
26.901223000	50688
26.901229000	52096
26.901315000	53504
26.901321000	54912
26.901402000	56320
26.901408000	57728
26.901490000	59136
26.908018000	54912
26.908024000	56320
26.908154000	49280
26.908158000	50688
26.908201000	52096
26.908205000	53504
26.908270000	54912
26.908274000	56320
26.908370000	57728
26.908375000	59136
26.909003000	57728
26.909008000	59136
26.909077000	54912
26.909081000	56320
26.909135000	57728
26.909139000	59136
26.914928000	57728
26.914933000	59136
26.914968000	49280
26.914971000	50688
26.915064000	52096
26.915070000	53504
26.915156000	54912
26.915161000	56320
26.915245000	57728
26.915251000	59136
26.916005000	57728
26.916009000	59136
26.960981000	57728
26.960988000	59136
26.961026000	52096
26.961031000	53504
26.961082000	54912
26.961089000	56320
26.961136000	57728
26.961140000	59136
26.961192000	60544
26.968021000	59136
26.968028000	60544
26.968085000	50688
26.968090000	52096
26.968166000	53504
26.968173000	54912
26.968204000	56320
26.968208000	57728
26.968299000	59136
26.968304000	60544
26.968849000	59136
26.968854000	60544
26.968887000	59136
26.968891000	60544
26.983027000	59136
26.983033000	60544
26.983101000	36608
26.983104000	38016
26.983198000	39424
26.983204000	40832
26.983292000	42240
26.983300000	43648
26.983345000	45056
26.983348000	46464
26.983445000	47872
26.983453000	49280
26.983489000	50688
26.983493000	52096
26.983544000	53504
26.983548000	54912
26.983596000	56320
26.983599000	57728
26.983648000	59136
26.983650000	60544
27.013016000	59136
27.013024000	60544
27.013054000	59136
27.013058000	60544
27.020085000	59136
27.020090000	60544
27.020295000	47872
27.020300000	49280
27.020335000	50688
27.020341000	52096
27.020389000	53504
27.020394000	54912
27.020446000	56320
27.020451000	57728
27.020502000	59136
27.020506000	60544
27.020966000	59136
27.020970000	60544
27.021010000	50688
27.021014000	52096
27.021066000	53504
27.021070000	54912
27.021120000	56320
27.021124000	57728
27.021174000	59136
27.021177000	60544
27.035970000	59136
27.035975000	60544
27.036011000	56320
27.036014000	57728
27.036087000	59136
27.036090000	60544
27.043953000	59136
27.043958000	60544
27.044000000	56320
27.044004000	57728
27.044044000	59136
27.044047000	60544
27.051022000	59136
27.051027000	60544
27.051157000	52096
27.051161000	53504
27.051208000	54912
27.051211000	56320
27.051307000	57728
27.051313000	59136
27.051402000	60544
27.051407000	61952
27.066058000	60544
27.066064000	61952
27.066107000	46464
27.066110000	47872
27.066203000	49280
27.066208000	50688
27.066302000	52096
27.066308000	53504
27.066393000	54912
27.066400000	56320
27.066481000	57728
27.066487000	59136
27.066572000	60544
27.066578000	61952
27.074058000	60544
27.074063000	61952
27.074129000	60544
27.074132000	61952
27.080919000	60544
27.080923000	61952
27.096031000	60544
27.096038000	61952
27.096214000	43648
27.096219000	45056
27.096307000	46464
27.096312000	47872
27.096350000	49280
27.096353000	50688
27.096398000	52096
27.096401000	53504
27.096448000	54912
27.096451000	56320
27.096501000	57728
27.096504000	59136
27.096554000	60544
27.096556000	61952
27.096935000	60544
27.096939000	61952
27.096975000	54912
27.096978000	56320
27.097027000	57728
27.097030000	59136
27.097080000	60544
27.097083000	61952
27.105000000	60544
27.105006000	61952
27.105048000	60544
27.105052000	61952
27.113048000	60544
27.113053000	61952
27.119926000	60544
27.119931000	61952
27.119965000	57728
27.119969000	59136
27.120041000	60544
27.120044000	61952
27.135989000	60544
27.135994000	61952
27.143031000	60544
27.143035000	61952
27.143159000	54912
27.143163000	56320
27.143211000	57728
27.143214000	59136
27.143305000	60544
27.143310000	61952
27.149954000	60544
27.149959000	61952
27.150008000	60544
27.150027000	61952
27.150096000	60544
27.150100000	61952
27.150133000	54912
27.150136000	56320
27.150185000	57728
27.150188000	59136
27.150239000	60544
27.150242000	61952
27.157916000	60544
27.157921000	61952
27.164951000	60544
27.164956000	61952
27.164999000	49280
27.165003000	50688
27.165044000	52096
27.165046000	53504
27.165096000	54912
27.165099000	56320
27.165150000	57728
27.165153000	59136
27.165201000	60544
27.165205000	61952
27.165254000	63360
27.165896000	61952
27.165900000	63360
27.166034000	56320
27.166037000	57728
27.166152000	56320
27.166158000	57728
27.166246000	59136
27.166252000	60544
27.166333000	61952
27.166339000	63360
27.181972000	61952
27.181978000	63360
27.189938000	61952
27.189943000	63360
27.196963000	61952
27.196968000	63360
27.197002000	53504
27.197005000	54912
27.197053000	56320
27.197056000	57728
27.197105000	59136
27.197108000	60544
27.197158000	61952
27.197160000	63360
27.197930000	61952
27.197935000	63360
27.197971000	59136
27.197975000	60544
27.198069000	61952
27.198075000	63360
27.213992000	61952
27.213997000	63360
27.221036000	61952
27.221041000	63360
27.221155000	59136
27.221158000	60544
27.221204000	61952
27.221208000	63360
27.227935000	61952
27.227942000	63360
27.227992000	47872
27.227995000	49280
27.228053000	50688
27.228057000	52096
27.228105000	53504
27.228110000	54912
27.228161000	56320
27.228165000	57728
27.228214000	59136
27.228218000	60544
27.228295000	61952
27.228299000	63360
27.228900000	61952
27.228913000	63360
27.228942000	56320
27.228945000	57728
27.228993000	59136
27.228997000	60544
27.229046000	61952
27.229048000	63360
27.253057000	61952
27.253062000	63360
27.253094000	61952
27.253098000	63360
27.253192000	64768
27.259917000	63360
27.259923000	64768
27.259966000	52096
27.259969000	53504
27.260067000	54912
27.260074000	56320
27.260103000	57728
27.260106000	59136
27.260154000	60544
27.260157000	61952
27.260207000	63360
27.260210000	64768
27.260913000	63360
27.260918000	64768
27.260950000	60544
27.260953000	61952
27.261002000	63360
27.261005000	64768
27.268951000	63360
27.268956000	64768
27.276014000	63360
27.276019000	64768
27.276058000	52096
27.276061000	53504
27.276109000	54912
27.276112000	56320
27.276162000	57728
27.276165000	59136
27.276215000	60544
27.276218000	61952
27.276314000	63360
27.276317000	64768
27.283981000	63360
27.283986000	64768
27.291046000	63360
27.291051000	64768
27.291084000	57728
27.291087000	59136
27.291179000	60544
27.291185000	61952
27.291267000	63360
27.291273000	64768
27.291973000	63360
27.291978000	64768
27.292104000	63360
27.292108000	64768
27.299037000	63360
27.299041000	64768
27.306908000	63360
27.306915000	64768
27.313988000	63360
27.313993000	64768
27.314038000	46464
27.314042000	47872
27.314160000	49280
27.314168000	50688
27.314250000	52096
27.314256000	53504
27.314333000	54912
27.314339000	56320
27.314425000	57728
27.314431000	59136
27.314512000	60544
27.314518000	61952
27.314600000	63360
27.314606000	64768
27.332913000	63360
27.332918000	64768
27.332951000	63360
27.332954000	64768
27.333063000	63360
27.333069000	64768
27.333099000	63360
27.333103000	64768
27.340056000	63360
27.340061000	64768
27.340230000	40832
27.340245000	42240
27.340314000	43648
27.340317000	45056
27.340417000	46464
27.340423000	47872
27.340505000	49280
27.340510000	50688
27.340545000	52096
27.340548000	53504
27.340599000	54912
27.340602000	56320
27.340653000	57728
27.340655000	59136
27.340706000	60544
27.340709000	61952
27.340760000	63360
27.340762000	64768
27.340912000	63360
27.340915000	64768
27.353000000	63360
27.353004000	64768
27.353038000	63360
27.353041000	64768
27.372915000	63360
27.372920000	64768
27.372949000	57728
27.372953000	59136
27.373047000	60544
27.373053000	61952
27.373139000	63360
27.373145000	64768
27.373231000	66176
27.379998000	64768
27.380004000	66176
27.380154000	47872
27.380158000	49280
27.380230000	50688
27.380244000	52096
27.380298000	53504
27.380302000	54912
27.380384000	56320
27.380389000	57728
27.380476000	59136
27.380481000	60544
27.380568000	61952
27.380573000	63360
27.380657000	64768
27.380663000	66176
27.396048000	64768
27.396053000	66176
27.404005000	64768
27.404010000	66176
27.404046000	53504
27.404048000	54912
27.404098000	56320
27.404101000	57728
27.404151000	59136
27.404154000	60544
27.404205000	61952
27.404207000	63360
27.404304000	64768
27.404308000	66176
27.404890000	64768
27.404897000	66176
27.404926000	64768
27.404929000	66176
27.411085000	64768
27.411090000	66176
27.411122000	64768
27.411125000	66176
27.432894000	64768
27.432906000	66176
27.432931000	61952
27.432934000	63360
27.432982000	64768
27.432985000	66176
27.439965000	64768
27.439970000	66176
27.439996000	64768
27.439999000	66176
27.440052000	47872
27.440059000	49280
27.440148000	50688
27.440153000	52096
27.440183000	53504
27.440188000	54912
27.440246000	56320
27.440251000	57728
27.440322000	59136
27.440326000	60544
27.440358000	61952
27.440361000	63360
27.440412000	64768
27.440415000	66176
27.440869000	64768
27.440874000	66176
27.440905000	67584
27.440966000	66176
27.440970000	67584
27.441010000	66176
27.441014000	67584
27.449060000	66176
27.449065000	67584
27.455944000	66176
27.455949000	67584
27.455980000	66176
27.455984000	67584
27.464015000	66176
27.464020000	67584
27.464049000	66176
27.464052000	67584
27.470895000	66176
27.470900000	67584
27.471081000	66176
27.471086000	67584
27.471115000	63360
27.471118000	64768
27.471214000	66176
27.471220000	67584
27.471955000	66176
27.471959000	67584
27.471991000	66176
27.471994000	67584
27.487049000	66176
27.487054000	67584
27.487357000	49280
27.487363000	50688
27.487400000	52096
27.487404000	53504
27.487498000	54912
27.487504000	56320
27.487587000	57728
27.487593000	59136
27.487656000	60544
27.487660000	61952
27.487730000	63360
27.487734000	64768
27.487806000	66176
27.487809000	67584
27.494994000	66176
27.494997000	67584
27.495088000	66176
27.495093000	67584
27.501896000	66176
27.501903000	67584
27.501930000	66176
27.501935000	67584
27.516963000	66176
27.516967000	67584
27.517010000	52096
27.517012000	53504
27.517108000	54912
27.517114000	56320
27.517196000	57728
27.517202000	59136
27.517287000	60544
27.517293000	61952
27.517380000	63360
27.517386000	64768
27.517471000	66176
27.517477000	67584
27.517933000	66176
27.517937000	67584
27.517970000	57728
27.517973000	59136
27.518023000	60544
27.518025000	61952
27.518077000	63360
27.518079000	64768
27.518130000	66176
27.518133000	67584
27.533009000	66176
27.533016000	67584
27.533052000	66176
27.533055000	67584
27.539883000	66176
27.539889000	67584
27.539917000	63243
