4.547842000	1408
4.547852000	2816
4.547887000	4224
4.547890000	5632
4.547944000	7040
4.547948000	8448
4.548047000	9856
4.548053000	11264
4.548128000	12672
4.548133000	14080
4.585795000	15488
4.590024000	16896
4.593768000	18304
4.595873000	19712
4.595878000	19712
4.600910000	21120
4.600921000	22528
4.604293000	9856
4.604297000	11264
4.608141000	12672
4.608145000	14080
4.612037000	15488
4.612041000	16896
4.615900000	18304
4.615904000	19712
4.619783000	21120
4.619789000	22528
4.623696000	23936
4.642019000	23936
4.643962000	21120
4.643963000	22528
4.646864000	23936
4.646868000	25344
4.649768000	26752
4.649773000	28160
4.652643000	29568
4.656942000	30976
4.658454000	25344
4.658458000	26752
4.661314000	26752
4.661319000	28160
4.661362000	29568
4.664196000	30976
4.664201000	32384
4.667071000	32384
4.667075000	33792
4.669989000	35200
4.669994000	36608
4.672854000	38016
4.672857000	39424
4.675760000	36608
4.675764000	38016
4.678695000	39424
4.678699000	40832
4.681537000	42240
4.681542000	43648
4.684451000	40832
4.684455000	42240
4.687342000	43648
4.687347000	45056
4.697932000	45056
4.697937000	46464
4.699066000	39424
4.699068000	40832
4.701013000	40832
4.701017000	42240
4.702900000	43648
4.702904000	45056
4.704810000	46464
4.704814000	47872
4.706671000	49280
4.706675000	50688
4.708572000	50688
4.708576000	52096
4.710472000	53504
4.710476000	54912
4.712335000	56320
4.712341000	57728
4.714954000	57728
4.715909000	53504
4.715950000	54912
4.717851000	56320
4.717855000	57728
4.719675000	59136
4.719677000	60544
4.721572000	61952
4.721577000	63360
4.723458000	64768
4.729911000	64768
4.730893000	61952
4.730897000	63360
4.732746000	59136
4.732749000	60544
4.734391000	61952
4.734394000	63360
4.736076000	64768
4.736080000	66176
4.737739000	67584
4.737743000	68992
4.745878000	68992
4.745886000	70400
4.746744000	67584
4.746749000	68992
4.748401000	66176
4.748406000	67584
4.750034000	68992
4.750038000	70400
4.751649000	71808
4.751652000	73216
4.762934000	73216
4.762958000	73216
4.763790000	70400
4.763794000	71808
4.765207000	71808
4.765210000	73216
4.766629000	74624
4.766634000	76032
4.766680000	77440
4.771832000	77440
4.771838000	78848
4.778809000	78848
4.778814000	80256
4.779533000	80256
4.779537000	81664
4.780952000	78848
4.780956000	80256
4.782371000	81664
4.782375000	83072
4.783781000	84480
4.788912000	83072
4.789626000	84480
4.795919000	83072
4.796668000	73216
4.796672000	74624
4.798107000	76032
4.798111000	77440
4.799470000	78848
4.799473000	80256
4.800903000	81664
4.800907000	83072
4.802299000	84480
4.827875000	83072
4.828621000	84480
4.834874000	83072
4.835619000	78848
4.835620000	80256
4.837064000	81664
4.837068000	83072
4.838450000	84480
4.843873000	84480
4.844588000	78848
4.844591000	80256
4.846013000	67584
4.846019000	68992
4.846071000	70400
4.847482000	71808
4.847487000	73216
4.848843000	74624
4.848847000	76032
4.850290000	77440
4.850294000	78848
4.851679000	80256
4.851683000	81664
4.853105000	81664
4.853109000	83072
4.854523000	84480
4.867941000	84480
4.868685000	77440
4.868690000	78848
4.870102000	80256
4.870107000	81664
4.871490000	83072
4.871493000	84480
4.875865000	84480
4.882964000	84480
4.883722000	80256
4.883727000	81664
4.885101000	74624
4.885105000	76032
4.886444000	77440
4.886448000	78848
4.887680000	80256
4.887681000	81664
4.889001000	83072
4.889005000	84480
4.890257000	85888
4.890262000	87296
4.891546000	88704
4.891550000	90112
4.900010000	88704
4.900016000	90112
4.906944000	88704
4.907624000	81664
4.907629000	83072
4.908899000	84480
4.908901000	85888
4.910177000	87296
4.910181000	88704
4.911483000	90112
4.921805000	88704
4.922456000	81664
4.922458000	83072
4.923758000	84480
4.923762000	85888
4.925043000	87296
4.925049000	88704
4.926382000	90112
4.936964000	88704
4.937646000	90112
4.951780000	88704
4.952430000	84480
4.952433000	85888
4.953720000	78848
4.953722000	80256
4.955013000	81664
4.955018000	83072
4.956354000	84480
4.956358000	85888
4.957594000	87296
4.957598000	88704
4.958916000	90112
4.961853000	88704
4.962531000	90112
4.979871000	88704
4.980522000	90112
4.987015000	88704
4.987699000	81664
4.987702000	83072
4.988955000	73216
4.988957000	74624
4.989034000	76032
4.990250000	77440
4.990254000	78848
4.991538000	80256
4.991541000	81664
4.992826000	83072
4.992829000	84480
4.994120000	85888
4.994123000	87296
4.995406000	88704
4.995409000	90112
5.003973000	88704
5.003978000	90112
5.004653000	80256
5.004657000	81664
5.005982000	83072
5.005987000	84480
5.007207000	85888
5.007209000	87296
5.008535000	88704
5.008539000	90112
5.019891000	88704
5.019897000	90112
5.026869000	88704
5.026873000	90112
5.027560000	88704
5.027564000	90112
5.028816000	83072
5.028819000	84480
5.030108000	85888
5.030112000	87296
5.031428000	88704
5.031432000	90112
5.036772000	88704
5.036778000	90112
5.043889000	88704
5.043892000	90112
5.066941000	88704
5.067620000	84480
5.067624000	85888
5.068888000	87296
5.068893000	88704
5.070175000	90112
5.074841000	88704
5.075550000	90112
5.081901000	88704
5.082556000	84480
5.082559000	85888
5.083847000	81664
5.083852000	83072
5.085192000	84480
5.085196000	85888
5.086451000	87296
5.086456000	88704
5.087713000	90112
5.090834000	88704
5.091486000	90112
5.097805000	88704
5.098461000	76032
5.098465000	77440
5.099753000	78848
5.099757000	80256
5.101066000	81664
5.101070000	83072
5.102355000	84480
5.102359000	85888
5.103642000	87296
5.103646000	88704
5.104967000	90112
5.120826000	88704
5.121482000	90112
5.128860000	88704
5.129515000	90112
5.135835000	88704
5.136514000	87296
5.136518000	88704
5.136588000	90112
5.137790000	80256
5.137792000	81664
5.139067000	83072
5.139072000	84480
5.140382000	85888
5.140387000	87296
5.141672000	88704
5.141677000	90112
5.144963000	88704
5.144968000	90112
5.145650000	88704
5.145654000	90112
5.151805000	88704
5.151811000	90112
5.159802000	88704
5.159809000	90112
5.166793000	88704
5.166798000	90112
5.176081000	88704
5.176085000	90112
5.186914000	83072
5.186916000	84480
5.197727000	85888
5.197731000	87296
5.208551000	77440
5.208553000	78848
5.219413000	80256
5.219418000	81664
5.230245000	68992
5.230249000	70400
5.241054000	71808
5.241059000	73216
5.251876000	68992
5.251878000	70400
5.262705000	54912
5.262707000	56320
5.262815000	57728
5.273555000	53504
5.273559000	54912
5.284397000	50688
5.284402000	52096
5.295228000	42240
5.295232000	43648
5.306037000	36608
5.306042000	38016
5.316863000	36608
5.316867000	38016
5.327721000	39424
5.327727000	40832
5.338551000	33792
5.338556000	35200
5.342303000	36608
5.342307000	38016
5.345977000	39424
5.345982000	40832
5.349697000	42240
5.349701000	43648
5.353444000	45056
5.353449000	46464
5.357140000	47872
5.357143000	49280
5.360863000	47872
5.360867000	49280
5.364612000	50688
5.364616000	52096
5.368336000	45056
5.368340000	46464
5.372058000	47872
5.372076000	49280
5.375757000	50688
5.375763000	52096
5.379512000	53504
5.379517000	54912
5.383212000	56320
5.383219000	57728
5.383275000	59136
5.386927000	54912
5.386931000	56320
5.390650000	57728
5.390654000	59136
5.394397000	60544
5.394401000	61952
5.398098000	63360
5.398104000	64768
5.401871000	63360
5.401875000	64768
5.406837000	63360
5.406842000	64768
5.409263000	60544
5.409266000	61952
5.412993000	63360
5.412998000	64768
5.439945000	63360
5.439948000	64768
5.446941000	63360
5.446944000	64768
5.448849000	54912
5.448853000	56320
5.452539000	57728
5.452543000	59136
5.456267000	60544
5.456272000	61952
5.459986000	60544
5.459990000	61952
5.463721000	63360
5.463726000	64768
5.467463000	60544
5.467467000	61952
5.471149000	63360
5.471151000	64768
5.481862000	63360
5.481868000	64768
5.481897000	60544
5.483771000	56320
5.483776000	57728
5.487517000	59136
5.487522000	60544
5.491272000	61952
5.491276000	63360
5.494944000	64768
5.499874000	63360
5.501759000	64768
5.506906000	63360
5.508776000	50688
5.508780000	52096
5.512524000	53504
5.512528000	54912
5.516246000	56320
5.516251000	57728
5.519959000	59136
5.519963000	60544
5.523667000	56320
5.523669000	57728
5.526639000	59136
5.526641000	60544
5.529651000	61952
5.529655000	63360
5.532628000	64768
5.545930000	63360
5.547454000	59136
5.547459000	60544
5.550461000	61952
5.550465000	63360
5.553384000	56320
5.553388000	57728
5.556367000	59136
5.556372000	60544
5.559368000	61952
5.559373000	63360
5.559430000	64768
5.568794000	63360
5.568800000	64768
5.571324000	54912
5.571329000	56320
5.576281000	57728
5.576286000	59136
5.581246000	60544
5.581251000	61952
5.586188000	60544
5.586192000	61952
5.591174000	63360
5.591178000	64768
5.599841000	63360
5.599844000	64768
5.602395000	60544
5.602400000	61952
5.607301000	63360
5.607305000	64768
5.615996000	63360
5.616000000	64768
5.617866000	46464
5.617867000	47872
5.621594000	49280
5.621597000	50688
5.625315000	52096
5.625318000	53504
5.629035000	54912
5.629037000	56320
5.632766000	54912
5.632770000	56320
5.636482000	57728
5.636484000	59136
5.640211000	60544
5.640215000	61952
5.643930000	63360
5.643933000	64768
5.647652000	60544
5.647654000	61952
5.647685000	63360
5.651372000	59136
5.651373000	60544
5.655140000	61952
5.655144000	63360
5.658829000	61952
5.658850000	63360
5.662550000	64768
5.662851000	63360
5.666268000	59136
5.666270000	60544
5.669992000	61952
5.669994000	63360
5.673717000	64768
5.678770000	63360
5.680634000	59136
5.680635000	60544
5.684358000	61952
5.684360000	63360
5.688082000	64768
5.693920000	63360
5.695784000	59136
5.695786000	60544
5.699506000	61952
5.699508000	63360
5.703230000	64768
5.709839000	63360
5.711717000	56320
5.711719000	57728
5.715432000	59136
5.715434000	60544
5.719152000	61952
5.719154000	63360
5.722897000	64768
5.739833000	63360
5.741700000	64768
5.746960000	63360
5.746966000	64768
5.748837000	57728
5.748840000	59136
5.752559000	60544
5.752562000	61952
5.756279000	43648
5.756281000	45056
5.760007000	46464
5.760011000	47872
5.763728000	49280
5.763731000	50688
5.767452000	52096
5.767456000	53504
5.771178000	52096
5.771183000	53504
5.774896000	54912
5.774898000	56320
5.778620000	57728
5.778623000	59136
5.782342000	54912
5.782345000	56320
5.786068000	49280
5.786072000	50688
5.789784000	52096
5.789786000	53504
5.793507000	54912
5.793509000	56320
5.797231000	57728
5.797232000	59136
5.800954000	52096
5.800955000	53504
5.804684000	54912
5.804689000	56320
5.808403000	57728
5.808407000	59136
5.812129000	60544
5.812134000	61952
5.815853000	63360
5.815857000	64768
5.819909000	63360
5.821771000	64768
5.826890000	63360
5.828761000	59136
5.828765000	60544
5.832477000	53504
5.832478000	54912
5.836201000	56320
5.836202000	57728
5.839930000	56320
5.839935000	57728
5.843649000	59136
5.843652000	60544
5.847409000	61952
5.847414000	63360
5.851133000	64768
5.851918000	63360
5.854827000	53504
5.854833000	54912
5.858579000	56320
5.858584000	57728
5.862318000	56320
5.862322000	57728
5.865240000	59136
5.865242000	60544
5.868219000	61952
5.868220000	63360
5.871240000	59136
5.871244000	60544
5.874242000	61952
5.874246000	63360
5.877195000	64768
5.885000000	63360
5.886505000	64768
5.891981000	63360
5.893482000	53504
5.893486000	54912
5.893530000	56320
5.896494000	57728
5.896499000	59136
5.899437000	54912
5.899442000	56320
5.902414000	57728
5.902418000	59136
5.905420000	60544
5.905425000	61952
5.908408000	63360
5.908413000	64768
5.914825000	63360
5.914831000	64768
5.929960000	63360
5.929965000	64768
5.932461000	54912
5.932467000	56320
5.937424000	57728
5.937429000	59136
5.942388000	60544
5.942393000	61952
5.947383000	52096
5.947388000	53504
5.952343000	54912
5.952347000	56320
5.957313000	57728
5.957318000	59136
5.962268000	60544
5.962273000	61952
5.967238000	60544
5.967243000	61952
5.970968000	63360
5.970973000	64768
5.977945000	63360
5.977949000	64768
5.979817000	57728
5.979819000	59136
5.983538000	60544
5.983540000	61952
5.983574000	63360
5.987270000	50688
5.987274000	52096
5.991463000	53504
5.991466000	54912
5.995657000	56320
5.995672000	57728
5.999852000	59136
6.006934000	57728
6.009075000	50688
6.009081000	52096
6.013200000	53504
6.013205000	54912
6.017353000	56320
6.017358000	57728
6.021541000	56320
6.021545000	57728
6.025660000	59136
6.026929000	57728
6.029844000	45056
6.029849000	46464
6.033969000	47872
6.033972000	49280
6.038143000	50688
6.038148000	52096
6.042283000	53504
6.042288000	54912
6.046431000	53504
6.046433000	54912
6.050599000	56320
6.050605000	57728
6.054783000	56320
6.054788000	57728
6.058926000	39424
6.058929000	40832
6.063058000	42240
6.063063000	43648
6.063104000	45056
6.067211000	46464
6.067215000	47872
6.071392000	49280
6.071395000	50688
6.075521000	43648
6.075525000	45056
6.079714000	46464
6.079720000	47872
6.083834000	49280
6.083839000	50688
6.087988000	52096
6.087991000	53504
6.092138000	54912
6.092139000	56320
6.096298000	57728
6.096303000	59136
6.106948000	57728
6.106956000	59136
6.109042000	40832
6.109045000	42240
6.113198000	43648
6.113202000	45056
6.117389000	40832
6.117393000	42240
6.121544000	43648
6.121549000	45056
6.125683000	46464
6.125685000	47872
6.129853000	49280
6.129857000	50688
6.133973000	52096
6.133976000	53504
6.138131000	54912
6.138136000	56320
6.142319000	52096
6.142324000	53504
6.142411000	54912
6.146496000	56320
6.146500000	57728
6.150596000	47872
6.150600000	49280
6.154784000	50688
6.154789000	52096
6.158902000	50688
6.158905000	52096
6.163061000	47872
6.163066000	49280
6.167251000	42240
6.167256000	43648
6.171406000	45056
6.171410000	46464
6.175525000	45056
6.175529000	46464
6.179749000	47872
6.179754000	49280
6.183840000	45056
6.183845000	46464
6.187994000	47872
6.187999000	49280
6.192147000	47872
6.192152000	49163
