6.581776000	1388
6.581781000	2776
6.581807000	4164
6.581809000	5552
6.581863000	6940
6.581865000	8328
6.581948000	9716
6.581951000	11104
6.582032000	12492
6.582035000	13880
6.628527000	13880
6.628530000	15268
6.633474000	15268
6.633478000	16656
6.633520000	15268
6.633522000	16656
6.633568000	18044
6.633571000	19432
6.636552000	19432
6.636554000	20820
6.636601000	18044
6.636603000	19432
6.636652000	19432
6.636653000	20820
6.636705000	20820
6.636707000	22208
6.636754000	23596
6.636755000	24984
6.636810000	26372
6.636811000	27760
6.668572000	27760
6.668575000	29148
6.668612000	26372
6.668614000	27760
6.668667000	27760
6.668670000	29148
6.668719000	29148
6.668722000	30536
6.668773000	31924
6.668775000	33312
6.668879000	34700
6.668882000	36088
6.673496000	36088
6.673499000	37476
6.673573000	37476
6.673577000	38864
6.683603000	38864
6.683606000	40252
6.683631000	37476
6.683633000	38864
6.683684000	40252
6.683686000	41640
6.683736000	43028
6.683737000	44416
6.688501000	44416
6.688505000	45804
6.688543000	45804
6.688545000	47192
6.693493000	47192
6.693496000	48580
6.694525000	48580
6.694528000	49968
6.694573000	48580
6.694576000	49968
6.694626000	48580
6.694629000	49968
6.694679000	51356
6.694681000	52744
6.694731000	54132
6.694734000	55520
6.703510000	55520
6.703513000	56908
6.703569000	56908
6.703571000	58296
6.705522000	58296
6.705525000	59684
6.705563000	59684
6.705565000	61072
6.705616000	61072
6.705618000	62460
6.705676000	62460
6.705679000	63848
6.705727000	63848
6.705733000	65236
6.708555000	65236
6.708558000	66624
6.708629000	66624
6.708632000	68012
6.713508000	68012
6.713510000	69400
6.713590000	68012
6.713593000	69400
6.713674000	70788
6.713677000	72176
6.716519000	72176
6.716522000	73564
6.716583000	72176
6.716585000	73564
6.716657000	73564
6.716659000	74952
6.716733000	76340
6.716736000	77728
6.718760000	77728
6.718762000	79116
6.718833000	79116
6.718835000	80504
6.718915000	79116
6.718917000	80504
6.718990000	81892
6.718992000	83280
6.723526000	83280
6.723529000	84668
6.723616000	84668
6.723618000	86056
6.726467000	86056
6.726471000	87444
6.726510000	87444
6.726513000	88832
6.728528000	88832
6.728531000	90220
6.728570000	88832
6.728572000	90220
6.728669000	90220
6.728672000	91608
6.728755000	92996
6.728759000	94384
6.738626000	94384
6.738630000	95772
6.738643000	92996
6.738667000	92996
6.738669000	94384
6.738670000	95772
6.738718000	97160
6.738719000	98548
6.738721000	99936
6.738770000	101324
6.743519000	101324
6.743522000	102712
6.743528000	102712
6.743609000	104100
6.746480000	101324
6.746483000	102712
6.746486000	104100
6.746524000	105488
6.746527000	106876
6.746529000	108264
6.748482000	106876
6.748485000	108264
6.748487000	109652
6.748527000	111040
6.758508000	109652
6.758509000	111040
6.758511000	112428
6.758605000	108264
6.758608000	109652
6.758610000	111040
6.761542000	95772
6.761545000	97160
6.761547000	98548
6.761563000	91608
6.761565000	92996
6.761680000	91608
6.761683000	92996
6.761685000	94384
6.761762000	87444
6.761765000	88832
6.761767000	90220
6.761863000	91608
6.761867000	92996
6.761869000	94384
6.761900000	95772
6.761903000	97160
6.761905000	98548
6.761953000	99936
6.761956000	101324
6.761958000	102712
6.762006000	104100
6.762008000	105488
6.762010000	106876
6.762059000	108264
6.762062000	109652
6.762064000	111040
6.762113000	112428
6.762116000	113816
6.762118000	115204
6.762166000	116592
6.762168000	117980
6.762170000	119368
6.762218000	120756
6.762220000	122144
6.762223000	123532
6.762271000	124920
6.762273000	126308
6.762276000	127696
6.762325000	129084
6.762327000	130472
6.762329000	131860
6.762376000	133248
6.762378000	134636
6.762379000	136024
6.762428000	137412
6.762429000	138800
6.762430000	140188
6.762480000	141576
6.762482000	142964
6.762483000	144352
6.762532000	145740
6.762534000	147128
6.762535000	148516
6.762585000	149904
6.762587000	151292
6.762588000	152680
6.762637000	154068
6.762639000	155456
6.766584000	154068
6.766586000	155456
6.766588000	156844
6.766664000	158232
6.773514000	124920
6.773517000	126308
6.773518000	127696
6.773520000	129084
6.773548000	129084
6.773549000	130472
6.773551000	131860
6.773615000	133248
6.773617000	134636
6.773619000	136024
6.773621000	137412
6.773674000	138800
6.773675000	140188
6.773677000	141576
6.773678000	142964
6.773710000	144352
6.773712000	145740
6.773714000	147128
6.773715000	148516
6.773799000	149904
6.773802000	151292
6.773804000	152680
6.773806000	154068
6.773883000	155456
6.773886000	156844
6.773888000	158232
6.773889000	159620
6.773966000	161008
6.773970000	162396
6.773972000	163784
6.773973000	165172
6.774052000	166560
6.774055000	167948
6.774057000	169336
6.774058000	170724
6.774136000	172112
6.774139000	173500
6.774144000	174888
6.774146000	176276
6.774181000	177664
6.774183000	179052
6.774185000	180440
6.774187000	181828
6.774233000	183216
6.774235000	184604
6.774236000	185992
6.774238000	187380
6.778462000	187380
6.778465000	188768
6.778467000	190156
6.778472000	190156
6.778505000	191544
6.778507000	192932
6.780550000	192932
6.780553000	194320
6.780554000	195708
6.780560000	195708
6.780632000	194320
6.780635000	195708
6.780637000	197096
6.780638000	198484
6.780643000	198484
6.780707000	199872
6.780710000	201260
6.780711000	202648
6.780713000	204036
6.783482000	204036
6.783484000	205424
6.783550000	205424
6.783552000	206812
6.786494000	206812
6.786497000	208200
6.788553000	208200
6.788556000	209588
6.788562000	209588
6.788564000	210976
6.788568000	210976
6.788577000	212364
6.790495000	212364
6.790498000	213752
6.790590000	213752
6.790592000	215140
6.790596000	215140
6.790598000	216528
6.790602000	216528
6.790666000	216528
6.790683000	217916
6.790684000	219304
6.793506000	219304
6.793509000	220692
6.793514000	220692
6.793516000	222080
6.800662000	222080
6.800664000	223468
6.803447000	223468
6.803449000	224856
6.803494000	224856
6.803495000	226244
6.806527000	226244
6.806529000	227632
6.806535000	227632
6.806537000	229020
6.806541000	229020
6.806608000	230408
6.808496000	230408
6.808499000	231796
6.808542000	231796
6.808544000	233184
6.810545000	233184
6.810547000	234572
6.810553000	234572
6.810555000	235960
6.810560000	235960
6.810636000	234572
6.810639000	235960
6.810640000	237348
6.810642000	238736
6.810644000	240124
6.811525000	240124
6.811528000	241512
6.811534000	241512
6.811536000	242900
6.811574000	242900
6.811576000	244288
6.811582000	244288
6.811584000	245676
6.811590000	245676
6.811625000	245676
6.811628000	247064
6.811630000	248452
6.811680000	248452
6.811682000	249840
6.811693000	249840
6.811696000	251228
6.811702000	251228
6.811788000	249840
6.811791000	251228
6.811793000	252616
6.811795000	254004
6.811797000	255392
6.813507000	255392
6.813511000	256780
6.813520000	256780
6.813525000	258168
6.816514000	258168
6.816517000	259556
6.816523000	259556
6.816525000	260944
6.816529000	260944
6.816596000	259556
6.816599000	260944
6.816601000	262332
6.816602000	263720
6.816605000	265108
6.816681000	263720
6.816684000	265108
6.816686000	266496
6.816688000	267884
6.816694000	267884
6.816775000	265108
6.816778000	266496
6.816779000	267884
6.816781000	269272
6.816783000	270660
6.816811000	267884
6.816813000	269272
6.816815000	270660
6.816816000	272048
6.816865000	272048
6.816867000	273436
6.816868000	274824
6.816870000	276212
6.816872000	277600
6.816914000	273436
6.816916000	274824
6.816918000	276212
6.816919000	277600
6.816968000	278988
6.816969000	280376
6.816971000	281764
6.816972000	283152
6.816974000	284540
6.818487000	283152
6.818489000	284540
6.818491000	285928
6.818493000	287316
6.818499000	285928
6.818565000	287316
6.818568000	288704
6.818570000	290092
6.820492000	288704
6.820496000	290092
6.820498000	291480
6.820500000	292868
6.820508000	291480
6.820540000	290092
6.820543000	291480
6.820545000	292868
6.820547000	294256
6.820589000	287316
6.820591000	288704
6.820592000	290092
6.820594000	291480
6.820638000	292868
6.820640000	294256
6.820641000	295644
6.820643000	297032
6.820645000	298420
6.820690000	299808
6.820692000	301196
6.820693000	302584
6.820695000	303972
6.820742000	305360
6.820744000	306748
6.823486000	305360
6.823487000	306748
6.823489000	308136
6.823490000	309524
6.826496000	308136
6.826499000	309524
6.826501000	310912
6.826503000	312300
6.826508000	310912
6.826537000	312300
6.826539000	313688
6.826541000	315076
6.830532000	313688
6.830535000	315076
6.830537000	316464
6.830539000	317852
6.830545000	316464
6.830573000	309524
6.830575000	310912
6.830577000	312300
6.830578000	313688
6.830580000	315076
6.830693000	316464
6.830695000	317852
6.830697000	319240
6.830699000	320628
6.830701000	322016
6.830729000	323404
6.830730000	324792
6.830732000	326180
6.830734000	327568
6.830802000	328956
6.833492000	328956
6.833496000	330344
6.833503000	330344
6.833506000	331732
6.833534000	331732
6.833536000	333120
6.836558000	333120
6.836561000	334508
6.836566000	334508
6.836568000	335896
6.836573000	335896
6.836655000	331732
6.836657000	333120
6.836659000	334508
6.836661000	335896
6.836663000	337284
6.836696000	335896
6.836698000	337284
6.836699000	338672
6.836701000	340060
6.836749000	340060
6.836751000	341448
6.836753000	342836
6.836755000	344224
6.836802000	341448
6.836804000	342836
6.836806000	344224
6.836809000	345612
6.836811000	347000
6.836856000	347000
6.836859000	348388
6.836861000	349776
6.836863000	351164
6.836908000	352552
6.838468000	352552
6.838470000	353940
6.838476000	353940
6.838477000	355328
6.840517000	355328
6.840520000	356716
6.840526000	356716
6.840528000	358104
6.840532000	358104
6.840606000	356716
6.840609000	358104
6.840610000	359492
6.840612000	360880
6.840614000	362268
6.840683000	362268
6.840686000	363656
6.841574000	363656
6.841577000	365044
6.841583000	365044
6.841585000	366432
6.841589000	366432
6.841604000	362268
6.841605000	363656
6.841607000	365044
6.841609000	366432
6.841733000	366432
6.841736000	367820
6.841737000	369208
6.841739000	370596
6.841745000	371984
6.841767000	366432
6.841769000	367820
6.841771000	369208
6.841817000	369208
6.841819000	370596
6.841821000	371984
6.841822000	373372
6.841866000	374760
6.841868000	376148
6.841869000	377536
6.841871000	378924
6.841873000	380312
6.841918000	381700
6.841919000	383088
6.843458000	383088
6.843461000	384476
6.843468000	384476
6.843470000	385864
6.846518000	385864
6.846520000	387252
6.846526000	387252
6.846528000	388640
6.846534000	390028
6.846540000	390028
6.846609000	390028
6.846615000	391416
6.846721000	392804
6.846731000	394192
6.846778000	395580
6.848452000	396968
6.850491000	398356
6.850592000	399744
6.853521000	401132
6.858506000	402520
6.860563000	403908
6.860571000	405296
6.860578000	406684
6.861511000	408072
6.861612000	409460
6.861620000	410848
6.861626000	412236
6.861704000	413624
6.861982000	415012
6.863443000	416400
6.866568000	417788
6.866674000	419176
6.866778000	420564
6.866829000	421952
6.866884000	423340
6.866891000	424728
6.866936000	426116
6.866942000	427504
6.866988000	428892
6.868501000	430280
6.870625000	431668
6.870634000	433056
6.871478000	434444
6.871559000	435832
6.871566000	437220
6.871610000	438608
6.871662000	439996
6.871715000	441384
6.871768000	442772
6.871874000	444160
6.871881000	445548
6.871925000	446936
6.873515000	448324
6.876532000	449712
6.876620000	451100
6.876698000	452488
6.876709000	453876
6.876717000	455264
6.876796000	456652
6.876877000	458040
6.876888000	459428
6.876896000	460816
6.876975000	462204
6.877067000	463592
6.877119000	464980
6.877225000	466368
6.877233000	467756
6.880560000	469144
6.880571000	470532
6.880580000	471920
6.881539000	473308
6.881690000	474696
6.881702000	476084
6.881710000	477472
6.881742000	478860
6.881856000	480248
6.883519000	481636
6.886621000	483024
6.886742000	484412
6.886753000	485800
6.886762000	487188
6.886914000	488576
6.886925000	489964
6.886934000	491352
6.886943000	492740
6.886965000	494128
6.886967000	495516
6.887110000	496904
6.887121000	498292
6.887272000	499680
6.890504000	501068
6.890518000	502456
6.891525000	502456
6.891535000	503844
6.891574000	505232
6.893565000	506620
6.896606000	508008
6.896623000	509396
6.896639000	509396
6.896721000	509396
6.896775000	510784
6.896829000	512172
6.896880000	513560
6.896938000	514948
6.896987000	516336
6.897041000	517724
6.897095000	519112
6.897148000	520500
6.897250000	521888
6.897308000	523276
6.898510000	524664
6.900607000	526052
6.901527000	527440
6.901547000	528828
6.901617000	530216
6.901675000	531604
6.901691000	532992
6.901793000	534380
6.910473000	535768
6.910521000	537156
6.913554000	538544
6.916548000	539932
6.916567000	541320
6.916680000	542708
6.916695000	544096
6.916707000	545484
6.916828000	546872
6.916842000	548260
6.916867000	549648
6.916970000	551036
6.916984000	552424
6.917002000	553812
6.920541000	555200
6.920622000	556588
6.921567000	557976
6.921611000	559364
6.921664000	560752
6.921775000	562140
6.921795000	563528
6.921813000	564916
6.921836000	566304
6.921892000	567692
6.921955000	567692
6.921999000	569080
6.922012000	570468
6.922049000	571856
6.922057000	573244
6.922100000	574632
6.922158000	576020
6.922168000	576020
6.922216000	347000
6.922239000	348388
6.922244000	349776
6.922356000	351164
6.922364000	352552
6.923525000	353940
6.923533000	355328
6.926596000	356716
6.926603000	358104
6.926609000	359492
6.926692000	360880
6.928471000	362268
6.928477000	363656
6.930481000	365044
6.930526000	366432
6.930534000	367820
6.930578000	369208
6.933492000	370596
6.936507000	371984
6.936516000	373372
6.936559000	374760
6.936567000	376148
6.936610000	377536
6.936618000	378924
6.936663000	380312
6.936672000	381700
6.936717000	383088
6.936725000	384476
6.936772000	385864
6.936780000	387252
6.936821000	388640
6.936875000	390028
6.936882000	391416
6.936931000	392804
6.936983000	394192
6.936991000	395580
6.937005000	396968
6.938488000	398356
6.940546000	399744
6.940553000	401132
6.940630000	402520
6.940638000	403908
6.943512000	405296
6.946526000	406684
6.948507000	408072
6.948516000	409460
6.950526000	410848
6.950538000	412236
6.973560000	413624
6.978529000	415012
6.980503000	416400
6.980515000	417788
6.980547000	419176
6.980556000	420564
6.981541000	421952
6.981553000	423340
6.981561000	424728
6.981587000	426116
6.981596000	427504
6.981698000	428892
6.981709000	430280
6.981718000	431668
6.983465000	433056
6.986522000	434444
6.986528000	435832
6.986534000	437220
6.986684000	438608
6.986693000	439996
6.986700000	441384
6.986720000	442287
