12.593479000	1388
12.593488000	2776
12.593564000	4164
12.593572000	5552
12.593653000	6940
12.593659000	8328
12.593743000	9716
12.593749000	11104
12.593834000	12492
12.593840000	13880
12.627951000	13880
12.627955000	15268
12.632905000	15268
12.632910000	16656
12.632999000	15268
12.633002000	16656
12.633050000	18044
12.633053000	19432
12.637881000	19432
12.637888000	20820
12.642937000	20820
12.642942000	22208
12.643051000	18044
12.643053000	19432
12.643094000	20820
12.643097000	22208
12.643193000	23596
12.643199000	24984
12.643285000	26372
12.643290000	27760
12.662901000	27760
12.662906000	29148
12.667846000	29148
12.667851000	30536
12.668953000	30536
12.668958000	31924
12.669074000	26372
12.669077000	27760
12.669122000	29148
12.669125000	30536
12.669247000	31924
12.669252000	33312
12.669337000	34700
12.669341000	36088
12.669418000	37476
12.669422000	38864
12.672877000	38864
12.672883000	40252
12.672925000	40252
12.672930000	41640
12.677948000	41640
12.677952000	43028
12.677986000	43028
12.677989000	44416
12.678942000	44416
12.678945000	45804
12.679060000	43028
12.679063000	44416
12.679103000	45804
12.679106000	47192
12.679203000	48580
12.679208000	49968
12.682891000	49968
12.682896000	51356
12.682923000	51356
12.682927000	52744
12.686102000	52744
12.686106000	54132
12.686149000	54132
12.686152000	55520
12.705935000	55520
12.705939000	56908
12.705963000	56908
12.705966000	58296
12.707873000	58296
12.707884000	59684
12.707921000	58296
12.707924000	59684
12.707978000	61072
12.707985000	62460
12.708880000	62460
12.708884000	63848
12.708983000	63848
12.708986000	65236
12.709038000	63848
12.709041000	65236
12.709089000	65236
12.709092000	66624
12.709143000	68012
12.709146000	69400
12.710896000	69400
12.710900000	70788
12.710949000	70788
12.710952000	72176
12.711003000	70788
12.711006000	72176
12.711055000	72176
12.711057000	73564
12.711108000	74952
12.711111000	76340
12.712892000	76340
12.712896000	77728
12.712935000	77728
12.712938000	79116
12.715929000	79116
12.715934000	80504
12.716088000	77728
12.716093000	79116
12.716146000	80504
12.716150000	81892
12.716203000	83280
12.716207000	84668
12.717885000	84668
12.717892000	86056
12.717935000	86056
12.717939000	87444
12.719087000	87444
12.719093000	88832
12.722899000	88832
12.722904000	90220
12.722936000	90220
12.722939000	91608
12.724020000	91608
12.724025000	92996
12.724055000	84668
12.724071000	83280
12.724074000	84668
12.724076000	86056
12.724202000	84668
12.724206000	86056
12.724209000	87444
12.724337000	88832
12.724340000	90220
12.724342000	91608
12.724401000	92996
12.724404000	94384
12.724406000	95772
12.724528000	97160
12.724534000	98548
12.724536000	99936
12.724569000	101324
12.724571000	102712
12.724574000	104100
12.724621000	105488
12.724624000	106876
12.724627000	108264
12.727863000	106876
12.727866000	108264
12.727868000	109652
12.727903000	111040
12.747915000	109652
12.747920000	111040
12.747923000	112428
12.747968000	111040
12.747972000	112428
12.747975000	113816
12.748064000	115204
12.748070000	116592
12.748964000	116592
12.748967000	117980
12.748976000	117980
12.748998000	116592
12.749001000	117980
12.749003000	119368
12.749106000	119368
12.749111000	120756
12.749114000	122144
12.749153000	123532
12.750904000	123532
12.750911000	124920
12.750925000	124920
12.750952000	123532
12.750957000	124920
12.750960000	126308
12.751005000	127696
12.751009000	129084
12.752887000	129084
12.752891000	130472
12.752900000	130472
12.752926000	131860
12.755849000	131860
12.755854000	133248
12.755959000	133248
12.755963000	134636
12.755973000	134636
12.756152000	129084
12.756155000	130472
12.756166000	131860
12.756194000	115204
12.757974000	95772
12.757979000	97160
12.757982000	98548
12.757984000	99936
12.758012000	101324
12.758015000	102712
12.758018000	104100
12.758021000	105488
12.758166000	106876
12.758170000	108264
12.758173000	109652
12.758176000	111040
12.758204000	112428
12.758207000	113816
12.758210000	115204
12.758212000	116592
12.758308000	117980
12.758316000	119368
12.758319000	120756
12.758323000	122144
12.758353000	123532
12.758357000	124920
12.758361000	126308
12.758365000	127696
12.758408000	129084
12.758411000	130472
12.758415000	131860
12.758419000	133248
12.758460000	134636
12.758464000	136024
12.758468000	137412
12.758472000	138800
12.758511000	140188
12.758514000	141576
12.758517000	142964
12.758519000	144352
12.758562000	145740
12.758565000	147128
12.758568000	148516
12.758570000	149904
12.758615000	151292
12.758618000	152680
12.758620000	154068
12.758623000	155456
12.758667000	156844
12.758669000	158232
12.758672000	159620
12.758674000	161008
12.758768000	162396
12.758771000	163784
12.758774000	165172
12.758776000	166560
12.758804000	167948
12.758807000	169336
12.758809000	170724
12.758812000	172112
12.758857000	173500
12.758859000	174888
12.758862000	176276
12.758864000	177664
12.758909000	179052
12.758911000	180440
12.758914000	181828
12.762897000	180440
12.762902000	181828
12.762905000	183216
12.762908000	184604
12.762941000	183216
12.762944000	184604
12.762947000	185992
12.762950000	187380
12.767936000	185992
12.767941000	187380
12.767944000	188768
12.767946000	190156
12.772931000	188768
12.772936000	190156
12.772939000	191544
12.772941000	192932
12.772974000	191544
12.772978000	192932
12.772980000	194320
12.772983000	195708
12.777938000	194320
12.777941000	195708
12.777944000	197096
12.777947000	198484
12.778943000	197096
12.778948000	198484
12.778951000	199872
12.778954000	201260
12.778998000	187380
12.779001000	188768
12.779004000	190156
12.779006000	191544
12.779114000	192932
12.779120000	194320
12.779123000	195708
12.779126000	197096
12.779238000	198484
12.779244000	199872
12.779247000	201260
12.779250000	202648
12.779363000	204036
12.779369000	205424
12.779372000	206812
12.779375000	208200
12.779489000	209588
12.779495000	210976
12.779498000	212364
12.779501000	213752
12.779530000	215140
12.779533000	216528
12.790912000	172112
12.790921000	173500
12.790925000	174888
12.790927000	176276
12.790930000	177664
12.790962000	177664
12.790965000	179052
12.790967000	180440
12.790970000	181828
12.790973000	183216
12.791025000	181828
12.791032000	183216
12.791035000	184604
12.791038000	185992
12.791267000	187380
12.791271000	188768
12.791273000	190156
12.791276000	191544
12.791278000	192932
12.791380000	194320
12.791382000	195708
12.791385000	197096
12.791388000	198484
12.791390000	199872
12.791642000	201260
12.791645000	202648
12.791647000	204036
12.791650000	205424
12.791652000	206812
12.791900000	208200
12.791903000	209588
12.791906000	210976
12.791909000	212364
12.791911000	213752
12.792160000	215140
12.792163000	216528
12.792166000	217916
12.792168000	219304
12.792172000	220692
12.792424000	222080
12.792428000	223468
12.792430000	224856
12.792433000	226244
12.792436000	227632
12.792686000	229020
12.792689000	230408
12.792692000	231796
12.792695000	233184
12.792698000	234572
12.792953000	234572
12.792956000	235960
12.792959000	237348
12.792961000	238736
12.792963000	240124
12.792966000	241512
12.793203000	241512
12.793206000	242900
12.793209000	244288
12.793212000	245676
12.793215000	247064
12.793217000	248452
12.793465000	249840
12.793468000	251228
12.793471000	252616
12.793473000	254004
12.793476000	255392
12.793478000	256780
12.793749000	258168
12.793752000	259556
12.798089000	259556
12.798094000	260944
12.798096000	262332
12.798106000	262332
12.798109000	263720
12.798112000	265108
12.798209000	266496
12.799932000	266496
12.799936000	267884
12.799939000	269272
12.799947000	269272
12.799950000	270660
12.799953000	272048
12.799988000	270660
12.799991000	272048
12.799994000	273436
12.799997000	274824
12.799999000	276212
12.800087000	277600
12.800965000	277600
12.800970000	278988
12.800980000	278988
12.800983000	280376
12.800990000	280376
12.800993000	281764
12.801140000	277600
12.801147000	278988
12.801150000	280376
12.801153000	281764
12.801156000	283152
12.801158000	284540
12.801231000	281764
12.801234000	283152
12.801237000	284540
12.801239000	285928
12.801242000	287316
12.801245000	288704
12.801307000	290092
12.801311000	291480
12.802881000	291480
12.802884000	292868
12.802892000	292868
12.802894000	294256
12.805914000	294256
12.805921000	295644
12.805936000	295644
12.805940000	297032
12.805951000	297032
12.805954000	298420
12.805979000	298420
12.805982000	299808
12.806038000	299808
12.806042000	301196
12.806052000	301196
12.806056000	302584
12.806066000	302584
12.806069000	303972
12.806101000	301196
12.806105000	302584
12.806109000	303972
12.806112000	305360
12.806116000	306748
12.806120000	308136
12.806165000	308136
12.806169000	309524
12.806179000	309524
12.806183000	310912
12.806192000	310912
12.806232000	309524
12.806236000	310912
12.806239000	312300
12.806243000	313688
12.806246000	315076
12.807882000	315076
12.807887000	316464
12.807899000	316464
12.807903000	317852
12.810915000	317852
12.810922000	319240
12.810936000	319240
12.810940000	320628
12.810951000	320628
12.810955000	322016
12.810985000	320628
12.810989000	322016
12.810993000	323404
12.810997000	324792
12.811050000	324792
12.811054000	326180
12.811065000	326180
12.811070000	327568
12.811101000	327568
12.811111000	328956
12.811122000	328956
12.811126000	330344
12.811136000	330344
12.811140000	331732
12.811168000	331732
12.811172000	333120
12.811219000	333120
12.811223000	334508
12.811234000	334508
12.811238000	335896
12.811271000	335896
12.811277000	337284
12.811291000	337284
12.811294000	338672
12.811305000	338672
12.811309000	340060
12.811339000	337284
12.811343000	338672
12.811347000	340060
12.811351000	341448
12.811355000	342836
12.811358000	344224
12.811415000	338672
12.811424000	340060
12.811435000	341448
12.811440000	342836
12.811444000	344224
12.811448000	345612
12.811452000	347000
12.811456000	348388
12.811653000	349776
12.811657000	351164
12.812968000	345612
12.812974000	347000
12.812978000	348388
12.812981000	349776
12.812985000	351164
12.812988000	352552
12.813018000	347000
12.813022000	348388
12.813025000	349776
12.813029000	351164
12.813072000	352552
12.813076000	353940
12.813080000	355328
12.813083000	356716
12.813087000	358104
12.813125000	359492
12.813129000	360880
12.813132000	362268
12.813135000	363656
12.813179000	365044
12.813988000	349776
12.813990000	351164
12.813993000	352552
12.813996000	353940
12.813999000	355328
12.814001000	356716
12.814004000	358104
12.814030000	349776
12.814033000	351164
12.814036000	352552
12.814038000	353940
12.814085000	355328
12.814089000	356716
12.814092000	358104
12.814094000	359492
12.814097000	360880
12.814136000	362268
12.814139000	363656
12.814141000	365044
12.814143000	366432
12.814190000	367820
12.814192000	369208
12.814195000	370596
12.814197000	371984
12.814200000	373372
12.814243000	374760
12.814245000	376148
12.814248000	377536
12.814250000	378924
12.814296000	380312
12.814299000	381700
12.814301000	383088
12.814304000	384476
12.814306000	385864
12.814350000	387252
12.814352000	388640
12.814354000	390028
12.814357000	391416
12.817897000	391416
12.817900000	392804
12.823095000	392804
12.823100000	394192
12.823112000	394192
12.823115000	395580
12.823949000	395580
12.823954000	396968
12.827917000	396968
12.827922000	398356
12.827933000	396968
12.827936000	398356
12.827938000	399744
12.827941000	401132
12.832960000	399744
12.832964000	401132
12.832967000	402520
12.832970000	403908
12.834078000	402520
12.834083000	403908
12.834086000	405296
12.834090000	406684
12.834101000	405296
12.834103000	406684
12.834106000	408072
12.834132000	401132
12.834135000	402520
12.834138000	403908
12.834140000	405296
12.834144000	406684
12.834209000	408072
12.834213000	409460
12.834216000	410848
12.834219000	412236
12.834222000	413624
12.834224000	415012
12.834283000	416400
12.834286000	417788
12.837879000	416400
12.837885000	417788
12.837888000	419176
12.837890000	420564
12.837900000	419176
12.837903000	420564
12.837906000	421952
12.837920000	423340
12.840935000	421952
12.840939000	423340
12.840949000	421952
12.840952000	423340
12.840960000	421952
12.840963000	423340
12.857951000	421952
12.857954000	423340
12.857961000	421952
12.857964000	423340
12.860917000	421952
12.860923000	423340
12.860935000	421952
12.860938000	423340
12.860940000	424728
12.860943000	426116
12.860978000	424728
12.860981000	426116
12.860984000	427504
12.860987000	428892
12.860989000	430280
12.861048000	430280
12.861055000	431668
12.861059000	433056
12.861062000	434444
12.861103000	434444
12.861106000	435832
12.861109000	437220
12.861128000	437220
12.861131000	438608
12.861152000	435832
12.861155000	437220
12.861158000	438608
12.861160000	439996
12.861207000	439996
12.861210000	441384
12.861212000	442772
12.861215000	444160
12.861259000	442772
12.861262000	444160
12.861265000	445548
12.861268000	446936
12.861313000	444160
12.861319000	445548
12.861325000	446936
12.861327000	448324
12.861361000	449712
12.861364000	451100
12.861366000	452488
12.861369000	453876
12.861372000	455264
12.861413000	456652
12.861416000	458040
12.861418000	459428
12.861421000	460816
12.861466000	462204
12.862881000	462204
12.862885000	463592
12.862893000	463592
12.862896000	464980
12.863868000	464980
12.863871000	466368
12.863879000	466368
12.863882000	467756
12.863909000	467756
12.863911000	469144
12.863918000	469144
12.863920000	470532
12.864105000	470532
12.864108000	471920
12.864121000	471920
12.864127000	473308
12.865939000	473308
12.865945000	474696
12.865958000	474696
12.865961000	476084
12.865972000	476084
12.865975000	477472
12.866029000	471920
12.866033000	473308
12.866036000	474696
12.866040000	476084
12.866043000	477472
12.866047000	478860
12.866088000	478860
12.866093000	480248
12.866096000	481636
12.866101000	483024
12.866104000	484412
12.866136000	481636
12.866140000	483024
12.866144000	484412
12.866148000	485800
12.866199000	485800
12.866203000	487188
12.866207000	488576
12.866211000	489964
12.866216000	491352
12.866247000	491352
12.866251000	492740
12.867930000	494128
12.867943000	494128
12.870983000	494128
12.871004000	495516
12.871021000	496904
12.871107000	498292
12.871163000	499680
12.871176000	501068
12.871215000	502456
12.871282000	503844
12.871337000	505232
12.871394000	506620
12.871440000	508008
12.871502000	509396
12.871557000	510784
12.872836000	512172
12.873892000	513560
12.873991000	514948
12.875915000	516336
12.876043000	517724
12.876055000	519112
12.876134000	520500
12.876147000	521888
12.876183000	523276
12.876292000	524664
12.876343000	526052
12.876354000	527440
12.877909000	528828
12.880881000	530216
12.880909000	531604
12.883068000	532992
12.883881000	534380
12.883918000	535768
12.887913000	537156
12.892425000	538544
12.892451000	539932
12.892585000	541320
12.892681000	542708
12.892694000	544096
12.892707000	545484
12.892719000	546872
12.892741000	548260
12.892810000	549648
12.892829000	549648
12.892843000	551036
12.892856000	552424
12.893932000	553812
12.893961000	555200
12.895915000	556588
12.895935000	557976
12.897951000	559364
12.900975000	560752
12.900999000	562140
12.901129000	563528
12.901149000	564916
12.901164000	566304
12.901178000	567692
12.901313000	569080
12.901333000	569983
12.901515000	569983
12.913994000	569983
12.914002000	569983
12.941028000	569983
13.006196000	569983
13.026316000	453391
