8.943003000	1408
8.943013000	2816
8.943087000	4224
8.943094000	5632
8.943235000	7040
8.943237000	8448
8.943303000	9856
8.943307000	11264
8.943413000	12672
8.943418000	14080
9.012211000	14080
9.012217000	15488
9.012280000	11264
9.020344000	12672
9.027277000	14080
9.027294000	7040
9.027414000	8448
9.027417000	9856
9.027462000	11264
9.027465000	12672
9.027572000	14080
9.027575000	15488
9.027657000	16896
9.027663000	18304
9.027762000	19712
9.027766000	21120
9.059228000	21120
9.059232000	22528
9.059255000	22528
9.059258000	23936
9.082369000	23936
9.082373000	25344
9.082544000	22528
9.082548000	23936
9.082580000	25344
9.082583000	26752
9.082682000	28160
9.082688000	29568
9.083213000	29568
9.083218000	30976
9.083247000	30976
9.083250000	32384
9.091144000	32384
9.091149000	33792
9.098307000	33792
9.098310000	35200
9.098482000	32384
9.098486000	33792
9.098535000	35200
9.098538000	36608
9.098626000	38016
9.098632000	39424
9.099290000	39424
9.099295000	40832
9.099348000	40832
9.099351000	42240
9.120219000	42240
9.120224000	43648
9.120269000	43648
9.120272000	45056
9.127197000	45056
9.127202000	46464
9.127257000	46464
9.127260000	47872
9.136178000	47872
9.136183000	49280
9.143324000	49280
9.143329000	50688
9.143491000	45056
9.143494000	46464
9.143542000	47872
9.143545000	49280
9.143680000	50688
9.143686000	52096
9.143767000	53504
9.143773000	54912
9.143859000	56320
9.143867000	57728
9.144220000	57728
9.144225000	59136
9.144275000	52096
9.144279000	53504
9.144378000	54912
9.144383000	56320
9.144465000	57728
9.144470000	59136
9.144505000	60544
9.144508000	61952
9.144559000	63360
9.144562000	64768
9.144613000	66176
9.144616000	67584
9.154255000	67584
9.154260000	68992
9.161230000	68992
9.161235000	70400
9.161305000	67584
9.161307000	68992
9.161393000	70400
9.161396000	71808
9.161434000	73216
9.161438000	74624
9.168269000	74624
9.168275000	76032
9.168367000	68992
9.168371000	70400
9.168413000	71808
9.168417000	73216
9.168467000	74624
9.168471000	76032
9.168522000	77440
9.168526000	78848
9.168578000	80256
9.168581000	81664
9.168634000	83072
9.168637000	84480
9.210285000	84480
9.210291000	85888
9.210422000	81664
9.210426000	83072
9.210450000	84480
9.210509000	85888
9.210512000	87296
9.210555000	88704
9.210558000	90112
9.210608000	91520
9.211219000	91520
9.211222000	92928
9.211260000	91520
9.211263000	92928
9.211377000	94336
9.211384000	95744
9.212176000	95744
9.212179000	97152
9.212201000	95744
9.212205000	97152
9.212298000	98560
9.212304000	99968
9.217422000	99968
9.217428000	101376
9.217487000	98560
9.217490000	99968
9.217529000	101376
9.217532000	102784
9.217582000	104192
9.217586000	105600
9.225170000	105600
9.225177000	107008
9.232231000	107008
9.232237000	108416
9.232309000	97152
9.232313000	98560
9.232364000	99968
9.232368000	101376
9.232420000	102784
9.232424000	104192
9.232476000	105600
9.232480000	107008
9.232533000	108416
9.232537000	109824
9.232589000	111232
9.232593000	112640
9.232645000	114048
9.232650000	115456
9.232699000	116864
9.232703000	118272
9.232753000	119680
9.232757000	121088
9.233213000	121088
9.233218000	122496
9.233414000	118272
9.233418000	119680
9.233493000	121088
9.233497000	122496
9.233545000	123904
9.233549000	125312
9.233600000	126720
9.233603000	128128
9.234147000	128128
9.234150000	129536
9.234298000	128128
9.234301000	129536
9.234371000	128128
9.234374000	129536
9.234418000	130944
9.234421000	132352
9.234472000	133760
9.234475000	135168
9.235217000	133760
9.235220000	135168
9.235314000	136576
9.235320000	137984
9.242257000	136576
9.242262000	137984
9.242311000	139392
9.242314000	140800
9.243320000	139392
9.243327000	140800
9.243369000	139392
9.243373000	140800
9.243422000	142208
9.243426000	143616
9.243478000	145024
9.243482000	146432
9.258286000	145024
9.258292000	146432
9.258598000	130944
9.258602000	132352
9.258658000	133760
9.258662000	135168
9.258715000	136576
9.258719000	137984
9.258768000	139392
9.258773000	140800
9.258827000	142208
9.258831000	143616
9.258882000	145024
9.258886000	146432
9.258938000	147840
9.258942000	149248
9.258992000	150656
9.258996000	152064
9.259047000	153472
9.259051000	154880
9.259098000	156288
9.259101000	157696
9.259152000	159104
9.259155000	160512
9.259214000	159104
9.259217000	160512
9.259260000	161920
9.259263000	163328
9.259313000	164736
9.259316000	166144
9.259367000	167552
9.259370000	168960
9.297345000	167552
9.297348000	168960
9.297370000	170368
9.297373000	171776
9.298218000	170368
9.298221000	171776
9.298251000	173184
9.298255000	174592
9.299308000	173184
9.299312000	174592
9.299334000	173184
9.299338000	174592
9.299386000	176000
9.299390000	177408
9.299448000	178816
9.299454000	180224
9.304250000	178816
9.304259000	180224
9.304335000	176000
9.304339000	177408
9.304381000	178816
9.304385000	180224
9.304437000	181632
9.304441000	183040
9.304492000	184448
9.304496000	185856
9.304548000	187264
9.304552000	188672
9.305225000	187264
9.305230000	188672
9.305268000	184448
9.305271000	185856
9.305369000	187264
9.305373000	188672
9.305404000	190080
9.305407000	191488
9.305458000	192896
9.305462000	194304
9.305512000	195712
9.305515000	197120
9.313267000	195712
9.313272000	197120
9.313304000	195712
9.313307000	197120
9.313403000	198528
9.313410000	199936
9.313449000	201344
9.313453000	202752
9.320241000	201344
9.320245000	202752
9.320488000	198528
9.320491000	199936
9.320540000	201344
9.320543000	202752
9.320633000	204160
9.320638000	205568
9.320714000	206976
9.320720000	208384
9.320795000	209792
9.320801000	211200
9.321149000	211200
9.321156000	212608
9.329205000	212608
9.329210000	214016
9.336218000	214016
9.336223000	215424
9.336260000	209792
9.336264000	211200
9.336324000	211200
9.336328000	212608
9.336373000	211200
9.336378000	212608
9.336428000	214016
9.336433000	215424
9.336479000	216832
9.336482000	218240
9.336530000	219648
9.336534000	221056
9.336583000	222464
9.336586000	223872
9.336637000	225280
9.336640000	226688
9.337186000	226688
9.337190000	228096
9.337286000	228096
9.337291000	229504
9.337330000	222464
9.337334000	223872
9.337426000	225280
9.337432000	226688
9.337467000	228096
9.337470000	229504
9.337521000	230912
9.337523000	232320
9.337574000	233728
9.337577000	235136
9.337629000	236544
9.337634000	237952
9.338287000	237952
9.338290000	239360
9.338318000	237952
9.338321000	239360
9.338373000	240768
9.338377000	242176
9.346213000	242176
9.346218000	243584
9.354244000	243584
9.354250000	244992
9.361435000	244992
9.361440000	246400
9.361506000	233728
9.361509000	235136
9.361603000	236544
9.361609000	237952
9.361695000	239360
9.361701000	240768
9.361784000	242176
9.361790000	243584
9.361849000	244992
9.361852000	246400
9.361924000	247808
9.361927000	249216
9.361974000	250624
9.361977000	252032
9.362028000	253440
9.362031000	254848
9.362082000	256256
9.362085000	257664
9.362136000	259072
9.362139000	260480
9.362303000	260480
9.362305000	261888
9.362589000	247808
9.362592000	249216
9.362641000	250624
9.362644000	252032
9.362693000	253440
9.362696000	254848
9.362747000	256256
9.362749000	257664
9.362801000	259072
9.362804000	260480
9.362855000	261888
9.362858000	263296
9.362908000	264704
9.362911000	266112
9.362962000	267520
9.362965000	268928
9.363016000	270336
9.363019000	271744
9.363070000	273152
9.363072000	274560
9.363124000	275968
9.363126000	277376
9.363237000	277376
9.363239000	278784
9.363293000	277376
9.363301000	278784
9.363340000	280192
9.363342000	281600
9.364165000	281600
9.364169000	283008
9.364203000	281600
9.364206000	283008
9.364256000	284416
9.364259000	285824
9.371203000	285824
9.371208000	287232
9.371237000	284416
9.371240000	285824
9.371362000	287232
9.371368000	288640
9.371482000	290048
9.371488000	291456
9.372193000	291456
9.372198000	292864
9.380173000	292864
9.380178000	294272
9.387339000	294272
9.387342000	295680
9.387353000	294272
9.387374000	292864
9.387377000	294272
9.387380000	295680
9.387476000	297088
9.387481000	298496
9.387484000	299904
9.387565000	301312
9.403410000	301312
9.403418000	302720
9.403466000	291456
9.403469000	292864
9.403590000	294272
9.403595000	295680
9.403705000	297088
9.403711000	298496
9.403797000	299904
9.403801000	301312
9.403886000	302720
9.403889000	304128
9.403921000	305536
9.403924000	306944
9.403975000	308352
9.403978000	309760
9.404029000	311168
9.404032000	312576
9.404083000	313984
9.404086000	315392
9.404245000	315392
9.404249000	316800
9.404300000	299904
9.404303000	301312
9.404347000	302720
9.404353000	304128
9.404398000	305536
9.404401000	306944
9.404450000	308352
9.404453000	309760
9.404503000	311168
9.404506000	312576
9.404581000	313984
9.404584000	315392
9.404634000	316800
9.404637000	318208
9.404687000	319616
9.404690000	321024
9.404741000	322432
9.404744000	323840
9.404795000	325248
9.404798000	326656
9.404849000	328064
9.404852000	329472
9.404902000	330880
9.404905000	332288
9.404956000	333696
9.404958000	335104
9.420291000	333696
9.420293000	335104
9.420317000	336512
9.420320000	337920
9.435106000	336512
9.435112000	337920
9.435140000	339328
9.435144000	340736
9.442203000	339328
9.442208000	340736
9.442211000	342144
9.442261000	343552
9.467346000	342144
9.467349000	343552
9.467380000	342144
9.467383000	343552
9.467497000	344960
9.467500000	346368
9.467582000	347776
9.467588000	349184
9.468168000	347776
9.468173000	349184
9.468439000	347776
9.468443000	349184
9.468625000	347776
9.468629000	349184
9.468647000	347776
9.468650000	349184
9.468739000	350592
9.468743000	352000
9.468852000	353408
9.468858000	354816
9.468893000	356224
9.468897000	357632
9.468947000	359040
9.468950000	360448
9.469215000	359040
9.469218000	360448
9.469256000	361856
9.469259000	363264
9.484127000	361856
9.484135000	363264
9.484171000	364672
9.484176000	366080
9.491313000	364672
9.491318000	366080
9.491375000	356224
9.491378000	357632
9.491467000	359040
9.491477000	360448
9.491558000	361856
9.491564000	363264
9.491646000	364672
9.491651000	366080
9.491739000	367488
9.491745000	368896
9.491832000	370304
9.491838000	371712
9.491922000	373120
9.491927000	374528
9.491962000	375936
9.491965000	377344
9.492016000	378752
9.492019000	380160
9.492167000	378752
9.492170000	380160
9.492208000	378752
9.492211000	380160
9.492263000	378752
9.492266000	380160
9.492316000	381568
9.492318000	382976
9.492369000	384384
9.492372000	385792
9.492424000	387200
9.492427000	388608
9.500154000	387200
9.500158000	388608
9.500239000	390016
9.500245000	391424
9.507309000	390016
9.507314000	391424
9.507362000	378752
9.507365000	380160
9.507412000	381568
9.507415000	382976
9.507464000	384384
9.507467000	385792
9.507517000	387200
9.507519000	388608
9.507569000	390016
9.507572000	391424
9.507621000	392832
9.507624000	394240
9.507674000	395648
9.507676000	397056
9.507727000	398464
9.507729000	399872
9.507780000	401280
9.507783000	402688
9.507833000	404096
9.507836000	405504
9.507886000	406912
9.507889000	408320
9.520199000	408320
9.520205000	409728
9.527343000	409728
9.527348000	411136
9.527407000	399872
9.527410000	401280
9.527448000	402688
9.527452000	404096
9.527500000	405504
9.527503000	406912
9.527553000	408320
9.527556000	409728
9.527607000	411136
9.527610000	412544
9.527659000	413952
9.527663000	415360
9.527712000	416768
9.527715000	418176
9.527763000	419584
9.527766000	420992
9.527816000	422400
9.527819000	423808
9.528217000	423808
9.528220000	425216
9.528258000	420992
9.528262000	422400
9.528311000	423808
9.528315000	425216
9.528365000	426624
9.528368000	428032
9.528416000	429440
9.528420000	430848
9.536169000	430848
9.536174000	432256
9.543238000	432256
9.543242000	433664
9.543366000	433664
9.543370000	435072
9.543421000	423808
9.543424000	425216
9.543474000	426624
9.543477000	428032
9.543527000	429440
9.543530000	430848
9.543581000	432256
9.543584000	433664
9.543634000	435072
9.543637000	436480
9.543688000	437888
9.543692000	439296
9.543742000	440704
9.543745000	442112
9.543795000	443520
9.543798000	444928
9.543849000	446336
9.543852000	447744
9.544256000	447744
9.544258000	449152
9.544307000	440704
9.544311000	442112
9.544362000	442112
9.544365000	443520
9.544414000	444928
9.544417000	446336
9.544468000	447744
9.544471000	449152
9.544522000	450560
9.544524000	451968
9.544576000	453376
9.544578000	454784
9.544629000	456192
9.544632000	457600
9.544683000	459008
9.544686000	460416
9.545185000	460416
9.545188000	461824
9.545239000	453376
9.545242000	454784
9.545292000	456192
9.545295000	457600
9.545346000	459008
9.545349000	460416
9.545399000	461824
9.545403000	463232
9.545454000	464640
9.545456000	466048
9.545507000	467456
9.545510000	468864
9.545566000	470272
9.545570000	471680
9.553110000	471680
9.553115000	473088
9.560263000	473088
9.560269000	474496
9.560326000	459008
9.560329000	460416
9.560378000	461824
9.560381000	463232
9.560431000	464640
9.560435000	466048
9.560483000	467456
9.560487000	468864
9.560537000	470272
9.560540000	471680
9.560589000	473088
9.560592000	474496
9.560641000	475904
9.560644000	477312
9.560694000	478720
9.560697000	480128
9.560747000	481536
9.560750000	482944
9.560799000	484352
9.560802000	485760
9.560852000	487168
9.560855000	488576
9.560904000	489984
9.560908000	491392
9.561259000	491392
9.561262000	492800
9.561283000	492800
9.561308000	488576
9.561311000	489984
9.561314000	491392
9.561364000	491392
9.561367000	492800
9.561370000	494208
9.561412000	495616
9.561415000	497024
9.561417000	498432
9.561464000	499840
9.561467000	501248
9.576232000	501248
9.576238000	502656
9.576248000	502656
9.576296000	491392
9.576299000	492800
9.576301000	494208
9.576350000	495616
9.576353000	497024
9.576356000	498432
9.576404000	499840
9.576407000	501248
9.576410000	502656
9.576459000	504064
9.576461000	505472
9.576464000	506880
9.576513000	508288
9.576516000	509696
9.576518000	511104
9.576568000	512512
9.576571000	513920
9.576573000	515328
9.576621000	516736
9.577137000	516736
9.577143000	518144
9.592394000	518144
9.592399000	519552
9.592409000	519552
9.592457000	508288
9.592462000	509696
9.592465000	511104
9.592513000	512512
9.592517000	513920
9.592520000	515328
9.592569000	516736
9.592573000	518144
9.592576000	519552
9.592625000	520960
9.592630000	522251
