6.160390000	1388
6.160404000	2776
6.160464000	4164
6.160472000	5552
6.160547000	6940
6.160552000	8328
6.160631000	9716
6.160637000	11104
6.160713000	12492
6.160718000	13880
6.196998000	13880
6.197001000	15268
6.201899000	15268
6.201904000	16656
6.201932000	16656
6.201935000	18044
6.204927000	18044
6.204934000	19432
6.204969000	16656
6.204973000	18044
6.205073000	16656
6.205078000	18044
6.205123000	18044
6.205127000	19432
6.205205000	20820
6.205208000	22208
6.205240000	23596
6.205244000	24984
6.205293000	26372
6.205297000	27760
6.259963000	27760
6.259970000	29148
6.260042000	27760
6.260048000	29148
6.260186000	26372
6.260190000	27760
6.260235000	23596
6.260239000	24984
6.260309000	24984
6.260313000	26372
6.260365000	22208
6.260369000	23596
6.260429000	22208
6.260432000	23596
6.260481000	24984
6.260485000	26372
6.260521000	27760
6.260524000	29148
6.260618000	30536
6.260624000	31924
6.260710000	33312
6.260715000	34700
6.260775000	36088
6.260778000	37476
6.260825000	38864
6.260828000	40252
6.260879000	41640
6.260882000	43028
6.260933000	44416
6.260936000	45804
6.260989000	47192
6.260992000	48580
6.261040000	49968
6.261043000	51356
6.261883000	51356
6.261886000	52744
6.261924000	52744
6.261927000	54132
6.264953000	54132
6.264956000	55520
6.301932000	55520
6.301938000	56908
6.301965000	56908
6.301968000	58296
6.303922000	58296
6.303929000	59684
6.304090000	55520
6.304094000	56908
6.304174000	58296
6.304179000	59684
6.304235000	61072
6.304238000	62460
6.304333000	63848
6.304339000	65236
6.306922000	65236
6.306927000	66624
6.306960000	66624
6.306963000	68012
6.309994000	68012
6.309998000	69400
6.310050000	62460
6.310053000	63848
6.310139000	65236
6.310143000	66624
6.310212000	68012
6.310217000	69400
6.310269000	70788
6.310273000	72176
6.310325000	73564
6.310329000	74952
6.310383000	76340
6.310387000	77728
6.311905000	77728
6.311910000	79116
6.311943000	79116
6.311946000	80504
6.314899000	80504
6.314904000	81892
6.314949000	81892
6.314952000	83280
6.315009000	80504
6.315012000	81892
6.315112000	80504
6.315117000	81892
6.315264000	77728
6.315268000	79116
6.315410000	73564
6.315413000	74952
6.315490000	76340
6.315493000	77728
6.315587000	79116
6.315593000	80504
6.315628000	81892
6.315631000	83280
6.315681000	84668
6.315684000	86056
6.315735000	87444
6.315738000	88832
6.315789000	90220
6.315791000	91608
6.315843000	92996
6.315846000	94384
6.315908000	92996
6.315910000	94384
6.315953000	90220
6.315956000	91608
6.316011000	92996
6.316014000	94384
6.316058000	95772
6.316060000	97160
6.316115000	98548
6.316118000	99936
6.316165000	101324
6.316167000	102712
6.316219000	104100
6.316221000	105488
6.316272000	106876
6.316275000	108264
6.316326000	109652
6.316328000	111040
6.336940000	109652
6.336945000	111040
6.336955000	109652
6.336979000	111040
6.336982000	112428
6.336985000	113816
6.337029000	115204
6.337032000	116592
6.339973000	116592
6.339978000	117980
6.339989000	117980
6.340013000	115204
6.340017000	116592
6.340020000	117980
6.340117000	119368
6.340123000	120756
6.340126000	122144
6.340217000	123532
6.341936000	123532
6.341941000	124920
6.341951000	124920
6.341977000	126308
6.346912000	126308
6.346919000	127696
6.346934000	127696
6.347137000	127696
6.347143000	129084
6.347147000	130472
6.349948000	130472
6.349953000	131860
6.349963000	131860
6.349986000	129084
6.349989000	130472
6.349993000	131860
6.350085000	133248
6.350090000	134636
6.350094000	136024
6.350175000	137412
6.351881000	137412
6.351887000	138800
6.356908000	138800
6.356915000	140188
6.356929000	140188
6.356948000	141576
6.359983000	141576
6.359989000	142964
6.359999000	142964
6.360024000	140188
6.360027000	141576
6.360037000	142964
6.360074000	144352
6.360077000	145740
6.360080000	147128
6.360129000	148516
6.361923000	148516
6.361928000	149904
6.361938000	149904
6.361959000	151292
6.365008000	151292
6.365013000	152680
6.365024000	152680
6.365046000	151292
6.365049000	152680
6.365052000	154068
6.365118000	154068
6.365122000	155456
6.365125000	156844
6.365167000	152680
6.365170000	154068
6.365172000	155456
6.365220000	154068
6.365222000	155456
6.365225000	156844
6.366876000	155456
6.366880000	156844
6.366883000	158232
6.366979000	156844
6.366984000	158232
6.366987000	159620
6.367018000	161008
6.367021000	162396
6.367024000	163784
6.367070000	165172
6.367073000	166560
6.367076000	167948
6.367123000	169336
6.367126000	170724
6.367129000	172112
6.369904000	172112
6.369908000	173500
6.369998000	173500
6.370001000	174888
6.370008000	174888
6.370050000	174888
6.370053000	176276
6.370055000	177664
6.370101000	176276
6.370104000	177664
6.370107000	179052
6.370153000	176276
6.370156000	177664
6.370158000	179052
6.370206000	179052
6.370209000	180440
6.370212000	181828
6.370258000	180440
6.370261000	181828
6.370265000	183216
6.370279000	181828
6.370309000	181828
6.370312000	183216
6.370315000	184604
6.370317000	185992
6.370364000	187380
6.370367000	188768
6.370370000	190156
6.370372000	191544
6.370413000	192932
6.371896000	192932
6.371900000	194320
6.371909000	194320
6.371912000	195708
6.371951000	195708
6.371954000	197096
6.374897000	197096
6.374902000	198484
6.374982000	198484
6.374985000	199872
6.374992000	199872
6.374994000	201260
6.375034000	198484
6.375037000	199872
6.375039000	201260
6.375042000	202648
6.375266000	187380
6.375279000	188768
6.375282000	190156
6.375285000	191544
6.375349000	192932
6.375353000	194320
6.375358000	195708
6.375374000	197096
6.375377000	198484
6.375379000	199872
6.375478000	201260
6.375481000	202648
6.375484000	204036
6.375487000	205424
6.375521000	206812
6.375525000	208200
6.375528000	209588
6.375571000	210976
6.375574000	212364
6.375577000	213752
6.375580000	215140
6.375625000	216528
6.375628000	217916
6.375631000	219304
6.375678000	220692
6.375680000	222080
6.379996000	222080
6.380001000	223468
6.381906000	223468
6.381911000	224856
6.381924000	224856
6.381928000	226244
6.384931000	226244
6.384937000	227632
6.384950000	226244
6.384954000	227632
6.384988000	220692
6.384992000	222080
6.384995000	223468
6.384998000	224856
6.385002000	226244
6.385041000	226244
6.385045000	227632
6.385049000	229020
6.385053000	230408
6.385062000	231796
6.385094000	233184
6.385098000	234572
6.385102000	235960
6.385106000	237348
6.385145000	238736
6.385149000	240124
6.386923000	240124
6.386929000	241512
6.386945000	241512
6.386953000	242900
6.389998000	242900
6.390003000	244288
6.390013000	244288
6.390016000	245676
6.390024000	245676
6.390050000	241512
6.390053000	242900
6.390056000	244288
6.390059000	245676
6.390062000	247064
6.390162000	245676
6.390168000	247064
6.390171000	248452
6.390174000	249840
6.390176000	251228
6.390307000	241512
6.390313000	242900
6.390316000	244288
6.390319000	245676
6.390321000	247064
6.390403000	248452
6.390409000	249840
6.390412000	251228
6.390414000	252616
6.390417000	254004
6.390499000	255392
6.390505000	256780
6.390508000	258168
6.390511000	259556
6.390513000	260944
6.390547000	262332
6.390550000	263720
6.390553000	265108
6.390556000	266496
6.392126000	265108
6.392129000	266496
6.392132000	267884
6.392135000	269272
6.392144000	267884
6.392147000	269272
6.392162000	270660
6.392165000	272048
6.394920000	270660
6.394925000	272048
6.394928000	273436
6.394930000	274824
6.394939000	273436
6.394942000	274824
6.394972000	270660
6.394975000	272048
6.394979000	273436
6.394982000	274824
6.394986000	276212
6.395212000	277600
6.395218000	278988
6.395221000	280376
6.395225000	281764
6.395228000	283152
6.396914000	281764
6.396918000	283152
6.396921000	284540
6.396924000	285928
6.396933000	284540
6.396936000	285928
6.396955000	287316
6.396957000	288704
6.400001000	287316
6.400006000	288704
6.400008000	290092
6.400011000	291480
6.400022000	290092
6.400025000	291480
6.400028000	292868
6.400055000	285928
6.400058000	287316
6.400061000	288704
6.400064000	290092
6.400067000	291480
6.400155000	292868
6.400161000	294256
6.400164000	295644
6.400167000	297032
6.400170000	298420
6.400173000	299808
6.400175000	301196
6.400197000	302584
6.401934000	301196
6.401938000	302584
6.401941000	303972
6.401944000	305360
6.401954000	303972
6.401957000	305360
6.401960000	306748
6.402074000	308136
6.406900000	306748
6.406905000	308136
6.406909000	309524
6.406911000	310912
6.406922000	309524
6.406925000	310912
6.406928000	312300
6.407039000	310912
6.407045000	312300
6.407047000	313688
6.407050000	315076
6.407053000	316464
6.409970000	315076
6.409975000	316464
6.409978000	317852
6.409981000	319240
6.416959000	317852
6.416964000	319240
6.416967000	320628
6.416970000	322016
6.416980000	320628
6.416984000	322016
6.416987000	323404
6.417052000	324792
6.419995000	323404
6.420000000	324792
6.420003000	326180
6.420005000	327568
6.420019000	326180
6.420022000	327568
6.420025000	328956
6.420154000	322016
6.420160000	323404
6.420163000	324792
6.420166000	326180
6.420168000	327568
6.420171000	328956
6.420285000	330344
6.420291000	331732
6.420294000	333120
6.420298000	334508
6.420300000	335896
6.420306000	337284
6.420603000	338672
6.421949000	337284
6.421954000	338672
6.421957000	340060
6.421960000	341448
6.421970000	340060
6.421973000	341448
6.422087000	342836
6.422093000	344224
6.424931000	342836
6.424939000	344224
6.424943000	345612
6.424947000	347000
6.424962000	345612
6.424966000	347000
6.425037000	341448
6.425042000	342836
6.425046000	344224
6.425050000	345612
6.425054000	347000
6.425058000	348388
6.426914000	344224
6.426919000	345612
6.426922000	347000
6.426925000	348388
6.426928000	349776
6.426931000	351164
6.427162000	349776
6.427168000	351164
6.427171000	352552
6.427173000	353940
6.427176000	355328
6.427179000	356716
6.427208000	358104
6.427212000	359492
6.427215000	360880
6.427219000	362268
6.427265000	363656
6.427269000	365044
6.430011000	363656
6.430016000	365044
6.430019000	366432
6.430022000	367820
6.430032000	366432
6.430035000	367820
6.430060000	360880
6.430063000	362268
6.430066000	363656
6.430069000	365044
6.430072000	366432
6.430164000	367820
6.430171000	369208
6.430173000	370596
6.430176000	371984
6.430180000	373372
6.430183000	374760
6.430217000	376148
6.430220000	377536
6.430223000	378924
6.431952000	377536
6.431957000	378924
6.431960000	380312
6.431963000	381700
6.431973000	380312
6.431976000	381700
6.431991000	383088
6.431994000	384476
6.436890000	383088
6.436897000	384476
6.436901000	385864
6.436905000	387252
6.436919000	385864
6.436923000	387252
6.436949000	385864
6.436952000	387252
6.436955000	388640
6.436958000	390028
6.436961000	391416
6.437027000	392804
6.439931000	391416
6.439935000	392804
6.439939000	394192
6.439941000	395580
6.439952000	394192
6.439954000	395580
6.439981000	388640
6.439984000	390028
6.439986000	391416
6.439990000	392804
6.439993000	394192
6.440085000	395580
6.440093000	396968
6.440097000	398356
6.440100000	399744
6.440104000	401132
6.440108000	402520
6.440134000	403908
6.440139000	405296
6.441918000	403908
6.441925000	405296
6.441939000	403908
6.441943000	405296
6.444910000	403908
6.444915000	405296
6.446930000	403908
6.446935000	405296
6.446944000	403908
6.446947000	405296
6.449953000	403908
6.449958000	405296
6.449967000	403908
6.449971000	405296
6.449978000	403908
6.449981000	405296
6.451918000	403908
6.451926000	405296
6.451938000	403908
6.451942000	405296
6.454952000	403908
6.454957000	405296
6.454995000	405296
6.455127000	405296
6.460061000	405296
6.460070000	405296
6.480134000	405296
6.539961000	396968
6.539964000	398356
6.539967000	399744
6.540047000	278988
6.540050000	280376
6.540136000	281764
6.540142000	283152
6.540223000	284540
6.540228000	285928
6.540304000	287316
6.540310000	288704
6.540345000	290092
6.540348000	291480
6.540398000	292868
6.540401000	294256
6.540452000	295644
6.540455000	297032
6.540506000	298420
6.540509000	299808
6.540560000	301196
6.540563000	302584
6.540614000	303972
6.540616000	305360
6.540667000	306748
6.540670000	308136
6.540721000	309524
6.540724000	310912
6.540775000	312300
6.540778000	313688
6.540829000	315076
6.540832000	316464
6.540882000	317852
6.540885000	319240
6.540936000	320628
6.540940000	322016
6.540990000	323404
6.540993000	324792
6.541044000	326180
6.541047000	327568
6.541097000	328956
6.541100000	330344
6.541151000	331732
6.541155000	333120
6.541205000	334508
6.541208000	335896
6.541259000	337284
6.541262000	338672
6.541323000	340060
6.541327000	341448
6.541381000	342836
6.541386000	344224
6.541421000	345612
6.541423000	347000
6.541474000	348388
6.541477000	349776
6.541528000	351164
6.541531000	352552
6.541582000	353940
6.541584000	355328
6.541636000	356716
6.541639000	358104
6.541689000	359492
6.541692000	360880
6.541746000	362268
6.541751000	363656
6.541797000	365044
6.541800000	366432
6.541851000	367820
6.541854000	369208
6.541934000	370596
6.541937000	371984
6.541959000	373372
6.541962000	374760
6.542013000	376148
6.542016000	377536
6.542066000	378924
6.542069000	380312
6.542120000	381700
6.542123000	383088
6.542174000	384476
6.542177000	385864
6.542228000	387252
6.542231000	388640
6.542283000	390028
6.542286000	391416
6.542335000	392804
6.542338000	394192
6.542389000	395580
6.542391000	396968
6.542442000	398356
6.542445000	399744
6.542496000	401132
6.542499000	402520
6.542550000	403908
6.542553000	405296
6.542604000	406684
6.542607000	408072
6.542658000	409460
6.542661000	410848
6.543049000	138800
6.543052000	140188
6.543086000	141576
6.543088000	142964
6.543138000	144352
6.543141000	145740
6.543193000	147128
6.543195000	148516
6.543246000	149904
6.543249000	151292
6.543300000	152680
6.543302000	154068
6.543354000	155456
6.543356000	156844
6.543408000	158232
6.543411000	159620
6.543461000	161008
6.543464000	162396
6.543515000	163784
6.543518000	165172
6.543569000	166560
6.543577000	167948
6.543626000	169336
6.543629000	170724
6.543679000	172112
6.543681000	173500
6.543730000	174888
6.543733000	176276
6.543783000	177664
6.543786000	179052
6.543836000	180440
6.543839000	181828
6.543888000	183216
6.543891000	184604
6.543941000	185992
6.543944000	187380
6.543994000	188768
6.543997000	190156
6.544046000	191544
6.544049000	192932
6.544099000	194320
6.544102000	195708
6.544152000	197096
6.544155000	198484
6.544204000	199872
6.544207000	201260
6.544257000	202648
6.544260000	204036
6.544312000	205424
6.544315000	206812
6.544365000	208200
6.544368000	209588
6.544419000	210976
6.544421000	212364
6.544472000	213752
6.544475000	215140
6.544526000	216528
6.544529000	217916
6.544580000	218819
6.625041000	77243
6.630248000	77243
