37.567871000	1408
37.567881000	2816
37.567914000	4224
37.567918000	5632
37.567977000	7040
37.567984000	8448
37.568028000	9856
37.568032000	11264
37.568084000	12672
37.568088000	14080
37.620182000	14080
37.620188000	15488
37.620280000	14080
37.620284000	15488
37.620334000	16896
37.620337000	18304
37.627226000	18304
37.627231000	19712
37.627269000	18304
37.627272000	19712
37.627366000	21120
37.627372000	22528
37.627457000	23936
37.628170000	25344
37.628185000	25344
37.629040000	21120
37.629044000	22528
37.629073000	23936
37.660190000	23936
37.660196000	25344
37.660232000	25344
37.660235000	26752
37.667145000	26752
37.667150000	28160
37.667280000	22528
37.667284000	23936
37.667412000	18304
37.667418000	19712
37.667495000	21120
37.667500000	22528
37.667560000	23936
37.667564000	25344
37.667611000	26752
37.667614000	28160
37.667665000	29568
37.667668000	30976
37.667732000	32384
37.667735000	33792
37.667798000	35200
37.667800000	36608
37.667898000	38016
37.667903000	39424
37.667938000	40832
37.667941000	42240
37.675136000	42240
37.675141000	43648
37.682198000	43648
37.682203000	45056
37.682230000	43648
37.682234000	45056
37.682307000	46464
37.682310000	47872
37.720114000	47872
37.720119000	49280
37.720156000	49280
37.720159000	50688
37.727217000	50688
37.727224000	52096
37.727451000	39424
37.727455000	40832
37.727502000	42240
37.727505000	43648
37.727626000	45056
37.727632000	46464
37.727744000	47872
37.727749000	49280
37.727861000	50688
37.727867000	52096
37.727979000	53504
37.727984000	54912
37.728099000	56320
37.728105000	57728
37.728234000	57728
37.728239000	59136
37.728381000	47872
37.728385000	49280
37.728445000	50688
37.728447000	52096
37.728495000	53504
37.728497000	54912
37.728548000	56320
37.728550000	57728
37.728602000	59136
37.728605000	60544
37.728656000	61952
37.728658000	63360
37.728710000	64768
37.728712000	66176
37.728763000	67584
37.728766000	68992
37.728817000	70400
37.728820000	71808
37.728871000	73216
37.728874000	74624
37.728925000	76032
37.728927000	77440
37.728978000	78848
37.728981000	80256
37.729121000	80256
37.729123000	81664
37.729167000	78848
37.729170000	80256
37.729221000	81664
37.729223000	83072
37.729275000	84480
37.729277000	85888
37.730038000	85888
37.730040000	87296
37.730088000	87296
37.730090000	88704
37.760136000	88704
37.760142000	90112
37.760172000	90112
37.760176000	91520
37.767174000	91520
37.767178000	92928
37.767257000	90112
37.767261000	91520
37.767308000	92928
37.767311000	94336
37.767407000	95744
37.767413000	97152
37.768169000	97152
37.768174000	98560
37.768217000	97152
37.768221000	98560
37.768318000	99968
37.768321000	101376
37.769092000	101376
37.769097000	102784
37.769129000	101376
37.769132000	102784
37.769227000	104192
37.769232000	105600
37.777145000	105600
37.777152000	107008
37.777184000	107008
37.777188000	108416
37.784225000	108416
37.784230000	109824
37.784293000	102784
37.784296000	104192
37.784337000	105600
37.784340000	107008
37.784389000	108416
37.784392000	109824
37.784442000	111232
37.784444000	112640
37.784494000	114048
37.784497000	115456
37.784547000	116864
37.784550000	118272
37.785139000	118272
37.785144000	119680
37.785178000	119680
37.785182000	121088
37.786155000	121088
37.786160000	122496
37.786192000	122496
37.786195000	123904
37.794169000	123904
37.794174000	125312
37.801287000	125312
37.801293000	126720
37.801473000	116864
37.801477000	118272
37.801524000	119680
37.801527000	121088
37.801623000	122496
37.801629000	123904
37.801710000	125312
37.801716000	126720
37.801802000	128128
37.801808000	129536
37.801889000	130944
37.801895000	132352
37.801976000	133760
37.801982000	135168
37.802042000	136576
37.802046000	137984
37.802164000	136576
37.802167000	137984
37.802201000	139392
37.802204000	140800
37.817315000	139392
37.817321000	140800
37.817360000	130944
37.817363000	132352
37.817411000	133760
37.817414000	135168
37.817465000	136576
37.817468000	137984
37.817518000	139392
37.817521000	140800
37.817572000	142208
37.817575000	143616
37.817626000	145024
37.817629000	146432
37.817679000	147840
37.817682000	149248
37.817733000	150656
37.817736000	152064
37.817787000	153472
37.817790000	154880
37.840223000	153472
37.840230000	154880
37.840283000	147840
37.840288000	149248
37.840338000	150656
37.840343000	152064
37.840394000	153472
37.840399000	154880
37.840450000	156288
37.840455000	157696
37.840507000	159104
37.840511000	160512
37.840563000	161920
37.840567000	163328
37.840620000	164736
37.840625000	166144
37.847143000	164736
37.847149000	166144
37.847252000	153472
37.847256000	154880
37.847286000	156288
37.847291000	157696
37.847447000	159104
37.847452000	160512
37.847482000	161920
37.847486000	163328
37.847536000	164736
37.847541000	166144
37.847590000	167552
37.847594000	168960
37.847644000	170368
37.847648000	171776
37.847696000	173184
37.847699000	174592
37.847750000	176000
37.847752000	177408
37.847803000	178816
37.847806000	180224
37.847857000	181632
37.847860000	183040
37.862134000	181632
37.862141000	183040
37.862882000	176000
37.862888000	177408
37.862930000	178816
37.862934000	180224
37.862985000	181632
37.862991000	183040
37.863038000	184448
37.863042000	185856
37.863092000	187264
37.863096000	188672
37.863147000	190080
37.863151000	191488
37.863201000	192896
37.863205000	194304
37.877179000	192896
37.877185000	194304
37.877239000	180224
37.877242000	181632
37.877336000	183040
37.877342000	184448
37.877425000	185856
37.877431000	187264
37.877513000	188672
37.877519000	190080
37.877600000	191488
37.877606000	192896
37.877666000	194304
37.877670000	195712
37.877731000	197120
37.877735000	198528
37.877782000	199936
37.877786000	201344
37.877838000	202752
37.877842000	204160
37.877891000	205568
37.877894000	206976
37.877945000	208384
37.877949000	209792
37.878000000	211200
37.878004000	212608
37.878076000	212608
37.878080000	214016
37.878118000	211200
37.878121000	212608
37.878171000	214016
37.878174000	215424
37.878228000	215424
37.878231000	216832
37.878278000	216832
37.878281000	218240
37.878334000	219648
37.878337000	221056
37.886167000	221056
37.886173000	222464
37.893232000	222464
37.893237000	223872
37.893520000	212608
37.893524000	214016
37.893576000	215424
37.893579000	216832
37.893676000	218240
37.893681000	219648
37.893757000	221056
37.893762000	222464
37.893838000	223872
37.893843000	225280
37.893905000	226688
37.893909000	228096
37.893981000	229504
37.893985000	230912
37.894056000	232320
37.894060000	233728
37.894109000	235136
37.894113000	236544
37.894240000	236544
37.894244000	237952
37.894294000	233728
37.894298000	235136
37.894348000	236544
37.894352000	237952
37.894402000	239360
37.894407000	240768
37.894456000	242176
37.894460000	243584
37.895121000	243584
37.895124000	244992
37.895158000	243584
37.895161000	244992
37.895211000	246400
37.895214000	247808
37.896208000	247808
37.896211000	249216
37.896262000	249216
37.896265000	250624
37.903162000	250624
37.903167000	252032
37.910208000	252032
37.910214000	253440
37.910232000	253440
37.910256000	252032
37.910259000	253440
37.910262000	254848
37.910339000	256256
37.910342000	257664
37.911237000	257664
37.911242000	259072
37.919128000	259072
37.919133000	260480
37.926173000	260480
37.926178000	261888
37.926237000	252032
37.926240000	253440
37.926312000	254848
37.926316000	256256
37.926363000	257664
37.926366000	259072
37.926417000	260480
37.926420000	261888
37.926471000	263296
37.926474000	264704
37.926525000	266112
37.926528000	267520
37.926686000	268928
37.926690000	270336
37.926736000	271744
37.926739000	273152
37.927128000	273152
37.927130000	274560
37.927174000	268928
37.927178000	270336
37.927228000	271744
37.927231000	273152
37.927281000	274560
37.927284000	275968
37.927335000	277376
37.927338000	278784
37.927389000	280192
37.927391000	281600
37.928072000	281600
37.928076000	283008
37.928090000	283008
37.928125000	280192
37.928129000	281600
37.928133000	283008
37.928180000	284416
37.928184000	285824
37.928187000	287232
37.928233000	288640
37.935109000	288640
37.935114000	290048
37.935127000	290048
37.935142000	291456
37.943158000	291456
37.943163000	292864
37.950192000	292864
37.950198000	294272
37.950214000	294272
37.950534000	294272
37.950540000	295680
37.950544000	297088
37.959264000	297088
37.959269000	298496
37.959297000	297088
37.959299000	298496
37.959350000	299904
37.959354000	301312
37.966307000	301312
37.966312000	302720
37.966350000	298496
37.966353000	299904
37.966403000	301312
37.966408000	302720
37.966455000	304128
37.966458000	305536
37.966509000	306944
37.966512000	308352
37.967240000	308352
37.967244000	309760
37.967279000	308352
37.967281000	309760
37.967332000	311168
37.967335000	312576
37.973151000	312576
37.973155000	313984
37.973179000	309760
37.973204000	305536
37.973210000	306944
37.973215000	308352
37.973301000	309760
37.973307000	311168
37.973310000	312576
37.973392000	313984
37.973398000	315392
37.973400000	316800
37.973482000	318208
37.973488000	319616
37.973490000	321024
37.973572000	322432
37.973577000	323840
37.973581000	325248
37.974138000	323840
37.974147000	325248
37.974151000	326656
37.974189000	325248
37.974193000	326656
37.974196000	328064
37.974239000	329472
37.974242000	330880
38.000175000	329472
38.000180000	330880
38.000184000	332288
38.000213000	328064
38.000217000	329472
38.000220000	330880
38.000339000	332288
38.000345000	333696
38.000348000	335104
38.000467000	336512
38.000473000	337920
38.000476000	339328
38.007279000	337920
38.007284000	339328
38.007287000	340736
38.007343000	322432
38.007346000	323840
38.007441000	325248
38.007447000	326656
38.007528000	328064
38.007534000	329472
38.007620000	330880
38.007626000	332288
38.007663000	333696
38.007666000	335104
38.007718000	336512
38.007720000	337920
38.007775000	339328
38.007779000	340736
38.007829000	342144
38.007832000	343552
38.007880000	344960
38.007883000	346368
38.007934000	347776
38.007936000	349184
38.007988000	350592
38.007991000	352000
38.008041000	353408
38.008044000	354816
38.008095000	356224
38.008098000	357632
38.008165000	356224
38.008168000	357632
38.008170000	359040
38.009072000	346368
38.009076000	347776
38.009079000	349184
38.009114000	347776
38.009117000	349184
38.009120000	350592
38.009315000	352000
38.009322000	353408
38.009326000	354816
38.009360000	356224
38.009365000	357632
38.009371000	359040
38.009408000	360448
38.009411000	361856
38.009414000	363264
38.009462000	364672
38.009464000	366080
38.009467000	367488
38.009516000	368896
38.009518000	370304
38.009521000	371712
38.009569000	373120
38.009572000	374528
38.009575000	375936
38.009622000	377344
38.009625000	378752
38.009628000	380160
38.009676000	381568
38.017207000	380160
38.017212000	381568
38.017215000	382976
38.017253000	384384
38.024182000	382976
38.024188000	384384
38.024191000	385792
38.024228000	378752
38.024231000	380160
38.024326000	381568
38.024331000	382976
38.024412000	384384
38.024418000	385792
38.024501000	387200
38.024507000	388608
38.024588000	390016
38.024594000	391424
38.024679000	392832
38.025222000	391424
38.025227000	392832
38.025263000	387200
38.025266000	388608
38.025315000	390016
38.025319000	391424
38.025369000	392832
38.033151000	392832
38.040142000	392832
38.040155000	392832
38.040181000	390016
38.040184000	391424
38.040290000	391424
38.040295000	392832
38.040329000	392832
38.041233000	392832
38.041245000	392832
38.041280000	385792
38.041283000	387200
38.041378000	388608
38.041384000	390016
38.041466000	391424
38.041472000	392832
38.042118000	392832
38.042129000	392832
38.042154000	392832
38.060152000	392832
38.060165000	392832
38.067280000	392832
38.067292000	392832
38.067321000	388608
38.067324000	390016
38.067419000	391424
38.067425000	392832
38.068345000	392832
38.068357000	392832
38.068398000	382976
38.068401000	384384
38.068496000	385792
38.068502000	387200
38.068588000	388608
38.068593000	390016
38.068675000	391424
38.068681000	392832
38.069189000	392832
38.069207000	392832
38.069241000	390016
38.069245000	391424
38.069293000	392832
38.070187000	392832
38.070283000	392832
38.070290000	392832
38.070331000	391424
38.070335000	392832
38.077293000	392832
38.077304000	392832
38.085200000	392832
38.092127000	392832
38.092140000	392832
38.092158000	392832
38.092267000	392832
38.092274000	392832
38.093086000	392832
38.093098000	392832
38.093242000	392832
38.093253000	392832
38.094185000	392832
38.094197000	392832
38.094214000	392832
38.102230000	392832
38.109281000	392832
38.109292000	392832
38.109334000	382976
38.109338000	384384
38.109386000	385792
38.109389000	387200
38.109438000	388608
38.109448000	390016
38.109493000	391424
38.109496000	392832
38.110175000	392832
38.110184000	392832
38.110221000	390016
38.110223000	391424
38.110274000	392832
38.125281000	392832
38.125293000	392832
38.125343000	380160
38.125346000	381568
38.125435000	382976
38.125440000	384384
38.125516000	385792
38.125522000	387200
38.125604000	388608
38.125610000	390016
38.125694000	391424
38.125700000	392832
38.126168000	392832
38.126181000	392832
38.126203000	391424
38.126206000	392832
38.127161000	392832
38.127168000	392832
38.142209000	392832
38.142220000	392832
38.142261000	385792
38.142264000	387200
38.142315000	387200
38.142318000	388608
38.142367000	387200
38.142370000	388608
38.142420000	390016
38.142423000	391424
38.142474000	392832
38.143118000	392832
38.143125000	392832
38.143168000	391424
38.143171000	392832
38.143224000	392832
38.143231000	392832
38.143276000	391424
38.143278000	392832
38.144209000	392832
38.144216000	392832
38.144262000	390016
38.144265000	391424
38.144315000	392832
38.152203000	392832
38.152215000	392832
38.159146000	392832
38.159158000	392832
38.159185000	390016
38.159188000	391424
38.159283000	392832
38.160071000	392832
38.160241000	391424
38.160246000	392832
38.160278000	391424
38.160281000	392832
38.168112000	391424
38.168117000	392832
38.175089000	391424
38.175094000	392832
38.183185000	391424
38.183191000	392832
38.190237000	391424
38.190242000	392832
38.190281000	377344
38.190284000	378752
38.190333000	380160
38.190336000	381568
38.190388000	382976
38.190391000	384384
38.190440000	385792
38.190443000	387200
38.190494000	388608
38.190496000	390016
38.190547000	391424
38.190550000	392832
38.191214000	391424
38.191217000	392832
38.191263000	382976
38.191266000	384384
38.191316000	385792
38.191319000	387200
38.191370000	388608
38.191373000	390016
38.191424000	391424
38.191427000	392832
38.199154000	391424
38.199159000	392832
38.206179000	391424
38.206187000	392832
38.206227000	385792
38.206231000	387200
38.206278000	388608
38.206282000	390016
38.206332000	391424
38.206335000	392832
38.220113000	391424
38.220118000	392832
38.220151000	391424
38.220154000	392832
38.227238000	391424
38.227243000	392832
38.227282000	377344
38.227285000	378752
38.227392000	380160
38.227398000	381568
38.227432000	382976
38.227436000	384384
38.227485000	385675
