7.406832000	1
7.406838000	1
7.406841000	1
7.406852000	1
7.406937000	1
7.406952000	1
7.408600000	1
7.409549000	1
7.409564000	1
7.409575000	1
7.409582000	1
7.409651000	1
7.409660000	1
7.409666000	1
7.409673000	1
7.409756000	1
7.409767000	1
7.409774000	1
7.410563000	1
7.410588000	1
7.410601000	1
7.410606000	1
7.413533000	1
7.413557000	1
7.414583000	1
7.414664000	1
7.414687000	1
7.414695000	1
7.414700000	1
7.414706000	1
7.414713000	1
7.414808000	1
7.418568000	1
7.418592000	1
7.420568000	1
7.420580000	1
7.420619000	1
7.420628000	1
7.421597000	1
7.421620000	1
7.421629000	1
7.421633000	1
7.421698000	1
7.421706000	1
7.421713000	1
7.421718000	1
7.421751000	1
7.421759000	1
7.421981000	1
7.423520000	1
7.426603000	1
7.426620000	1
7.426633000	1
7.426642000	1
7.426653000	1
7.426660000	1
7.426739000	1
7.426766000	1
7.426772000	1
7.426780000	1
7.426959000	1
7.428516000	1
7.429568000	1
7.429577000	1
7.429655000	1
7.429679000	1
7.429688000	1
7.429696000	1
7.429708000	1
7.429794000	1
7.429812000	1
7.430572000	1
7.430590000	1
7.430595000	1
7.430600000	1
7.433559000	1
7.433576000	1
7.434498000	1
7.434592000	1
7.434609000	1
7.434615000	1
7.434620000	1
7.438522000	1
7.440593000	1
7.440611000	1
7.440618000	1
7.440623000	1
7.441626000	1
7.441644000	1
7.441650000	1
7.441655000	1
7.441672000	1
7.441679000	1
7.441809000	1
7.441827000	1
7.441834000	1
7.441839000	1
7.441845000	1
7.441850000	1
7.441856000	1
7.443557000	1
7.448548000	1
7.450596000	1
7.450615000	1
7.450622000	1
7.450627000	1
7.451565000	1
7.451584000	1
7.456640000	1
7.456694000	1
7.456701000	1
7.456747000	1
7.457143000	1
7.457159000	1
7.458493000	1
7.458546000	1
7.460556000	1
7.460567000	1
7.460644000	1
7.460663000	1
7.461570000	1
7.461590000	1
7.461621000	1
7.461632000	1
7.463536000	1
7.466555000	1
7.466642000	1
7.466661000	1
7.466669000	1
7.466675000	1
7.466694000	1
7.466702000	1
7.466791000	1
7.466811000	1
7.466818000	1
7.466836000	1
7.466939000	1
7.466959000	1
7.466967000	1
7.466973000	1
7.466979000	1
7.466986000	1
7.466992000	1
7.467094000	1
7.467114000	1
7.467122000	1
7.467129000	1
7.467135000	1
7.467200000	1
7.467208000	1
7.467214000	1
7.467221000	1
7.467295000	1
7.467302000	1
7.468525000	1
7.470541000	1
7.470560000	1
7.470626000	1
7.470647000	1
7.471631000	1
7.471652000	1
7.471660000	1
7.471668000	1
7.471767000	1
7.471789000	1
7.471797000	1
7.471804000	1
7.471811000	1
7.471817000	1
7.471915000	1
7.471937000	1
7.471945000	1
7.471952000	1
7.471959000	1
7.471966000	1
7.473531000	1
7.476609000	1
7.476632000	1
7.476640000	1
7.476647000	1
7.478494000	1
7.480566000	1
7.480585000	1
7.480615000	1
7.480625000	1
7.483536000	1
7.486573000	1
7.486597000	1
7.486621000	1
7.486630000	1
7.486675000	1
7.486727000	1
7.486737000	1
7.486781000	1
7.486789000	1
7.486797000	1
7.486804000	1
7.486887000	1
7.486897000	1
7.486905000	1
7.486912000	1
7.486993000	1
7.488518000	1
7.490592000	1
7.490615000	1
7.490636000	1
7.490648000	1
7.491585000	1
7.491630000	1
7.491639000	1
7.491647000	1
7.491655000	1
7.491755000	1
7.491778000	1
7.491787000	1
7.491796000	1
7.491803000	1
7.491812000	1
7.491977000	1
7.491984000	1
7.491991000	1
7.491997000	1
7.492003000	1
7.492009000	1
7.492106000	1
7.492127000	1
7.492134000	1
7.493544000	1
7.498504000	1
7.498527000	1
7.500546000	1
7.500568000	1
7.500575000	1
7.500603000	1
7.501642000	1
7.501663000	1
7.501671000	1
7.501678000	1
7.501684000	1
7.501773000	1
7.501798000	1
7.501810000	1
7.501820000	1
7.501830000	1
7.501840000	1
7.501913000	1
7.501931000	1
7.501942000	1
7.501952000	1
7.501971000	1
7.501980000	1
7.502024000	1
7.502034000	1
7.502078000	1
7.502090000	1
7.502132000	1
7.502146000	1
7.502156000	1
7.502166000	1
7.502240000	1
7.502258000	1
7.502269000	1
7.503532000	1
7.503550000	1
7.506567000	1
7.506590000	1
7.506661000	1
7.506683000	1
7.506692000	1
7.506701000	1
7.506711000	1
7.506722000	1
7.506855000	1
7.506873000	1
7.506880000	1
7.506887000	1
7.506954000	1
7.508522000	1
7.508528000	1
7.510567000	1
7.510586000	1
7.510593000	1
7.510599000	1
7.513539000	1
7.514585000	1
7.514603000	1
7.514609000	1
7.514615000	1
7.514688000	1
7.514701000	1
7.514709000	1
7.514717000	1
7.514791000	1
7.518565000	1
7.521520000	1
7.521574000	1
7.521585000	1
7.521646000	1
7.521658000	1
7.521758000	1
7.521774000	1
7.521783000	1
7.521829000	1
7.521871000	1
7.521879000	1
7.523535000	1
7.526582000	1
7.526599000	1
7.526606000	1
7.526612000	1
7.526681000	1
7.526689000	1
7.526734000	1
