13.234212000	1
13.234244000	1
13.235961000	1
13.235975000	1
13.236008000	1
13.236011000	1
13.236888000	1
13.237110000	1
13.239931000	1
13.239946000	1
13.239984000	1
13.239987000	1
13.240067000	1
13.240080000	1
13.240083000	1
13.240085000	1
13.240145000	1
13.240158000	1
13.240195000	1
13.240198000	1
13.240250000	1
13.240254000	1
13.240327000	1
13.240335000	1
13.240338000	1
13.241892000	1
13.241903000	1
13.245980000	1
13.245995000	1
13.246000000	1
13.246004000	1
13.246007000	1
13.246906000	1
13.247995000	1
13.248009000	1
13.248012000	1
13.248015000	1
13.248022000	1
13.248025000	1
13.248110000	1
13.248125000	1
13.248130000	1
13.248134000	1
13.248216000	1
13.248224000	1
13.248228000	1
13.248232000	1
13.248280000	1
13.248288000	1
13.248336000	1
13.248344000	1
13.248392000	1
13.248400000	1
13.248446000	1
13.248501000	1
13.248508000	1
13.248513000	1
13.248555000	1
13.248563000	1
13.248609000	1
13.248617000	1
13.251971000	1
13.253942000	1
13.253949000	1
13.253998000	1
13.254002000	1
13.254053000	1
13.254057000	1
13.254062000	1
13.254067000	1
13.254164000	1
13.254172000	1
13.254179000	1
13.254185000	1
13.254276000	1
13.254287000	1
13.254294000	1
13.254302000	1
13.254332000	1
13.254340000	1
13.254390000	1
13.254401000	1
13.254446000	1
13.254457000	1
13.257017000	1
13.261945000	1
13.261983000	1
13.264949000	1
13.265996000	1
13.266018000	1
13.266025000	1
13.266031000	1
13.266918000	1
13.266940000	1
13.269963000	1
13.269986000	1
13.269993000	1
13.269999000	1
13.270064000	1
13.270071000	1
13.270118000	1
13.270126000	1
13.270171000	1
13.270177000	1
13.270224000	1
13.270231000	1
13.270236000	1
13.270277000	1
13.270331000	1
13.270338000	1
13.270344000	1
13.270350000	1
13.270384000	1
13.270437000	1
13.270491000	1
13.270499000	1
13.270505000	1
13.270511000	1
13.271932000	1
13.271952000	1
13.275002000	1
13.275027000	1
13.275035000	1
13.275041000	1
13.275047000	1
13.275054000	1
13.275185000	1
13.275227000	1
13.275236000	1
13.275243000	1
13.275250000	1
13.275256000	1
13.275262000	1
13.275269000	1
13.275399000	1
13.275423000	1
13.275431000	1
13.275439000	1
13.275445000	1
13.275452000	1
13.275936000	1
13.275966000	1
13.275979000	1
13.276930000	1
13.276956000	1
13.279943000	1
13.279975000	1
13.279986000	1
13.279995000	1
13.280022000	1
13.280033000	1
13.280128000	1
13.280146000	1
13.280156000	1
13.280166000	1
13.280176000	1
13.280186000	1
13.280259000	1
13.280274000	1
13.280283000	1
13.280293000	1
13.280323000	1
13.280339000	1
13.280393000	1
13.281943000	1
13.281970000	1
13.284960000	1
13.284987000	1
13.284997000	1
13.285010000	1
13.285018000	1
13.285104000	1
13.285130000	1
13.285140000	1
13.285147000	1
13.285155000	1
13.285163000	1
13.285270000	1
13.286052000	1
13.286079000	1
13.286088000	1
13.286954000	1
13.286982000	1
13.289967000	1
13.289998000	1
13.290012000	1
13.290023000	1
13.290100000	1
13.290119000	1
13.290132000	1
13.290145000	1
13.290156000	1
13.290168000	1
13.290190000	1
13.290203000	1
13.290275000	1
13.290294000	1
13.290307000	1
13.290320000	1
13.290393000	1
13.290412000	1
13.290425000	1
13.290438000	1
13.290451000	1
13.290464000	1
13.290540000	1
13.290560000	1
13.290573000	1
13.290586000	1
13.290600000	1
13.290613000	1
13.291871000	1
13.291897000	1
13.294946000	1
13.294981000	1
13.295015000	1
13.295027000	1
13.295038000	1
13.295048000	1
13.295158000	1
13.295188000	1
13.295200000	1
13.295212000	1
13.295222000	1
13.295232000	1
13.295249000	1
13.295260000	1
13.295270000	1
13.295349000	1
13.295385000	1
13.295397000	1
13.295408000	1
13.295418000	1
13.295991000	1
13.296023000	1
13.296035000	1
13.296970000	1
13.297000000	1
13.300049000	1
13.300080000	1
13.300093000	1
13.300104000	1
13.300114000	1
13.300125000	1
13.300135000	1
13.300145000	1
13.300156000	1
13.300166000	1
13.300281000	1
13.300312000	1
13.301901000	1
13.304994000	1
13.305028000	1
13.305043000	1
13.305056000	1
13.305086000	1
13.305104000	1
13.305121000	1
13.305136000	1
13.305159000	1
13.305174000	1
13.305232000	1
13.305251000	1
13.305287000	1
13.305304000	1
13.305319000	1
13.305332000	1
13.305410000	1
13.305432000	1
13.305447000	1
13.305463000	1
13.305480000	1
13.305496000	1
13.305513000	1
13.305529000	1
13.305610000	1
13.305633000	1
13.306936000	1
13.309954000	1
13.309988000	1
13.310002000	1
13.310015000	1
13.310030000	1
13.310042000	1
13.310053000	1
13.310125000	1
13.310143000	1
13.310178000	1
13.310193000	1
13.310205000	1
13.310217000	1
13.310286000	1
13.310303000	1
13.310306000	1
13.311908000	1
13.311957000	1
13.314972000	1
13.315007000	1
13.315022000	1
13.315035000	1
