4.017008000	1
4.017921000	1
4.022933000	1
4.023014000	1
4.026002000	1
4.026024000	1
4.026026000	1
4.026027000	1
4.026967000	1
4.026974000	1
4.027083000	1
4.027089000	1
4.027995000	1
4.028002000	1
4.031032000	1
4.031054000	1
4.031056000	1
4.031058000	1
4.031121000	1
4.031143000	1
4.031145000	1
4.031147000	1
4.031214000	1
4.031236000	1
4.031238000	1
4.031239000	1
4.031304000	1
4.031330000	1
4.031332000	1
4.031333000	1
4.031388000	1
4.031395000	1
4.031507000	1
4.031514000	1
4.031516000	1
4.031518000	1
4.031577000	1
4.031584000	1
4.032930000	1
4.032936000	1
4.036045000	1
4.036068000	1
4.036069000	1
4.036071000	1
4.036072000	1
4.036074000	1
4.036127000	1
4.036144000	1
4.036201000	1
4.036205000	1
4.036206000	1
4.036254000	1
4.036309000	1
4.036311000	1
4.036961000	1
4.036966000	1
4.037013000	1
4.037016000	1
4.037067000	1
4.037920000	1
4.037926000	1
4.041061000	1
4.041085000	1
4.041087000	1
4.041089000	1
4.041091000	1
4.041144000	1
4.041151000	1
4.041227000	1
4.041252000	1
4.041254000	1
4.041270000	1
4.041366000	1
4.041374000	1
4.041377000	1
4.041379000	1
4.041447000	1
4.041455000	1
4.041458000	1
4.041528000	1
4.041536000	1
4.041538000	1
4.041611000	1
4.041619000	1
4.041621000	1
4.041623000	1
4.041662000	1
4.041664000	1
4.041715000	1
4.041719000	1
4.041767000	1
4.041772000	1
4.041820000	1
4.041824000	1
4.041872000	1
4.041876000	1
4.041928000	1
4.041932000	1
4.041978000	1
4.041981000	1
4.042909000	1
4.046941000	1
4.046948000	1
4.047024000	1
4.047032000	1
4.047962000	1
4.047971000	1
4.050997000	1
4.051023000	1
4.051025000	1
4.052942000	1
4.052954000	1
4.056034000	1
4.056060000	1
4.056065000	1
4.057015000	1
4.057024000	1
4.057027000	1
4.057029000	1
4.057928000	1
4.061091000	1
4.061118000	1
4.061122000	1
4.061126000	1
4.061140000	1
4.061145000	1
4.061255000	1
4.061264000	1
4.061267000	1
4.061270000	1
4.061359000	1
4.061368000	1
4.061371000	1
4.061373000	1
4.061441000	1
4.061450000	1
4.061453000	1
4.061455000	1
4.061522000	1
4.061531000	1
4.061605000	1
4.061614000	1
4.061655000	1
4.061658000	1
4.061661000	1
4.061662000	1
4.061708000	1
4.061711000	1
4.061761000	1
4.061764000	1
4.061814000	1
4.061815000	1
4.061867000	1
4.061870000	1
4.061920000	1
4.061931000	1
4.061974000	1
4.061977000	1
4.062027000	1
4.062029000	1
4.062080000	1
4.062083000	1
4.062132000	1
4.062135000	1
4.062187000	1
4.062191000	1
4.062239000	1
4.062242000	1
4.062292000	1
4.062295000	1
4.062346000	1
4.062349000	1
4.062400000	1
4.062405000	1
4.062919000	1
4.062928000	1
4.065993000	1
4.066002000	1
4.066073000	1
4.066111000	1
4.066117000	1
4.066120000	1
4.066969000	1
4.066979000	1
4.067050000	1
4.067088000	1
4.067904000	1
4.071018000	1
4.071029000	1
4.071030000	1
4.071034000	1
4.071123000	1
4.071133000	1
4.071137000	1
4.071140000	1
4.071174000	1
4.071179000	1
4.071227000	1
4.071233000	1
4.071282000	1
4.071288000	1
4.071335000	1
4.071341000	1
4.072948000	1
4.072960000	1
4.076997000	1
4.077009000	1
4.077013000	1
4.077927000	1
4.077934000	1
4.081026000	1
4.081055000	1
4.081059000	1
4.081060000	1
4.081063000	1
4.081126000	1
4.081130000	1
4.081180000	1
4.081182000	1
4.081232000	1
4.081234000	1
4.081329000	1
4.081340000	1
4.081345000	1
4.081348000	1
4.081352000	1
4.081356000	1
4.082916000	1
4.087008000	1
4.087023000	1
4.087027000	1
4.087031000	1
4.087908000	1
4.092956000	1
4.096095000	1
4.096127000	1
4.096131000	1
4.096135000	1
4.096139000	1
4.096143000	1
4.096218000	1
4.096224000	1
4.096229000	1
4.096234000	1
4.096271000	1
4.096278000	1
4.096325000	1
4.096327000	1
4.096399000	1
4.096407000	1
4.096413000	1
4.096418000	1
4.096491000	1
4.096501000	1
4.096542000	1
4.096550000	1
4.096595000	1
4.097927000	1
4.102920000	1
4.105982000	1
4.105998000	1
4.106003000	1
4.107988000	1
4.111068000	1
4.111082000	1
4.111087000	1
4.111091000	1
4.111151000	1
4.111163000	1
4.111232000	1
4.111244000	1
4.111249000	1
4.111254000	1
4.111318000	1
4.111330000	1
4.111335000	1
4.111336000	1
4.111433000	1
4.111445000	1
4.111450000	1
4.111455000	1
4.111542000	1
4.111554000	1
4.111559000	1
4.111564000	1
4.111626000	1
4.111638000	1
4.111644000	1
4.111648000	1
4.111676000	1
4.111681000	1
4.111738000	1
4.111743000	1
4.111791000	1
4.111795000	1
4.111844000	1
4.111849000	1
4.111897000	1
4.111901000	1
4.111950000	1
4.111955000	1
4.112004000	1
4.112009000	1
4.112057000	1
4.112062000	1
4.112111000	1
4.112115000	1
4.112952000	1
4.117963000	1
4.117986000	1
4.121038000	1
4.121071000	1
4.121073000	1
4.121079000	1
4.121083000	1
4.121208000	1
4.121215000	1
4.121223000	1
4.121228000	1
4.121232000	1
4.121237000	1
4.121334000	1
4.121347000	1
