13.623664000	1
14.981825000	1
14.981836000	1
14.981840000	1
14.981842000	1
14.981864000	1
14.981868000	1
14.982610000	1
14.982626000	1
14.982631000	1
14.982634000	1
14.983646000	1
14.983663000	1
14.983667000	1
14.992498000	1
14.999560000	1
14.999577000	1
14.999582000	1
15.008578000	1
15.015685000	1
15.015703000	1
15.015708000	1
15.015711000	1
15.015714000	1
15.016760000	1
15.016778000	1
15.031746000	1
15.031768000	1
15.031773000	1
15.031779000	1
15.031783000	1
15.031787000	1
15.031792000	1
15.031796000	1
15.032580000	1
15.032652000	1
15.032660000	1
15.032664000	1
15.032668000	1
15.032673000	1
15.032677000	1
15.033685000	1
15.033700000	1
15.033705000	1
15.033710000	1
15.042618000	1
15.042637000	1
15.049871000	1
15.049890000	1
15.049911000	1
15.049916000	1
15.057667000	1
15.064691000	1
15.064711000	1
15.064716000	1
15.064720000	1
15.064725000	1
15.065614000	1
15.065629000	1
15.065634000	1
15.065684000	1
15.065689000	1
15.066650000	1
15.066670000	1
15.066675000	1
15.066743000	1
15.067742000	1
15.067762000	1
15.067767000	1
15.075622000	1
15.082646000	1
15.082667000	1
15.082672000	1
15.082677000	1
15.082682000	1
15.082687000	1
15.082692000	1
15.084670000	1
15.084692000	1
15.092717000	1
15.099771000	1
15.099793000	1
15.099799000	1
15.099804000	1
15.099809000	1
15.099828000	1
15.100612000	1
15.100634000	1
15.101543000	1
15.110529000	1
15.117843000	1
15.117866000	1
15.117872000	1
15.117895000	1
15.117902000	1
15.117907000	1
15.117912000	1
15.118680000	1
15.118707000	1
15.118716000	1
15.118751000	1
15.119598000	1
15.119621000	1
15.134649000	1
15.134676000	1
15.134684000	1
15.134689000	1
15.134695000	1
15.134701000	1
15.134706000	1
15.135549000	1
15.135597000	1
15.144566000	1
15.151710000	1
15.151734000	1
15.151741000	1
15.151749000	1
15.152581000	1
15.175801000	1
15.175820000	1
15.175827000	1
15.175833000	1
15.175839000	1
15.175845000	1
15.175855000	1
15.175865000	1
15.190749000	1
15.190766000	1
15.190773000	1
15.190779000	1
15.191701000	1
15.191714000	1
15.192558000	1
15.207772000	1
15.207814000	1
15.208827000	1
15.209712000	1
15.209738000	1
15.209746000	1
15.353762000	1
15.353787000	1
15.354695000	1
15.354735000	1
15.355727000	1
15.356631000	1
15.379644000	1
15.386747000	1
15.386765000	1
15.386776000	1
15.386787000	1
15.386795000	1
15.387627000	1
15.387653000	1
15.387661000	1
15.387670000	1
15.387677000	1
15.387684000	1
15.387691000	1
15.396740000	1
15.396776000	1
15.396785000	1
15.396793000	1
15.396801000	1
15.412682000	1
15.419714000	1
15.419749000	1
15.419762000	1
15.419772000	1
15.419781000	1
15.419792000	1
15.420662000	1
15.420691000	1
15.420700000	1
15.420708000	1
15.420716000	1
15.421695000	1
15.421722000	1
15.426707000	1
15.426764000	1
15.426781000	1
15.426789000	1
15.426797000	1
15.426805000	1
15.426814000	1
15.426822000	1
15.427529000	1
15.427559000	1
15.427569000	1
15.435508000	1
15.442767000	1
15.442799000	1
15.442808000	1
15.442817000	1
15.442825000	1
15.442833000	1
15.443716000	1
15.443745000	1
15.443802000	1
15.443824000	1
15.444709000	1
15.444739000	1
15.452604000	1
15.459711000	1
15.459747000	1
15.459762000	1
15.459774000	1
15.459786000	1
15.459797000	1
15.459809000	1
15.459821000	1
15.460662000	1
15.460691000	1
15.479556000	1
15.486812000	1
15.486849000	1
15.486860000	1
15.486869000	1
15.486881000	1
15.486891000	1
15.486901000	1
15.486910000	1
15.487756000	1
15.487800000	1
15.487814000	1
15.487827000	1
15.487842000	1
15.488656000	1
15.488686000	1
15.488710000	1
15.496693000	1
15.503700000	1
15.503732000	1
15.503746000	1
15.503756000	1
15.503766000	1
15.503776000	1
15.503787000	1
15.504626000	1
15.504657000	1
15.504669000	1
15.504680000	1
15.513595000	1
15.520608000	1
15.520644000	1
15.520656000	1
15.520680000	1
15.520693000	1
15.520704000	1
15.521650000	1
15.521683000	1
15.521695000	1
15.521718000	1
15.521732000	1
15.521744000	1
15.539678000	1
15.539725000	1
15.546709000	1
15.546742000	1
15.546756000	1
15.546768000	1
15.546794000	1
15.546808000	1
15.546820000	1
15.547580000	1
15.547612000	1
15.547626000	1
15.547639000	1
15.555639000	1
15.562591000	1
15.562649000	1
15.562672000	1
15.562689000	1
15.562705000	1
15.562757000	1
