0.207303000	1
1.304289000	1
1.304319000	1
1.304326000	1
1.304339000	1
1.304343000	1
1.304347000	1
1.304351000	1
1.312182000	1
1.319199000	1
1.319235000	1
1.319240000	1
1.319248000	1
1.319252000	1
1.319255000	1
1.327215000	1
1.342268000	1
1.342288000	1
1.342307000	1
1.342311000	1
1.342318000	1
1.342322000	1
1.342325000	1
1.342329000	1
1.342332000	1
1.342336000	1
1.350174000	1
1.357227000	1
1.357258000	1
1.357374000	1
1.357409000	1
1.357418000	1
1.357429000	1
1.357435000	1
1.357441000	1
1.358391000	1
1.358422000	1
1.358428000	1
1.358436000	1
1.358440000	1
1.358444000	1
1.373251000	1
1.373289000	1
1.373300000	1
1.373309000	1
1.373313000	1
1.373317000	1
1.373321000	1
1.373325000	1
1.388311000	1
1.388345000	1
1.388351000	1
1.388361000	1
1.388365000	1
1.388376000	1
1.388381000	1
1.389238000	1
1.389257000	1
1.389273000	1
1.389278000	1
1.420313000	1
1.420349000	1
1.427210000	1
1.427350000	1
1.427376000	1
1.427382000	1
1.427391000	1
1.427397000	1
1.427402000	1
1.428302000	1
1.428336000	1
1.428343000	1
1.428352000	1
1.428358000	1
1.428366000	1
1.428371000	1
1.429212000	1
1.429233000	1
1.429251000	1
1.429261000	1
1.429275000	1
1.429291000	1
1.429305000	1
1.430227000	1
1.430256000	1
1.430266000	1
1.430278000	1
1.431349000	1
1.431382000	1
1.431389000	1
1.432279000	1
1.437141000	1
1.445286000	1
1.452269000	1
1.452304000	1
1.452313000	1
1.452323000	1
1.452329000	1
1.475314000	1
1.475344000	1
1.475364000	1
1.475371000	1
1.475383000	1
1.475389000	1
1.475396000	1
1.475402000	1
1.476309000	1
1.476332000	1
1.476368000	1
1.476377000	1
1.476388000	1
1.476394000	1
1.484280000	1
1.484305000	1
1.491390000	1
1.491417000	1
1.491435000	1
1.491443000	1
1.491454000	1
1.491461000	1
1.492170000	1
1.492199000	1
1.492224000	1
1.492369000	1
1.492404000	1
1.493267000	1
1.493311000	1
1.501192000	1
1.508335000	1
1.508362000	1
1.509266000	1
1.509291000	1
1.524294000	1
1.524327000	1
1.539316000	1
1.539358000	1
1.539380000	1
1.539389000	1
1.539400000	1
1.539408000	1
1.539421000	1
1.539429000	1
1.539440000	1
1.540234000	1
1.540263000	1
1.540272000	1
1.540283000	1
1.540291000	1
1.540303000	1
1.541276000	1
1.549242000	1
1.556298000	1
1.556341000	1
1.556352000	1
1.557292000	1
1.565330000	1
1.580458000	1
1.580493000	1
1.580515000	1
1.580524000	1
1.580537000	1
1.580545000	1
1.580553000	1
1.580561000	1
1.581331000	1
1.581363000	1
1.581391000	1
1.581407000	1
1.581427000	1
1.596248000	1
1.596301000	1
1.596313000	1
1.596325000	1
1.597262000	1
1.597304000	1
1.597317000	1
1.597330000	1
1.620286000	1
1.620344000	1
1.620357000	1
1.620371000	1
1.620381000	1
1.620393000	1
1.620403000	1
1.620415000	1
1.620424000	1
1.620434000	1
1.636171000	1
1.643282000	1
1.643335000	1
1.643368000	1
1.643386000	1
1.643405000	1
1.643419000	1
1.643439000	1
1.644206000	1
1.644231000	1
1.644240000	1
1.644249000	1
1.644256000	1
1.644265000	1
1.644273000	1
1.645211000	1
1.645221000	1
1.645230000	1
1.645238000	1
1.650260000	1
1.650286000	1
1.650304000	1
1.650316000	1
1.658161000	1
1.665290000	1
1.665330000	1
1.665340000	1
1.665351000	1
1.665359000	1
1.665369000	1
1.665377000	1
1.666258000	1
1.666281000	1
1.666299000	1
1.666308000	1
1.667265000	1
1.667289000	1
1.675168000	1
1.682215000	1
1.682255000	1
1.682267000	1
1.682370000	1
1.682394000	1
1.682414000	1
1.682424000	1
1.684322000	1
1.684359000	1
1.684386000	1
1.684400000	1
1.684418000	1
1.684433000	1
1.692225000	1
1.699193000	1
1.699236000	1
1.699249000	1
1.699355000	1
1.699381000	1
1.699400000	1
1.700300000	1
1.708188000	1
1.715337000	1
1.715381000	1
1.715396000	1
1.715409000	1
1.715419000	1
1.715431000	1
1.716252000	1
1.716287000	1
1.716301000	1
1.716315000	1
1.716326000	1
1.716338000	1
1.716349000	1
1.717250000	1
1.717287000	1
1.725231000	1
1.732229000	1
1.732277000	1
1.732293000	1
1.740292000	1
1.755322000	1
1.755399000	1
1.755425000	1
1.755447000	1
1.763138000	1
1.770306000	1
1.770346000	1
1.770370000	1
1.770390000	1
1.771206000	1
1.771238000	1
1.771267000	1
1.771288000	1
1.771310000	1
1.771330000	1
1.772232000	1
1.772266000	1
1.772292000	1
1.772312000	1
1.787173000	1
1.787229000	1
1.787267000	1
1.787353000	1
1.787385000	1
1.796195000	1
1.803295000	1
1.803340000	1
1.803369000	1
1.803388000	1
1.803411000	1
1.803429000	1
1.803448000	1
1.803467000	1
1.804164000	1
1.804201000	1
1.804230000	1
1.812165000	1
1.827349000	1
1.827408000	1
1.827443000	1
1.827464000	1
1.827486000	1
1.827505000	1
1.827526000	1
1.827548000	1
1.827568000	1
1.828256000	1
1.828292000	1
1.836175000	1
1.843341000	1
1.843400000	1
1.843432000	1
1.843455000	1
1.843480000	1
1.843502000	1
1.844308000	1
1.844348000	1
1.844381000	1
1.844405000	1
1.844436000	1
1.844460000	1
1.845269000	1
1.845308000	1
1.845344000	1
1.845369000	1
1.860302000	1
1.860393000	1
1.860452000	1
1.860484000	1
1.861227000	1
1.861268000	1
1.861305000	1
1.869304000	1
1.876264000	1
1.876316000	1
1.876362000	1
1.876393000	1
1.876431000	1
1.877193000	1
1.877237000	1
1.877264000	1
1.877288000	1
1.877314000	1
1.878298000	1
1.893264000	1
1.893335000	1
1.893370000	1
1.893400000	1
1.893429000	1
1.893455000	1
1.894184000	1
1.894234000	1
1.894274000	1
1.894304000	1
1.895207000	1
1.895259000	1
1.903273000	1
1.910243000	1
1.910302000	1
1.910336000	1
1.910367000	1
1.910397000	1
1.910424000	1
1.911246000	1
1.911313000	1
1.911351000	1
1.926346000	1
1.926419000	1
1.926461000	1
1.926494000	1
1.926527000	1
1.926557000	1
1.927190000	1
1.927234000	1
1.927267000	1
1.933243000	1
1.933307000	1
1.933350000	1
1.933388000	1
1.933424000	1
1.933458000	1
1.934235000	1
1.934287000	1
1.934330000	1
1.934368000	1
1.960227000	1
1.967403000	1
1.967497000	1
1.967541000	1
1.967583000	1
1.967623000	1
1.968308000	1
1.968363000	1
1.968404000	1
1.968447000	1
1.968488000	1
1.969275000	1
1.969330000	1
1.969368000	1
1.969403000	1
1.969438000	1
1.969471000	1
1.970250000	1
1.970308000	1
1.970346000	1
1.970382000	1
1.971353000	1
1.971409000	1
1.971449000	1
1.971486000	1
1.972182000	1
1.977340000	1
1.977410000	1
1.985216000	1
2.000247000	1
2.000352000	1
2.000401000	1
2.000438000	1
2.000474000	1
2.000510000	1
2.000545000	1
2.000578000	1
2.000611000	1
2.015435000	1
2.015539000	1
2.015598000	1
2.015644000	1
2.015687000	1
2.015726000	1
2.017202000	1
2.017256000	1
2.017295000	1
2.017333000	1
2.017370000	1
2.018293000	1
2.018353000	1
2.018394000	1
2.019283000	1
2.019342000	1
2.025302000	1
2.025369000	1
2.025413000	1
2.025452000	1
2.026203000	1
2.026263000	1
2.041263000	1
2.041383000	1
2.041439000	1
2.041484000	1
2.041529000	1
2.041569000	1
2.042349000	1
2.042411000	1
2.042453000	1
2.042493000	1
2.043245000	1
2.043305000	1
2.051232000	1
2.058309000	1
2.058426000	1
2.058475000	1
2.058516000	1
2.058556000	1
2.058593000	1
2.058629000	1
2.059320000	1
2.059368000	1
2.059406000	1
2.059447000	1
2.059486000	1
2.060181000	1
2.060242000	1
2.060285000	1
2.068252000	1
2.075324000	1
2.075409000	1
2.075457000	1
2.075499000	1
2.075540000	1
2.075579000	1
2.076294000	1
2.076365000	1
2.076417000	1
2.076464000	1
2.076512000	1
2.085266000	1
2.092365000	1
2.092443000	1
2.092491000	1
2.092525000	1
2.092557000	1
2.092586000	1
2.093287000	1
2.093340000	1
2.093376000	1
2.093409000	1
2.093441000	1
2.093471000	1
2.093501000	1
2.094285000	1
2.094334000	1
2.094387000	1
2.094423000	1
2.094457000	1
2.094488000	1
2.095181000	1
2.095214000	1
2.095246000	1
2.095279000	1
2.096121000	1
2.096153000	1
2.102202000	1
2.102258000	1
2.110188000	1
2.117316000	1
2.117390000	1
2.117442000	1
2.117475000	1
2.117512000	1
2.117548000	1
2.118251000	1
2.118301000	1
2.118338000	1
2.118372000	1
2.118405000	1
2.118437000	1
2.119396000	1
2.119445000	1
2.119481000	1
2.119531000	1
2.119563000	1
2.119610000	1
2.120249000	1
2.120304000	1
2.120344000	1
2.120385000	1
2.121281000	1
2.121332000	1
2.121385000	1
2.127240000	1
2.127298000	1
2.127335000	1
2.127371000	1
2.127405000	1
2.127439000	1
2.127470000	1
2.128339000	1
2.128389000	1
2.128426000	1
2.128463000	1
2.128499000	1
2.140190000	1
2.147308000	1
2.147390000	1
2.147438000	1
2.147480000	1
2.147519000	1
2.147552000	1
2.147585000	1
2.147617000	1
2.148353000	1
2.148403000	1
2.148439000	1
2.148477000	1
2.148513000	1
2.148548000	1
2.149257000	1
2.149309000	1
2.164316000	1
2.164442000	1
2.164492000	1
2.164530000	1
2.164565000	1
2.164599000	1
2.164633000	1
2.164667000	1
2.165316000	1
2.165368000	1
2.165407000	1
2.165448000	1
2.165484000	1
2.165519000	1
2.165552000	1
2.166332000	1
2.181355000	1
2.181446000	1
2.181492000	1
2.181530000	1
2.181566000	1
2.181601000	1
2.181635000	1
2.181670000	1
2.182354000	1
2.182398000	1
2.182436000	1
2.182472000	1
2.182509000	1
2.182543000	1
2.182577000	1
2.183267000	1
2.183309000	1
2.183346000	1
2.183382000	1
2.183418000	1
2.184236000	1
2.184288000	1
2.191203000	1
2.191267000	1
2.191308000	1
2.191346000	1
2.191383000	1
2.191418000	1
2.192359000	1
2.200222000	1
2.207239000	1
2.207320000	1
2.207361000	1
2.207413000	1
2.207451000	1
2.222284000	1
2.222393000	1
2.222446000	1
2.222487000	1
2.222527000	1
2.222566000	1
2.223193000	1
2.223243000	1
2.223283000	1
2.223324000	1
2.223363000	1
2.223399000	1
2.224242000	1
2.224296000	1
2.224336000	1
2.224374000	1
2.224414000	1
2.225356000	1
2.225423000	1
2.232418000	1
2.232488000	1
2.232531000	1
2.232570000	1
2.232608000	1
2.232644000	1
2.233200000	1
2.233254000	1
2.233294000	1
2.241302000	1
2.248358000	1
2.248451000	1
2.248503000	1
2.248548000	1
2.248591000	1
2.248631000	1
2.248671000	1
2.249353000	1
2.249407000	1
2.249447000	1
2.249486000	1
2.249524000	1
2.249559000	1
2.250281000	1
2.250335000	1
2.258302000	1
2.265274000	1
2.265366000	1
2.265408000	1
2.265447000	1
2.265486000	1
2.265523000	1
2.265559000	1
2.265595000	1
2.266319000	1
2.266383000	1
2.266432000	1
2.266478000	1
2.266525000	1
2.266567000	1
2.266607000	1
2.267261000	1
2.267316000	1
2.267357000	1
2.267396000	1
2.267435000	1
2.268253000	1
2.275232000	1
2.275299000	1
2.275343000	1
2.275382000	1
2.275421000	1
2.276349000	1
2.276403000	1
2.276445000	1
2.291261000	1
2.291356000	1
2.291403000	1
2.291442000	1
2.291482000	1
2.291519000	1
2.292307000	1
2.292363000	1
2.292405000	1
2.292444000	1
2.307354000	1
2.307485000	1
2.307540000	1
2.307581000	1
2.307621000	1
2.307659000	1
2.307696000	1
2.307734000	1
2.308296000	1
2.308352000	1
2.308393000	1
2.308434000	1
2.308474000	1
2.308512000	1
2.308550000	1
2.308587000	1
2.317171000	1
2.317243000	1
2.317346000	1
2.317390000	1
2.317433000	1
2.317473000	1
2.333164000	1
2.340275000	1
2.340358000	1
2.340402000	1
2.340443000	1
2.340484000	1
2.340524000	1
2.340563000	1
2.340601000	1
2.340642000	1
2.341293000	1
2.341352000	1
2.341400000	1
2.341449000	1
2.341497000	1
2.341546000	1
2.341592000	1
2.341634000	1
2.342201000	1
2.342254000	1
2.342302000	1
2.342348000	1
2.342395000	1
2.343136000	1
2.343189000	1
2.343233000	1
2.347330000	1
2.347393000	1
2.347446000	1
2.347489000	1
2.347530000	1
2.347571000	1
2.347610000	1
2.347648000	1
2.347687000	1
2.347725000	1
2.356367000	1
2.356469000	1
2.356514000	1
2.356557000	1
2.356599000	1
2.356640000	1
2.356680000	1
2.371239000	1
2.371347000	1
2.371393000	1
2.371436000	1
2.371478000	1
2.371520000	1
2.371560000	1
2.372374000	1
2.372432000	1
2.372476000	1
2.372520000	1
2.372562000	1
2.372605000	1
2.372646000	1
2.373422000	1
2.373481000	1
2.373526000	1
2.373569000	1
2.373612000	1
2.373654000	1
2.373695000	1
2.374330000	1
2.374399000	1
2.374454000	1
2.374507000	1
2.467450000	1
2.619330000	1
2.619335000	1
2.619338000	1
2.619341000	1
2.620213000	1
2.635327000	1
2.968200000	1
2.968242000	1
2.968255000	1
2.968269000	1
2.968278000	1
2.969200000	1
2.969223000	1
2.977200000	1
2.984364000	1
2.984421000	1
2.984434000	1
2.984448000	1
2.984458000	1
2.984468000	1
2.984477000	1
2.984487000	1
2.985298000	1
2.985339000	1
2.985353000	1
2.985368000	1
2.985379000	1
2.985389000	1
2.985399000	1
2.985408000	1
2.986389000	1
2.986430000	1
2.986444000	1
2.986460000	1
2.986474000	1
2.986485000	1
3.001216000	1
3.001268000	1
3.001284000	1
3.001298000	1
3.001309000	1
3.001320000	1
3.002179000	1
3.002228000	1
3.003267000	1
3.011257000	1
3.018250000	1
3.018300000	1
3.018314000	1
3.018329000	1
3.018340000	1
3.018351000	1
3.018361000	1
3.018372000	1
3.019329000	1
3.019373000	1
3.019388000	1
3.019403000	1
3.019415000	1
3.019426000	1
3.019436000	1
3.020245000	1
3.020278000	1
3.020302000	1
3.020315000	1
3.020330000	1
3.020342000	1
3.020353000	1
3.021183000	1
3.021232000	1
3.021359000	1
3.021402000	1
3.036222000	1
3.036282000	1
3.036298000	1
3.036314000	1
3.036326000	1
3.036338000	1
3.036349000	1
3.044250000	1
3.051305000	1
3.051370000	1
3.051387000	1
3.051403000	1
3.051416000	1
3.051428000	1
3.051439000	1
3.051451000	1
3.052358000	1
3.052405000	1
3.052421000	1
3.052438000	1
3.052452000	1
3.052465000	1
3.052477000	1
3.052489000	1
3.053286000	1
3.053333000	1
3.053350000	1
3.053367000	1
3.053381000	1
3.053394000	1
3.068317000	1
3.068380000	1
3.068398000	1
3.068415000	1
3.068429000	1
3.068442000	1
3.068455000	1
3.068467000	1
3.068480000	1
3.069260000	1
3.069307000	1
3.069329000	1
3.069344000	1
3.069357000	1
3.070251000	1
3.071193000	1
3.078215000	1
3.078266000	1
3.078289000	1
3.078305000	1
3.078319000	1
3.078333000	1
3.079286000	1
3.079321000	1
3.079341000	1
3.079356000	1
3.087249000	1
3.087299000	1
3.094370000	1
3.094433000	1
3.094458000	1
3.094477000	1
3.094493000	1
3.094508000	1
3.094523000	1
3.094537000	1
3.095330000	1
3.095377000	1
3.095401000	1
3.095417000	1
3.095433000	1
3.095448000	1
3.096222000	1
3.096271000	1
3.096295000	1
3.096313000	1
3.104284000	1
3.111340000	1
3.111404000	1
3.111433000	1
3.111452000	1
3.111469000	1
3.111485000	1
3.111501000	1
3.111516000	1
3.112275000	1
3.112324000	1
3.112349000	1
3.112369000	1
3.112385000	1
3.112401000	1
3.112417000	1
3.113279000	1
3.140225000	1
3.140312000	1
3.147346000	1
3.147405000	1
3.147430000	1
3.147449000	1
3.147465000	1
3.147481000	1
3.147497000	1
3.147512000	1
3.147531000	1
3.148410000	1
3.148460000	1
3.148486000	1
3.148505000	1
3.148521000	1
3.148538000	1
3.148554000	1
3.148571000	1
3.148589000	1
3.148611000	1
3.149315000	1
3.149365000	1
3.149391000	1
3.149411000	1
3.149428000	1
3.149445000	1
3.149462000	1
3.150272000	1
3.150322000	1
3.150349000	1
3.150368000	1
3.157245000	1
3.157299000	1
3.157326000	1
3.157346000	1
3.157364000	1
3.157415000	1
3.158340000	1
3.158390000	1
3.158416000	1
3.166219000	1
3.173399000	1
3.173459000	1
3.173484000	1
3.173503000	1
3.173520000	1
3.173617000	1
3.174403000	1
3.174416000	1
3.174429000	1
3.174442000	1
3.174454000	1
3.175241000	1
3.175287000	1
3.175309000	1
3.175324000	1
3.175338000	1
3.175351000	1
3.175365000	1
3.176223000	1
3.176270000	1
3.183316000	1
3.183369000	1
3.183392000	1
3.183408000	1
3.183422000	1
3.184271000	1
3.192183000	1
3.199309000	1
3.199358000	1
3.199385000	1
3.199406000	1
3.199422000	1
3.199437000	1
3.200187000	1
3.200234000	1
3.200258000	1
3.200274000	1
3.200290000	1
3.208180000	1
3.215233000	1
3.215286000	1
3.215315000	1
3.215333000	1
3.215349000	1
3.215364000	1
3.215430000	1
3.216273000	1
3.216305000	1
3.216328000	1
3.216347000	1
3.217172000	1
3.217218000	1
3.217240000	1
3.232398000	1
3.232449000	1
3.232469000	1
3.232483000	1
3.232497000	1
3.232511000	1
3.232524000	1
3.233302000	1
3.233329000	1
3.233348000	1
3.234276000	1
3.249256000	1
3.249314000	1
3.249344000	1
3.249364000	1
3.249381000	1
3.249396000	1
3.249414000	1
3.249431000	1
3.249448000	1
3.249465000	1
3.250167000	1
3.250202000	1
3.250219000	1
3.250233000	1
3.273284000	1
3.273339000	1
3.273359000	1
3.273373000	1
3.273385000	1
3.273397000	1
3.273409000	1
3.273421000	1
3.273433000	1
3.511221000	1
3.518219000	1
3.518249000	1
3.518260000	1
3.518274000	1
3.518280000	1
3.519214000	1
3.534434000	1
3.534465000	1
3.534470000	1
3.534477000	1
3.534482000	1
3.534485000	1
3.534489000	1
3.534492000	1
3.534496000	1
3.534499000	1
3.534503000	1
3.535283000	1
3.535301000	1
3.535316000	1
3.535319000	1
3.535327000	1
3.535331000	1
3.535334000	1
3.535337000	1
3.535341000	1
3.536232000	1
3.536261000	1
3.536266000	1
3.536273000	1
3.536277000	1
3.536280000	1
3.537221000	1
3.552324000	1
3.552351000	1
3.552368000	1
3.552372000	1
3.552380000	1
3.552383000	1
3.552387000	1
3.552391000	1
3.567284000	1
3.567307000	1
3.567323000	1
3.567327000	1
3.567335000	1
3.567339000	1
3.567343000	1
3.567347000	1
3.567351000	1
3.567355000	1
3.568259000	1
3.568279000	1
3.568295000	1
3.568300000	1
3.568307000	1
3.568312000	1
3.568316000	1
3.569324000	1
3.569354000	1
3.569360000	1
3.584347000	1
3.584377000	1
3.584400000	1
3.584407000	1
3.584419000	1
3.584426000	1
3.584433000	1
3.584440000	1
3.584447000	1
3.584454000	1
3.584461000	1
3.584468000	1
3.585299000	1
3.585321000	1
3.585337000	1
3.585343000	1
3.585351000	1
3.585356000	1
3.585361000	1
3.585366000	1
3.585371000	1
3.585376000	1
3.586385000	1
3.586408000	1
3.586424000	1
3.586430000	1
3.586439000	1
3.601373000	1
3.601413000	1
3.601419000	1
3.601428000	1
3.601434000	1
3.601439000	1
3.601445000	1
3.601450000	1
3.602272000	1
3.602305000	1
3.602312000	1
3.602322000	1
3.602327000	1
3.602333000	1
3.603199000	1
3.611255000	1
3.626313000	1
3.626354000	1
3.626362000	1
3.626371000	1
3.626377000	1
3.626383000	1
3.626389000	1
3.626394000	1
3.626400000	1
3.626406000	1
3.634175000	1
3.641334000	1
3.641376000	1
3.641404000	1
3.641414000	1
3.641428000	1
3.641436000	1
3.641445000	1
3.642244000	1
3.642277000	1
3.642287000	1
3.642299000	1
3.642307000	1
3.642315000	1
3.642322000	1
3.643159000	1
3.643177000	1
3.643342000	1
3.643358000	1
3.643373000	1
3.643381000	1
3.644377000	1
3.644402000	1
3.644420000	1
3.644428000	1
3.644438000	1
3.644447000	1
3.645270000	1
3.645295000	1
3.645313000	1
3.645321000	1
3.645332000	1
3.645339000	1
3.646385000	1
3.646410000	1
3.646429000	1
3.662185000	1
3.668192000	1
3.668219000	1
3.668238000	1
3.669260000	1
3.669297000	1
3.669328000	1
3.669339000	1
3.676240000	1
3.676278000	1
3.676289000	1
3.676318000	1
3.676327000	1
3.676334000	1
3.676341000	1
3.677291000	1
3.677318000	1
3.685370000	1
3.692281000	1
3.692321000	1
3.692330000	1
3.692342000	1
3.692349000	1
3.692357000	1
3.692365000	1
3.692372000	1
3.692481000	1
3.692519000	1
3.693218000	1
3.693256000	1
3.693266000	1
3.693277000	1
3.716322000	1
3.716380000	1
3.716396000	1
3.716412000	1
3.716423000	1
3.716435000	1
3.716445000	1
3.716456000	1
3.716466000	1
3.716478000	1
3.716489000	1
3.716500000	1
3.716512000	1
3.716524000	1
3.716536000	1
3.724220000	1
3.731331000	1
3.731373000	1
3.731385000	1
3.731398000	1
3.731406000	1
3.731415000	1
3.731423000	1
3.731431000	1
3.731440000	1
3.732287000	1
3.732316000	1
3.732337000	1
3.732346000	1
3.732359000	1
3.732368000	1
3.732377000	1
3.733214000	1
3.748437000	1
3.748488000	1
3.748511000	1
3.748521000	1
3.748534000	1
3.748543000	1
3.748552000	1
3.748560000	1
3.748569000	1
3.748578000	1
3.748586000	1
3.749148000	1
3.749184000	1
3.749195000	1
3.749208000	1
3.749315000	1
3.750246000	1
3.758312000	1
3.765213000	1
3.765252000	1
3.765281000	1
3.765371000	1
3.765398000	1
3.765415000	1
3.765435000	1
3.765449000	1
3.765462000	1
3.765475000	1
3.766299000	1
3.766334000	1
3.766361000	1
3.766378000	1
3.766396000	1
3.766412000	1
3.766427000	1
3.766442000	1
3.767141000	1
3.767223000	1
3.767253000	1
3.767269000	1
3.768296000	1
3.775320000	1
