4.555036000	1
4.555040000	1
4.555057000	1
4.555062000	1
4.555065000	1
4.555838000	1
4.555855000	1
4.555860000	1
4.555862000	1
4.555894000	1
4.555900000	1
4.564997000	1
4.572805000	1
4.572823000	1
4.572827000	1
4.572830000	1
4.573803000	1
4.573821000	1
4.581859000	1
4.588900000	1
4.588931000	1
4.588936000	1
4.589091000	1
4.589805000	1
4.589824000	1
4.589829000	1
4.589832000	1
4.589848000	1
4.597784000	1
4.604927000	1
4.604946000	1
4.604950000	1
4.604954000	1
4.604958000	1
4.605844000	1
4.605865000	1
4.605870000	1
4.606856000	1
4.606875000	1
4.621789000	1
4.621811000	1
4.621817000	1
4.622873000	1
4.622886000	1
4.622890000	1
4.623794000	1
4.623804000	1
4.631879000	1
4.638849000	1
4.638872000	1
4.638880000	1
4.672885000	1
4.672904000	1
4.673807000	1
4.673822000	1
4.688896000	1
4.689779000	1
4.689812000	1
4.704916000	1
4.704959000	1
4.705823000	1
4.805924000	1
4.805941000	1
4.806842000	1
4.806859000	1
4.839884000	1
4.839923000	1
4.839930000	1
4.839936000	1
4.840915000	1
4.840936000	1
4.840996000	1
4.841007000	1
4.841014000	1
4.841807000	1
4.841823000	1
4.841839000	1
4.856867000	1
4.856888000	1
4.856897000	1
4.856904000	1
4.856912000	1
4.857792000	1
4.857808000	1
4.857855000	1
4.858830000	1
4.858863000	1
4.872834000	1
4.879996000	1
4.880020000	1
4.880040000	1
4.880047000	1
4.880053000	1
4.880059000	1
4.880065000	1
4.880070000	1
4.880837000	1
4.880871000	1
4.880878000	1
4.880890000	1
