0.546445000	1
0.546453000	1
0.546487000	1
0.546496000	1
0.546540000	1
0.546593000	1
0.546599000	1
0.546645000	1
0.546697000	1
0.546704000	1
0.546713000	1
0.546751000	1
0.546757000	1
0.546803000	1
0.546813000	1
0.546934000	1
0.546989000	1
0.546999000	1
0.547040000	1
0.547047000	1
0.547925000	1
0.552947000	1
0.552971000	1
0.555990000	1
0.556034000	1
0.556050000	1
0.556059000	1
0.556073000	1
0.556081000	1
0.556090000	1
0.556098000	1
0.556258000	1
0.556327000	1
0.556445000	1
0.556460000	1
0.556470000	1
0.556483000	1
0.556499000	1
0.556506000	1
0.556519000	1
0.556531000	1
0.557057000	1
0.557067000	1
0.557076000	1
0.557911000	1
0.557938000	1
0.560959000	1
0.561011000	1
0.561023000	1
0.561064000	1
0.596090000	1
0.596418000	1
0.596431000	1
0.596447000	1
0.596458000	1
0.596734000	1
0.596747000	1
0.596758000	1
0.596770000	1
0.596777000	1
0.596787000	1
0.596794000	1
0.596801000	1
0.596808000	1
0.596815000	1
0.596822000	1
0.596829000	1
0.596836000	1
0.596909000	1
0.596924000	1
0.597003000	1
0.597021000	1
0.597031000	1
0.597042000	1
