0.366222000	1
0.366245000	1
0.366249000	1
0.366253000	1
0.366279000	1
0.366283000	1
0.366332000	1
0.366335000	1
0.366385000	1
0.366440000	1
0.366494000	1
0.366499000	1
0.366502000	1
0.366505000	1
0.366549000	1
0.366554000	1
0.366600000	1
0.366604000	1
0.366655000	1
0.366658000	1
0.366708000	1
0.366712000	1
0.366763000	1
0.366768000	1
0.366772000	1
0.366815000	1
0.366869000	1
0.366872000	1
0.366876000	1
0.366923000	1
0.366977000	1
0.366982000	1
0.366986000	1
0.366989000	1
0.367032000	1
0.367085000	1
0.367138000	1
0.367143000	1
0.367192000	1
0.367196000	1
0.367199000	1
0.367203000	1
0.367906000	1
0.367919000	1
0.370994000	1
0.371046000	1
0.371053000	1
0.371100000	1
0.371105000	1
0.371110000	1
0.371114000	1
0.371205000	1
0.371210000	1
0.371257000	1
0.371263000	1
0.371311000	1
0.371316000	1
0.371364000	1
0.371371000	1
0.371415000	1
0.371421000	1
0.371425000	1
0.371469000	1
0.371476000	1
0.371480000	1
0.371577000	1
0.371590000	1
0.371595000	1
0.371599000	1
0.371628000	1
0.371635000	1
0.371681000	1
0.371687000	1
0.371738000	1
0.371746000	1
0.371788000	1
0.371802000	1
0.371841000	1
0.371848000	1
0.371894000	1
0.371902000	1
0.372885000	1
0.375960000	1
0.376088000	1
0.376117000	1
0.376126000	1
0.376133000	1
0.376139000	1
0.376145000	1
0.376151000	1
0.376216000	1
0.376224000	1
0.376230000	1
0.376269000	1
0.376276000	1
0.376377000	1
0.376384000	1
0.376391000	1
0.376396000	1
0.376399000	1
0.376430000	1
0.376436000	1
0.376484000	1
0.376538000	1
0.376548000	1
0.376608000	1
0.376616000	1
0.376622000	1
0.377919000	1
0.382953000	1
0.385982000	1
0.386014000	1
0.386027000	1
0.386038000	1
0.386045000	1
0.386060000	1
0.386101000	1
0.386112000	1
0.386119000	1
0.386127000	1
0.386193000	1
0.386203000	1
0.386249000	1
0.386256000	1
0.386300000	1
0.387942000	1
0.390977000	1
0.391009000	1
0.391021000	1
0.391029000	1
0.391095000	1
0.391105000	1
0.391113000	1
0.391148000	1
0.391201000	1
0.391210000	1
0.391261000	1
0.391272000	1
0.391279000	1
0.391287000	1
0.391360000	1
0.391369000	1
0.391417000	1
0.391428000	1
0.391436000	1
0.391442000	1
0.391449000	1
0.391521000	1
0.391529000	1
0.392922000	1
0.396016000	1
0.396050000	1
0.396062000	1
0.396072000	1
0.396080000	1
0.396088000	1
0.396155000	1
0.396168000	1
0.396178000	1
0.396186000	1
0.396209000	1
0.396218000	1
0.396263000	1
0.396272000	1
0.396319000	1
0.396329000	1
0.396380000	1
0.396388000	1
0.396433000	1
0.396442000	1
0.398048000	1
0.400989000	1
0.401024000	1
0.401037000	1
0.401047000	1
0.401057000	1
0.401066000	1
0.401134000	1
0.401145000	1
0.401154000	1
0.401163000	1
0.401187000	1
0.401197000	1
0.401295000	1
0.401306000	1
0.401315000	1
0.401323000	1
0.401380000	1
0.401391000	1
0.401433000	1
0.401443000	1
0.401451000	1
0.401486000	1
0.401499000	1
0.402936000	1
0.405947000	1
0.406006000	1
0.406106000	1
0.406230000	1
0.407942000	1
0.410969000	1
0.411006000	1
0.411015000	1
0.411023000	1
0.411031000	1
0.412963000	1
0.412996000	1
0.415972000	1
0.416008000	1
0.416019000	1
0.416027000	1
0.416035000	1
0.416042000	1
0.416108000	1
0.416118000	1
0.416124000	1
0.416131000	1
0.416161000	1
0.416168000	1
0.416215000	1
0.416218000	1
0.416270000	1
0.417916000	1
0.417937000	1
0.420987000	1
0.421024000	1
0.421034000	1
0.421043000	1
0.421051000	1
0.421121000	1
0.421131000	1
0.421138000	1
0.421144000	1
0.421174000	1
0.421228000	1
0.421235000	1
0.421282000	1
0.421292000	1
0.421335000	1
0.421342000	1
0.421349000	1
0.421355000	1
0.422920000	1
0.425937000	1
0.425981000	1
0.425997000	1
0.426010000	1
0.426032000	1
0.426040000	1
0.426114000	1
0.426134000	1
0.426144000	1
0.426153000	1
0.426223000	1
0.426239000	1
0.426250000	1
0.426260000	1
0.426331000	1
0.426349000	1
0.426361000	1
0.426370000	1
0.426391000	1
0.426400000	1
0.436081000	1
0.436120000	1
0.436125000	1
0.436173000	1
0.436176000	1
0.437977000	1
0.437994000	1
0.441100000	1
0.441124000	1
0.441131000	1
0.441135000	1
0.441139000	1
0.441143000	1
0.441147000	1
0.441151000	1
0.441155000	1
0.441219000	1
0.441224000	1
0.441228000	1
0.441272000	1
0.441326000	1
0.441329000	1
0.441379000	1
0.441386000	1
0.441389000	1
0.441392000	1
0.441486000	1
0.441491000	1
0.441541000	1
0.441551000	1
0.442912000	1
0.442938000	1
0.445940000	1
0.445972000	1
0.445991000	1
0.445998000	1
0.446047000	1
0.446067000	1
0.446099000	1
0.446107000	1
0.446165000	1
0.446173000	1
0.446220000	1
0.446228000	1
0.446235000	1
0.446241000	1
0.446328000	1
0.446336000	1
0.446341000	1
0.446346000	1
0.446383000	1
0.446394000	1
0.446437000	1
0.446446000	1
0.446494000	1
0.446503000	1
0.447920000	1
0.450990000	1
0.451018000	1
0.451026000	1
0.451032000	1
0.452907000	1
0.452931000	1
0.455951000	1
0.455979000	1
0.457881000	1
0.457907000	1
0.460990000	1
0.461021000	1
0.461033000	1
0.461038000	1
0.461043000	1
0.461108000	1
0.461115000	1
0.461218000	1
0.461224000	1
0.461271000	1
0.461277000	1
0.461282000	1
0.461288000	1
0.461293000	1
0.461323000	1
0.461376000	1
0.461381000	1
0.461385000	1
0.461431000	1
0.461484000	1
0.461489000	1
0.461538000	1
0.461542000	1
0.461547000	1
0.461552000	1
0.461645000	1
0.461650000	1
0.461698000	1
0.461703000	1
0.461752000	1
0.461760000	1
0.462916000	1
0.462933000	1
0.465961000	1
0.466014000	1
0.466022000	1
0.466238000	1
0.466250000	1
0.466257000	1
0.466263000	1
0.466269000	1
0.466275000	1
0.466344000	1
0.466351000	1
0.466357000	1
0.466363000	1
0.466367000	1
0.466373000	1
0.466379000	1
0.466384000	1
0.466389000	1
0.466394000	1
0.466456000	1
0.466461000	1
0.466510000	1
0.466517000	1
0.466561000	1
0.466567000	1
0.466614000	1
0.466667000	1
0.467897000	1
0.467906000	1
0.470983000	1
0.471014000	1
0.471025000	1
0.471034000	1
0.471041000	1
0.471111000	1
0.471118000	1
0.471160000	1
0.471168000	1
0.471214000	1
0.471221000	1
0.471268000	1
0.471276000	1
0.471322000	1
0.471376000	1
0.471383000	1
0.471389000	1
0.471431000	1
0.471439000	1
0.471446000	1
0.471484000	1
0.471491000	1
0.471496000	1
0.472941000	1
0.472973000	1
0.476034000	1
0.476068000	1
0.476080000	1
0.476089000	1
0.476097000	1
0.476104000	1
0.476111000	1
0.476200000	1
0.476213000	1
0.476221000	1
0.476228000	1
0.476297000	1
0.476312000	1
0.476350000	1
0.476360000	1
0.476369000	1
0.476375000	1
0.476458000	1
0.476472000	1
0.476479000	1
0.476485000	1
0.476512000	1
0.476522000	1
0.476620000	1
0.476628000	1
0.476634000	1
0.476640000	1
0.476673000	1
0.476685000	1
0.476692000	1
0.476725000	1
0.476782000	1
0.476787000	1
0.476831000	1
0.476843000	1
0.476885000	1
0.476895000	1
0.476939000	1
0.476949000	1
0.477875000	1
0.477891000	1
0.480976000	1
0.481011000	1
0.481024000	1
0.481035000	1
0.481136000	1
0.481160000	1
0.481168000	1
0.481171000	1
0.481178000	1
0.481186000	1
0.481253000	1
0.481264000	1
0.481272000	1
0.481279000	1
0.481359000	1
0.481372000	1
0.481545000	1
0.481561000	1
0.481569000	1
0.481577000	1
0.481584000	1
0.482949000	1
0.482974000	1
0.487951000	1
0.487977000	1
0.491015000	1
0.491044000	1
0.491057000	1
0.491068000	1
0.491142000	1
0.491160000	1
0.491173000	1
0.491184000	1
0.491194000	1
0.491203000	1
0.491212000	1
0.491222000	1
0.491232000	1
0.491236000	1
0.491310000	1
0.491331000	1
0.491343000	1
0.491354000	1
0.491371000	1
0.491383000	1
0.492902000	1
0.492927000	1
0.496032000	1
0.496058000	1
0.496061000	1
0.496071000	1
0.496079000	1
0.496208000	1
0.496234000	1
0.496246000	1
0.496256000	1
0.496265000	1
0.496273000	1
0.496281000	1
0.496290000	1
0.496298000	1
0.496306000	1
0.496437000	1
0.496463000	1
0.496474000	1
0.496482000	1
0.496491000	1
0.496620000	1
0.496634000	1
0.496650000	1
0.496659000	1
0.496668000	1
0.497936000	1
0.497963000	1
0.500908000	1
0.500967000	1
0.500980000	1
0.501019000	1
0.501022000	1
0.501074000	1
0.501085000	1
0.501126000	1
0.501136000	1
0.501185000	1
0.501197000	1
0.501206000	1
0.501215000	1
0.501284000	1
0.502864000	1
0.506062000	1
0.506095000	1
0.506111000	1
0.506121000	1
0.506130000	1
0.506140000	1
0.506142000	1
0.506211000	1
0.506227000	1
0.506250000	1
0.506262000	1
0.506273000	1
0.506282000	1
0.506350000	1
0.506365000	1
0.506375000	1
0.506385000	1
0.506403000	1
0.506414000	1
0.506464000	1
0.506478000	1
0.506519000	1
0.506534000	1
0.506544000	1
0.506554000	1
0.506642000	1
0.506662000	1
0.506673000	1
0.506683000	1
0.506787000	1
0.507957000	1
0.511020000	1
0.511050000	1
0.511065000	1
0.511075000	1
0.511085000	1
0.511096000	1
0.511201000	1
0.511231000	1
0.511244000	1
0.511254000	1
0.511264000	1
0.511275000	1
0.511285000	1
0.511536000	1
0.511545000	1
0.511551000	1
0.511556000	1
0.511561000	1
0.511570000	1
0.511576000	1
0.596154000	1
0.596165000	1
0.596194000	1
0.596206000	1
0.596247000	1
0.596260000	1
0.596300000	1
0.596312000	1
0.596354000	1
0.596366000	1
0.596377000	1
0.596388000	1
0.596460000	1
0.596473000	1
0.596484000	1
0.596494000	1
0.596568000	1
0.596581000	1
0.596592000	1
0.596603000	1
0.596673000	1
0.596686000	1
0.596697000	1
0.596707000	1
0.596745000	1
0.596756000	1
0.597882000	1
0.601000000	1
0.601054000	1
0.601069000	1
0.601082000	1
0.601094000	1
0.601105000	1
0.601174000	1
0.601187000	1
0.601199000	1
0.601211000	1
0.601280000	1
0.601293000	1
0.601305000	1
0.601317000	1
0.601385000	1
0.601398000	1
0.601413000	1
0.601426000	1
0.601437000	1
0.601449000	1
0.601506000	1
0.601519000	1
0.605938000	1
0.605970000	1
0.605974000	1
0.607909000	1
0.607926000	1
0.613006000	1
0.613962000	1
0.613999000	1
0.614019000	1
0.614037000	1
0.614060000	1
0.614078000	1
0.614101000	1
0.614121000	1
0.614198000	1
0.614221000	1
0.614244000	1
0.614262000	1
0.614279000	1
0.614295000	1
0.614311000	1
0.614326000	1
0.614399000	1
0.614419000	1
0.614433000	1
0.615988000	1
0.616017000	1
0.616033000	1
0.616048000	1
0.617929000	1
0.620969000	1
0.621004000	1
0.621024000	1
0.621043000	1
0.621068000	1
0.621085000	1
0.621109000	1
0.621126000	1
0.621360000	1
0.621386000	1
0.621404000	1
0.621423000	1
0.621440000	1
0.621457000	1
0.621473000	1
0.621490000	1
0.621512000	1
0.621529000	1
0.621545000	1
0.621562000	1
0.621578000	1
0.621593000	1
0.621608000	1
0.621625000	1
0.621644000	1
0.621660000	1
0.622925000	1
0.625957000	1
0.625981000	1
0.626018000	1
0.626033000	1
0.626077000	1
0.626094000	1
0.626108000	1
0.626122000	1
0.626147000	1
0.626170000	1
0.626297000	1
0.626323000	1
0.626338000	1
0.626351000	1
0.626364000	1
0.626377000	1
0.627925000	1
0.627950000	1
0.631033000	1
0.631058000	1
0.631073000	1
0.631087000	1
0.631100000	1
0.631114000	1
0.631127000	1
0.631141000	1
0.631154000	1
0.631168000	1
0.631311000	1
0.631335000	1
0.631351000	1
0.631365000	1
0.632914000	1
0.635966000	1
0.635997000	1
0.636013000	1
0.636028000	1
0.636042000	1
0.636171000	1
0.636196000	1
0.636211000	1
0.636226000	1
0.636241000	1
0.636255000	1
0.636269000	1
0.636284000	1
0.636298000	1
0.636312000	1
0.636416000	1
0.637927000	1
0.637952000	1
0.640967000	1
0.640994000	1
0.641020000	1
0.641037000	1
0.641085000	1
0.641102000	1
0.641165000	1
0.641182000	1
0.641219000	1
0.641236000	1
0.641251000	1
0.641266000	1
0.641281000	1
0.641296000	1
0.641368000	1
0.641385000	1
0.641400000	1
0.641423000	1
0.641476000	1
0.641491000	1
0.641506000	1
0.641521000	1
0.641537000	1
0.641552000	1
0.641624000	1
0.642883000	1
0.642895000	1
0.645989000	1
0.646016000	1
0.646032000	1
0.646047000	1
0.646083000	1
0.646103000	1
0.646141000	1
0.646143000	1
0.646190000	1
0.646208000	1
0.646224000	1
0.646239000	1
0.646254000	1
0.646270000	1
0.647934000	1
0.652936000	1
0.655964000	1
0.655993000	1
0.656019000	1
0.656036000	1
0.656145000	1
0.656172000	1
0.656189000	1
0.656205000	1
0.656221000	1
0.656237000	1
0.656252000	1
0.656268000	1
0.657901000	1
0.657928000	1
0.661014000	1
0.661042000	1
0.661059000	1
0.661075000	1
0.661091000	1
0.661107000	1
0.661123000	1
0.661139000	1
0.661155000	1
0.661308000	1
0.661335000	1
0.661337000	1
0.661354000	1
0.661371000	1
0.661387000	1
0.661403000	1
0.661420000	1
0.661436000	1
0.661452000	1
0.662934000	1
0.662963000	1
0.665950000	1
0.665982000	1
0.666004000	1
0.666023000	1
0.666045000	1
0.666069000	1
0.666114000	1
0.666133000	1
0.666220000	1
0.666263000	1
0.666281000	1
0.666298000	1
0.666315000	1
0.666332000	1
0.666349000	1
0.666366000	1
0.666383000	1
0.666407000	1
0.666425000	1
0.666443000	1
0.666551000	1
0.666579000	1
0.667933000	1
0.667961000	1
0.670998000	1
0.671027000	1
0.671046000	1
0.671063000	1
0.671080000	1
0.671097000	1
0.671114000	1
0.671116000	1
0.672986000	1
0.675954000	1
0.675988000	1
0.676009000	1
0.676031000	1
0.676052000	1
0.676073000	1
0.676094000	1
0.676114000	1
0.676134000	1
0.676156000	1
0.676183000	1
0.676205000	1
0.676239000	1
0.676263000	1
0.677900000	1
0.677930000	1
0.680958000	1
0.680988000	1
0.681007000	1
0.681025000	1
0.681043000	1
0.681061000	1
0.681079000	1
0.681188000	1
0.681217000	1
0.681237000	1
0.681330000	1
0.681360000	1
0.682910000	1
0.685977000	1
0.686022000	1
0.686135000	1
0.686165000	1
0.686185000	1
0.686204000	1
0.686222000	1
0.686241000	1
0.686263000	1
0.686282000	1
0.686301000	1
0.686319000	1
0.687886000	1
0.691083000	1
0.691092000	1
0.691099000	1
0.691114000	1
0.691212000	1
0.691235000	1
0.691244000	1
0.691252000	1
0.691404000	1
0.691414000	1
0.691421000	1
0.691442000	1
0.691451000	1
0.691458000	1
0.691562000	1
0.691585000	1
0.693025000	1
0.695933000	1
0.695990000	1
0.696006000	1
0.696084000	1
0.696092000	1
0.696183000	1
0.696191000	1
0.696198000	1
0.696295000	1
0.696303000	1
0.696330000	1
0.696342000	1
0.696382000	1
0.696393000	1
0.696435000	1
0.697943000	1
0.697960000	1
0.700928000	1
0.700954000	1
0.700968000	1
0.701038000	1
0.701051000	1
0.701061000	1
0.701071000	1
0.701147000	1
0.701162000	1
0.701172000	1
0.701182000	1
0.701254000	1
0.701269000	1
0.701279000	1
0.701327000	1
0.702888000	1
0.706005000	1
0.706017000	1
0.706027000	1
0.706112000	1
0.706123000	1
0.706132000	1
0.706201000	1
0.706216000	1
0.706226000	1
0.706236000	1
0.706307000	1
0.706360000	1
0.706381000	1
0.706391000	1
0.706466000	1
0.706477000	1
0.707949000	1
0.710930000	1
0.710995000	1
0.711008000	1
0.716100000	1
0.716165000	1
0.716176000	1
0.716185000	1
0.716194000	1
0.716272000	1
0.716282000	1
0.717936000	1
0.717961000	1
0.720993000	1
0.721019000	1
0.721032000	1
0.721043000	1
0.721054000	1
0.721064000	1
0.721075000	1
0.721085000	1
0.721094000	1
0.721165000	1
0.721218000	1
0.721228000	1
0.722958000	1
0.725938000	1
0.725965000	1
0.725978000	1
0.725993000	1
0.726044000	1
0.726065000	1
0.726080000	1
0.726152000	1
0.726170000	1
0.726181000	1
0.726191000	1
0.726202000	1
0.726216000	1
0.726289000	1
0.727941000	1
0.727968000	1
0.730979000	1
0.731007000	1
0.731021000	1
0.731033000	1
0.731043000	1
0.731053000	1
0.731120000	1
0.731132000	1
0.731173000	1
0.731184000	1
0.731227000	1
0.731239000	1
0.731249000	1
0.731259000	1
0.731331000	1
0.731342000	1
0.731353000	1
0.731364000	1
0.731437000	1
0.731449000	1
0.731459000	1
0.732934000	1
0.735953000	1
0.735979000	1
0.736004000	1
0.736015000	1
0.736024000	1
0.736091000	1
0.736105000	1
0.736115000	1
0.736125000	1
0.736196000	1
0.736215000	1
0.736249000	1
0.736263000	1
0.736311000	1
0.736325000	1
0.736335000	1
0.736349000	1
0.738135000	1
0.740999000	1
0.741025000	1
0.741039000	1
0.741050000	1
0.741061000	1
0.741071000	1
0.741138000	1
0.741150000	1
0.741191000	1
0.741204000	1
0.741214000	1
0.741224000	1
0.741295000	1
0.741298000	1
0.741349000	1
0.741360000	1
0.741370000	1
0.741380000	1
0.741454000	1
0.741466000	1
0.742964000	1
0.745988000	1
0.746014000	1
0.746028000	1
0.746039000	1
0.746049000	1
0.746066000	1
0.746077000	1
0.746182000	1
0.746193000	1
0.746202000	1
0.746211000	1
0.746225000	1
0.746292000	1
0.746302000	1
0.746344000	1
0.747921000	1
0.751021000	1
0.751033000	1
0.751043000	1
0.751128000	1
0.751138000	1
0.751147000	1
0.751157000	1
0.751166000	1
0.751231000	1
0.751245000	1
0.751255000	1
0.751265000	1
0.751337000	1
0.751351000	1
0.751362000	1
0.751371000	1
0.751442000	1
0.751456000	1
0.751466000	1
0.751475000	1
0.751548000	1
0.751562000	1
0.751572000	1
0.751581000	1
0.751654000	1
0.751668000	1
0.751670000	1
0.752983000	1
0.755968000	1
0.755996000	1
0.756011000	1
0.756024000	1
0.756092000	1
0.756211000	1
0.756284000	1
0.756289000	1
0.756295000	1
0.756379000	1
0.756392000	1
0.756398000	1
0.756432000	1
0.758005000	1
0.760941000	1
0.761043000	1
0.761098000	1
0.761105000	1
0.761152000	1
0.761205000	1
0.761216000	1
0.761261000	1
0.761272000	1
0.761337000	1
0.761473000	1
0.761483000	1
0.766043000	1
0.766306000	1
0.766415000	1
0.766424000	1
0.826392000	1
0.826407000	1
0.826418000	1
0.827910000	1
0.841251000	1
0.841264000	1
0.841277000	1
0.841289000	1
0.841363000	1
0.841410000	1
0.841426000	1
0.841439000	1
0.841450000	1
0.841520000	1
0.841534000	1
0.841546000	1
0.841557000	1
0.841625000	1
0.841640000	1
0.841653000	1
0.841664000	1
0.841732000	1
0.841749000	1
0.841762000	1
0.841773000	1
0.842886000	1
0.846001000	1
0.846038000	1
0.846065000	1
0.846084000	1
0.846109000	1
0.846127000	1
0.846144000	1
0.846159000	1
0.846184000	1
0.846199000	1
0.846243000	1
0.846258000	1
0.846272000	1
0.846342000	1
0.846357000	1
0.846377000	1
0.846390000	1
0.846443000	1
0.846454000	1
0.846520000	1
0.846532000	1
0.846540000	1
0.846542000	1
0.846573000	1
0.846584000	1
0.847888000	1
0.851423000	1
0.851452000	1
0.851458000	1
0.851469000	1
0.851477000	1
0.851529000	1
0.851545000	1
0.851556000	1
0.851636000	1
0.851647000	1
0.851748000	1
0.851854000	1
0.851877000	1
0.851888000	1
0.851962000	1
0.851974000	1
0.852019000	1
0.852071000	1
0.852086000	1
0.852183000	1
0.852237000	1
0.852314000	1
0.852330000	1
0.852368000	1
0.861220000	1
0.861272000	1
0.861284000	1
0.861295000	1
0.861306000	1
0.861379000	1
0.861392000	1
0.861403000	1
0.861414000	1
0.861486000	1
0.861498000	1
0.861508000	1
0.862928000	1
0.862958000	1
0.866021000	1
0.866057000	1
0.866077000	1
0.866093000	1
0.866121000	1
0.866137000	1
0.866253000	1
0.866276000	1
0.866289000	1
0.866300000	1
0.866311000	1
0.866322000	1
0.866333000	1
0.866344000	1
0.866443000	1
0.866467000	1
0.866480000	1
0.866493000	1
0.866509000	1
0.866524000	1
0.866545000	1
0.866560000	1
0.866653000	1
0.866677000	1
0.866690000	1
0.866702000	1
0.866713000	1
0.866724000	1
0.866736000	1
0.866747000	1
0.866838000	1
0.866841000	1
0.866857000	1
0.866869000	1
0.867889000	1
0.870990000	1
0.871015000	1
0.871029000	1
0.871041000	1
0.871057000	1
0.871069000	1
0.871131000	1
0.871148000	1
0.871160000	1
0.871172000	1
0.871261000	1
0.871279000	1
0.871290000	1
0.871302000	1
0.871314000	1
0.871325000	1
0.871394000	1
0.871406000	1
0.871418000	1
0.871420000	1
0.871501000	1
0.872890000	1
0.872908000	1
0.876101000	1
0.876111000	1
0.876128000	1
0.876131000	1
0.876144000	1
0.876156000	1
0.876166000	1
0.876178000	1
0.876246000	1
0.876260000	1
0.876271000	1
0.876282000	1
0.876352000	1
0.876370000	1
0.876383000	1
0.876394000	1
0.876461000	1
0.876475000	1
0.876514000	1
0.876526000	1
0.876538000	1
0.876549000	1
0.876567000	1
0.876578000	1
0.876673000	1
0.876687000	1
0.876726000	1
0.880986000	1
0.881007000	1
0.881037000	1
0.881053000	1
0.881108000	1
0.881122000	1
0.881160000	1
0.881173000	1
0.881182000	1
0.881191000	1
0.881273000	1
0.881294000	1
0.881307000	1
0.881320000	1
0.881334000	1
0.881345000	1
0.881411000	1
0.881421000	1
0.881465000	1
0.881476000	1
0.881485000	1
0.881494000	1
0.881571000	1
0.881584000	1
0.881594000	1
0.881603000	1
0.881677000	1
0.881692000	1
0.881709000	1
0.881720000	1
0.881787000	1
0.881801000	1
0.881812000	1
0.881892000	1
0.881907000	1
0.881917000	1
0.882896000	1
0.882917000	1
0.883973000	1
0.883986000	1
0.883996000	1
0.884022000	1
0.884070000	1
0.884081000	1
0.884123000	1
0.884134000	1
0.884177000	1
0.884188000	1
0.884229000	1
0.884243000	1
0.884281000	1
0.884298000	1
0.884334000	1
0.884347000	1
0.884358000	1
0.884368000	1
0.884440000	1
0.884456000	1
0.884467000	1
0.884477000	1
0.884545000	1
0.884561000	1
0.884572000	1
0.884582000	1
0.884651000	1
0.884666000	1
0.885930000	1
0.885970000	1
0.885982000	1
0.885992000	1
0.887899000	1
0.889064000	1
0.889088000	1
0.889100000	1
0.889111000	1
0.889122000	1
0.889132000	1
0.889230000	1
0.889254000	1
0.889267000	1
0.889278000	1
0.889317000	1
0.889328000	1
0.889337000	1
0.889346000	1
0.889355000	1
0.889455000	1
0.889478000	1
0.889490000	1
0.889499000	1
0.889602000	1
0.889618000	1
0.889628000	1
0.889638000	1
0.889647000	1
0.889661000	1
0.889671000	1
0.889713000	1
0.889724000	1
0.889771000	1
0.889787000	1
0.889841000	1
0.889852000	1
0.889894000	1
0.892931000	1
0.893962000	1
0.893985000	1
0.893997000	1
0.894008000	1
0.894081000	1
0.894098000	1
0.894109000	1
0.894130000	1
0.894140000	1
0.894211000	1
0.894231000	1
0.894263000	1
0.896001000	1
0.896013000	1
0.896022000	1
0.897881000	1
0.900959000	1
0.900970000	1
0.901035000	1
0.901049000	1
0.901057000	1
0.901065000	1
0.902928000	1
0.902949000	1
0.906021000	1
0.906042000	1
0.906075000	1
0.906091000	1
0.906169000	1
0.906206000	1
0.906216000	1
0.906353000	1
0.906375000	1
0.906386000	1
0.906399000	1
0.906409000	1
0.906417000	1
0.906425000	1
0.906433000	1
0.906441000	1
0.906448000	1
0.906514000	1
0.906567000	1
0.906577000	1
0.906585000	1
0.906593000	1
0.906674000	1
0.906683000	1
0.906691000	1
0.906699000	1
0.906727000	1
0.906736000	1
0.906834000	1
0.906844000	1
0.906852000	1
0.906860000	1
0.906906000	1
0.906919000	1
0.906928000	1
0.906960000	1
0.906973000	1
0.907068000	1
0.907086000	1
0.907096000	1
0.907907000	1
0.910962000	1
0.910986000	1
0.910998000	1
0.911007000	1
0.911020000	1
0.915973000	1
0.916023000	1
0.916049000	1
0.916062000	1
0.916077000	1
0.916128000	1
0.916144000	1
0.916181000	1
0.916196000	1
0.916235000	1
0.916250000	1
0.916288000	1
0.916303000	1
0.916340000	1
0.916354000	1
0.916393000	1
0.916409000	1
0.916419000	1
0.916499000	1
0.916515000	1
0.916526000	1
0.916605000	1
0.916680000	1
0.916721000	1
0.916735000	1
0.916773000	1
0.916787000	1
0.916797000	1
0.917960000	1
0.917983000	1
0.921016000	1
0.921039000	1
0.921051000	1
0.921060000	1
0.921161000	1
0.921185000	1
0.921196000	1
0.921206000	1
0.921215000	1
0.921224000	1
0.921322000	1
0.921339000	1
0.921341000	1
0.921352000	1
0.921362000	1
0.921436000	1
0.921456000	1
0.921488000	1
0.921500000	1
0.921510000	1
0.921731000	1
0.921734000	1
0.921747000	1
0.921757000	1
0.921767000	1
0.921778000	1
0.921788000	1
0.921811000	1
0.921851000	1
0.921861000	1
0.921870000	1
0.921879000	1
0.921892000	1
0.921902000	1
0.921999000	1
0.922010000	1
0.922068000	1
0.922084000	1
0.922097000	1
0.922115000	1
0.922220000	1
0.922901000	1
0.922919000	1
0.926043000	1
0.926074000	1
0.926091000	1
0.926160000	1
0.926178000	1
0.926190000	1
0.926200000	1
0.926210000	1
0.926278000	1
0.926298000	1
0.926310000	1
0.926321000	1
0.926335000	1
0.926346000	1
0.926441000	1
0.926456000	1
0.926467000	1
0.926478000	1
0.926548000	1
0.926562000	1
0.926574000	1
0.926796000	1
0.926828000	1
0.926840000	1
0.926850000	1
0.926861000	1
0.926872000	1
0.926882000	1
0.926893000	1
0.926904000	1
0.926914000	1
0.926925000	1
0.926994000	1
0.927006000	1
0.927017000	1
0.927028000	1
0.927039000	1
0.927050000	1
0.927061000	1
0.927072000	1
0.927083000	1
0.927094000	1
0.927108000	1
0.927121000	1
0.927191000	1
0.928017000	1
0.928042000	1
0.930960000	1
0.930970000	1
0.931012000	1
0.931015000	1
0.931067000	1
0.931082000	1
0.931120000	1
0.931134000	1
0.931176000	1
0.931192000	1
0.931229000	1
0.931245000	1
0.931283000	1
0.931299000	1
0.931336000	1
0.931366000	1
0.931379000	1
0.931472000	1
0.931501000	1
0.931515000	1
0.931527000	1
0.931538000	1
0.931608000	1
0.931640000	1
0.931653000	1
0.931664000	1
0.931675000	1
0.931746000	1
0.931765000	1
0.932874000	1
0.935947000	1
0.935999000	1
0.937912000	1
0.940957000	1
0.940999000	1
0.941013000	1
0.941025000	1
0.941037000	1
0.941106000	1
0.941119000	1
0.941159000	1
0.942949000	1
0.942970000	1
0.945978000	1
0.945999000	1
0.946081000	1
0.946100000	1
0.946115000	1
0.946128000	1
0.946197000	1
0.946298000	1
0.946306000	1
0.946314000	1
0.946329000	1
0.946337000	1
0.946377000	1
0.946391000	1
0.946438000	1
0.946449000	1
0.946489000	1
0.946499000	1
0.946543000	1
0.946598000	1
0.946612000	1
0.946701000	1
0.946707000	1
0.946719000	1
0.951141000	1
0.951162000	1
0.951172000	1
0.951230000	1
0.951239000	1
0.951284000	1
0.951292000	1
0.951338000	1
0.951390000	1
0.951401000	1
0.951443000	1
0.953029000	1
0.955904000	1
0.955955000	1
0.955965000	1
0.956009000	1
0.956061000	1
0.956072000	1
0.956125000	1
0.956180000	1
0.956189000	1
0.957936000	1
0.960950000	1
0.961001000	1
0.961067000	1
0.961076000	1
0.961084000	1
0.961174000	1
0.961189000	1
0.961196000	1
0.961282000	1
0.961289000	1
0.961296000	1
0.961303000	1
0.961389000	1
0.961397000	1
0.961466000	1
0.962908000	1
0.966008000	1
0.966022000	1
0.966029000	1
0.966083000	1
0.966097000	1
0.966106000	1
0.966141000	1
0.966155000	1
0.966213000	1
0.966227000	1
0.966234000	1
0.966241000	1
0.966320000	1
0.966327000	1
0.966334000	1
0.966340000	1
0.966427000	1
0.966435000	1
0.966441000	1
0.966448000	1
0.966534000	1
0.966547000	1
0.966599000	1
0.966653000	1
0.966707000	1
0.966720000	1
0.966728000	1
0.966738000	1
0.966794000	1
0.967196000	1
0.967208000	1
0.967213000	1
0.967947000	1
0.967957000	1
0.971003000	1
0.971017000	1
0.971023000	1
0.971028000	1
0.971108000	1
0.971161000	1
0.971167000	1
0.971172000	1
0.971177000	1
0.971268000	1
0.971273000	1
0.971278000	1
0.971321000	1
0.971374000	1
0.971380000	1
0.971428000	1
0.971433000	1
0.971482000	1
0.971488000	1
0.971535000	1
0.971589000	1
0.971642000	1
0.971647000	1
0.971695000	1
0.971703000	1
0.971708000	1
0.971801000	1
0.971807000	1
0.972973000	1
0.976155000	1
0.976163000	1
0.976167000	1
0.976237000	1
0.976242000	1
0.976291000	1
0.976295000	1
0.976345000	1
1.027918000	1
1.032900000	1
1.032910000	1
1.035996000	1
1.036013000	1
1.036018000	1
1.036071000	1
1.036075000	1
1.036123000	1
1.036126000	1
1.036175000	1
1.036259000	1
1.036312000	1
1.036314000	1
1.036365000	1
1.036367000	1
1.036369000	1
1.036371000	1
1.036421000	1
1.036424000	1
1.036475000	1
1.036478000	1
1.036531000	1
1.036533000	1
1.036583000	1
1.036585000	1
1.036637000	1
1.036689000	1
1.036743000	1
1.036745000	1
1.036796000	1
1.036798000	1
1.036849000	1
1.036852000	1
1.036903000	1
1.036905000	1
1.036907000	1
1.037872000	1
1.042946000	1
1.042965000	1
1.045966000	1
1.045985000	1
1.046016000	1
1.046020000	1
1.046023000	1
1.046085000	1
1.047029000	1
1.047047000	1
1.047936000	1
1.047958000	1
1.050999000	1
1.051089000	1
1.051106000	1
1.051110000	1
1.051113000	1
1.051174000	1
1.051178000	1
1.051238000	1
1.051247000	1
1.051251000	1
1.051290000	1
1.051345000	1
1.051353000	1
1.051398000	1
1.051405000	1
1.051452000	1
1.051505000	1
1.051509000	1
1.051558000	1
1.051561000	1
1.051610000	1
1.051664000	1
1.051669000	1
1.051716000	1
1.051719000	1
1.051770000	1
1.051773000	1
1.051776000	1
1.051779000	1
1.051837000	1
1.051890000	1
1.051893000	1
1.051942000	1
1.052882000	1
1.052886000	1
1.056001000	1
1.056011000	1
1.056015000	1
1.056017000	1
1.056054000	1
1.056107000	1
1.056111000	1
1.056114000	1
1.056921000	1
1.056925000	1
1.056973000	1
1.056977000	1
1.060918000	1
1.060939000	1
1.060947000	1
1.060952000	1
1.061023000	1
1.061031000	1
1.061076000	1
1.061080000	1
1.061128000	1
1.061132000	1
1.061182000	1
1.061234000	1
1.062915000	1
1.062921000	1
1.065942000	1
1.065993000	1
1.066004000	1
1.066045000	1
1.066058000	1
1.066100000	1
1.066107000	1
1.066155000	1
1.066164000	1
1.066206000	1
1.066215000	1
1.066258000	1
1.066266000	1
1.066311000	1
1.066319000	1
1.066364000	1
1.066368000	1
1.066417000	1
1.066421000	1
1.066470000	1
1.066475000	1
1.066523000	1
1.066575000	1
1.066583000	1
1.066587000	1
1.066953000	1
1.067005000	1
1.067057000	1
1.067927000	1
1.071004000	1
1.071017000	1
1.071023000	1
1.071055000	1
1.071060000	1
1.071109000	1
1.071162000	1
1.071167000	1
1.071217000	1
1.071221000	1
1.071226000	1
1.071230000	1
1.071270000	1
1.071276000	1
1.071329000	1
1.071334000	1
1.071430000	1
1.071483000	1
1.071491000	1
1.071535000	1
1.071543000	1
1.071587000	1
1.071595000	1
1.071641000	1
1.071650000	1
1.071693000	1
1.071702000	1
1.072948000	1
1.075953000	1
1.075977000	1
1.075986000	1
1.076101000	1
1.076110000	1
1.076114000	1
1.076119000	1
1.076208000	1
1.076213000	1
1.076262000	1
1.076267000	1
1.076315000	1
1.076322000	1
1.076367000	1
1.076373000	1
1.076428000	1
1.076433000	1
1.076482000	1
1.077005000	1
1.077011000	1
1.077059000	1
1.077874000	1
1.080916000	1
1.080975000	1
1.080991000	1
1.081000000	1
1.081082000	1
1.081094000	1
1.081102000	1
1.081110000	1
1.081187000	1
1.081240000	1
1.081293000	1
1.082951000	1
1.082985000	1
1.085982000	1
1.086010000	1
1.086091000	1
1.086107000	1
1.086116000	1
1.086123000	1
1.086143000	1
1.086152000	1
1.086198000	1
1.086208000	1
1.086304000	1
1.086895000	1
1.086948000	1
1.086960000	1
1.087001000	1
1.087937000	1
1.087959000	1
1.091009000	1
1.091034000	1
1.091097000	1
1.091119000	1
1.091127000	1
1.091147000	1
1.091207000	1
1.091214000	1
1.091276000	1
1.091289000	1
1.091295000	1
1.091304000	1
1.091382000	1
1.091388000	1
1.091394000	1
1.091399000	1
1.091435000	1
1.091442000	1
1.091489000	1
1.091542000	1
1.091613000	1
1.091620000	1
1.091626000	1
1.091631000	1
1.091721000	1
1.091732000	1
1.091774000	1
1.091832000	1
1.091844000	1
1.092880000	1
1.096015000	1
1.096032000	1
1.096046000	1
1.096980000	1
1.097005000	1
1.097015000	1
1.097023000	1
1.097915000	1
1.103000000	1
1.106000000	1
1.106150000	1
1.106173000	1
1.106188000	1
1.106203000	1
1.106213000	1
1.106221000	1
1.106230000	1
1.106237000	1
1.106246000	1
1.106315000	1
1.106371000	1
1.106424000	1
1.106437000	1
1.106445000	1
1.106453000	1
1.106531000	1
1.106542000	1
1.106550000	1
1.106557000	1
1.106640000	1
1.106651000	1
1.106659000	1
1.106667000	1
1.106745000	1
1.106898000	1
1.106976000	1
1.106991000	1
1.107000000	1
1.107904000	1
1.110922000	1
1.110944000	1
1.110975000	1
1.113027000	1
1.116011000	1
1.116038000	1
1.116067000	1
1.116119000	1
1.116207000	1
1.116216000	1
1.116222000	1
1.116942000	1
1.116976000	1
1.116984000	1
1.116991000	1
1.117933000	1
1.120910000	1
1.120931000	1
1.120986000	1
1.121000000	1
1.121003000	1
1.121091000	1
1.121144000	1
1.121196000	1
1.121302000	1
1.121309000	1
1.122933000	1
1.125995000	1
1.126046000	1
1.126068000	1
1.126115000	1
1.126130000	1
1.126166000	1
1.126179000	1
1.126280000	1
1.126296000	1
1.126340000	1
1.126354000	1
1.126365000	1
1.126375000	1
1.126385000	1
1.126455000	1
1.126469000	1
1.126480000	1
1.126488000	1
1.126564000	1
1.126579000	1
1.126589000	1
1.126935000	1
1.126953000	1
1.126987000	1
1.126998000	1
1.127922000	1
1.130941000	1
1.130994000	1
1.131006000	1
1.131049000	1
1.131059000	1
1.131101000	1
1.131109000	1
1.131155000	1
1.131217000	1
1.132911000	1
1.132927000	1
1.135948000	1
1.135975000	1
1.136082000	1
1.136132000	1
1.136143000	1
1.136992000	1
1.137032000	1
1.137044000	1
1.137053000	1
1.137972000	1
1.140933000	1
1.140957000	1
1.140969000	1
1.142987000	1
1.146515000	1
1.146567000	1
1.146582000	1
1.146620000	1
1.146629000	1
1.146726000	1
1.147603000	1
1.147655000	1
1.147720000	1
1.148829000	1
1.150976000	1
1.151017000	1
1.151021000	1
1.151030000	1
1.151098000	1
1.151106000	1
1.151153000	1
1.151204000	1
1.151258000	1
1.151355000	1
1.153036000	1
1.155935000	1
1.155963000	1
1.156039000	1
1.156055000	1
1.156945000	1
1.156971000	1
1.156997000	1
1.157007000	1
1.157893000	1
1.160963000	1
1.160994000	1
1.161008000	1
1.161018000	1
1.161081000	1
1.161095000	1
1.162963000	1
1.165961000	1
1.166174000	1
1.166228000	1
1.166332000	1
1.166383000	1
1.166471000	1
1.166944000	1
1.166966000	1
1.166977000	1
1.167957000	1
1.171092000	1
1.171135000	1
1.171146000	1
1.171155000	1
1.171163000	1
1.171171000	1
1.172961000	1
1.175993000	1
1.176078000	1
1.176129000	1
1.176182000	1
1.176240000	1
1.176255000	1
1.176345000	1
1.177074000	1
1.177093000	1
1.177103000	1
1.177112000	1
1.177899000	1
1.180974000	1
1.181047000	1
1.181064000	1
1.181076000	1
1.181087000	1
1.181156000	1
1.182949000	1
1.185909000	1
1.185939000	1
1.185956000	1
1.185970000	1
1.186042000	1
1.186065000	1
1.186077000	1
1.186088000	1
1.186160000	1
1.186937000	1
1.186953000	1
1.187946000	1
1.190952000	1
1.190970000	1
1.190989000	1
1.191002000	1
1.191097000	1
1.192983000	1
1.195985000	1
1.196070000	1
1.196122000	1
1.196207000	1
1.196942000	1
1.196945000	1
1.196997000	1
1.197941000	1
1.200991000	1
1.201017000	1
1.201028000	1
1.201035000	1
1.201043000	1
1.201107000	1
1.202920000	1
1.205986000	1
1.206012000	1
1.206023000	1
1.206095000	1
1.206108000	1
1.206116000	1
1.206197000	1
1.206210000	1
1.206223000	1
1.206232000	1
1.206306000	1
1.206325000	1
1.206920000	1
1.206972000	1
1.207025000	1
1.207035000	1
1.207922000	1
1.210927000	1
1.211012000	1
1.211038000	1
1.212974000	1
1.215997000	1
1.216025000	1
1.216037000	1
1.216046000	1
1.216054000	1
1.216061000	1
1.216068000	1
1.216132000	1
1.216206000	1
1.216214000	1
1.216352000	1
1.216935000	1
1.216948000	1
1.216988000	1
1.216996000	1
1.217912000	1
1.221054000	1
1.221154000	1
1.221181000	1
1.221193000	1
1.221201000	1
1.221209000	1
1.221276000	1
1.223014000	1
1.223050000	1
1.226074000	1
1.226130000	1
1.226142000	1
1.226152000	1
1.226161000	1
1.226987000	1
1.227016000	1
1.227029000	1
1.227042000	1
1.227963000	1
1.232966000	1
1.234946000	1
1.235000000	1
1.235023000	1
1.235038000	1
1.235077000	1
1.235094000	1
1.235119000	1
1.235220000	1
1.235231000	1
1.235242000	1
1.235264000	1
1.235276000	1
1.235367000	1
1.235383000	1
1.235394000	1
1.235419000	1
1.236960000	1
1.236977000	1
1.236985000	1
1.237896000	1
1.241072000	1
1.241100000	1
1.241116000	1
1.241184000	1
1.241194000	1
1.241238000	1
1.241246000	1
1.243053000	1
1.245994000	1
1.246021000	1
1.246033000	1
1.246043000	1
1.246057000	1
1.246078000	1
1.246116000	1
1.246421000	1
1.246948000	1
1.247009000	1
1.247017000	1
1.255960000	1
1.255994000	1
1.256004000	1
1.256071000	1
1.256083000	1
1.256123000	1
1.256130000	1
1.256252000	1
1.256929000	1
1.256937000	1
1.256987000	1
1.256996000	1
1.257914000	1
1.260965000	1
1.260991000	1
1.261002000	1
1.261010000	1
1.261017000	1
1.261082000	1
1.261177000	1
1.261192000	1
1.261230000	1
1.261242000	1
1.261282000	1
1.261293000	1
1.262882000	1
1.266028000	1
1.266168000	1
1.266221000	1
1.266273000	1
1.266326000	1
1.266335000	1
1.266380000	1
1.266387000	1
1.266433000	1
1.266486000	1
1.266539000	1
1.266592000	1
1.266974000	1
1.266985000	1
1.266992000	1
1.267949000	1
1.270897000	1
1.270948000	1
1.270960000	1
1.271000000	1
1.272982000	1
1.276167000	1
1.276195000	1
1.276269000	1
1.276279000	1
1.276335000	1
1.287009000	1
1.287048000	1
1.287930000	1
1.291003000	1
1.291192000	1
1.291218000	1
1.291298000	1
1.291351000	1
1.291405000	1
1.291419000	1
1.291427000	1
1.291433000	1
1.291458000	1
1.291511000	1
1.291564000	1
1.291572000	1
1.291618000	1
1.291625000	1
1.291677000	1
1.291684000	1
1.291730000	1
1.291784000	1
1.291791000	1
1.292900000	1
1.296008000	1
1.296111000	1
1.296126000	1
1.296135000	1
1.296143000	1
1.296151000	1
1.296158000	1
1.296221000	1
1.296236000	1
1.296274000	1
1.296333000	1
1.296401000	1
1.296459000	1
1.296472000	1
1.296479000	1
1.296598000	1
1.296650000	1
1.296665000	1
1.326950000	1
1.327006000	1
1.327026000	1
1.328043000	1
1.335040000	1
1.335135000	1
1.335160000	1
1.335171000	1
1.335179000	1
1.335244000	1
1.335254000	1
1.335262000	1
1.335298000	1
1.335377000	1
1.335387000	1
1.335483000	1
1.335490000	1
1.335497000	1
1.335504000	1
1.335581000	1
1.336994000	1
1.337012000	1
1.337021000	1
1.341102000	1
1.341144000	1
1.341157000	1
1.341166000	1
1.341175000	1
1.341182000	1
1.341248000	1
1.341256000	1
1.341301000	1
1.341357000	1
1.341366000	1
1.341460000	1
1.341513000	1
1.341521000	1
1.341572000	1
1.341626000	1
1.341678000	1
1.341686000	1
1.341693000	1
1.341733000	1
1.341786000	1
1.341796000	1
1.341839000	1
1.341847000	1
1.341893000	1
1.341901000	1
1.341947000	1
1.341999000	1
1.342084000	1
1.342097000	1
1.342105000	1
1.342112000	1
1.342177000	1
1.342932000	1
1.346363000	1
1.346388000	1
1.346397000	1
1.346510000	1
1.346535000	1
1.346543000	1
1.346550000	1
1.346556000	1
1.346563000	1
1.346574000	1
1.346580000	1
1.346659000	1
1.346681000	1
1.346693000	1
1.346702000	1
1.346772000	1
1.346788000	1
1.346797000	1
1.346806000	1
1.346820000	1
1.346832000	1
1.346955000	1
1.346969000	1
1.346976000	1
1.346983000	1
1.346990000	1
1.347006000	1
1.347103000	1
1.347155000	1
1.347163000	1
1.347170000	1
1.347172000	1
1.347263000	1
1.347274000	1
1.347282000	1
1.347379000	1
1.347475000	1
1.347483000	1
1.347527000	1
1.347534000	1
1.347580000	1
1.347634000	1
1.347642000	1
1.347896000	1
1.351265000	1
1.351281000	1
1.351315000	1
1.351562000	1
1.351623000	1
1.351694000	1
1.351704000	1
1.351746000	1
1.351800000	1
1.351807000	1
1.351813000	1
1.351908000	1
1.351917000	1
1.351924000	1
1.351960000	1
1.351967000	1
1.351974000	1
1.352014000	1
1.352021000	1
1.352066000	1
1.352120000	1
1.352127000	1
1.352174000	1
1.352181000	1
1.352252000	1
1.352260000	1
1.352305000	1
1.352314000	1
1.352358000	1
1.352365000	1
1.352412000	1
1.352914000	1
1.355968000	1
1.355981000	1
1.355988000	1
1.356074000	1
1.356081000	1
1.356088000	1
1.356095000	1
1.356180000	1
1.356904000	1
1.356978000	1
1.356993000	1
1.360992000	1
1.361009000	1
1.361017000	1
1.361019000	1
1.361026000	1
1.361033000	1
1.361118000	1
1.361163000	1
1.361170000	1
1.361177000	1
1.361242000	1
1.361249000	1
1.362949000	1
1.362964000	1
1.365990000	1
1.366042000	1
1.366055000	1
1.366096000	1
1.366149000	1
1.366159000	1
1.366210000	1
1.366217000	1
1.366263000	1
1.367045000	1
1.367896000	1
1.370897000	1
1.370928000	1
1.370944000	1
1.370956000	1
1.371028000	1
1.371044000	1
1.371059000	1
1.371071000	1
1.371145000	1
1.371164000	1
1.372951000	1
1.376093000	1
1.376178000	1
1.376227000	1
1.376280000	1
1.376353000	1
1.376405000	1
1.376414000	1
1.376423000	1
1.376458000	1
1.376466000	1
1.376607000	1
1.376660000	1
1.376668000	1
1.377007000	1
1.377014000	1
1.380999000	1
1.381025000	1
1.381042000	1
1.381107000	1
1.381116000	1
1.381161000	1
1.381168000	1
1.381215000	1
1.381224000	1
1.381268000	1
1.382925000	1
1.382950000	1
1.385927000	1
1.385948000	1
1.385979000	1
1.385987000	1
1.386032000	1
1.386040000	1
1.386085000	1
1.386138000	1
1.386151000	1
1.386927000	1
1.386940000	1
1.386979000	1
1.386990000	1
1.387913000	1
1.391058000	1
1.391107000	1
1.391240000	1
1.391332000	1
1.391418000	1
1.391441000	1
1.391451000	1
1.391459000	1
1.391465000	1
1.391550000	1
1.392900000	1
1.395955000	1
1.395989000	1
1.396008000	1
1.396022000	1
1.396041000	1
1.396093000	1
1.396155000	1
1.396168000	1
1.396210000	1
1.396223000	1
1.396279000	1
1.396296000	1
1.396332000	1
1.396345000	1
1.396386000	1
1.396440000	1
1.396453000	1
1.397040000	1
1.397109000	1
1.397969000	1
1.400964000	1
1.400998000	1
1.401097000	1
1.401139000	1
1.402932000	1
1.406073000	1
1.406144000	1
1.406164000	1
1.406178000	1
1.406206000	1
1.406984000	1
1.407022000	1
1.407038000	1
1.407996000	1
1.408040000	1
1.411051000	1
1.411082000	1
1.411098000	1
1.411113000	1
1.411125000	1
1.411218000	1
1.411239000	1
1.411250000	1
1.411261000	1
1.412950000	1
1.415970000	1
1.416125000	1
1.416148000	1
1.416162000	1
1.416174000	1
1.416185000	1
1.416318000	1
1.416340000	1
1.416352000	1
1.416363000	1
1.416374000	1
1.416384000	1
1.416395000	1
1.416406000	1
1.416417000	1
1.416428000	1
1.416438000	1
1.416671000	1
1.416923000	1
1.416944000	1
1.416958000	1
1.417031000	1
1.422960000	1
1.426977000	1
1.427024000	1
1.427994000	1
1.430976000	1
1.431019000	1
1.432995000	1
1.436185000	1
1.436232000	1
1.436252000	1
1.436326000	1
1.436381000	1
1.436400000	1
1.436414000	1
1.436431000	1
1.436456000	1
1.436470000	1
1.436483000	1
1.436495000	1
1.436567000	1
1.436584000	1
1.436620000	1
1.436635000	1
1.436711000	1
1.436716000	1
1.436917000	1
1.436940000	1
1.436969000	1
1.437929000	1
1.437956000	1
1.440929000	1
1.440977000	1
1.442971000	1
1.443026000	1
1.445967000	1
1.446015000	1
1.446035000	1
1.446961000	1
1.447056000	1
1.447087000	1
1.447934000	1
1.451114000	1
1.451160000	1
1.451180000	1
1.451187000	1
1.451203000	1
1.451215000	1
1.451227000	1
1.451242000	1
1.451262000	1
1.451278000	1
1.451369000	1
1.451398000	1
1.452886000	1
1.455933000	1
1.455980000	1
1.456001000	1
1.456017000	1
1.456098000	1
1.456114000	1
1.456153000	1
1.456166000	1
1.456178000	1
1.472965000	1
1.475954000	1
1.475978000	1
1.476014000	1
1.476024000	1
1.476066000	1
1.476071000	1
1.476120000	1
1.476174000	1
1.476181000	1
1.476184000	1
1.476283000	1
1.476338000	1
1.476345000	1
1.476350000	1
1.476447000	1
1.476985000	1
1.476992000	1
1.476996000	1
1.477000000	1
1.477919000	1
1.477926000	1
1.481024000	1
1.481050000	1
1.481057000	1
1.481062000	1
1.481066000	1
1.481070000	1
1.481073000	1
1.481142000	1
1.481196000	1
1.481200000	1
1.481204000	1
1.481253000	1
1.481327000	1
1.481343000	1
1.481347000	1
1.481378000	1
1.481383000	1
1.481464000	1
1.481468000	1
1.481518000	1
1.481523000	1
1.482939000	1
1.482950000	1
1.485973000	1
1.485987000	1
1.485994000	1
1.486000000	1
1.486115000	1
1.486126000	1
1.486131000	1
1.486136000	1
1.486140000	1
1.486145000	1
1.486160000	1
1.486928000	1
1.486946000	1
1.486993000	1
1.487045000	1
1.492906000	1
1.495965000	1
1.496000000	1
1.496010000	1
1.496016000	1
1.496085000	1
1.496098000	1
1.496139000	1
1.496146000	1
1.496151000	1
1.496930000	1
1.496951000	1
1.502960000	1
1.507202000	1
1.507237000	1
1.507250000	1
1.507259000	1
1.508038000	1
1.511046000	1
1.511089000	1
1.511105000	1
1.511117000	1
1.511125000	1
1.511249000	1
1.511333000	1
1.511351000	1
1.511362000	1
1.511371000	1
1.511379000	1
1.511388000	1
1.511396000	1
1.511468000	1
1.511484000	1
1.511494000	1
1.511502000	1
1.511522000	1
1.511533000	1
1.511578000	1
1.511591000	1
1.511634000	1
1.511691000	1
1.511701000	1
1.511709000	1
1.511743000	1
1.511759000	1
1.511768000	1
1.511852000	1
1.511861000	1
1.511870000	1
1.516035000	1
1.516055000	1
1.516062000	1
1.516068000	1
1.516181000	1
1.516194000	1
1.516200000	1
1.516207000	1
1.516213000	1
1.516219000	1
1.516287000	1
1.516294000	1
1.516339000	1
1.516345000	1
1.516352000	1
1.516393000	1
1.516471000	1
1.516478000	1
1.516542000	1
1.516549000	1
1.516596000	1
1.516603000	1
1.516609000	1
1.516616000	1
1.516705000	1
1.516712000	1
1.516718000	1
1.516760000	1
1.516769000	1
1.516812000	1
1.516822000	1
1.516919000	1
1.516927000	1
1.516934000	1
1.516941000	1
1.516974000	1
1.516981000	1
1.517028000	1
1.517941000	1
1.517963000	1
1.522917000	1
1.524172000	1
1.524199000	1
1.524210000	1
1.524219000	1
1.524227000	1
1.524235000	1
1.524301000	1
1.524311000	1
1.524318000	1
1.524326000	1
1.524333000	1
1.524341000	1
1.524406000	1
1.524459000	1
1.524468000	1
1.524476000	1
1.524567000	1
1.524580000	1
1.524623000	1
1.524633000	1
1.526965000	1
1.526986000	1
1.526995000	1
1.527004000	1
1.528033000	1
1.530965000	1
1.531007000	1
1.531023000	1
1.531034000	1
1.531052000	1
1.531062000	1
1.531160000	1
1.531169000	1
1.531225000	1
1.531245000	1
1.531254000	1
1.531262000	1
1.531271000	1
1.531339000	1
1.531348000	1
1.531357000	1
1.531365000	1
1.531454000	1
1.532956000	1
1.532986000	1
1.537077000	1
1.537953000	1
1.540894000	1
1.541013000	1
1.541038000	1
1.541050000	1
1.541061000	1
1.541130000	1
1.541184000	1
1.542980000	1
1.546019000	1
1.546048000	1
1.546289000	1
1.546331000	1
1.546349000	1
1.546364000	1
1.546375000	1
1.546384000	1
1.546394000	1
1.546403000	1
1.546412000	1
1.546421000	1
1.546431000	1
1.546440000	1
1.546449000	1
1.546521000	1
1.546618000	1
1.546629000	1
1.546638000	1
1.546686000	1
1.546708000	1
1.546759000	1
1.546778000	1
1.546811000	1
1.546865000	1
1.546946000	1
1.546957000	1
1.547003000	1
1.547020000	1
1.547915000	1
1.550915000	1
1.550998000	1
1.551073000	1
1.551094000	1
1.551105000	1
1.551126000	1
1.551137000	1
1.551180000	1
1.551191000	1
1.551234000	1
1.551287000	1
1.552900000	1
1.556041000	1
1.556081000	1
1.556099000	1
1.556113000	1
1.556126000	1
1.556137000	1
1.556156000	1
1.556171000	1
1.556182000	1
1.556268000	1
1.556281000	1
1.556349000	1
1.556373000	1
1.556385000	1
1.556396000	1
1.556498000	1
1.556520000	1
1.556531000	1
1.556541000	1
1.556552000	1
1.556922000	1
1.556943000	1
1.556955000	1
1.557941000	1
1.557976000	1
1.560985000	1
1.561093000	1
1.561146000	1
1.561159000	1
1.561170000	1
1.561199000	1
1.561255000	1
1.561275000	1
1.561291000	1
1.561304000	1
1.561397000	1
1.562966000	1
1.565979000	1
1.566026000	1
1.566046000	1
1.566077000	1
1.566099000	1
1.566118000	1
1.566157000	1
1.566176000	1
1.566246000	1
1.566420000	1
1.566447000	1
1.566970000	1
1.566992000	1
1.567023000	1
1.567037000	1
1.567924000	1
1.567946000	1
1.571028000	1
1.571072000	1
1.571093000	1
1.571108000	1
1.571182000	1
1.571199000	1
1.571214000	1
1.571228000	1
1.571241000	1
1.571366000	1
1.571392000	1
1.571406000	1
1.571419000	1
1.571432000	1
1.571445000	1
1.571458000	1
1.573027000	1
1.575986000	1
1.576138000	1
1.576156000	1
1.576171000	1
1.576185000	1
1.576199000	1
1.576211000	1
1.576224000	1
1.576300000	1
1.576324000	1
1.576397000	1
1.576409000	1
1.576419000	1
1.576428000	1
1.577064000	1
1.577085000	1
1.577934000	1
1.582977000	1
1.583010000	1
1.586972000	1
1.587026000	1
1.587050000	1
1.587079000	1
1.587131000	1
1.587897000	1
1.590976000	1
1.591021000	1
1.591041000	1
1.591056000	1
1.591070000	1
1.591082000	1
1.591093000	1
1.591103000	1
1.591114000	1
1.591186000	1
1.591201000	1
1.591212000	1
1.591223000	1
1.591297000	1
1.591313000	1
1.591326000	1
1.591337000	1
1.591406000	1
1.591419000	1
1.591430000	1
1.591441000	1
1.591513000	1
1.591525000	1
1.591537000	1
1.591548000	1
1.591620000	1
1.591633000	1
1.592886000	1
1.592902000	1
1.595964000	1
1.595993000	1
1.596008000	1
1.596080000	1
1.596094000	1
1.596920000	1
1.596954000	1
1.596975000	1
1.597055000	1
1.597885000	1
1.597923000	1
1.605926000	1
1.606030000	1
1.606043000	1
1.606061000	1
1.606073000	1
1.606087000	1
1.606144000	1
1.606160000	1
1.606196000	1
1.606207000	1
1.606249000	1
1.606303000	1
1.606313000	1
1.606898000	1
1.606950000	1
1.606963000	1
1.607003000	1
1.687946000	1
1.688022000	1
1.692889000	1
1.692905000	1
1.696017000	1
1.696030000	1
1.696033000	1
1.696036000	1
1.696326000	1
1.696951000	1
1.697123000	1
1.697135000	1
1.697137000	1
1.697884000	1
1.697900000	1
1.701083000	1
1.701251000	1
1.702967000	1
1.706041000	1
1.706059000	1
1.706125000	1
1.706137000	1
1.706141000	1
1.706143000	1
1.707974000	1
1.710965000	1
1.710975000	1
1.711018000	1
1.711023000	1
1.711025000	1
1.711069000	1
1.711123000	1
1.715956000	1
1.716039000	1
1.716089000	1
1.716092000	1
1.716142000	1
1.716233000	1
1.716244000	1
1.716247000	1
1.716249000	1
1.716309000	1
1.716312000	1
1.716360000	1
1.716928000	1
1.716982000	1
1.717035000	1
1.717920000	1
1.717924000	1
1.721015000	1
1.721029000	1
1.721091000	1
1.721097000	1
1.721099000	1
1.726080000	1
1.726182000	1
1.726234000	1
1.726286000	1
1.726290000	1
1.726339000	1
1.726395000	1
1.726499000	1
1.726506000	1
1.726553000	1
1.726558000	1
1.726617000	1
1.726669000	1
1.726672000	1
1.726722000	1
1.726938000	1
1.726943000	1
1.736971000	1
1.736988000	1
1.736993000	1
1.737902000	1
1.737919000	1
1.740974000	1
1.741138000	1
1.741152000	1
1.741188000	1
1.741272000	1
1.741324000	1
1.741377000	1
1.741429000	1
1.741435000	1
1.741481000	1
1.741533000	1
1.741537000	1
1.741585000	1
1.741588000	1
1.741637000	1
1.741641000	1
1.741689000	1
1.743030000	1
1.745996000	1
1.746026000	1
1.746031000	1
1.746034000	1
1.746045000	1
1.746049000	1
1.746099000	1
1.746104000	1
1.746152000	1
1.746205000	1
1.746258000	1
1.746311000	1
1.746363000	1
1.746947000	1
1.746950000	1
1.746999000	1
1.747002000	1
1.747991000	1
1.748001000	1
1.750997000	1
1.751027000	1
1.751033000	1
1.751037000	1
1.751040000	1
1.751044000	1
1.751103000	1
1.751106000	1
1.751155000	1
1.751208000	1
1.751211000	1
1.751356000	1
1.752913000	1
1.756202000	1
1.756219000	1
1.756225000	1
1.756291000	1
1.756344000	1
1.756516000	1
1.756539000	1
1.756582000	1
1.756586000	1
1.756590000	1
1.756636000	1
1.756639000	1
1.756641000	1
1.756687000	1
1.756843000	1
1.756846000	1
1.756896000	1
1.756900000	1
1.756949000	1
1.756952000	1
1.757063000	1
1.757116000	1
1.757170000	1
1.757174000	1
1.757177000	1
1.757180000	1
1.757183000	1
1.757186000	1
1.757223000	1
1.757226000	1
1.757229000	1
1.757232000	1
1.757299000	1
1.757390000	1
1.757888000	1
1.761063000	1
1.761114000	1
1.761167000	1
1.761220000	1
1.762998000	1
1.763006000	1
1.765923000	1
1.765941000	1
1.765946000	1
1.765973000	1
1.766025000	1
1.766079000	1
1.766087000	1
1.766091000	1
1.766184000	1
1.766188000	1
1.766256000	1
1.766308000	1
1.766360000	1
1.767060000	1
1.767170000	1
1.767174000	1
1.767178000	1
1.767949000	1
1.767972000	1
1.771062000	1
1.771081000	1
1.771165000	1
1.771218000	1
1.771271000	1
1.771349000	1
1.775947000	1
1.775996000	1
1.776050000	1
1.776102000	1
1.776155000	1
1.776161000	1
1.776208000	1
1.776214000	1
1.776219000	1
1.776259000	1
1.776264000	1
1.776312000	1
1.776364000	1
1.776369000	1
1.776373000	1
1.776933000	1
1.776943000	1
1.776985000	1
1.776990000	1
1.777867000	1
1.777919000	1
1.780987000	1
1.781005000	1
1.781012000	1
1.781018000	1
1.781090000	1
1.781095000	1
1.782918000	1
1.782937000	1
1.785969000	1
1.785988000	1
1.786020000	1
1.786026000	1
1.786079000	1
1.786089000	1
1.786132000	1
1.786184000	1
1.786192000	1
1.786236000	1
1.786246000	1
1.786251000	1
1.786255000	1
1.786304000	1
1.786313000	1
1.786913000	1
1.786966000	1
1.787019000	1
1.791046000	1
1.791069000	1
1.791080000	1
1.791087000	1
1.791152000	1
1.791205000	1
1.791210000	1
1.791257000	1
1.792903000	1
1.792925000	1
1.796009000	1
1.796028000	1
1.796036000	1
1.796042000	1
1.796048000	1
1.796126000	1
1.796129000	1
1.796188000	1
1.796240000	1
1.796293000	1
1.796300000	1
1.796345000	1
1.796398000	1
1.796450000	1
1.815012000	1
1.815043000	1
1.815051000	1
1.815064000	1
1.815132000	1
1.815139000	1
1.815185000	1
1.815190000	1
1.815239000	1
1.815247000	1
1.815294000	1
1.815346000	1
1.815400000	1
1.815453000	1
1.815507000	1
1.815517000	1
1.815560000	1
1.815613000	1
1.815622000	1
1.815674000	1
1.815684000	1
1.815778000	1
1.815789000	1
1.815798000	1
1.817104000	1
1.817116000	1
1.817157000	1
1.817163000	1
1.817874000	1
1.817876000	1
1.820998000	1
1.821016000	1
1.821106000	1
1.821120000	1
1.821129000	1
1.821212000	1
1.821224000	1
1.821265000	1
1.821271000	1
1.821431000	1
1.821469000	1
1.821475000	1
1.821523000	1
1.821530000	1
1.821575000	1
1.821581000	1
1.821628000	1
1.821634000	1
1.821681000	1
1.821687000	1
1.821755000	1
1.821760000	1
1.821998000	1
1.822055000	1
1.822905000	1
1.827910000	1
1.831013000	1
2.489958000	1
2.489971000	1
2.490009000	1
2.490025000	1
2.490093000	1
2.490912000	1
2.491001000	1
2.491014000	1
2.491017000	1
2.491020000	1
2.492958000	1
2.492972000	1
2.495961000	1
2.496010000	1
2.496062000	1
2.496150000	1
2.496253000	1
2.496266000	1
2.496269000	1
2.496272000	1
2.496295000	1
2.496306000	1
2.496308000	1
2.496393000	1
2.496406000	1
2.496410000	1
2.496412000	1
2.496476000	1
2.496489000	1
2.496493000	1
2.496495000	1
2.496580000	1
2.496840000	1
2.496855000	1
2.497928000	1
2.497942000	1
2.499938000	1
2.499953000	1
2.500030000	1
2.500044000	1
2.500048000	1
2.500987000	1
2.500996000	1
2.500999000	1
2.501095000	1
2.501109000	1
2.501113000	1
2.501182000	1
2.501197000	1
2.502958000	1
2.506021000	1
2.506036000	1
2.506040000	1
2.506043000	1
2.506046000	1
2.506049000	1
2.506104000	1
2.506111000	1
2.506203000	1
2.506210000	1
2.506214000	1
2.506217000	1
2.506317000	1
2.506322000	1
2.506326000	1
2.506360000	1
2.506365000	1
2.506414000	1
2.506419000	1
2.507968000	1
2.509900000	1
2.509949000	1
2.509955000	1
2.510000000	1
2.510005000	1
2.513091000	1
2.513107000	1
2.517914000	1
2.519985000	1
2.520001000	1
2.520006000	1
2.520009000	1
2.520013000	1
2.520971000	1
2.520988000	1
2.521023000	1
2.521028000	1
2.521033000	1
2.521130000	1
2.521146000	1
2.521151000	1
2.521155000	1
2.521220000	1
2.521236000	1
2.522999000	1
2.525971000	1
2.526018000	1
2.526091000	1
2.526101000	1
2.526107000	1
2.526195000	1
2.526200000	1
2.526204000	1
2.526247000	1
2.526300000	1
2.526305000	1
2.526309000	1
2.526353000	1
2.526406000	1
2.526411000	1
2.526458000	1
2.526463000	1
2.526491000	1
2.526564000	1
2.527887000	1
2.532918000	1
2.532940000	1
2.533025000	1
2.533036000	1
2.533043000	1
2.536240000	1
2.536258000	1
2.536263000	1
2.536266000	1
2.536290000	1
2.536296000	1
2.536300000	1
2.536304000	1
2.536309000	1
