11.315392000	1
11.315398000	1
11.316976000	1
11.319969000	1
11.319999000	1
11.320031000	1
11.320045000	1
11.320055000	1
11.320063000	1
11.320190000	1
11.320214000	1
11.320221000	1
11.320227000	1
11.320234000	1
11.320240000	1
11.320253000	1
11.320260000	1
11.320378000	1
11.320403000	1
11.320411000	1
11.320417000	1
11.320424000	1
11.320431000	1
11.320563000	1
11.320588000	1
11.321964000	1
11.324979000	1
11.325009000	1
11.325021000	1
11.325031000	1
11.325142000	1
11.325167000	1
11.325175000	1
11.325182000	1
11.325189000	1
11.325196000	1
11.325288000	1
11.325315000	1
11.325324000	1
11.325332000	1
11.325339000	1
11.325346000	1
11.325353000	1
11.326953000	1
11.326979000	1
11.330024000	1
11.330051000	1
11.330059000	1
11.330067000	1
11.330080000	1
11.330088000	1
11.330173000	1
11.330212000	1
11.330227000	1
11.330237000	1
11.330245000	1
11.330252000	1
11.330320000	1
11.330334000	1
11.330342000	1
11.330350000	1
11.330427000	1
11.330437000	1
11.330445000	1
11.331966000	1
11.335010000	1
11.335038000	1
11.335047000	1
11.335056000	1
11.335070000	1
11.335078000	1
11.335163000	1
11.335191000	1
11.335201000	1
11.335209000	1
11.335223000	1
11.335232000	1
11.335316000	1
11.335344000	1
11.335356000	1
11.335364000	1
11.335373000	1
11.335381000	1
11.335477000	1
11.335493000	1
11.335503000	1
11.335512000	1
11.335520000	1
11.336969000	1
11.336998000	1
11.340002000	1
11.340032000	1
11.340042000	1
11.340052000	1
11.340060000	1
11.340069000	1
11.340178000	1
11.340207000	1
11.340218000	1
11.340227000	1
11.340236000	1
11.340245000	1
11.341930000	1
11.341960000	1
11.345034000	1
11.345065000	1
11.345076000	1
11.345086000	1
11.345096000	1
11.345105000	1
11.345218000	1
11.345248000	1
11.345259000	1
11.345269000	1
11.345279000	1
11.345288000	1
11.345298000	1
11.345308000	1
11.345418000	1
11.345448000	1
11.345460000	1
11.345470000	1
11.346955000	1
11.350028000	1
11.350060000	1
11.350072000	1
11.350082000	1
11.350093000	1
11.350103000	1
11.350212000	1
11.350243000	1
11.350256000	1
11.350266000	1
11.350277000	1
11.350287000	1
11.350297000	1
11.350308000	1
11.350402000	1
11.350422000	1
11.350433000	1
11.350459000	1
11.350472000	1
11.350483000	1
11.350494000	1
11.350505000	1
11.350575000	1
11.351948000	1
11.351967000	1
11.355005000	1
11.355038000	1
11.355051000	1
11.355062000	1
11.355073000	1
11.355084000	1
11.355095000	1
11.355231000	1
11.355264000	1
11.355277000	1
11.355288000	1
11.355300000	1
11.356944000	1
11.356978000	1
11.359981000	1
11.360020000	1
11.360039000	1
11.360055000	1
11.360069000	1
11.360084000	1
11.360165000	1
11.360191000	1
11.360207000	1
11.360223000	1
11.360239000	1
11.360254000	1
11.360269000	1
11.360285000	1
11.360309000	1
11.360375000	1
11.360398000	1
11.360415000	1
11.360431000	1
11.361959000	1
11.364957000	1
