1.121785000	1
1.121839000	1
1.121848000	1
1.121860000	1
1.121871000	1
1.121893000	1
1.121905000	1
1.123447000	1
1.123461000	1
1.124521000	1
1.124552000	1
1.124562000	1
1.124665000	1
1.128485000	1
1.128518000	1
1.129461000	1
1.129521000	1
1.129537000	1
1.129573000	1
1.129627000	1
1.129635000	1
1.129681000	1
1.129734000	1
1.134476000	1
1.136638000	1
1.136691000	1
1.138439000	1
1.141511000	1
1.141532000	1
1.141549000	1
1.141559000	1
1.141568000	1
1.141589000	1
1.141633000	1
1.141686000	1
1.141695000	1
1.141739000	1
1.141751000	1
1.141792000	1
1.141804000	1
1.141812000	1
1.141821000	1
1.141898000	1
1.141910000	1
1.143426000	1
1.144437000	1
1.144488000	1
1.144499000	1
1.144540000	1
1.148575000	1
1.152502000	1
1.152536000	1
1.152544000	1
1.152554000	1
1.153481000	1
1.154462000	1
1.158465000	1
1.158508000	1
1.160456000	1
1.160602000	1
1.160635000	1
1.160647000	1
1.160653000	1
1.160663000	1
1.160669000	1
1.160683000	1
1.160800000	1
1.160833000	1
1.160842000	1
1.160851000	1
1.160860000	1
1.160867000	1
1.160874000	1
1.160892000	1
1.161016000	1
1.161025000	1
1.161035000	1
1.161053000	1
1.161060000	1
1.161109000	1
1.163432000	1
1.163450000	1
1.164472000	1
1.164494000	1
1.164523000	1
1.166467000	1
1.166543000	1
1.166561000	1
1.166568000	1
1.166578000	1
1.166598000	1
1.166651000	1
1.166713000	1
1.166767000	1
1.166778000	1
1.166785000	1
1.166795000	1
1.166821000	1
1.166874000	1
1.166885000	1
1.168429000	1
1.168447000	1
1.171540000	1
1.171566000	1
1.171577000	1
1.171585000	1
1.171595000	1
1.171605000	1
1.171620000	1
1.171630000	1
1.171720000	1
1.171738000	1
1.171746000	1
1.171756000	1
1.171767000	1
1.171774000	1
1.171844000	1
1.171856000	1
1.171898000	1
1.173441000	1
1.173480000	1
1.174530000	1
1.174559000	1
1.174582000	1
1.176433000	1
1.176487000	1
1.176511000	1
1.176528000	1
1.176602000	1
1.176629000	1
1.176649000	1
1.176665000	1
1.176677000	1
1.183490000	1
1.184476000	1
1.184504000	1
1.184524000	1
1.188473000	1
1.193470000	1
1.194497000	1
1.194544000	1
1.194567000	1
1.194581000	1
1.196522000	1
1.196561000	1
1.196574000	1
1.196586000	1
1.196599000	1
1.196618000	1
1.196711000	1
1.196766000	1
1.196782000	1
1.196792000	1
1.196804000	1
1.196813000	1
1.196822000	1
1.196831000	1
1.196942000	1
1.196971000	1
1.196992000	1
1.197003000	1
1.197013000	1
1.197022000	1
1.197031000	1
1.197040000	1
1.197055000	1
1.197166000	1
1.197200000	1
1.197214000	1
1.197225000	1
1.197236000	1
1.197247000	1
1.197257000	1
1.197269000	1
1.198470000	1
1.201557000	1
1.201602000	1
1.201647000	1
1.201656000	1
1.201665000	1
1.201675000	1
1.201785000	1
1.201817000	1
1.201841000	1
1.201852000	1
1.201862000	1
1.201932000	1
1.201944000	1
1.201987000	1
1.201997000	1
1.202042000	1
1.202052000	1
1.202096000	1
1.202107000	1
1.202151000	1
1.202162000	1
1.202172000	1
1.202183000	1
1.202260000	1
1.202278000	1
1.202288000	1
1.202298000	1
1.202313000	1
1.202324000	1
1.203442000	1
1.203466000	1
1.204453000	1
1.206483000	1
1.206609000	1
1.206617000	1
1.206625000	1
1.206691000	1
1.206694000	1
1.206746000	1
1.206749000	1
1.206798000	1
1.211503000	1
1.211537000	1
1.211555000	1
1.211643000	1
1.211697000	1
1.221553000	1
1.221588000	1
1.221599000	1
1.221608000	1
1.221684000	1
1.221695000	1
1.221737000	1
1.221791000	1
1.223431000	1
1.224487000	1
1.224499000	1
1.226552000	1
1.226573000	1
1.228433000	1
1.231534000	1
1.233423000	1
1.233474000	1
1.234475000	1
1.234498000	1
1.234527000	1
1.238519000	1
1.238568000	1
1.241503000	1
1.241544000	1
1.241566000	1
1.241578000	1
1.241664000	1
1.241705000	1
1.241720000	1
1.241732000	1
1.241742000	1
1.241750000	1
1.241856000	1
1.241903000	1
1.241924000	1
1.241940000	1
1.241954000	1
1.241966000	1
1.241988000	1
1.242007000	1
1.242041000	1
1.243444000	1
1.244456000	1
1.244480000	1
1.244493000	1
1.244506000	1
1.246465000	1
1.246541000	1
1.246563000	1
1.246576000	1
1.246588000	1
1.246598000	1
1.246608000	1
1.246676000	1
1.246731000	1
1.246745000	1
1.246757000	1
1.246815000	1
1.246825000	1
1.246968000	1
1.246979000	1
1.246987000	1
1.247054000	1
1.253424000	1
1.254474000	1
1.254509000	1
1.254528000	1
1.254545000	1
1.256479000	1
1.256519000	1
1.256533000	1
1.256545000	1
1.258495000	1
1.261499000	1
1.261539000	1
1.261560000	1
1.261644000	1
1.261670000	1
1.261697000	1
1.263448000	1
1.263476000	1
1.266640000	1
1.266668000	1
1.266679000	1
1.268435000	1
1.271517000	1
1.271584000	1
1.271615000	1
1.271625000	1
1.271635000	1
1.271642000	1
1.273517000	1
1.273555000	1
