0.392983000	1
0.396200000	1
0.396208000	1
0.396346000	1
0.396363000	1
0.396377000	1
0.396384000	1
0.396388000	1
0.396392000	1
0.396466000	1
0.396470000	1
0.396573000	1
0.396598000	1
0.396607000	1
0.396692000	1
0.400990000	1
0.401020000	1
0.401093000	1
0.401106000	1
0.401175000	1
0.402894000	1
0.404963000	1
0.404973000	1
0.406072000	1
0.406079000	1
0.406086000	1
0.406093000	1
0.406114000	1
0.406155000	1
0.406165000	1
0.406209000	1
0.406214000	1
0.406315000	1
0.406327000	1
0.406331000	1
0.406338000	1
0.406368000	1
0.406377000	1
0.406420000	1
0.406429000	1
0.428039000	1
0.430939000	1
0.430974000	1
0.430984000	1
0.431043000	1
0.431054000	1
0.446261000	1
0.446274000	1
0.448011000	1
0.448043000	1
0.451017000	1
0.451101000	1
0.451110000	1
0.451118000	1
0.451154000	1
0.451189000	1
0.455010000	1
0.455018000	1
0.455967000	1
0.455984000	1
0.456168000	1
0.456178000	1
0.456225000	1
0.456234000	1
0.461046000	1
0.461066000	1
0.461078000	1
0.461086000	1
0.461158000	1
0.461173000	1
0.461185000	1
0.461193000	1
0.461274000	1
0.461293000	1
0.461301000	1
0.461312000	1
0.461319000	1
0.461326000	1
0.461393000	1
0.461407000	1
0.461448000	1
0.461458000	1
0.461503000	1
0.462899000	1
0.462921000	1
0.464924000	1
0.464942000	1
0.464949000	1
0.465976000	1
0.465985000	1
0.468094000	1
0.470997000	1
0.471028000	1
0.471036000	1
0.471041000	1
0.471046000	1
0.471251000	1
0.471266000	1
0.471296000	1
0.471306000	1
0.471464000	1
0.471563000	1
0.472959000	1
0.472995000	1
0.474984000	1
0.475020000	1
0.476062000	1
0.476095000	1
0.476106000	1
0.476113000	1
0.476241000	1
0.476276000	1
0.476459000	1
0.476495000	1
0.476507000	1
0.476514000	1
0.476521000	1
0.476527000	1
0.476534000	1
0.477948000	1
0.477984000	1
0.480937000	1
0.480977000	1
0.480991000	1
