18.357799000	1
18.357805000	1
18.360535000	1
18.360545000	1
18.360551000	1
18.360631000	1
18.360637000	1
18.360840000	1
18.360844000	1
18.360893000	1
18.360898000	1
18.360903000	1
18.360946000	1
18.360951000	1
18.360998000	1
18.361105000	1
18.362490000	1
18.362501000	1
18.365552000	1
18.365568000	1
18.365571000	1
18.365574000	1
18.365625000	1
18.365630000	1
18.365731000	1
18.365737000	1
18.365740000	1
18.367505000	1
18.367583000	1
18.367595000	1
18.367684000	1
18.370554000	1
18.370575000	1
18.370603000	1
18.370608000	1
18.370655000	1
18.370661000	1
18.370708000	1
18.370713000	1
18.370761000	1
18.370766000	1
18.370788000	1
18.370794000	1
18.370837000	1
18.370844000	1
18.370939000	1
18.370945000	1
18.370991000	1
18.370997000	1
18.371000000	1
18.371004000	1
18.371044000	1
18.371049000	1
18.371097000	1
18.371103000	1
18.371149000	1
18.372589000	1
18.372606000	1
18.375615000	1
18.375629000	1
18.375633000	1
18.375636000	1
18.375698000	1
18.375711000	1
18.375778000	1
18.375791000	1
18.375797000	1
18.375802000	1
18.375830000	1
18.375839000	1
18.375908000	1
18.375931000	1
18.376170000	1
18.376184000	1
18.376188000	1
18.376191000	1
18.376195000	1
18.376198000	1
18.376253000	1
18.376266000	1
18.376270000	1
18.376274000	1
18.376277000	1
18.376281000	1
18.376346000	1
18.376359000	1
18.376385000	1
18.376391000	1
18.376395000	1
18.376399000	1
18.377492000	1
18.377506000	1
18.377543000	1
18.377558000	1
18.380539000	1
18.380554000	1
18.380590000	1
18.380597000	1
18.380644000	1
18.380651000	1
18.380704000	1
18.380713000	1
18.380716000	1
18.380720000	1
18.380798000	1
18.380826000	1
18.380831000	1
18.380835000	1
18.380897000	1
18.380905000	1
18.380909000	1
18.380913000	1
18.380957000	1
18.380965000	1
18.381030000	1
18.381038000	1
18.382537000	1
18.382551000	1
18.385591000	1
18.385624000	1
18.385630000	1
18.385634000	1
18.385722000	1
18.385732000	1
18.385737000	1
18.385742000	1
18.385818000	1
18.385827000	1
18.385832000	1
18.385836000	1
18.385850000	1
18.385856000	1
18.385904000	1
18.385910000	1
18.385958000	1
18.385965000	1
18.386020000	1
18.386025000	1
18.386086000	1
18.386091000	1
18.386139000	1
18.386145000	1
18.386194000	1
18.386199000	1
18.386204000	1
18.386209000	1
18.386301000	1
18.386310000	1
18.386355000	1
18.386361000	1
18.386366000	1
18.386409000	1
18.386420000	1
18.386470000	1
18.387520000	1
18.387537000	1
18.387607000	1
18.390563000	1
18.390581000	1
18.390624000	1
18.390633000	1
18.390678000	1
18.390685000	1
18.390734000	1
18.390743000	1
18.390748000	1
18.390762000	1
18.390812000	1
18.390824000	1
18.390864000	1
18.390873000	1
18.390916000	1
18.392482000	1
18.397519000	1
18.397537000	1
18.397543000	1
18.397548000	1
18.400542000	1
18.400563000	1
18.400570000	1
18.400575000	1
18.402593000	1
18.405585000	1
18.405623000	1
18.405629000	1
18.405635000	1
18.405731000	1
18.405747000	1
18.405754000	1
18.405760000	1
18.405765000	1
18.405770000	1
18.405864000	1
18.405880000	1
18.405887000	1
18.405893000	1
18.405950000	1
18.405967000	1
18.405977000	1
18.405983000	1
18.406039000	1
18.406053000	1
18.406060000	1
18.406066000	1
18.406116000	1
18.406127000	1
18.406133000	1
18.406167000	1
18.406229000	1
18.406236000	1
18.406242000	1
18.406282000	1
18.406336000	1
18.406342000	1
18.407457000	1
18.407512000	1
18.407519000	1
18.407561000	1
18.410546000	1
18.410563000	1
18.410599000	1
18.410612000	1
18.410676000	1
18.410686000	1
18.410695000	1
18.410762000	1
18.410776000	1
18.410794000	1
18.410804000	1
18.412161000	1
18.412178000	1
18.412185000	1
18.412192000	1
18.412198000	1
18.412205000	1
18.412253000	1
18.412454000	1
18.415553000	1
18.415769000	1
18.415779000	1
18.415875000	1
18.415881000	1
18.415886000	1
18.415891000	1
18.415927000	1
18.415933000	1
18.415984000	1
18.415993000	1
18.416038000	1
18.416043000	1
18.416090000	1
18.416096000	1
18.416144000	1
18.416150000	1
18.416204000	1
18.416210000	1
18.416261000	1
18.416267000	1
18.416312000	1
18.416318000	1
18.416365000	1
18.416371000	1
18.416421000	1
18.416427000	1
18.416475000	1
18.416481000	1
18.416486000	1
18.422518000	1
18.427503000	1
18.430532000	1
18.430823000	1
18.430917000	1
18.430933000	1
18.430971000	1
18.432454000	1
18.432467000	1
