9.211953000	1
9.215957000	1
9.215983000	1
9.215996000	1
9.216000000	1
9.216091000	1
9.216096000	1
9.216104000	1
9.216107000	1
9.216113000	1
9.216117000	1
9.216245000	1
9.216262000	1
9.216277000	1
9.216280000	1
9.216287000	1
9.216291000	1
9.216305000	1
9.216398000	1
9.216904000	1
9.216909000	1
9.221887000	1
9.224035000	1
9.224069000	1
9.224077000	1
9.224088000	1
9.224094000	1
9.224104000	1
9.224119000	1
9.224130000	1
9.224174000	1
9.224186000	1
9.224230000	1
9.224242000	1
9.224247000	1
9.224286000	1
9.224342000	1
9.224355000	1
9.224400000	1
9.224417000	1
9.224455000	1
9.224468000	1
9.224510000	1
9.224525000	1
9.224531000	1
9.224542000	1
9.224564000	1
9.224619000	1
9.224629000	1
9.224640000	1
9.224673000	1
9.224684000	1
9.224920000	1
9.224974000	1
9.225028000	1
9.225039000	1
9.225046000	1
9.225092000	1
9.225102000	1
9.225137000	1
9.225145000	1
9.225191000	1
9.225199000	1
9.225245000	1
9.225253000	1
9.225300000	1
9.225308000	1
9.225319000	1
9.225326000	1
9.225355000	1
9.225408000	1
9.225420000	1
9.225463000	1
9.225475000	1
9.225482000	1
9.225517000	1
9.225571000	1
9.225626000	1
9.225634000	1
9.225649000	1
9.226913000	1
9.226936000	1
9.227932000	1
9.227960000	1
9.227970000	1
9.227982000	1
9.229990000	1
9.230030000	1
9.230041000	1
9.230055000	1
9.230063000	1
9.230076000	1
9.230095000	1
9.230151000	1
9.230206000	1
9.230224000	1
9.230233000	1
9.230245000	1
9.230254000	1
9.230266000	1
9.230338000	1
9.230357000	1
9.230395000	1
9.230412000	1
9.230451000	1
9.230468000	1
9.230509000	1
9.230526000	1
9.230532000	1
9.230541000	1
9.236899000	1
9.236934000	1
9.237912000	1
9.237949000	1
9.237957000	1
9.237967000	1
9.239981000	1
9.240016000	1
9.240025000	1
9.240035000	1
9.240041000	1
9.240051000	1
9.240058000	1
9.240074000	1
9.240082000	1
9.240161000	1
9.240185000	1
9.240202000	1
9.240210000	1
9.240224000	1
9.240231000	1
9.240319000	1
9.240343000	1
9.240351000	1
9.240357000	1
9.240441000	1
9.240456000	1
9.240462000	1
9.241907000	1
9.246067000	1
9.246093000	1
9.246102000	1
9.246109000	1
9.246121000	1
9.246129000	1
9.246222000	1
9.246248000	1
9.246256000	1
9.246650000	1
9.246663000	1
9.246670000	1
9.246677000	1
9.246684000	1
9.246691000	1
9.246698000	1
9.246705000	1
9.246814000	1
9.246840000	1
9.246848000	1
9.246864000	1
9.246986000	1
9.247001000	1
9.247008000	1
9.247015000	1
9.247022000	1
9.247029000	1
9.247036000	1
9.247043000	1
9.247109000	1
9.251906000	1
9.253947000	1
9.253974000	1
9.253983000	1
9.253990000	1
9.253998000	1
9.254106000	1
9.254132000	1
9.254141000	1
9.254149000	1
9.254157000	1
9.254164000	1
9.254268000	1
9.254295000	1
9.254304000	1
9.254312000	1
9.254380000	1
9.254394000	1
9.257916000	1
9.257944000	1
9.257954000	1
9.257968000	1
9.259929000	1
9.259978000	1
9.259990000	1
9.260032000	1
9.260043000	1
9.260085000	1
9.260095000	1
9.260138000	1
9.260148000	1
9.260234000	1
9.260255000	1
9.260268000	1
9.260281000	1
9.260291000	1
9.260302000	1
9.260319000	1
9.260376000	1
9.260433000	1
9.260453000	1
9.261918000	1
9.265965000	1
9.265997000	1
9.266007000	1
9.266043000	1
9.266126000	1
9.266155000	1
9.266166000	1
9.266195000	1
9.266306000	1
9.266336000	1
9.266347000	1
9.266356000	1
9.266365000	1
9.266374000	1
9.266484000	1
9.266514000	1
9.266525000	1
9.266534000	1
9.266543000	1
9.266552000	1
9.266561000	1
9.266570000	1
9.266579000	1
9.266588000	1
9.266918000	1
9.267944000	1
9.267975000	1
9.267987000	1
9.268002000	1
9.268130000	1
9.271922000	1
9.274015000	1
9.274052000	1
9.274070000	1
9.274095000	1
9.274112000	1
9.274150000	1
9.274170000	1
9.274205000	1
9.274224000	1
9.274240000	1
9.274255000	1
9.274332000	1
9.274354000	1
9.274369000	1
9.274382000	1
9.274395000	1
9.274408000	1
9.274485000	1
9.274506000	1
9.274522000	1
9.274535000	1
9.274550000	1
9.274565000	1
9.274681000	1
9.274714000	1
9.274726000	1
9.274736000	1
9.274747000	1
9.274757000	1
9.274767000	1
9.274877000	1
9.274910000	1
9.274953000	1
9.275006000	1
9.275060000	1
9.275114000	1
9.275139000	1
9.275152000	1
9.275168000	1
9.275189000	1
9.275296000	1
9.275309000	1
9.275319000	1
9.275330000	1
9.275342000	1
9.275353000	1
9.275364000	1
9.276868000	1
9.279899000	1
9.279929000	1
9.279942000	1
9.279953000	1
9.280025000	1
9.280038000	1
9.280050000	1
9.280061000	1
9.280136000	1
9.280149000	1
9.280160000	1
9.280172000	1
9.280183000	1
9.280199000	1
9.281969000	1
9.284922000	1
9.284957000	1
9.284972000	1
9.284984000	1
9.284996000	1
9.285126000	1
9.285149000	1
9.285162000	1
9.285174000	1
9.285185000	1
9.285197000	1
9.285209000	1
9.285221000	1
9.285233000	1
9.285245000	1
9.285400000	1
9.285435000	1
9.285451000	1
9.285463000	1
9.286881000	1
9.287867000	1
9.287927000	1
9.287958000	1
9.287981000	1
9.289981000	1
9.290019000	1
9.290041000	1
9.290126000	1
9.290156000	1
9.290176000	1
9.290195000	1
9.290213000	1
9.290230000	1
9.290249000	1
9.290268000	1
9.290289000	1
9.290309000	1
9.290330000	1
9.290351000	1
9.290389000	1
9.290412000	1
9.290434000	1
9.290456000	1
9.290480000	1
9.290503000	1
9.290524000	1
9.290543000	1
9.290568000	1
9.290599000	1
9.290616000	1
9.291881000	1
9.291914000	1
9.294968000	1
9.295008000	1
9.295025000	1
9.295040000	1
9.295054000	1
9.295068000	1
9.295082000	1
9.295096000	1
9.295110000	1
9.295124000	1
9.295264000	1
9.296903000	1
9.299979000	1
9.300020000	1
9.300039000	1
9.300054000	1
9.300069000	1
9.300084000	1
9.300098000	1
9.300113000	1
9.300128000	1
9.300150000	1
9.300167000	1
9.300193000	1
9.300213000	1
9.300266000	1
9.300286000	1
9.300302000	1
9.300317000	1
9.300389000	1
9.300408000	1
9.300424000	1
9.301954000	1
9.301995000	1
9.302014000	1
9.305028000	1
9.305081000	1
9.305108000	1
9.305144000	1
9.305167000	1
9.305185000	1
9.305201000	1
9.305217000	1
9.305233000	1
9.305310000	1
9.305335000	1
9.305352000	1
9.305584000	1
9.305625000	1
9.306876000	1
9.321872000	1
