3.011581000	1
3.013509000	1
3.013542000	1
3.016501000	1
3.016529000	1
3.016534000	1
3.018539000	1
3.021502000	1
3.021513000	1
3.021607000	1
3.021614000	1
3.021617000	1
3.021661000	1
3.021715000	1
3.021809000	1
3.021815000	1
3.021822000	1
3.021854000	1
3.021858000	1
3.021908000	1
3.021915000	1
3.022016000	1
3.022022000	1
3.023508000	1
3.026898000	1
3.026908000	1
3.026955000	1
3.026970000	1
3.028481000	1
3.028501000	1
3.031545000	1
3.031568000	1
3.031589000	1
3.031601000	1
3.031677000	1
3.031686000	1
3.031698000	1
3.031708000	1
3.031732000	1
3.031789000	1
3.031823000	1
3.031832000	1
3.031842000	1
3.031852000	1
3.031952000	1
3.031972000	1
3.031988000	1
3.032010000	1
3.032233000	1
3.032253000	1
3.032265000	1
3.032272000	1
3.032283000	1
3.032289000	1
3.032296000	1
3.032302000	1
3.032308000	1
3.032382000	1
3.033478000	1
3.036525000	1
3.036541000	1
3.036637000	1
3.036691000	1
3.036706000	1
3.036713000	1
3.036724000	1
3.036858000	1
3.036876000	1
3.036999000	1
3.037012000	1
3.037023000	1
3.038447000	1
3.041563000	1
3.041579000	1
3.041585000	1
3.041598000	1
3.041607000	1
3.041707000	1
3.041716000	1
3.041729000	1
3.041742000	1
3.041775000	1
3.041790000	1
3.041845000	1
3.041855000	1
3.041867000	1
3.041879000	1
3.042073000	1
3.042094000	1
3.042111000	1
3.042121000	1
3.042126000	1
3.042135000	1
3.042141000	1
3.042146000	1
3.042151000	1
3.043533000	1
3.043543000	1
3.046498000	1
3.046525000	1
3.046548000	1
3.046555000	1
3.046600000	1
3.046609000	1
3.046652000	1
3.046662000	1
3.051533000	1
3.051562000	1
3.053490000	1
3.053524000	1
3.056527000	1
3.056550000	1
3.056570000	1
3.056583000	1
3.056589000	1
3.056598000	1
3.058491000	1
3.061531000	1
3.061623000	1
3.061638000	1
3.061648000	1
3.061654000	1
3.061663000	1
3.061728000	1
3.061736000	1
3.061745000	1
3.061811000	1
3.061825000	1
3.061834000	1
3.061854000	1
3.061906000	1
3.061917000	1
3.061998000	1
3.062033000	1
3.062041000	1
3.062111000	1
3.062123000	1
3.062129000	1
3.062139000	1
3.063482000	1
3.066685000	1
3.066713000	1
3.066723000	1
3.066734000	1
3.066741000	1
3.066750000	1
3.066760000	1
3.066775000	1
3.066868000	1
3.066895000	1
3.066903000	1
3.066910000	1
3.066917000	1
3.066984000	1
3.066996000	1
3.067202000	1
3.067218000	1
3.067253000	1
3.067262000	1
3.067306000	1
3.067317000	1
3.067359000	1
3.067370000	1
3.067413000	1
3.067425000	1
3.067474000	1
3.067484000	1
3.067571000	1
3.067584000	1
3.067591000	1
3.067599000	1
3.068550000	1
3.071488000	1
3.071504000	1
3.071541000	1
3.071552000	1
3.071639000	1
3.071656000	1
3.071693000	1
3.071703000	1
3.071787000	1
3.071798000	1
3.071807000	1
3.073458000	1
3.076612000	1
3.076641000	1
3.076651000	1
3.076660000	1
3.076669000	1
3.076678000	1
3.076687000	1
3.076696000	1
3.076770000	1
3.076793000	1
3.076809000	1
3.076825000	1
3.076840000	1
3.076854000	1
3.076869000	1
3.076885000	1
3.076966000	1
3.076990000	1
3.077006000	1
3.078484000	1
3.078523000	1
3.081516000	1
3.081545000	1
3.081562000	1
3.081669000	1
3.081721000	1
3.081742000	1
3.081780000	1
3.081800000	1
3.081817000	1
3.081834000	1
3.081989000	1
3.082011000	1
3.083487000	1
3.083515000	1
3.088513000	1
3.091452000	1
3.093493000	1
3.093527000	1
3.096544000	1
3.096587000	1
3.096608000	1
3.096627000	1
3.096645000	1
3.096662000	1
3.096680000	1
3.096698000	1
3.096779000	1
3.096803000	1
3.096820000	1
3.096836000	1
3.096854000	1
3.096869000	1
3.096946000	1
3.096970000	1
3.096987000	1
3.097019000	1
3.097038000	1
3.097055000	1
3.097071000	1
3.097087000	1
3.098525000	1
3.101553000	1
3.101596000	1
3.101614000	1
3.101631000	1
3.101648000	1
3.101665000	1
3.101744000	1
3.101796000	1
3.101817000	1
3.101834000	1
3.101853000	1
3.101879000	1
3.101902000	1
3.101919000	1
3.101935000	1
3.101952000	1
3.101970000	1
3.101987000	1
3.102005000	1
3.102024000	1
3.103531000	1
3.103568000	1
3.106505000	1
3.106530000	1
3.106550000	1
3.106569000	1
3.106674000	1
3.106700000	1
3.106719000	1
3.106736000	1
3.106755000	1
3.106775000	1
3.106794000	1
3.106824000	1
3.106853000	1
3.106874000	1
3.106892000	1
3.106906000	1
3.106919000	1
3.106932000	1
3.106945000	1
3.107103000	1
3.108530000	1
3.111539000	1
3.111774000	1
3.111786000	1
3.111794000	1
3.111796000	1
3.111799000	1
3.111800000	1
3.111897000	1
3.111905000	1
3.111907000	1
3.111945000	1
3.112002000	1
3.112031000	1
3.112109000	1
3.112126000	1
3.112161000	1
3.112255000	1
3.116533000	1
3.116566000	1
3.116578000	1
3.116588000	1
3.116674000	1
3.116736000	1
3.116759000	1
3.116799000	1
3.116822000	1
3.118475000	1
3.121547000	1
3.121585000	1
3.121597000	1
3.121607000	1
3.121617000	1
3.121693000	1
3.121704000	1
3.121747000	1
3.121906000	1
3.121925000	1
3.121936000	1
3.122011000	1
3.122027000	1
3.122064000	1
3.122125000	1
3.122137000	1
3.122180000	1
3.122192000	1
3.122234000	1
3.122247000	1
3.122289000	1
3.122301000	1
3.122312000	1
3.123486000	1
3.126548000	1
3.126584000	1
3.126598000	1
3.126609000	1
3.126620000	1
3.126662000	1
3.126678000	1
3.126694000	1
3.126818000	1
3.126863000	1
3.126882000	1
3.128489000	1
3.131592000	1
3.131621000	1
3.131635000	1
3.131646000	1
3.131658000	1
3.131729000	1
3.131742000	1
3.131798000	1
3.131811000	1
3.131853000	1
3.131866000	1
3.131907000	1
3.131920000	1
3.131941000	1
3.131954000	1
3.136670000	1
3.136686000	1
3.136710000	1
3.136720000	1
3.136729000	1
3.138491000	1
3.138537000	1
3.141517000	1
3.141545000	1
3.141559000	1
3.141572000	1
3.141644000	1
3.141660000	1
3.141892000	1
3.141918000	1
3.155532000	1
3.155708000	1
