23860				    73.11
23871				    73.11
23881				    73.11
23892				    73.11
23903				    73.11
23915				    73.11
23926				    73.11
23937				    73.11
23948				    73.11
23959				    73.11
23969				    73.11
23981				    73.11
23992				    73.11
24003				    73.11
24014				    44.858
24025				    17.461
24036				    17.461
24047				    21.348
24058				    21.348
24069				    21.348
24080				    21.348
24091				    21.348
24102				    21.348
24113				    21.348
24125				    21.348
24136				    21.348
24147				    21.348
24158				    20.319
24169				    5.821
24180				    5.821
24192				    5.821
24202				    5.821
24213				    5.821
24224				    5.821
24235				    5.821
24246				    5.821
24257				    5.821
24268				    5.821
24280				    5.821
24291				    5.821
24302				    5.821
24313				    5.821
24323				    5.821
24336				    12.857
24347				    8.392
24358				    8.392
24369				    8.938
24380				    5.92
24391				    5.92
24402				    5.92
24413				    5.92
24424				    5.92
24435				    5.92
24446				    5.92
24457				    5.92
24468				    5.92
24479				    5.92
24490				    5.92
24501				    5.92
24512				    6.549
24523				    2.06
24535				    2.06
24546				    2.06
24557				    1.134
24568				    2.72
24579				    2.72
24590				    2.72
24601				    2.72
24612				    2.72
24623				    17.485
24635				    17.485
24646				    17.485
24658				    17.485
24669				    17.485
24680				    17.485
24691				    17.485
24702				    17.485
24714				    17.485
24725				    17.485
24736				    11.219
24747				    3.877
24758				    4.625
24768				    3.096
24779				    4.556
24790				    4.556
24801				    2.646
24812				    8.814
24823				    11.246
24834				    7.916
24845				    10.765
24857				    9.76
24868				    9.76
24879				    13.671
24890				    13.817
24901				    13.817
24912				    13.817
24923				    13.817
24933				    13.817
24945				    17.131
24956				    17.131
24967				    17.131
24978				    2.314
24989				    3.111
25001				    1.433
25012				    7.057
25023				    1.943
25034				    3.536
25045				    6.189
25056				    10.44
25067				    9.939
25078				    7.386
25089				    1.585
25100				    6.634
25111				    2.291
25122				    2.417
25133				    5.534
25144				    3.496
25155				    3.436
25166				    7.234
25177				    2.561
25188				    2.561
25199				    2.464
25211				    3.56
25223				    5.041
25234				    5.041
25245				    5.041
25256				    5.041
25267				    5.041
25278				    5.041
25289				    20.217
25300				    20.217
25311				    9.196
25322				    3.354
25333				    3.979
25344				    3.114
25355				    4.1
25366				    5.412
25377				    7.741
25388				    3.575
25399				    6.449
25410				    2.842
25421				    3.079
25432				    3.722
25443				    4.083
25455				    6.419
25465				    6.419
25477				    6.419
25488				    6.419
25499				    6.419
25510				    6.419
25521				    6.419
25532				    6.419
25543				    10.499
