44856				    1.9	
44867				    1.9	
44878				    1.9	
44889				    1.9	
44900				    1.9	
44911				    1.9	
44922				    2.8	
44932				    3.0	
44943				    3.0	
44954				    3.0	
44965				    3.5	
44976				    7.1	
44988				    7.1	
44999				    7.1	
45010				    7.6
45021				    7.9
45032				    7.1
45043				    6.9
45053				    7.2
45065				    7.2
45076				    8.2
45087				    8.0
45098				    7.9
45109				    7.7
45120				    7.7
45131				    7.6
45142				    8.0
45153				    8.2
45164				    8.0
45175				    7.7
45186				    7.6
45197				    7.4
45208				    7.5
45218				    7.8
45229				    8.2
45240				    8.2
45251				    8.0
45262				    7.8
45273				    7.5
45285				    7.9
45296				    8.3
45308				    8.6
45319				    8.6
45329				    8.9
45340				    7.8
45351				    7.7
45362				    7.5
45373				    8.1
45384				    8.3
45395				    8.3
45406				    7.3
45417				    7.0
45428				    7.0
45440				    6.9
45451				    6.7
45461				    8.0
45469				    8.0
45477				    7.9
45485				    7.8
45493				    7.8
45501				    7.9
45509				    7.8
45517				    7.8
45525				    7.8
45533				    7.0
45542				    7.0
45550				    6.2
45558				    6.2
45567				    6.0
45575				    5.4
45583				    5.3
45591				    5.1
45598				    4.9
45607				    4.6
45615				    4.6
45623				    4.6
45631				    4.3
45640				    4.3
45648				    4.3
45656				    4.5
45664				    4.5
45672				    4.5
45681				    4.5
45689				    4.7
45697				    5.1
45705				    5.1
45713				    5.1
45721				    5.1
45729				    5.1
45737				    5.4
45745				    5.7
45753				    5.8
45761				    5.9
45769				    6.0
45777				    6.6
45785				    7.1
45793				    7.2
45801				    7.2
45809				    7.2
45817				    6.8
45826				    6.8
45834				    6.6
45842				    6.3
45850				    6.3
45858				    6.3
45866				    6.3
45874				    6.6
45882				    6.6
45890				    6.4
45898				    6.4
45906				    6.4
45915				    6.4
45923				    6.4
45931				    6.3
45938				    6.2
45946				    6.2
45954				    5.9
45963				    5.6
45974				    5.5
45985				    5.4
45996				    5.5
46007				    5.4
46018				    5.4
46029				    5.3
46040				    5.4
46051				    5.4
46062				    5.3
46072				    5.2
46083				    5.1
46094				    5.3
46105				    5.2
46116				    5.3
46127				    5.2
46138				    6.0
46149				    6.2
46160				    6.5
46171				    7.5
46182				    7.5
46193				    9.0
46204				    9.1
46216				    9.1
46227				    8.9
