12614				    10
12624				    10
12635				    10
12646				    10
12657				    17
12668				    20
12679				    20
12690				    24
12701				    36
12712				    40
12722				    40
12733				    49
12745				    49
12755				    50
12766				    50
12778				    51
12788				    52
12799				    52
12810				    53
12821				    53
12832				    54
12843				    55
12854				    55
12865				    55
12876				    57
12887				    57
12898				    58
12909				    58
12920				    59
12931				    60
12941				    61
12952				    61
12963				    62
12974				    63
12985				    64
12996				    64
13006				    65
13017				    66
13028				    66
13040				    67
13051				    68
13061				    69
13072				    69
13083				    69
13094				    69
13105				    69
13116				    73
13127				    73
13138				    73
13149				    73
13160				    74
13171				    75
13182				    76
13193				    76
13204				    77
13215				    78
13226				    80
13237				    80
13247				    81
13258				    83
13269				    84
13280				    84
13291				    84
