893				    2.4	
904				    2.4	
915				    2.4	
928				    2.4	
938				    2.9	
949				    4.6	
960				    4.6	
971				    4.6	
982				    6.8	
993				    10.1	
1004				    10.1	
1015				    10.1	
1026				    13.3	
1037				    18.6	
1048				    18.6	
1059				    24.1	
1070				    26.4	
1081				    25.6	
1093				    32.4	
1104				    32.4	
1115				    33.8	
1126				    47.3	
1137				    55.2	
1148				    51.9	
1160				    47.8	
1170				    48.1	
1182				    57.6	
1193				    59.5	
1204				    51.4
1215				    46.9
1225				    40.5
1236				    38.5
1247				    34.6
1258				    17.6
1269				    15.8
1280				    12.5
1291				    7.2
1302				    3.3
1313				    1.4
1325				    20.7
1335				    22.4
1346				    24.5
1357				    24.5
1368				    24.5
