11545				    24.001
11557				    24.001
11568				    24.001
11579				    24.001
11590				    7.241
11602				    5.433
11613				    5.433
11624				    6.22
11635				    3.079
11646				    1.461
11658				    1.364
11669				    1.355
11681				    1.568
11692				    1.142
11703				    1.09
11714				    0.706
11726				    0.976
11737				    0.821
11748				    1.277
11760				    1.342
11771				    2.279
11783				    2.644
11794				    0.551
11805				    0.986
11816				    1.847
11827				    5.014
11839				    0.449
11850				    4.38
11861				    1.452
11872				    1.671
11883				    1.671
11894				    1.671
11906				    22.652
11917				    0.437
11928				    4.609
11939				    4.609
11950				    8.744
11962				    9.506
