4664				    10
4675				    10
4686				    10
4697				    10
4708				    20
4719				    20
4730				    20
4741				    27
4752				    29
4763				    40
4774				    43
4785				    49
4796				    49
4807				    50
4818				    50
4829				    52
4839				    53
4850				    53
4861				    53
4872				    53
4883				    54
4894				    55
4905				    56
4917				    56
4927				    57
4938				    58
4949				    59
4960				    59
4971				    60
4981				    61
4992				    62
5003				    63
5014				    64
5025				    64
5036				    65
5047				    66
5058				    67
5069				    67
5079				    69
5090				    70
5101				    71
5113				    72
5124				    73
5135				    74
5145				    75
5157				    76
5168				    77
5179				    78
5190				    79
5201				    79
5213				    82
5224				    82
5235				    83
5246				    84
5257				    84
