89				    53.993
97				    53.993
105				    53.993
113				    53.993
122				    53.993
129				    53.993
137				    51.263
146				    51.131
154				    51.131
162				    51.131
170				    51.131
178				    47.771
186				    45.469
194				    48.389
202				    48.389
210				    48.389
218				    48.389
226				    48.389
234				    48.389
242				    55.919
250				    66.588
258				    68.511
267				    71.785
278				    72.691
289				    72.691
299				    72.691
311				    72.691
322				    72.691
333				    72.691
344				    83.894
354				    92.243
365				    103.205
376				    104.275
387				    104.275
398				    104.275
409				    104.275
420				    104.275
431				    104.275
442				    104.275
453				    104.275
463				    104.275
474				    104.275
485				    104.275
496				    104.275
507				    104.275
518				    104.275
529				    178.85
540				    184.654
551				    197.826
563				    198.907
574				    207.033
585				    209.218
596				    212.281
607				    212.281
618				    212.281
629				    212.281
640				    212.281
651				    212.281
662				    212.281
674				    155.957
685				    133.63
696				    124.773
706				    125.045
717				    114.215
728				    105.742
739				    100.402
750				    80.849
761				    80.849
772				    80.251
783				    87.714
794				    88.532
805				    88.532
816				    88.532
827				    88.532
838				    88.532
849				    88.532
860				    88.532
871				    88.532
882				    88.532
893				    136.366
904				    134.31
915				    127.369
926				    127.369
937				    127.369
948				    127.369
959				    112.642
970				    86.288
982				    74.75
993				    74.664
1004				    74.664
1015				    74.664
1026				    74.664
1036				    74.664
1047				    78.264
1058				    84.754
1069				    93.843
1080				    93.25
1091				    93.25
1102				    93.25
1113				    93.25
1124				    91.371
1135				    84.501
1146				    80.198
1157				    79.156
1168				    79.291
1179				    79.291
1189				    78.348
1200				    73.43
1211				    72.366
1222				    67.442
1233				    67.736
1244				    67.736
1255				    67.736
1266				    72.498
1277				    74.874
1288				    75.418
1299				    76.193
1310				    77.924
1321				    83.475
1332				    83.475
1343				    83.475
1354				    83.475
1365				    90.591
1376				    93.549
1386				    94.883
1398				    91.67
1409				    91.67
