508				    5.371
516				    20.105
524				    5.52
533				    20.105
541				    2.787
549				    20.105
557				    4.71
565				    20.105
573				    4.71
581				    20.105
589				    4.71
597				    20.105
605				    4.71
613				    13.347
621				    2.805
629				    8.859
637				    2.294
646				    8.859
657				    3.25
668				    8.859
679				    3.25
690				    8.859
701				    3.25
712				    7.46
723				    3.25
734				    7.46
744				    3.25
756				    7.46
767				    4.034
778				    6.182
788				    4.034
799				    6.182
810				    4.034
821				    6.899
832				    4.034
843				    1.757
854				    4.533
865				    4.755
875				    3.661
886				    2.26
897				    4.531
908				    2.946
919				    8.288
930				    2.129
941				    8.288
952				    2.135
963				    1.331
974				    4.581
985				    0.577
996				    0.747
1007				    5.523
1018				    4.825
1029				    6.554
1040				    1.508
1051				    5.181
1062				    2.467
1073				    2.663
				    2.255
				    1.69
				    2.286
				    2.03
				    2.322
				    2.03
				    2.322
				    2.03
				    2.322
				    2.03
				    18.745
				    8.604
				    6.609
				    5.791
				    8.059
				    5.791
				    9.608
				    9.369
				    10.641
				    1.328
				    10.647
				    1.328
				    1.174
				    3.285
				    1.033
				    2.494
				    3.635
				    1.656
				    4.739
				    1.656
				    0.439
				    4.845
				    4.18
				    4.845
				    2.815
				    2.03
				    0.298
				    2.248
				    1.516
				    4.156
				    3.108
				    4.079
				    3.108
				    3.864
				    3.673
				    1.463
				    1.789
				    2.445
				    1.055
				    3.598
				    2.153
				    2.978
				    2.924
				    1.351
				    1.262
				    0.917
				    0.81
