12276				    3.1	
12287				    3.1	
12298				    3.1	
12309				    3.1	
12320				    3.1	
12331				    3.1	
12342				    3.9	
12353				    3.9	
12364				    3.9	
12375				    3.9	
12386				    6.5	
12397				    8.0	
12408				    8.3	
12419				    8.3	
12430				    13.1	
12441				    13.6	
12452				    14.5	
12463				    16.6
12474				    19.2
12485				    19.2
12496				    19.2
12507				    16.3
12518				    15.4
12529				    14.4
12540				    13.9
12551				    16.8
12562				    20.2
12573				    19.7
12584				    19.7
12595				    15.8
12606				    13.1
12617				    14.4
12628				    14.5
12639				    17.2
12650				    18.1
12661				    18.0
12672				    16.8
12683				    15.8
12694				    16.0
12705				    18.7
12716				    17.0
12727				    15.0
12738				    14.5
12749				    12.9
12760				    12.9
12771				    13.2
12782				    13.9
12793				    13.9
12804				    13.7
12815				    13.8
12826				    13.1
12837				    13.0
12848				    13.2
12859				    13.5
12870				    14.1
12881				    14.1
12892				    14.3
12903				    14.3
12915				    13.4
12926				    13.8
12937				    16.1
12948				    17.9
12959				    18.5
12970				    18.3
