4862				    53.181
4873				    53.181
4884				    53.181
4895				    53.181
4906				    46.395
4917				    45.684
4928				    45.684
4939				    40.918
4949				    39.897
4960				    46.44
4971				    49.246
4982				    49.338
4993				    49.831
5004				    45.864
5015				    45.665
5026				    39.095
5037				    40.747
5048				    46.905
5060				    47.456
5071				    48.733
5082				    46.379
5093				    44.879
5104				    46.87
5115				    46.87
5127				    49.686
5137				    53.748
5150				    60.2
5161				    70.762
5172				    89.792
5184				    98.633
5195				    93.764
5205				    97.399
5216				    95.008
5227				    97.651
5238				    100.018
5249				    90.172
5261				    77.657
5272				    59.44
5283				    44.414
5294				    44.335
5305				    48.325
5316				    52.764
5327				    65.056
5337				    73.209
5349				    73.209
5359				    73.209
5371				    69.058
5382				    69.058
5393				    69.058
5404				    69.058
5415				    69.058
5426				    69.058
