10906				    37.977
10917				    37.977
10928				    37.977
10939				    37.977
10950				    37.977
10960				    37.977
10971				    37.977
10982				    45.395
10993				    71.3
11004				    71.3
11015				    57.437
11026				    57.437
11037				    39.441
11047				    38.977
11058				    38.259
11069				    36.791
11080				    36.178
11091				    36.344
11102				    36.621
11113				    36.645
11125				    37.747
11135				    38.429
11146				    36.29
11157				    41.17
11168				    38.408
11179				    42.205
11190				    45.136
11200				    41.116
11208				    40.647
11216				    43.775
11224				    44.941
11232				    52.857
11240				    51.61
11248				    54.721
11256				    58.224
11263				    66.979
11271				    70.003
11279				    73.672
11287				    76.203
11295				    83.558
11303				    96.533
11311				    97.144
11319				    92.896
11327				    88.377
11335				    80.405
11343				    74.354
11351				    70.06
11359				    65.303
