31322				    1.7	
31333				    1.7	
31344				    1.7	
31355				    1.7	
31365				    1.7	
31376				    2.0	
31387				    2.8	
31398				    2.8	
31409				    2.8	
31419				    2.8	
31430				    3.6	
31441				    6.7	
31452				    6.9	
31463				    6.9	
31474				    7.4
31485				    7.0
31496				    6.4
31507				    6.3
31517				    6.1
31528				    6.7
31539				    6.7
31550				    6.7
31561				    6.5
31571				    6.6
31582				    6.6
31593				    7.0
31604				    7.0
31615				    7.0
31625				    6.9
31636				    6.4
31647				    6.3
31658				    6.3
31668				    5.4
31679				    6.0
31690				    6.0
31701				    6.0
31712				    5.6
31723				    6.0
31733				    6.0
31744				    6.0
31755				    6.1
31766				    6.1
31777				    6.5
31788				    6.4
31799				    6.4
31810				    6.5
31821				    6.3
31832				    6.2
31842				    6.2
31853				    5.3
31864				    5.3
31875				    5.3
31886				    5.3
31897				    5.3
31908				    5.3
31918				    5.3
31929				    5.3
31940				    4.2
31951				    4.2
31961				    4.2
31972				    4.1
31983				    4.1
31994				    4.9
32005				    4.9
32016				    5.1
32027				    5.1
32038				    4.8
32048				    4.8
32059				    4.6
32070				    4.9
32081				    5.2
32092				    5.6
32102				    5.7
32113				    5.7
32124				    5.7
32135				    5.7
32146				    5.7
32157				    5.7
32167				    5.5
32178				    5.6
32189				    6.2
32200				    6.3
32211				    6.3
32222				    6.6
32232				    7.0
32243				    6.9
32254				    6.9
32265				    6.9
32276				    6.1
32286				    6.0
32297				    6.0
32308				    5.8
32319				    6.1
32330				    6.3
32340				    6.3
32351				    6.3
32362				    6.2
32373				    6.2
32384				    6.2
32394				    6.1
32405				    6.3
32416				    6.6
32427				    6.4
32438				    6.3
32449				    6.9
32460				    7.0
32470				    7.0
32481				    6.4
32492				    6.3
32503				    6.3
32513				    6.0
32524				    6.0
32535				    6.0
32546				    6.1
32557				    6.1
32568				    5.7
32579				    6.1
32590				    6.1
32601				    6.1
32611				    5.7
32622				    6.1
32633				    6.2
32644				    6.3
32655				    6.3
32666				    6.6
32677				    7.0
32688				    7.0
32699				    6.8
32709				    6.9
32720				    7.7
32731				    7.7
32742				    7.9
32752				    8.3
32763				    9.7
32774				    9.7
32785				    9.7
32795				    9.0
32806				    9.0
