11574				    80.021
11585				    80.021
11596				    80.021
11607				    80.021
11618				    80.021
11629				    65.757
11640				    65.757
11651				    67.375
11662				    67.375
11673				    67.375
11684				    61.196
11695				    61.196
11706				    57.366
11717				    57.366
11728				    60.9
11739				    60.87
11750				    62.125
11761				    65.773
11772				    66.137
11783				    71.138
11794				    70.061
11805				    70.061
11816				    76.327
11827				    76.327
11838				    75.995
11849				    77.051
11860				    83.317
11871				    87.092
11882				    87.092
11893				    92.052
11904				    105.378
11915				    105.378
11926				    108.304
11937				    110.403
11948				    113.548
11959				    113.548
11970				    116.053
11981				    124.323
11992				    127.479
12003				    127.479
12014				    141.434
12025				    141.294
12036				    140.619
12047				    136.02
12058				    132.414
12069				    135.461
12080				    135.803
12091				    138.428
12102				    142.239
12113				    141.474
12124				    141.2
12135				    142.545
12146				    142.545
12157				    145.78
12168				    140.151
12179				    140.151
12190				    141.282
12201				    141.719
12212				    140.227
12223				    140.227
12234				    137.016
12245				    137.016
12256				    136.687
12267				    133.542
12278				    133.542
12289				    127.142
12300				    128.678
12311				    128.678
12322				    121.315
12333				    121.938
12343				    122.065
12354				    124.185
12365				    132.159
12376				    132.159
12387				    133.333
12398				    136.823
12410				    136.527
12421				    136.527
12431				    138.494
12442				    138.926
12453				    141.781
12464				    141.781
12475				    146.752
12486				    147.451
12497				    146.013
12508				    147.014
12519				    147.014
12530				    153.549
12541				    152.368
12552				    152.368
12562				    152.368
12573				    164.617
12584				    159.538
12595				    157.732
12606				    157.732
12617				    157.747
12628				    153.707
12639				    149.165
12650				    149.165
12661				    142.496
12671				    129.486
12683				    125.417
12694				    111.186
12705				    111.186
12715				    108.891
12726				    100.361
12737				    100.361
12748				    100.467
12759				    100.404
12770				    101.01
12781				    101.01
12792				    101.01
12803				    105.862
12813				    109.419
12824				    107.239
12835				    105.642
12847				    105.642
12858				    110.507
12869				    110.771
12879				    111.009
12891				    111.146
12901				    111.146
12912				    109.541
12923				    107.586
12935				    107.586
12946				    108.934
12957				    108.524
12968				    108.869
12978				    108.894
12989				    110.032
13000				    111.628
13011				    114.525
13022				    115.052
13033				    115.052
13044				    118.601
13055				    109.314
13066				    109.342
13077				    110.05
