6779				    2.3	
6787				    2.3	
6795				    2.3	
6803				    2.3	
6812				    2.7	
6820				    5.3	
6828				    5.3	
6837				    5.3	
6845				    5.3	
6853				    6.7	
6861				    8.4	
6869				    10.4	
6877				    10.4	
6885				    10.4	
6892				    11.2	
6901				    13.9	
6909				    15.0	
6917				    15.0	
6926				    15.0	
6934				    12.4	
6942				    12.3	
6950				    19.7	
6958				    19.7	
6966				    28.2	
6974				    29.7	
6982				    33.1	
6990				    33.0	
6998				    32.0	
7006				    35.7	
7014				    37.6	
7022				    30.3
7031				    41.0
7041				    30.3
7053				    23.4
7064				    13.8
7075				    5.7
7087				    1
7098				    1
7108				    1
7120				    24.4
7131				    24.4
7142				    26.4
7153				    28.7
7164				    32.6
7175				    28.9
7186				    23.0
7197				    19.8
7209				    16.5
7220				    15.7
7231				    18.1
7242				    19.6
7253				    18.7
7264				    17.5
7275				    21.2
7286				    26.6
7297				    23.6
7308				    24.7
7319				    24.7
