445				    18.446
456				    18.446
467				    18.446
478				    18.446
489				    4.938
500				    5.654
511				    5.654
522				    1.329
533				    1.105
544				    1.105
555				    1.105
566				    1.047
577				    2.178
588				    2.501
599				    2.98
610				    2.649
621				    0.761
632				    0.868
643				    6.886
654				    3.025
665				    1.256
676				    1.488
687				    1.488
698				    3.952
709				    4.454
720				    4.476
731				    4.476
742				    2.783
753				    3.191
764				    3.191
775				    3.953
785				    5.621
796				    2.32
807				    2.58
818				    2.005
829				    2.187
840				    1.995
851				    2.98
861				    1.868
872				    1.868
883				    9.233
894				    4.851
905				    2.178
916				    2.522
926				    2.512
937				    3.614
948				    3.128
959				    1.581
970				    2.161
981				    2.231
992				    2.231
1003				    1.288
1013				    1.535
1024				    2.77
1035				    2.554
1046				    4.79
1056				    4.79
1067				    4.79
1078				    16.723
1089				    16.492
1100				    17.46
1111				    17.46
1122				    18.843
1133				    16.331
1144				    10.28
1155				    5.415
