9045				    99.163
9053				    99.163
9061				    99.163
9069				    99.163
9077				    99.163
9085				    99.163
9093				    88.226
9102				    69.371
9110				    69.371
9118				    69.371
9126				    69.371
9134				    69.371
9142				    69.371
9149				    69.371
9157				    63.213
9165				    62.385
9173				    68.18
9181				    68.18
9190				    68.18
9198				    55.849
9205				    54.839
9213				    55.117
9221				    55.117
9229				    55.117
9237				    68.262
9245				    53.328
9253				    53.328
9261				    53.328
9269				    53.328
9277				    57.948
9285				    57.948
9293				    72.159
9304				    79.354
9315				    77.212
9325				    77.789
9337				    91.303
9348				    91.303
9359				    103.534
9370				    111.595
9381				    108.357
9392				    107.919
9403				    111.943
9414				    111.943
9424				    111.943
9435				    120.902
9446				    139.989
9457				    141.703
9468				    152.267
9478				    157.612
9489				    159.024
9500				    164.017
9511				    170.128
9522				    171.35
9533				    171.647
9543				    171.647
9554				    177.722
9565				    199.822
9576				    207.708
9587				    209.342
9597				    218.333
9608				    223.974
9619				    223.974
9630				    226.616
9640				    233.824
9651				    233.824
9662				    255.623
9673				    255.623
9683				    269.473
9696				    260.28
9707				    263.614
9717				    263.614
9728				    272.412
9739				    272.412
9750				    281.491
9761				    281.491
9773				    304.611
9783				    306.783
9794				    317.602
9807				    318.262
9817				    322.886
9829				    326.419
9840				    336.968
9851				    336.968
9862				    343.951
9873				    350.933
9884				    353.242
9895				    358.575
9906				    370.676
9917				    385.777
9928				    380.234
9939				    379.031
9949				    379.031
9960				    392.583
9972				    394.695
9983				    403.096
9994				    404.843
10004				    419.556
10015				    419.556
10026				    428.912
10037				    434.893
10048				    446.393
10059				    446.393
10070				    455.02
10080				    458.135
10091				    458.135
10102				    468.354
10113				    470.963
10124				    483.925
10136				    483.925
10147				    483.925
10158				    487.391
10169				    486.948
10179				    489.46
