26782				    10
26790				    10
26799				    10
26807				    10
26816				    10
26824				    10
26833				    15
26841				    15
26850				    18
26859				    18
26867				    18
26876				    18
26884				    18
26893				    19
26901				    19
26910				    23
26919				    24
26928				    28
26936				    28
26945				    28
26954				    28
26963				    28
26971				    28
26980				    28
26989				    28
26997				    28
27006				    30
27015				    30
27024				    32
27032				    32
27041				    32
27050				    34
27058				    39
27067				    39
27076				    42
27084				    42
27093				    44
27102				    44
27110				    44
27119				    44
27127				    44
27136				    44
27145				    44
27153				    49
27162				    49
27170				    49
27179				    57
27187				    61
27196				    63
27204				    65
27213				    73
27221				    77
27230				    77
27238				    79
27247				    79
27256				    79
27264				    81
27273				    81
27281				    85
27290				    85
27298				    91
27307				    91
27315				    106
27324				    108
27333				    108
27342				    108
27350				    108
27359				    110
27367				    110
27376				    112
27385				    116
27393				    116
27402				    122
27410				    122
27419				    122
27427				    122
27436				    122
27445				    122
27453				    122
27462				    122
27470				    124
27479				    124
27488				    124
27497				    126
27506				    126
27514				    126
27523				    126
27531				    126
27540				    126
27548				    126
27557				    126
27566				    126
27574				    126
27583				    126
27592				    126
27601				    126
27609				    126
27618				    126
27626				    126
27635				    126
27643				    126
27652				    126
27660				    126
27669				    126
27678				    126
27686				    126
27695				    126
27704				    126
27712				    126
27720				    126
27729				    126
27738				    126
27746				    126
27755				    126
27763				    126
27772				    126
27780				    126
27789				    126
27798				    126
27806				    126
27815				    126
27823				    126
27832				    126
27841				    126
27849				    126
27858				    126
27866				    126
27875				    126
27884				    126
27892				    126
27901				    126
27909				    126
27918				    88
27926				    88
27935				    88
27944				    88
27952				    88
27961				    88
27969				    88
27978				    88
27986				    88
27995				    88
28004				    88
28013				    88
28022				    88
28030				    88
28039				    88
28047				    88
28056				    88
28064				    88
28073				    88
28081				    88
