8940				    10
8951				    10
8962				    10
8973				    10
8984				    10
8995				    10
9006				    10
9017				    10
9027				    10
9038				    10
9049				    10
9060				    10
9071				    12
9081				    18
9092				    18
9103				    18
9114				    18
9125				    18
9135				    18
9147				    18
9157				    18
9168				    18
9179				    18
9190				    18
9201				    20
9212				    26
9223				    34
9233				    36
9245				    36
9255				    36
9266				    36
9277				    36
9288				    36
9299				    36
9310				    36
9321				    36
9332				    36
9343				    48
9353				    50
9364				    59
9376				    65
9387				    72
9398				    72
9408				    72
9419				    72
9430				    72
9441				    72
9452				    72
9463				    72
9474				    72
9485				    74
9496				    78
9506				    78
9517				    89
9528				    100
9539				    100
9550				    120
9560				    134
9571				    136
9582				    144
9593				    144
9604				    144
9615				    144
9625				    144
9636				    144
9647				    144
9658				    144
9669				    144
9680				    144
9691				    152
9701				    152
9712				    161
9723				    180
9734				    180
9745				    183
9755				    195
9766				    202
9777				    224
9788				    230
9799				    243
9810				    255
9821				    257
9832				    277
9843				    285
9854				    287
9865				    287
9876				    287
9887				    288
9898				    288
9909				    288
9919				    288
9930				    288
9941				    288
9952				    288
9963				    292
9974				    307
9985				    308
9996				    326
10007				    349
10018				    350
10029				    360
10040				    360
10051				    374
10062				    401
10073				    401
10083				    403
10094				    435
10105				    444
10116				    446
10127				    452
10138				    476
10149				    482
10160				    502
10171				    508
10182				    516
10193				    516
10204				    542
10214				    562
10225				    566
10236				    574
10247				    574
10258				    574
10269				    576
10280				    576
10291				    576
10301				    576
10312				    576
10323				    576
10334				    576
10345				    576
10356				    584
10367				    594
10377				    595
10388				    611
10399				    620
10410				    637
10421				    640
10432				    651
10443				    672
10454				    689
10465				    692
10476				    703
10487				    44
10498				    30
10509				    18
10520				    11
10531				    3
10542				    3
10552				    3
10563				    3
10574				    3
10585				    3
10596				    3
10607				    3
10617				    3
10628				    3
10639				    3
10650				    3
10661				    354
