11696				    10
11707				    10
11718				    10
11729				    14
11740				    20
11751				    20
11762				    20
11773				    27
11784				    40
11795				    40
11806				    40
11817				    56
11827				    73
11838				    80
11849				    95
11860				    112
11871				    128
11882				    173
11893				    180
11904				    205
11915				    227
11926				    270
11937				    286
11948				    320
11959				    327
11970				    294
11981				    268
11993				    259
12004				    244
12015				    238
12026				    132
12037				    94
12048				    48
12059				    41
12071				    166
12082				    166
12093				    166
12104				    166
12115				    166
12126				    166
