10146				    10
10157				    10
10168				    10
10179				    10
10190				    10
10201				    10
10212				    10
10223				    10
10234				    10
10245				    10
10256				    10
10267				    10
10278				    10
10289				    10
10300				    10
10311				    10
10322				    10
10333				    10
10344				    10
10354				    10
10365				    10
10376				    10
10387				    10
10397				    10
10408				    10
10419				    10
10430				    10
10441				    10
10452				    10
10463				    10
10474				    10
10485				    10
10495				    10
10506				    10
10517				    10
10528				    10
10539				    10
10549				    10
10560				    10
10571				    10
10582				    10
10593				    10
10604				    10
10615				    10
10626				    10
10637				    14
10648				    16
10659				    16
10670				    16
10681				    16
10691				    16
10702				    16
10713				    16
10724				    16
10735				    16
10746				    16
10756				    16
10767				    16
10778				    16
10789				    16
10800				    16
10811				    16
10822				    16
10833				    16
10843				    16
10854				    17
10865				    17
10876				    17
10886				    25
10897				    32
10908				    32
10919				    32
10930				    32
10941				    32
10951				    32
10962				    32
10973				    32
10984				    32
10995				    32
11006				    32
11017				    32
11028				    32
11038				    32
11049				    32
11060				    32
11071				    32
11082				    32
11093				    32
11104				    32
11114				    34
11125				    40
11136				    40
11147				    54
11158				    55
11170				    64
11180				    64
11191				    64
11202				    64
11213				    64
11223				    64
11234				    64
11245				    64
11256				    64
11267				    64
11278				    64
11289				    64
11300				    64
11311				    64
11321				    64
11332				    64
11343				    64
11355				    64
11366				    64
11377				    66
11388				    71
11399				    71
11409				    76
11420				    81
11431				    81
11442				    81
11453				    81
11464				    81
11475				    81
11486				    81
11497				    81
11507				    81
11518				    81
11529				    81
11540				    81
11551				    81
11562				    81
11573				    81
11584				    81
11595				    81
11605				    81
11616				    81
11627				    81
11638				    81
11649				    81
11660				    81
11671				    81
11681				    81
11692				    81
11703				    81
11714				    81
11725				    81
11735				    81
11746				    81
11757				    81
11768				    81
11779				    81
11790				    81
11801				    81
11811				    81
11823				    81
11834				    81
11845				    81
11856				    81
11867				    81
11877				    81
11888				    81
11899				    81
11910				    81
11921				    81
11932				    81
11943				    81
11954				    81
11965				    81
11976				    81
11987				    81
11998				    81
12009				    81
12019				    81
12031				    81
12042				    81
12053				    82
12064				    82
12075				    82
12086				    82
12097				    82
12108				    82
12119				    82
12130				    82
12141				    82
12152				    82
12163				    82
12174				    82
12184				    82
12195				    82
12206				    82
12217				    82
12228				    82
12239				    82
12250				    82
12261				    82
12272				    82
12283				    82
12294				    82
12305				    82
12316				    82
12327				    82
12338				    82
12349				    82
12359				    82
12370				    82
12381				    82
12392				    82
12403				    82
12414				    82
12424				    82
12435				    82
12446				    82
12457				    82
12468				    82
12479				    82
12490				    82
12500				    82
12511				    82
12522				    82
12533				    82
12544				    82
12555				    82
12565				    82
12576				    82
12587				    82
12598				    82
12609				    82
12620				    82
12631				    82
12642				    82
12652				    82
12664				    82
12674				    83
12685				    83
12696				    83
12707				    83
12718				    83
12729				    83
12740				    83
12751				    83
12761				    83
12772				    83
12785				    83
12795				    83
12806				    83
12817				    83
12828				    83
12839				    83
12850				    83
12861				    83
12872				    83
12882				    83
12893				    83
12904				    83
12915				    83
12926				    83
12936				    83
12947				    83
12959				    83
12969				    83
12980				    83
12991				    83
13002				    83
13013				    83
13023				    83
13034				    83
13045				    83
13056				    83
13067				    83
13078				    83
13089				    83
13099				    83
13110				    83
13121				    83
13132				    83
13143				    83
13154				    83
13165				    83
13176				    83
13187				    83
13198				    83
13209				    83
13220				    83
13230				    83
13241				    83
13252				    83
13263				    83
13274				    83
13285				    83
13296				    84
13307				    84
13318				    84
13328				    84
13339				    84
13350				    84
13361				    84
13372				    84
13383				    84
13395				    84
13405				    84
13417				    84
13428				    84
13438				    84
13449				    84
13460				    84
13471				    84
13481				    84
13492				    84
13503				    84
13514				    84
13525				    84
13536				    85
13547				    85
13558				    85
13569				    85
13580				    85
13591				    85
13602				    85
13613				    85
13624				    85
13634				    85
13645				    85
13656				    85
13668				    85
13678				    85
13689				    85
13700				    85
13710				    85
13721				    85
13732				    85
13743				    86
13754				    86
13765				    86
13776				    86
13786				    86
13797				    86
13809				    86
13819				    86
13830				    86
13841				    86
13852				    86
13863				    86
13874				    86
13884				    86
13895				    86
13906				    86
13916				    87
13928				    87
13939				    87
13950				    87
13961				    87
13972				    87
13982				    87
13993				    87
14004				    87
14015				    87
14026				    87
14037				    87
14049				    87
14060				    87
14072				    87
14082				    88
14093				    88
14104				    88
