3761				    1
3772				    1
3783				    1
3794				    1
3805				    1
3816				    1
3827				    1
3838				    1
3849				    1
3860				    1
3871				    1
3882				    1
3893				    1
3904				    1
3915				    1
3926				    1
3937				    1
3948				    1
3959				    1
3969				    1
3980				    1
3991				    1
4002				    1
4013				    1
4024				    1
4035				    1
4046				    1
4057				    1
4068				    1
4079				    1
4090				    1
4101				    1
4112				    1
4123				    1
4134				    1
4145				    1
4156				    1
4166				    1
4177				    1
4188				    1
4199				    1
4210				    1
4222				    1
4233				    1
4244				    1
4255				    1
4266				    1
4277				    1
4287				    1
4298				    1
4309				    1
4320				    1.2	
4331				    1.2	
4342				    1.3	
4353				    1.3	
4364				    1.3	
4375				    1.3	
4386				    1.3	
4397				    1.3	
4407				    1.3	
4418				    1.3	
4429				    1.3	
4441				    1.3	
4450				    1.3	
4458				    1.3	
4467				    1.3	
4475				    1.3	
4483				    1.3	
4492				    1.3	
4500				    1.3	
4508				    1.3	
4516				    1.3	
4524				    1.3	
4532				    1.3	
4540				    1.3	
4548				    1.3	
4557				    1.3	
4565				    1.5	
4573				    1.5	
4581				    1.5	
4589				    2.1	
4597				    2.2	
4605				    3.0	
4612				    3.0	
4621				    3.0	
4628				    3.0	
4637				    3.0	
4648				    3.0	
4659				    3.0	
4670				    3.0	
4681				    3.0	
4692				    3.0	
4703				    3.0	
4714				    3.0	
4725				    3.0	
4736				    3.0	
4747				    3.0	
4758				    3.0	
4769				    3.0	
4780				    3.0	
4792				    3.0	
4803				    3.0	
4813				    3.0	
4824				    3.0	
4835				    3.0	
4846				    3.0	
4856				    3.0	
4867				    3.0	
4878				    3.4	
4889				    4.2	
4900				    4.5	
4911				    4.6	
4922				    5.0	
4933				    5.0	
4944				    5.1	
4955				    5.1	
4966				    5.1	
4977				    5.1	
4988				    5.1	
4999				    5.1	
5010				    5.1	
5021				    5.1	
5032				    5.1	
5043				    5.1	
5054				    5.1	
5065				    5.1	
5076				    5.1	
5087				    5.1	
5098				    5.1	
5109				    5.1	
5120				    5.1	
5130				    5.1	
5141				    5.1	
5152				    5.1	
5163				    5.1	
5174				    5.1	
5185				    5.2	
5195				    5.3	
5206				    5.2
5217				    5.2
5228				    5.2
5239				    4.9
5250				    4.9
5261				    4.8
5272				    4.8
5283				    4.8
5295				    4.7
5306				    4.7
5317				    4.7
5328				    4.7
5339				    4.7
5349				    4.7
5360				    4.7
5371				    4.7
5382				    4.7
5393				    4.7
5404				    4.7
5414				    4.7
5425				    4.7
5436				    4.7
5447				    4.7
5458				    4.7
5469				    4.7
5480				    4.7
5491				    4.7
5502				    4.7
5513				    4.7
5523				    4.7
5534				    4.7
5546				    4.7
5557				    4.7
5567				    4.7
5578				    4.6
5589				    4.6
5600				    4.4
5611				    4.4
5622				    4.3
5633				    4.3
5644				    4.2
5655				    4.3
5667				    4.3
5678				    4.3
5689				    4.3
5700				    4.3
5711				    4.3
5722				    4.3
5733				    4.3
5744				    4.3
5755				    4.3
5765				    4.2
5777				    4.2
5788				    4.2
5799				    4.2
5810				    4.2
5821				    4.2
5832				    4.2
5843				    4.2
5854				    4.2
5865				    4.2
5877				    4.2
5887				    4.2
5898				    4.2
5909				    4.2
5920				    4.2
5931				    4.2
5942				    4.2
5953				    4.2
5964				    4.2
5974				    4.2
5985				    4.2
5996				    4.2
6007				    4.2
6018				    4.1
6029				    4.2
6040				    4.2
6051				    4.2
6062				    4.2
6073				    4.2
6084				    4.2
6095				    4.1
6106				    4.1
6117				    4.1
6127				    4.1
6138				    4.1
6149				    4.1
6160				    4.1
6171				    4.1
6183				    4.1
6193				    4.1
6204				    4.1
6215				    4.1
6226				    4.1
6237				    4.1
6248				    4.1
6260				    4.1
6270				    4.1
6281				    4.0
6292				    4.0
6303				    4.0
6314				    4.0
6325				    4.0
6336				    4.0
6346				    4.0
6357				    4.0
6368				    4.0
6379				    4.0
6390				    4.0
6401				    4.0
6412				    4.0
6422				    4.0
6433				    4.0
6444				    4.1
6455				    4.0
6466				    4.0
6477				    4.0
6488				    4.0
6499				    4.0
6510				    4.0
6522				    4.0
6533				    4.0
6545				    4.0
6555				    4.0
6566				    4.0
6577				    3.9
6588				    3.9
6600				    3.9
6611				    3.9
6622				    3.9
6633				    3.9
6644				    3.9
6655				    3.9
6665				    3.9
6677				    3.9
6688				    3.9
6699				    3.9
6710				    3.9
6721				    3.9
6732				    3.9
6743				    3.9
6754				    3.9
6765				    3.9
6776				    3.9
6788				    3.9
6799				    3.9
6810				    3.9
6821				    3.9
6832				    3.9
6843				    3.9
6855				    3.9
6866				    3.9
6877				    3.9
6888				    3.9
6899				    3.9
