0				    1.9	
9				    1.9	
17				    1.9	
25				    1.9	
33				    1.9	
41				    1.9	
49				    2.3	
57				    3.5	
66				    3.5	
74				    3.5	
82				    3.5	
90				    4.5	
98				    5.2	
106				    5.2	
114				    7.4	
122				    8.0	
130				    8.0	
137				    11.1	
146				    11.1	
154				    11.1	
162				    11.1	
170				    10.9	
178				    12.5	
187				    12.5	
195				    12.5	
203				    12.5	
211				    12.5	
219				    20.3	
228				    22.7	
236				    22.7	
244				    21.6	
252				    21.6	
260				    19.2	
268				    19.1	
276				    18.0	
284				    18.0	
292				    18.0	
300				    18.0	
309				    18.4	
317				    19.2	
324				    18.8	
332				    18.9	
340				    18.2	
348				    18.1	
356				    17.8	
364				    17.4	
372				    18.6	
380				    18.7	
388				    18.9	
396				    18.9	
403				    20.0	
412				    20.0	
420				    19.8	
428				    19.8	
436				    19.7	
444				    19.8	
452				    19.8	
461				    19.8	
469				    19.8	
477				    19.8	
486				    19.6	
494				    19.5	
502				    18.4	
510				    18.4	
518				    17.4	
526				    17.1	
537				    17.9	
548				    17.9	
559				    18.6	
570				    18.4	
580				    18.3	
591				    18.5	
602				    18.5	
613				    18.6	
624				    19.2	
635				    19.2	
646				    18.8	
657				    18.6	
668				    18.8	
679				    18.8	
690				    19.0	
700				    19.0	
711				    19.1	
722				    20.0	
733				    20.2	
743				    20.2	
754				    20.2	
765				    20.2	
775				    20.2	
786				    20.2	
797				    20.2	
808				    19.4	
819				    19.2	
830				    18.5	
841				    18.5	
852				    18.2	
863				    18.0	
873				    18.0	
884				    17.8	
895				    17.7	
906				    18.0	
918				    18.0	
929				    18.1	
940				    18.0	
951				    17.9	
961				    18.1	
973				    18.1	
984				    18.0	
994				    18.2	
1006				    18.3	
1017				    18.5	
1029				    18.5	
1040				    18.8	
1051				    18.8	
1062				    18.8	
1073				    19.4	
1084				    19.4	
1095				    19.4	
1106				    19.5	
1116				    19.5	
1127				    19.5	
1138				    19.1	
1149				    19.1	
1160				    19.6	
1170				    19.6	
1181				    19.5	
1193				    19.5	
1204				    19.7	
1215				    19.7	
1225				    19.7	
1236				    19.5	
1247				    19.5	
1258				    19.6	
1269				    19.6	
1280				    19.4	
1291				    18.4
1301				    18.0
1313				    17.5
1323				    17.5
1334				    17.4
1345				    17.3
1356				    17.2
1367				    17.2
1378				    17.2
1389				    17.2
1400				    17.2
1412				    17.2
1422				    17.2
1433				    17.2
1444				    17.2
1455				    16.7
1466				    16.1
1477				    16.1
1488				    15.9
1499				    15.6
1510				    15.1
1521				    15.1
1532				    15.1
1543				    14.9
1554				    14.5
1566				    14.4
1577				    14.4
1587				    13.7
1598				    13.4
1609				    13.3
1620				    13.2
1631				    12.9
1642				    12.9
1653				    12.9
1664				    12.5
1675				    12.0
1687				    11.8
1698				    11.6
1709				    11.6
1720				    11.2
1731				    10.9
1742				    10.9
1753				    10.4
1763				    10.0
1774				    10.0
1786				    9.8
1797				    9.4
1808				    9.2
1819				    8.5
1830				    8.3
1841				    7.9
1852				    7.8
1863				    7.8
1874				    6.9
1885				    6.9
1897				    6.5
1908				    6.4
1919				    6.4
1930				    6.0
1941				    6.0
1952				    5.6
1963				    5.3
1974				    5.3
1985				    5.1
1996				    4.2
2006				    4.2
2017				    4.2
2028				    4.1
2039				    4.0
2051				    4.0
2063				    6.5
2073				    6.5
2084				    6.5
2095				    6.5
2106				    6.5
2117				    6.5
2128				    6.5
2139				    6.8
2150				    7.0
2161				    7.2
2171				    8.8
2183				    9.4
2194				    10.0
2205				    10.2
2215				    10.3
2226				    10.4
2237				    10.4
2248				    10.4
2259				    10.1
2270				    10.0
2282				    9.8
2293				    9.6
2303				    9.6
2315				    9.4
2326				    9.3
2337				    9.2
2348				    8.9
2358				    8.9
2370				    8.7
2380				    8.6
2391				    8.6
2403				    8.6
2413				    8.5
2424				    8.3
2435				    8.3
2446				    8.1
2457				    7.9
2469				    7.5
2480				    7.4
2491				    7.4
2502				    7.2
2513				    6.8
2525				    6.8
2536				    6.8
2547				    6.6
2558				    6.6
2569				    6.4
2579				    6.4
2591				    6.2
2602				    6.0
2613				    6.0
2623				    6.0
2634				    6.0
2645				    6.0
2656				    6.0
2667				    6.0
2678				    6.0
2689				    5.8
2700				    5.7
2712				    5.7
2722				    5.7
2733				    5.7
2744				    5.1
2755				    5.1
2765				    5.1
2774				    4.8
2782				    5.4
2790				    5.4
2798				    5.4
2806				    5.3
2814				    5.3
2822				    5.2
2830				    5.3
2838				    5.3
2846				    5.3
2854				    5.3
2862				    5.3
2871				    5.3
2878				    5.3
2886				    5.3
2895				    5.3
2903				    5.7
2910				    5.8
2918				    18.8
2926				    18.8
2934				    20.6
2942				    21.0
2950				    24.5
2958				    25.0
2966				    27.1
2974				    27.8
2982				    27.8
2990				    26.5
2999				    25.4
3006				    25.4
3014				    24.2
3023				    24.1
3030				    25.3
3038				    25.3
3047				    26.2
3058				    26.2
3068				    29.0
3079				    30.0
3090				    30.1
3101				    30.6
3111				    28.6
3122				    28.3
3133				    25.9
3144				    25.8
3155				    23.4
3167				    21.7
3178				    20.0
3189				    20.0
3200				    18.4
3211				    17.0
3223				    16.9
3234				    15.7
3245				    14.8
3256				    14.8
3267				    14.8
3278				    12.7
3290				    12.7
3301				    12.7
3312				    11.5
3323				    10.9
3334				    10.9
3345				    9.9
3356				    9.7
3367				    9.7
3378				    8.8
3390				    8.8
3401				    8.3
3412				    8.1
3423				    7.9
3434				    7.9
3445				    7.8
3455				    7.7
3462				    7.7
3469				    7.7
3476				    7.4
3482				    7.4
3489				    7.4
3495				    7.4
3502				    7.4
3509				    7.0
3515				    7.0
3522				    7.0
3528				    6.8
3535				    6.8
3541				    6.8
3548				    6.6
3554				    6.5
3561				    6.5
3568				    6.2
3575				    6.2
3581				    6.2
3588				    6.1
3594				    6.0
3601				    5.8
3607				    5.8
3614				    5.8
3620				    5.8
3627				    5.8
3633				    5.8
3640				    5.8
3647				    5.8
3654				    5.7
3660				    5.7
3666				    5.7
3673				    5.7
3680				    5.7
3687				    5.6
3694				    5.6
3700				    5.6
3707				    5.6
3713				    5.6
3720				    5.6
3726				    5.6
3733				    5.5
3739				    5.5
3746				    5.5
3752				    5.5
3759				    5.4
3765				    5.4
3772				    5.4
3778				    5.4
3786				    5.2
3793				    5.2
3801				    5.2
3812				    4.8
3823				    4.7
3834				    4.7
3845				    4.6
3856				    4.6
3867				    4.6
3878				    4.7
3890				    4.6
3901				    4.6
3911				    9.0
3922				    9.1
3933				    9.2
3944				    9.2
3955				    9.7
3966				    9.9
3977				    9.9
3988				    10.9
3999				    11.4
4010				    13.2
4021				    13.2
4032				    14.7
4043				    15.0
4054				    17.4
4065				    17.4
4076				    17.1
4087				    16.5
4098				    15.8
4109				    15.5
4120				    14.2
4131				    13.3
4141				    12.9
4152				    12.7
4164				    11.8
4175				    10.5
4186				    9.9
4197				    9.9
4208				    9.5
4219				    9.4
4230				    8.8
4241				    8.8
4252				    8.8
4263				    8.2
4273				    8.2
4284				    8.2
4295				    7.6
4306				    7.7
4317				    7.7
4328				    6.8
4339				    6.8
4350				    6.4
4362				    6.3
4373				    6.1
4384				    6.2
4395				    5.9
4407				    5.6
4417				    5.2
4429				    5.2
4439				    4.9
4450				    4.8
4461				    4.6
4472				    4.6
4483				    4.5
4494				    4.5
4505				    4.4
4517				    4.4
4528				    4.4
4539				    4.4
4550				    4.3
4561				    4.8
4571				    5.1
4582				    5.1
4593				    5.4
4604				    5.8
4615				    5.9
4626				    7.4
4637				    8.1
4648				    8.4
4659				    11.5
4669				    11.6
4680				    11.4
4691				    11.6
4702				    11.9
4713				    12.0
4724				    12.0
4734				    11.9
4745				    11.9
4756				    11.9
4767				    10.8
4778				    10.8
4789				    10.7
4800				    11.3
4811				    11.3
4822				    11.4
4833				    11.0
4844				    11.0
4855				    10.7
4866				    10.8
4876				    11.5
4887				    11.5
4898				    11.3
4910				    11.3
4920				    11.2
4931				    11.0
4942				    11.0
4953				    11.3
4964				    11.6
4975				    11.4
4986				    11.5
4997				    11.4
5007				    11.4
5018				    11.3
5029				    11.0
5040				    10.8
5051				    10.8
5062				    10.9
5072				    10.6
5083				    10.6
5094				    10.4
5105				    10.4
5116				    10.4
5127				    10.3
5138				    10.1
5149				    10.1
5160				    10.0
5171				    9.7
5182				    9.7
5193				    9.2
5204				    9.2
5215				    8.5
5226				    8.4
5237				    7.8
5247				    7.8
5258				    7.8
5270				    7.4
5280				    7.0
5291				    6.9
5302				    6.9
5314				    6.7
5325				    6.5
5336				    6.3
5347				    6.1
5358				    6.1
5368				    6.1
5379				    6.1
5391				    5.9
5402				    5.6
5412				    5.6
5423				    5.6
5434				    5.4
5445				    5.4
5456				    5.3
5467				    5.2
5478				    5.2
5489				    5.1
5500				    5.1
5510				    5.0
5521				    5.0
5532				    5.0
5543				    5.2
5554				    5.2
5565				    5.2
5576				    5.1
5588				    5.2
5599				    5.3
5609				    5.4
5620				    5.8
5631				    5.9
5642				    6.3
5653				    6.3
5664				    6.3
5675				    6.6
5686				    6.6
5697				    6.6
5708				    6.8
5719				    6.8
5730				    6.8
5741				    6.8
5752				    6.7
5763				    6.6
5773				    6.5
5784				    6.3
5795				    6.3
5807				    6.2
5818				    6.1
5829				    6.1
5840				    6.0
5851				    6.0
5862				    5.9
5873				    5.8
5884				    5.9
5895				    5.8
5906				    6.0
5917				    6.4
5927				    6.7
5938				    6.7
5949				    6.7
5960				    7.3
5971				    8.9
5982				    9.0
5993				    10.6
6004				    11.1
6014				    11.9
6025				    11.9
6037				    11.8
6048				    11.7
6059				    11.1
6070				    11.0
6081				    11.5
6092				    11.8
6102				    11.7
6113				    11.5
6124				    11.0
6135				    11.0
6147				    10.4
6158				    10.3
6169				    10.2
6180				    10.2
6190				    10.5
6202				    10.5
6213				    10.3
6223				    10.2
6235				    10.1
6245				    10.1
6256				    10.0
6267				    10.7
6278				    11.2
6289				    10.9
6300				    10.8
6310				    10.5
6321				    10.5
6332				    10.5
6343				    9.7
6354				    9.5
6365				    9.5
6376				    10.2
6387				    10.5
6398				    10.4
6409				    10.4
6420				    10.4
6431				    10.0
6442				    9.7
6453				    9.8
6464				    9.8
6475				    10.0
6486				    10.7
6496				    10.6
6507				    10.5
6518				    10.5
6529				    10.4
6540				    10.1
6551				    11.2
6562				    11.2
6573				    11.2
6583				    10.7
6595				    10.7
6605				    10.5
6616				    10.5
6627				    10.6
6638				    10.7
6649				    10.7
6660				    10.5
6671				    10.5
6683				    10.5
6694				    10.4
6705				    10.9
6716				    10.9
6727				    10.8
6738				    11.0
6749				    11.4
6759				    11.6
6770				    11.6
6781				    11.3
6792				    11.1
6803				    11.2
6814				    11.4
6825				    11.6
6836				    11.6
6847				    11.5
6858				    11.6
6869				    11.4
6880				    11.3
6891				    11.0
6902				    10.6
6913				    10.6
6924				    10.8
6934				    10.9
6945				    10.9
6956				    10.6
6967				    10.6
6978				    10.4
6989				    10.4
7000				    9.6
7010				    9.7
7021				    9.7
7032				    9.7
7043				    9.7
7054				    9.9
7065				    9.9
7076				    9.7
7087				    9.5
7098				    9.5
7109				    9.4
7120				    9.4
7131				    9.9
7142				    10.1
7152				    10.0
7163				    9.8
7174				    9.7
7185				    9.7
7196				    9.6
7207				    9.5
7218				    9.8
7228				    9.8
7240				    9.7
7251				    9.9
7262				    10.0
7272				    10.2
7283				    10.2
7294				    9.6
7305				    9.6
7316				    9.1
7327				    9.4
7337				    9.4
7348				    9.4
7359				    9.6
7370				    9.6
7381				    9.7
7391				    9.5
7402				    9.5
7413				    9.5
7424				    9.2
7435				    9.3
7446				    9.3
7457				    9.3
7468				    9.6
7479				    9.6
7490				    9.3
7500				    9.2
7511				    8.9
7522				    8.8
7533				    9.0
7544				    9.0
7556				    9.0
7567				    9.1
7578				    9.3
7589				    9.4
7601				    9.4
7612				    9.6
7623				    9.7
7633				    9.7
7644				    10.1
7655				    10.1
7666				    10.1
7677				    10.0
7689				    10.0
7699				    9.7
7711				    9.9
7722				    10.1
7733				    10.2
7744				    10.2
7755				    10.5
7766				    10.3
7777				    10.3
7788				    10.0
7798				    10.0
7809				    10.1
7820				    10.2
7831				    11.0
7841				    11.0
7852				    11.1
7863				    11.2
7874				    11.2
7885				    10.5
7896				    10.4
7907				    10.5
7918				    10.7
7929				    10.8
7940				    10.9
7951				    10.7
7961				    10.4
7972				    10.5
7983				    10.5
7994				    10.5
8005				    10.0
8016				    10.6
8026				    10.7
8037				    10.8
8048				    10.7
8059				    10.6
8070				    10.5
8081				    10.4
8092				    10.2
8102				    10.3
8113				    10.2
8124				    10.4
8135				    10.4
8146				    10.4
8157				    10.6
8168				    10.7
8179				    10.4
8190				    10.4
8201				    10.3
8212				    10.4
8223				    10.4
8234				    10.4
8245				    10.4
8256				    10.5
8267				    10.5
8277				    10.6
8288				    10.3
8299				    10.5
8310				    10.3
8321				    10.4
8332				    10.2
8344				    10.5
8354				    10.6
8365				    10.6
8376				    10.4
8387				    10.4
8398				    10.9
8409				    10.9
8419				    10.6
8430				    10.6
8441				    10.6
8452				    10.7
8463				    10.7
8474				    10.5
8485				    10.9
8496				    11.0
8506				    11.2
8517				    11.3
8528				    11.3
8539				    11.3
8550				    11.1
8561				    11.4
8572				    11.4
8583				    11.4
8594				    11.1
8605				    11.5
8616				    12.1
8627				    12.1
8638				    11.3
8649				    10.9
8660				    11.3
8671				    11.3
8682				    11.2
8693				    11.2
8704				    11.4
8715				    11.0
8726				    11.0
8737				    11.4
8748				    11.4
8759				    10.7
8769				    10.5
8780				    10.2
8791				    10.4
8802				    10.7
8813				    10.6
8825				    10.4
8836				    10.4
8847				    10.1
8858				    10.1
8869				    9.9
8880				    9.5
8891				    9.5
8903				    9.2
8913				    9.2
8924				    9.2
8935				    9.4
8946				    9.7
8957				    9.7
8968				    9.3
8978				    9.2
8990				    9.3
9000				    9.4
9012				    9.4
9022				    9.8
9033				    9.8
9044				    9.9
9055				    9.9
9066				    10.0
9077				    10.1
9088				    10.2
9099				    10.2
9109				    9.8
9120				    10.2
9131				    10.3
9142				    10.3
9153				    10.2
9164				    10.1
9175				    10.1
9186				    10.1
9197				    10.7
9208				    10.7
9219				    11.2
9229				    11.4
9241				    11.8
9251				    12.0
9262				    11.7
9273				    11.5
9285				    12.1
9296				    12.0
9307				    12.0
9318				    12.0
9329				    11.7
9340				    12.1
9350				    11.9
9361				    11.7
9372				    11.6
9383				    11.6
9394				    11.7
9405				    12.0
9416				    12.0
9427				    11.9
9438				    12.1
9449				    11.9
9460				    12.0
9471				    12.1
9482				    12.1
9493				    12.3
9504				    12.3
9515				    12.0
9526				    12.0
9537				    12.1
9548				    12.0
9559				    12.2
9569				    12.3
9580				    12.3
9591				    12.0
9602				    12.0
9613				    11.9
9623				    11.8
9634				    11.9
9645				    11.9
9656				    11.8
9667				    11.4
9678				    11.3
9689				    10.7
9700				    10.7
9711				    11.0
9722				    10.8
9733				    10.8
9744				    10.8
9755				    10.4
9766				    10.2
9778				    10.6
9789				    10.6
9799				    10.6
9810				    10.5
9821				    10.5
9832				    10.5
9843				    10.4
9854				    10.3
9865				    10.4
9876				    10.4
9887				    10.2
9897				    11.0
9908				    11.2
9919				    11.2
9931				    11.1
9942				    10.5
9953				    10.6
9964				    10.6
9975				    10.5
9987				    10.4
9997				    10.4
10008				    10.0
10019				    10.0
10030				    9.8
10041				    9.9
10052				    9.7
10063				    9.7
10074				    9.8
10085				    9.5
10096				    10.2
10107				    10.2
10118				    10.0
10129				    10.0
10139				    9.7
10152				    9.6
10163				    9.6
10174				    9.6
10185				    9.5
10195				    9.4
10206				    9.4
10217				    9.4
10228				    9.2
10240				    8.9
10251				    8.8
10262				    8.8
10273				    8.8
10284				    7.8
10295				    7.8
10306				    7.8
10317				    7.7
10328				    7.7
10338				    7.5
10349				    7.3
10360				    7.3
10371				    7.3
10381				    7.3
10392				    7.2
10403				    7.2
10414				    7.1
10426				    7.1
10437				    7.1
10448				    7.1
10459				    6.9
10470				    6.9
10481				    6.9
10492				    6.6
10503				    6.6
10514				    6.6
10525				    6.5
10536				    6.5
10547				    6.1
10558				    6.1
10569				    6.1
10580				    6.1
10591				    6.0
10602				    5.9
10613				    5.9
10624				    6.1
10634				    6.1
10645				    6.1
10657				    6.0
10667				    6.0
10678				    6.0
10689				    6.1
10700				    6.0
10710				    6.0
10721				    6.0
10732				    5.9
10743				    5.8
10755				    5.8
10766				    5.8
10777				    5.8
10788				    5.8
10799				    5.7
10809				    5.7
10820				    5.7
10832				    5.7
10843				    5.7
10853				    5.7
10864				    5.4
10875				    5.4
10886				    5.4
10897				    5.4
10908				    5.4
10919				    5.2
10930				    5.2
10941				    5.2
10952				    5.2
10963				    4.8
10974				    4.7
10985				    4.4
10996				    4.4
11007				    4.4
11018				    4.4
11029				    4.4
11040				    4.4
11051				    4.4
11062				    4.4
11073				    4.3
11083				    4.3
11095				    4.3
11106				    4.3
11117				    4.2
11128				    4.2
11139				    4.2
11150				    4.2
11161				    4.1
11171				    4.1
11182				    4.1
11193				    4.1
11204				    4.1
11215				    4.1
11226				    4.1
11237				    4.0
11248				    4.0
11259				    4.0
11270				    4.0
11281				    4.4
11292				    4.5
11303				    4.7
11314				    4.7
11325				    4.7
11336				    5.0
11347				    5.1
11359				    5.1
11370				    5.1
11381				    5.3
11392				    5.7
11402				    5.7
11413				    6.6
11424				    7.1
11435				    9.4
11446				    11.6
11457				    11.8
11467				    12.7
11478				    12.9
11489				    13.0
11500				    12.7
11511				    13.1
11521				    12.7
11532				    12.7
11543				    12.7
11554				    11.6
11565				    11.7
11576				    11.7
11587				    11.8
11598				    12.0
11609				    12.0
11620				    12.0
11631				    12.1
11642				    12.1
11652				    12.3
11663				    13.0
11674				    12.9
11685				    13.2
11696				    13.5
11707				    13.4
11717				    13.0
11728				    13.0
11739				    13.0
11750				    13.0
11762				    13.1
11772				    13.2
11784				    12.7
11795				    12.7
11806				    12.4
11817				    12.1
11828				    12.2
11839				    12.3
11849				    11.8
11861				    11.2
11872				    11.2
11883				    11.2
11895				    11.2
11906				    10.6
11917				    9.8
11928				    9.9
11939				    10.1
11950				    10.0
11961				    9.7
11974				    9.7
11985				    9.1
11996				    8.5
12006				    8.5
12017				    8.0
12028				    7.8
12039				    8.0
12050				    8.0
12061				    7.9
12072				    8.2
12083				    8.2
12094				    8.3
12105				    8.9
12116				    9.0
12127				    9.0
12138				    9.0
12150				    8.9
12161				    8.9
12172				    8.9
12182				    8.9
12193				    9.0
12205				    9.2
12215				    9.2
12226				    9.6
12237				    9.5
12248				    9.4
12259				    9.7
12270				    9.6
12281				    9.5
12291				    9.3
12302				    9.4
12313				    9.4
12324				    9.3
12335				    9.3
12346				    9.3
12357				    9.1
12368				    9.0
12379				    9.0
12390				    9.0
12401				    8.6
12412				    8.5
12423				    8.5
12434				    8.5
12445				    8.5
12455				    8.4
12466				    8.4
12478				    8.3
12489				    8.2
12500				    8.2
12511				    8.3
12522				    8.3
12533				    8.3
12544				    8.3
12554				    8.2
12565				    8.2
12577				    8.2
12588				    8.1
12599				    8.1
12610				    8.1
12621				    8.1
12631				    8.1
12642				    7.4
12653				    7.4
12664				    7.2
12674				    7.2
12685				    7.0
12696				    7.0
12707				    7.0
12718				    7.0
12728				    6.6
12739				    6.6
12750				    6.6
12761				    6.0
12772				    6.0
12783				    5.9
12794				    5.9
12805				    5.9
12815				    5.8
12827				    5.8
12838				    5.9
12848				    5.9
12859				    5.9
12870				    5.8
12881				    5.8
12893				    5.7
12904				    5.7
12915				    5.7
12925				    5.7
12936				    5.6
12947				    5.6
12958				    5.6
12969				    5.6
12980				    5.6
12991				    5.6
13002				    5.6
13013				    5.5
13024				    5.5
13035				    5.5
13046				    5.5
13058				    5.5
13068				    5.5
13080				    5.5
13091				    5.4
13102				    5.4
13113				    5.3
13124				    5.3
13135				    5.3
13146				    5.3
13157				    5.3
13168				    4.9
13178				    4.8
13186				    4.6
13194				    4.6
13202				    4.5
13210				    4.5
13218				    4.5
13226				    4.5
13234				    4.4
13242				    4.4
13250				    4.4
13257				    4.4
13265				    4.4
13273				    4.4
13281				    4.3
13292				    4.3
13303				    4.3
13315				    4.2
13325				    4.2
13336				    4.2
13347				    4.2
13358				    4.2
13369				    4.2
13380				    4.2
13391				    4.2
13402				    4.2
13413				    4.0
13424				    4.0
13434				    4.3
13445				    4.3
13456				    5.8
13467				    5.8
13478				    6.5
13489				    6.5
13500				    6.8
13511				    6.8
13522				    7.0
13533				    7.1
13543				    7.1
13554				    7.2
13565				    7.2
13576				    7.6
13587				    8.3
13598				    8.3
13609				    9.6
13620				    10.9
13630				    11.5
13641				    11.5
13652				    11.8
13662				    12.4
13673				    12.7
13684				    12.7
13695				    12.6
13706				    12.6
13717				    12.5
13728				    13.0
13739				    13.0
13750				    13.2
13761				    13.1
13772				    13.1
13782				    12.6
13793				    12.9
13804				    12.9
13815				    12.8
13826				    12.8
13837				    13.0
13848				    13.0
13859				    12.9
13870				    12.9
13881				    12.8
13892				    12.3
13903				    12.1
13914				    12.1
13925				    12.4
13936				    12.4
13946				    12.7
13957				    12.7
13969				    12.1
13979				    12.1
13990				    12.0
14001				    12.1
14012				    12.5
14023				    12.6
14034				    12.7
14045				    12.7
14055				    12.5
14066				    12.6
14077				    12.6
14088				    12.6
14099				    12.3
14110				    12.0
14121				    12.4
14131				    12.4
14142				    12.9
14154				    12.8
14165				    12.2
14176				    11.9
14187				    11.6
14198				    11.6
14209				    11.7
14220				    12.1
14231				    11.9
14242				    11.9
14253				    11.4
14264				    11.4
14275				    11.4
14286				    10.9
14297				    11.0
14308				    11.1
14319				    11.0
14330				    11.2
14340				    11.2
14351				    11.1
14362				    11.0
14373				    11.0
14384				    10.5
14395				    10.4
14406				    10.3
14417				    10.4
14428				    10.3
14438				    10.3
14449				    10.3
14460				    10.2
14471				    10.2
14482				    10.1
14493				    9.7
14504				    9.7
14515				    9.6
14526				    9.5
14537				    9.5
14548				    9.5
14559				    9.6
14569				    9.6
14580				    9.5
14591				    9.6
14602				    9.6
14613				    9.5
14624				    9.5
14635				    9.3
14646				    9.3
14657				    9.3
14668				    9.3
14679				    9.2
14690				    9.2
14702				    9.2
14713				    9.1
14724				    8.9
14735				    8.5
14746				    8.4
14757				    8.4
14768				    8.2
14779				    8.0
14790				    8.1
14801				    8.1
14812				    8.0
14823				    8.3
14834				    8.3
14845				    8.3
14856				    8.3
14867				    8.3
14878				    8.3
14889				    8.2
14900				    8.1
14911				    8.0
14922				    8.0
14933				    8.0
14944				    8.0
14955				    7.9
14965				    7.9
14976				    7.9
14987				    7.9
14998				    7.6
15009				    7.6
15020				    7.6
15031				    7.3
15042				    6.8
15053				    6.8
15064				    6.6
15075				    6.6
15085				    6.4
15096				    6.4
15107				    6.4
15118				    6.4
15129				    6.3
15140				    6.3
15150				    6.3
15161				    6.3
15172				    6.3
15184				    6.3
15195				    6.4
15206				    6.4
15217				    6.4
15228				    6.4
15239				    6.2
15250				    6.2
15261				    6.2
15272				    6.2
15283				    6.2
15294				    6.2
15304				    6.2
15315				    6.2
15327				    6.2
15337				    6.2
15349				    6.2
15360				    6.2
15371				    6.0
15382				    5.9
15393				    5.9
15405				    5.7
15416				    5.7
15427				    5.7
15438				    5.7
15449				    5.7
15460				    5.4
15471				    5.4
15482				    5.2
15493				    5.0
15504				    5.0
15515				    4.7
15527				    4.6
15537				    4.5
15548				    4.4
15559				    4.4
15570				    4.2
15581				    4.1
15592				    3.9
15603				    3.9
15614				    3.7
15626				    3.5
15636				    3.5
15647				    3.3
15658				    3.2
15669				    3.2
15680				    3.2
15691				    3.1
15702				    3.1
15713				    3.0
15723				    3.0
15734				    2.9
15745				    2.9
15756				    2.9
15767				    2.9
15779				    2.9
15790				    2.9
15801				    2.9
15812				    2.9
15823				    2.9
15834				    2.9
15845				    2.9
15857				    2.9
15868				    2.9
15879				    2.9
15890				    2.9
15901				    3.0
15912				    3.0
15923				    2.9
15934				    2.8
15945				    2.6
15956				    2.6
15967				    2.5
15978				    2.6
15989				    2.6
16000				    2.9
16011				    4.2
16022				    4.2
16033				    6.4
16044				    6.4
16055				    7.3
16066				    7.6
16076				    11.8
16087				    11.9
16099				    12.7
16110				    14.3
16121				    14.3
16132				    13.7
16143				    14.2
16155				    14.1
16165				    13.2
16177				    12.8
16188				    11.4
16198				    11.4
16209				    11.2
16220				    11.8
16231				    11.8
16243				    11.7
16253				    11.7
16264				    11.7
16276				    12.4
16287				    12.7
16298				    12.7
16309				    11.9
16320				    11.9
16331				    11.0
16342				    9.7
16352				    9.7
16363				    9.7
16374				    9.7
16385				    9.7
16396				    9.5
16407				    9.5
16418				    9.5
16429				    9.5
16440				    9.6
16451				    9.6
16462				    9.6
16473				    10.0
16484				    11.0
16495				    10.9
16506				    10.9
16517				    11.3
16528				    11.3
16539				    11.3
16550				    10.4
16561				    10.4
16572				    10.4
16583				    9.9
16593				    9.3
16604				    9.3
16616				    8.1
16627				    7.5
16638				    7.2
16648				    7.2
16659				    7.2
16670				    7.2
16681				    7.1
16693				    7.0
16704				    6.9
16714				    6.9
16726				    6.7
16737				    6.7
16748				    6.7
16759				    6.7
16769				    6.6
16781				    6.6
16791				    6.6
16802				    6.6
16813				    6.1
16824				    5.5
16835				    5.2
16846				    5.2
16857				    5.2
16868				    5.2
16879				    5.1
16890				    5.1
16900				    5.1
16911				    5.0
16922				    4.8
16933				    4.8
16944				    4.8
16955				    4.4
16965				    4.4
16976				    4.4
16987				    4.4
16998				    4.4
17009				    4.4
17020				    4.4
17031				    4.4
17042				    4.4
17053				    4.3
17063				    4.3
17074				    4.3
17085				    4.3
17096				    4.3
17107				    4.3
17118				    4.3
17130				    3.9
17141				    3.7
17152				    3.7
17163				    3.4
17174				    3.4
17184				    3.4
17195				    3.3
17206				    3.3
17217				    3.3
17228				    3.3
17239				    3.3
17250				    3.3
17261				    3.2
17272				    3.2
17282				    3.1
17293				    3.0
17304				    3.0
17315				    3.0
17326				    3.0
17337				    3.0
17349				    3.0
17360				    3.0
17371				    2.9
17383				    3.8
17393				    3.9
17405				    4.4
17416				    5.1
17427				    5.7
17438				    5.7
17449				    7.8
17459				    11.9
17471				    12.0
17481				    12.7
17493				    13.3
17504				    13.3
17515				    14.0
17526				    14.4
17536				    14.4
17547				    14.6
17558				    15.2
17569				    15.1
17580				    14.9
17591				    15.2
17601				    15.7
17613				    15.7
17624				    14.5
17635				    14.0
17646				    13.4
17657				    14.5
17668				    14.0
17679				    14.0
17690				    14.0
17700				    14.0
17711				    13.2
17722				    14.2
17733				    14.2
17744				    14.2
17754				    13.9
17765				    13.6
17777				    13.4
17787				    13.4
17798				    13.6
17809				    12.7
17820				    12.7
17831				    12.5
17842				    12.5
17853				    11.8
17864				    11.5
17875				    11.4
17886				    11.2
17897				    11.8
17907				    11.7
17918				    11.5
17929				    11.3
17940				    11.3
17951				    10.4
17962				    10.2
17973				    9.9
17983				    9.8
17994				    10.0
18006				    10.4
18016				    10.4
18027				    10.3
18038				    9.9
18049				    9.9
18060				    9.9
18071				    9.9
18082				    9.9
18093				    9.9
18104				    8.9
18116				    8.0
18127				    8.0
18137				    7.7
18148				    7.7
18159				    7.7
18170				    7.7
18181				    7.6
18193				    7.6
18204				    7.6
18214				    7.5
18225				    7.3
18236				    7.3
18247				    6.9
18258				    6.9
18268				    6.9
18279				    6.9
18290				    6.9
18301				    6.9
18312				    6.9
18323				    6.7
18334				    6.0
18345				    6.0
18356				    5.1
18367				    5.1
18378				    5.1
18390				    5.0
18401				    5.0
18412				    5.0
18422				    5.0
18433				    5.0
18444				    5.0
18455				    5.0
18466				    4.9
18477				    5.0
18488				    5.0
18499				    5.0
18509				    5.0
18520				    5.0
18531				    5.0
18542				    5.0
18553				    5.0
18564				    5.0
18575				    5.0
18586				    5.0
18597				    5.0
18608				    5.0
18618				    5.0
18630				    5.0
18641				    4.8
18651				    4.8
18662				    4.8
18673				    4.4
18684				    4.3
18696				    3.8
18707				    3.7
18717				    3.7
18728				    3.6
18739				    3.4
18750				    3.5
18761				    3.5
18772				    3.4
18783				    3.4
18793				    3.4
18804				    3.4
18815				    3.4
18826				    3.4
18837				    3.4
18848				    3.4
18859				    3.3
18870				    3.3
18881				    4.3
18892				    4.8
18902				    6.7
18913				    7.0
18924				    7.0
18935				    6.9
18946				    6.9
18957				    9.6
18968				    9.6
18978				    11.1
18989				    11.9
19000				    11.9
19011				    11.5
19021				    11.0
19032				    12.0
19043				    12.1
19053				    12.6
19064				    13.3
19075				    13.3
19086				    13.3
19097				    14.3
19108				    14.1
19119				    14.0
19130				    13.2
19141				    13.2
19151				    12.5
19162				    12.4
19173				    13.1
19184				    13.1
19195				    12.9
19206				    12.5
19216				    12.4
19227				    12.2
19238				    12.8
19249				    13.1
19261				    13.1
19271				    12.5
19282				    12.4
19293				    12.1
19304				    11.6
19315				    11.6
19326				    11.7
19336				    11.8
19347				    11.6
19358				    11.6
19369				    11.5
19380				    10.7
19391				    10.6
19402				    10.6
19413				    10.9
19424				    10.9
19435				    10.9
19446				    10.9
19456				    10.9
19467				    10.7
19479				    10.7
19489				    10.2
19500				    10.2
19511				    10.2
19522				    9.9
19534				    10.0
19545				    9.9
19556				    10.2
19566				    10.2
19577				    9.5
19588				    10.4
19599				    10.4
19610				    10.3
19621				    10.3
19631				    10.3
19642				    10.4
19653				    10.4
19664				    9.9
19675				    9.1
19686				    9.1
19697				    9.1
19708				    8.7
19719				    8.5
19730				    7.9
19741				    7.3
19752				    7.2
19763				    7.2
19774				    7.1
19785				    6.7
19796				    6.7
19807				    6.3
19818				    6.3
19829				    6.2
19840				    6.2
19852				    6.2
19863				    6.2
19874				    6.2
19885				    6.1
19896				    6.1
19907				    5.7
19918				    5.7
19929				    5.7
19940				    5.6
19951				    5.6
19962				    5.6
19973				    5.5
19984				    5.5
19995				    5.5
20006				    4.9
20017				    4.9
20028				    4.9
20039				    4.9
20050				    4.9
20061				    5.0
20071				    5.0
20082				    5.0
20093				    5.0
20104				    5.0
20116				    5.0
20127				    5.0
20137				    5.0
20148				    5.0
20159				    5.0
20170				    4.6
20181				    4.6
20192				    4.6
20203				    4.6
20214				    4.4
20225				    4.4
20236				    4.4
20247				    4.1
20258				    4.1
20269				    4.1
20280				    3.9
20291				    3.9
20303				    3.9
20314				    3.9
20324				    3.9
20336				    3.8
20347				    3.8
20358				    3.8
20369				    3.7
20380				    3.6
20391				    3.6
20402				    3.6
20415				    3.7
20426				    3.7
20437				    3.7
20449				    3.7
20460				    3.7
20471				    3.7
20482				    3.7
20492				    3.7
20503				    3.7
20514				    3.7
20525				    3.6
20536				    3.6
20547				    3.6
20558				    3.6
20569				    3.6
20580				    3.5
20592				    3.5
20603				    3.5
20614				    3.4
20625				    3.5
20636				    4.2
20646				    4.5
20657				    4.5
20668				    4.6
20679				    4.9
20690				    4.9
20701				    4.9
20711				    7.3
20722				    10.4
20733				    10.4
20744				    10.4
20755				    10.4
20765				    10.4
20776				    12.2
20787				    12.2
20798				    12.4
20809				    13.4
20820				    13.4
20831				    14.0
20841				    16.6
20852				    16.6
20863				    16.4
20874				    15.3
20885				    15.1
20896				    15.7
20907				    15.7
20918				    13.2
20928				    14.4
20940				    14.4
20951				    14.5
20962				    14.5
20973				    13.2
20984				    14.4
20995				    14.9
21006				    15.3
21017				    15.2
21028				    14.8
21038				    14.4
21049				    14.9
21060				    15.2
21071				    14.5
21083				    14.4
21094				    13.1
21105				    13.1
21116				    13.3
21127				    13.5
21138				    13.5
21149				    13.1
21160				    13.1
21170				    12.8
21181				    12.8
21192				    12.4
21203				    11.4
21214				    11.4
21225				    11.2
21237				    11.2
21248				    11.2
21259				    11.2
21270				    11.4
21281				    11.3
21293				    10.7
21304				    11.3
21315				    11.4
21327				    11.4
21338				    10.9
21349				    10.9
21360				    9.7
21371				    9.7
21382				    9.2
21393				    9.1
21404				    9.2
21415				    9.2
21426				    9.7
21437				    9.7
21450				    9.3
21461				    9.2
21472				    8.9
21483				    8.8
21494				    8.8
21505				    8.7
21516				    8.7
21527				    8.5
21537				    8.8
21545				    8.9
21553				    8.6
21561				    8.6
21569				    8.5
21577				    8.5
21585				    8.5
21593				    8.5
21601				    8.5
21610				    8.4
21618				    8.4
21626				    8.5
21634				    8.5
21642				    8.4
21650				    8.4
21658				    8.4
21666				    8.4
21674				    8.2
21683				    8.2
21691				    8.2
21699				    7.9
21707				    7.9
21715				    7.7
21723				    7.7
21731				    7.4
21739				    7.4
21747				    7.4
21755				    7.4
21764				    6.9
21772				    6.5
21780				    6.5
21788				    6.5
21796				    6.0
21804				    5.8
21812				    5.8
21819				    5.8
21827				    5.8
21835				    5.6
21843				    5.6
21851				    5.5
21859				    5.5
21868				    5.5
21876				    5.5
21884				    5.4
21892				    5.4
21900				    5.3
21908				    5.3
21917				    5.3
21928				    5.3
21939				    5.2
21950				    5.1
21961				    5.1
21972				    5.1
21983				    5.1
21994				    5.1
22005				    5.1
22016				    5.1
22027				    5.1
22038				    4.9
22050				    4.9
22061				    4.9
22072				    4.9
22083				    4.4
22094				    4.4
22105				    4.4
22116				    4.4
22127				    4.2
22138				    4.2
22149				    4.0
22160				    4.0
22171				    4.0
22182				    3.8
22194				    3.9
22205				    3.9
22216				    3.9
22226				    3.8
22237				    3.8
22248				    3.8
22260				    3.8
22271				    3.8
22282				    3.7
22293				    3.7
22304				    3.6
22315				    3.6
22326				    3.6
22337				    3.6
22348				    3.6
22360				    3.6
22371				    3.6
22382				    3.6
22393				    3.5
22404				    3.4
22415				    3.4
22426				    3.4
22437				    3.4
22448				    3.3
22459				    3.3
22470				    3.4
22480				    3.9
22491				    4.2
22502				    4.3
22513				    4.4
22524				    4.4
22535				    4.4
22546				    4.8
22557				    4.8
22568				    5.0
22579				    9.3
22590				    9.9
22601				    10.2
22612				    10.7
22623				    12.1
22634				    12.4
22644				    12.4
22655				    15.0
22666				    15.1
22678				    15.1
22689				    14.5
22700				    14.5
22711				    13.2
22722				    12.7
22733				    13.0
22744				    13.0
22755				    13.4
22766				    13.3
22777				    12.8
22788				    12.8
22799				    12.7
22810				    12.5
22821				    13.5
22832				    13.5
22843				    13.2
22854				    12.6
22865				    12.6
22876				    12.6
22887				    12.0
22898				    11.8
22909				    11.8
22920				    11.9
22931				    11.9
22942				    11.7
22953				    11.7
22964				    12.2
22975				    12.2
22986				    12.2
22997				    13.2
23008				    13.2
23018				    13.2
23029				    12.5
23040				    12.9
23051				    12.9
23062				    12.6
23073				    12.6
23084				    12.7
23095				    12.7
23106				    12.4
23117				    12.0
23128				    12.0
23139				    11.6
23150				    11.3
23161				    11.3
23172				    11.3
23183				    11.3
23194				    10.3
23204				    9.6
23215				    9.5
23226				    9.4
23237				    9.4
23248				    9.0
23259				    9.0
23269				    8.9
23280				    9.0
23291				    9.0
23302				    9.1
23313				    9.1
23324				    9.1
23335				    9.1
23344				    9.1
23352				    9.1
23359				    9.1
23366				    8.9
23377				    8.7
23388				    8.7
23399				    8.5
23410				    8.5
23421				    8.5
23432				    8.4
23443				    8.7
23454				    8.5
23466				    8.5
23477				    8.4
23487				    8.4
23496				    8.4
23504				    8.4
23512				    8.4
23520				    8.4
23528				    8.4
23536				    8.4
23544				    8.4
23552				    8.4
23560				    8.4
23567				    8.4
23575				    8.4
23583				    8.4
23591				    8.4
23599				    8.1
23607				    8.1
23614				    7.0
23622				    6.5
23630				    6.6
23638				    6.6
23647				    6.4
23654				    6.4
23662				    6.4
23670				    6.2
23679				    6.2
23687				    6.2
23695				    6.3
23703				    6.3
23711				    6.3
23719				    6.3
23727				    6.3
23736				    6.3
23744				    6.2
23752				    6.2
23760				    6.1
23768				    6.1
23776				    6.1
23784				    6.1
23792				    6.1
23800				    6.1
23808				    6.1
23816				    6.1
23824				    6.1
23832				    6.1
23840				    6.1
23848				    6.1
23856				    6.1
23864				    6.1
23873				    6.1
23881				    6.1
23889				    6.1
23897				    6.1
23905				    6.1
23913				    6.1
23922				    6.1
23930				    5.6
23938				    5.6
23946				    5.6
23954				    5.4
23962				    5.4
23970				    5.4
23978				    5.4
23986				    5.4
23994				    5.0
24003				    4.3
24011				    4.3
24019				    4.3
24027				    4.3
24035				    4.1
24042				    4.1
24050				    4.1
24058				    4.1
24066				    4.1
24074				    4.1
24083				    4.1
24090				    4.1
24098				    4.1
24107				    4.1
24115				    4.1
24123				    4.1
24131				    4.0
24139				    4.0
24147				    4.0
24156				    4.0
24164				    4.0
24172				    4.0
24180				    4.0
24188				    3.9
24196				    3.9
24204				    4.9
24212				    4.9
24220				    4.9
24228				    5.4
24236				    6.3
24244				    6.4
24252				    6.6
24261				    6.6
24269				    6.7
24277				    6.7
24285				    6.9
24293				    6.9
24302				    6.9
24310				    6.7
24318				    6.6
24326				    6.6
24334				    6.4
24342				    6.4
24350				    7.6
24358				    7.6
24366				    8.2
24374				    8.2
24382				    8.2
24390				    8.7
24399				    8.9
24407				    8.9
24415				    8.9
24423				    8.8
24431				    8.7
24439				    8.8
24447				    8.8
24455				    8.8
24463				    8.8
24471				    8.5
24479				    8.6
24487				    8.6
24495				    8.7
24503				    8.7
24511				    9.2
24519				    9.2
24527				    9.2
24534				    9.8
24542				    10.4
24550				    10.4
24558				    11.4
24566				    11.5
24574				    12.1
24582				    13.4
24591				    13.5
24599				    14.1
24607				    14.1
24615				    14.7
24623				    14.5
24631				    15.6
24639				    15.6
24647				    15.4
24655				    14.9
24663				    14.0
24671				    14.0
24679				    13.9
24687				    13.9
24696				    14.1
24704				    14.0
24712				    14.1
24720				    14.1
24728				    13.5
24736				    13.7
24744				    13.8
24752				    13.7
24760				    13.7
24768				    13.4
24777				    13.1
24785				    13.7
24793				    13.8
24801				    13.6
24809				    13.4
24817				    13.0
24825				    13.0
24833				    12.9
24841				    13.6
24852				    13.7
24863				    12.7
24874				    13.1
24885				    13.6
24896				    13.6
24907				    13.0
24918				    13.0
24929				    12.0
24940				    11.1
24951				    11.2
24962				    11.4
24973				    11.4
24984				    10.9
24995				    10.9
25006				    11.3
25017				    11.3
25028				    10.5
25039				    10.3
25050				    10.3
25061				    10.2
25071				    10.1
25083				    10.1
25094				    9.9
25105				    9.4
25116				    9.3
25127				    8.8
25138				    8.3
25150				    8.2
25161				    8.1
25172				    8.1
25183				    8.1
25194				    7.7
25205				    7.6
25216				    7.7
25227				    7.9
25238				    7.9
25250				    7.9
25261				    7.9
25272				    7.9
25283				    7.7
25294				    7.7
25305				    7.7
25316				    7.7
25327				    7.2
25339				    7.1
25350				    7.1
25361				    6.9
25372				    6.9
25383				    6.9
25394				    6.9
25405				    6.3
25416				    6.3
25427				    6.4
25438				    6.7
25449				    6.9
25460				    6.9
25471				    6.8
25482				    6.7
25493				    6.7
25504				    6.7
25515				    6.7
25526				    6.7
25537				    6.7
25547				    6.7
25558				    6.7
25569				    6.7
25581				    6.7
25592				    6.4
25603				    6.4
25615				    6.2
25626				    6.2
25637				    6.8
25649				    6.8
25660				    6.7
25671				    6.4
25682				    6.4
25693				    6.3
25704				    6.3
25714				    6.3
25725				    6.4
25736				    6.4
25747				    6.3
25758				    6.2
25769				    6.2
25780				    6.1
25791				    6.1
25802				    6.3
25813				    7.1
25824				    7.8
25835				    8.7
25846				    8.8
25857				    8.9
25868				    9.0
25879				    9.0
25890				    8.8
25901				    8.7
25913				    8.7
25924				    8.8
25934				    9.0
25945				    9.0
25956				    9.0
25967				    9.0
25978				    9.0
25989				    8.9
26000				    8.9
26012				    8.9
26023				    8.3
26034				    8.2
26045				    8.2
26056				    7.8
26067				    7.6
26078				    7.1
26089				    6.9
26100				    6.9
26112				    6.7
26123				    6.4
26134				    6.3
26145				    6.3
26156				    6.4
26166				    6.3
26177				    6.2
26188				    6.2
26199				    6.0
26210				    5.8
26221				    5.8
26232				    5.5
26244				    5.5
26255				    5.4
26266				    5.4
26277				    5.4
26288				    5.4
26299				    5.4
26310				    5.4
26321				    5.4
26332				    5.4
26343				    5.3
26354				    5.3
26365				    5.3
26376				    5.4
26387				    5.4
26398				    5.4
26409				    5.6
26420				    5.6
26431				    5.6
26442				    5.6
26453				    5.5
26465				    5.5
26475				    5.5
26486				    5.5
26497				    5.8
26508				    5.9
26519				    6.2
26530				    7.1
26541				    7.1
26552				    10.9
26563				    11.1
26574				    11.3
26585				    12.9
26596				    12.9
26607				    12.7
26618				    12.7
26629				    12.8
26640				    13.3
26651				    14.7
26662				    14.7
26673				    14.0
26684				    13.5
26694				    13.7
26702				    13.7
26710				    14.1
26718				    14.5
26726				    16.3
26734				    16.2
26742				    15.8
26750				    15.6
26759				    14.6
26767				    14.6
26775				    14.2
26783				    14.0
26791				    13.7
26799				    13.7
26807				    14.0
26815				    14.0
26823				    14.0
26831				    13.8
26839				    13.5
26847				    13.4
26855				    13.6
26863				    13.6
26871				    13.5
26879				    13.8
26886				    13.8
26894				    13.5
26902				    13.5
26910				    13.5
26918				    12.6
26926				    12.6
26934				    12.4
26942				    12.5
26950				    13.0
26958				    13.3
26966				    13.2
26974				    13.2
26982				    13.1
26991				    13.0
26999				    12.4
27007				    12.5
27015				    12.3
27023				    12.2
27031				    12.1
27040				    12.1
27048				    13.1
27056				    13.1
27067				    12.8
27078				    12.5
27089				    11.9
27100				    11.9
27111				    11.8
27121				    11.5
27132				    11.4
27143				    11.7
27154				    11.5
27166				    11.4
27177				    11.3
27188				    11.0
27199				    11.0
27210				    10.8
27221				    10.6
27232				    10.6
27243				    10.6
27254				    9.7
27265				    9.7
27276				    9.5
27287				    9.5
27299				    9.3
27310				    9.5
27321				    9.5
27332				    9.5
27343				    9.4
27354				    9.4
27365				    9.7
27376				    9.7
27387				    9.7
27398				    9.7
27409				    9.7
27420				    9.4
27431				    9.4
27441				    9.4
27452				    9.4
27463				    9.4
27474				    8.3
27485				    8.1
27496				    8.0
27507				    7.7
27518				    7.8
27529				    7.7
27540				    7.6
27551				    7.6
27562				    7.6
27574				    7.6
27585				    7.6
27595				    7.6
27607				    7.6
27618				    7.6
27629				    7.6
27639				    7.6
27650				    7.6
27661				    7.6
27672				    7.6
27683				    7.6
27694				    7.6
27705				    7.4
27717				    7.4
27727				    7.1
27738				    7.1
27749				    7.1
27760				    7.1
27771				    6.7
27782				    6.4
27793				    6.4
27804				    5.7
27816				    5.6
27827				    5.6
27838				    5.4
27849				    5.4
27860				    5.4
27870				    5.3
27881				    5.3
27892				    5.4
27903				    5.4
27914				    5.4
27925				    5.2
27936				    5.2
27947				    5.1
27959				    5.1
27970				    5.1
27981				    5.1
27992				    5.1
28003				    5.1
28014				    5.1
28025				    5.1
28036				    5.1
28047				    5.1
28058				    5.1
28069				    5.1
28080				    5.1
28091				    5.1
28103				    5.1
28114				    5.1
28125				    5.1
28136				    5.1
28147				    5.1
28158				    4.7
28169				    4.7
28180				    4.8
28191				    4.8
28202				    4.8
28213				    4.8
28224				    4.9
28235				    4.9
28245				    4.9
28256				    4.9
28267				    4.9
28278				    4.9
28289				    5.0
28300				    7.4
28312				    7.4
28322				    8.9
28333				    8.9
28344				    8.9
28355				    10.6
28366				    10.8
28376				    11.8
28387				    12.6
28398				    12.6
28409				    12.4
28420				    12.9
28431				    13.5
28442				    13.4
28453				    13.2
28464				    13.2
28475				    14.4
28486				    14.3
28497				    14.3
28508				    14.2
28519				    13.2
28529				    13.2
28540				    13.7
28551				    13.7
28562				    13.6
28573				    13.7
28584				    13.7
28595				    13.9
28606				    13.8
28617				    13.1
28628				    13.2
28639				    13.1
28650				    13.7
28661				    13.7
28671				    13.1
28683				    13.3
28694				    13.0
28705				    12.7
28716				    12.6
28727				    12.6
28738				    12.6
28749				    12.6
28760				    12.1
28771				    11.8
28782				    11.8
28793				    11.6
28804				    11.5
28815				    11.5
28826				    11.4
28838				    12.0
28849				    12.1
28860				    12.2
28870				    12.2
28881				    12.2
28892				    12.1
28903				    12.2
28914				    12.2
28925				    12.1
28936				    12.0
28947				    12.0
28958				    11.2
28969				    11.1
28980				    11.7
28991				    11.7
29002				    11.7
29013				    10.6
29024				    11.1
29035				    11.2
29047				    11.2
29058				    10.7
29069				    10.8
29080				    10.8
29091				    10.8
29102				    10.8
29112				    10.8
29123				    9.9
29134				    9.4
29145				    9.4
29156				    9.4
29167				    9.7
29178				    9.6
29189				    9.4
29200				    9.9
29211				    9.9
29222				    9.9
29233				    8.8
29244				    9.0
29255				    9.1
29266				    9.1
29277				    9.1
29288				    8.9
29299				    8.8
29310				    8.8
29321				    8.8
29332				    8.8
29343				    8.8
29354				    8.4
29365				    8.3
29376				    8.3
29387				    7.7
29398				    7.3
29409				    7.3
29420				    7.0
29431				    7.0
29441				    7.0
29453				    7.0
29464				    7.0
29475				    6.9
29485				    6.8
29496				    6.8
29507				    6.8
29518				    6.8
29529				    6.6
29540				    6.4
29551				    6.4
29562				    6.4
29573				    6.4
29584				    6.4
29595				    6.2
29605				    6.2
29616				    6.2
29627				    6.2
29638				    6.2
29649				    6.2
29660				    6.2
29671				    6.2
29681				    6.2
29692				    6.2
29703				    6.2
29714				    6.2
29725				    6.2
29736				    6.0
29747				    6.0
29758				    6.0
29769				    6.0
29780				    5.7
29791				    5.4
29802				    5.1
29813				    5.0
29824				    4.7
29834				    4.6
29845				    4.6
29856				    4.5
29867				    4.5
29878				    4.5
29889				    4.5
29899				    4.5
29910				    4.6
29921				    4.6
29932				    4.6
29943				    4.6
29954				    4.5
29965				    4.5
29976				    4.5
29987				    4.5
29998				    4.5
30009				    4.5
30020				    4.5
30031				    4.5
30042				    4.5
30053				    4.5
30064				    4.3
30075				    4.3
30086				    4.3
30097				    4.3
30108				    4.3
30119				    4.2
30130				    4.2
30141				    4.2
30152				    4.2
30163				    4.2
30174				    4.3
30185				    4.5
30196				    4.5
