2329				    20.055
2339				    20.055
2350				    20.055
2361				    15.704
2372				    3.889
2383				    3.889
2394				    4.174
2405				    1.122
2417				    1.353
2428				    1.353
2439				    1.353
2450				    1.353
2461				    1.353
2473				    15.562
2484				    16.604
2495				    1.253
2506				    1.253
2517				    3.853
2529				    7.323
2540				    1.913
2551				    0.678
2562				    4.792
2573				    4.7
2584				    1.393
2595				    1.919
2607				    2.371
2618				    3.278
2629				    3.771
2641				    4.371
2652				    3.598
2663				    1.102
2675				    2.881
2686				    6.096
2698				    0.565
2709				    2.061
2720				    1.884
2732				    1.543
2743				    2.078
2754				    2.336
2765				    2.393
2776				    2.294
2787				    1.693
2798				    1.653
