41959				    33.447
41970				    33.447
41981				    33.447
41992				    33.447
42003				    33.447
42014				    21.335
42025				    3.97
42036				    3.97
42047				    3.97
42058				    3.97
42069				    3.97
42080				    0.324
42091				    0.324
42102				    0.324
42113				    0.324
42124				    0.324
42135				    0.874
42146				    0.935
42159				    0.935
42169				    0.935
42180				    3.252
42191				    2.946
42201				    4.112
42212				    8.724
42222				    10.429
42233				    10.429
42244				    10.429
42254				    4.53
42265				    3.26
42276				    4.51
42287				    2.814
42298				    2.814
42309				    2.814
42320				    3.322
42331				    1.918
42342				    3.906
42353				    3.906
42363				    9.54
42374				    8.468
42385				    6.616
42396				    6.616
42406				    7.837
42417				    7.686
42428				    5.429
42439				    5.429
42450				    5.429
42461				    2.369
42472				    2.123
42483				    2.222
42494				    5.8
42505				    4.139
42516				    4.139
42527				    4.139
42537				    11.745
42548				    7.127
42559				    5.967
42569				    5.967
42580				    8.803
42591				    7.29
42602				    7.911
42613				    9.318
42623				    9.318
42634				    9.574
42645				    6.187
42656				    6.677
42667				    6.677
42678				    7.028
42688				    5.659
42699				    5.894
42710				    3.255
42721				    4.158
42732				    4.381
42742				    4.381
42753				    3.981
42764				    3.063
42775				    6.784
42786				    6.784
42797				    6.422
42808				    6.422
42819				    5.941
42829				    5.941
42840				    9.201
42851				    10.418
42861				    8.493
42872				    8.783
42883				    8.954
42894				    9.779
42905				    6.2
42916				    4.77
42926				    2.921
42937				    2.921
42948				    2.921
42959				    6.447
42970				    6.447
42981				    6.286
42992				    8.976
43003				    9.026
43013				    5.596
43024				    3.917
43035				    3.834
43046				    4.282
43057				    2.151
43067				    2.151
43079				    2.341
43089				    2.341
43101				    2.457
43112				    4.832
43123				    8.125
43134				    2.405
43144				    2.405
43155				    9.558
43166				    8.668
43177				    3.713
43188				    4.722
43199				    9.075
43210				    6.716
43221				    5.154
43232				    6.461
43243				    6.461
43254				    6.544
43265				    3.735
43276				    4.287
43287				    3.385
43298				    5.024
43309				    5.024
43320				    4.069
43331				    3.77
43342				    3.033
43353				    4.929
43364				    4.929
43375				    3.029
43386				    7.275
43397				    3.463
43408				    3.463
