3923				    10
3934				    10
3945				    10
3956				    10
3966				    10
3977				    19
3988				    20
3999				    20
4011				    20
4022				    20
4033				    34
4044				    40
4055				    40
4066				    40
4077				    71
4088				    80
4099				    80
4110				    80
4121				    129
4132				    146
4143				    160
4155				    160
4166				    160
4176				    170
4188				    172
4199				    150
4209				    150
4220				    144
4231				    131
4242				    121
4253				    121
4264				    121
4275				    121
4286				    121
4297				    122
4308				    122
4319				    123
4330				    123
4342				    123
4352				    124
4363				    124
4375				    124
4386				    125
4397				    125
4408				    125
4419				    126
4430				    126
4441				    126
