30882				    1.7	
30890				    1.7	
30898				    1.7	
30906				    1.7	
30914				    1.7	
30923				    1.7	
30931				    1.7	
30939				    1.7	
30946				    1.7	
30954				    2.1	
30962				    2.1	
30970				    2.8	
30978				    2.8	
30986				    2.8	
30995				    3.2
31003				    4.0	
31011				    4.3	
31019				    4.9	
31027				    5.1	
31035				    7.6	
31043				    7.6	
31052				    11.7	
31059				    11.7	
31067				    11.7	
31075				    11.5	
31083				    12.9	
31091				    16.7	
31099				    16.7	
31108				    21.3	
31115				    21.3	
31123				    21.8	
31131				    22.1	
31139				    26.2	
31148				    26.2	
31156				    25.6	
31163				    24.9	
31171				    24.9	
31179				    25.3	
31187				    25.4	
31195				    25.2	
31203				    23.0	
31211				    22.8	
31219				    28.3	
31227				    28.3	
31235				    27.9	
31244				    27.9	
31252				    24.1	
31259				    24.3	
31267				    25.7	
31276				    25.7	
31284				    25.5	
31292				    23.2
31300				    23.2
31309				    22.0
31320				    21.4
31331				    20.9
31342				    20.0
31352				    19.3
31363				    19.1
31374				    18.0
31384				    16.9
31395				    16.7
31406				    15.9
31417				    15.8
31428				    15.0
31439				    14.2
31450				    14.1
31461				    14.9
31472				    13.8
31482				    13.6
31494				    13.3
31504				    12.5
31516				    12.4
31527				    12.1
31537				    12.1
31548				    12.0
31559				    11.8
31570				    12.0
31581				    12.0
31592				    12.2
31603				    12.9
31614				    12.6
31625				    12.6
31636				    13.2
31647				    13.2
31658				    12.7
31669				    12.6
31680				    12.4
31691				    12.5
31702				    12.4
31712				    12.6
31724				    12.2
31735				    12.2
31746				    12.1
