0				    10
11				    10
22				    10
33				    17
44				    20
55				    20
66				    22
78				    40
89				    40
101				    44
112				    52
123				    63
134				    80
145				    104
156				    108
167				    110
178				    150
189				    165
200				    171
211				    156
222				    139
234				    126
245				    103
255				    101
266				    86
278				    75
289				    86
300				    86
311				    61
322				    59
334				    52
345				    86
356				    86
367				    86
377				    86
389				    86
400				    86
411				    87
422				    72
433				    70
444				    58
455				    50
466				    46
478				    43
489				    43
501				    43
512				    43
523				    44
534				    44
545				    44
556				    45
568				    45
579				    45
590				    45
601				    46
613				    46
623				    46
634				    46
646				    46
657				    47
668				    47
679				    47
691				    48
702				    48
714				    48
725				    48
736				    48
747				    49
758				    49
769				    49
780				    50
793				    50
803				    50
814				    51
825				    51
836				    51
846				    52
857				    52
868				    52
879				    52
890				    53
901				    53
912				    53
923				    53
934				    54
945				    54
956				    54
968				    54
978				    55
989				    55
1000				    55
1011				    56
1023				    56
1034				    56
1045				    56
1056				    57
1067				    57
1078				    57
1090				    57
1101				    57
1112				    57
1123				    58
1134				    58
1145				    58
1157				    58
1168				    58
1179				    59
1190				    59
1201				    59
1212				    59
1223				    60
1234				    60
1245				    60
1256				    60
1267				    60
1278				    56
1289				    48
1300				    42
1311				    42
1322				    42
1333				    40
1344				    39
1355				    30
1366				    30
1377				    30
1388				    30
1399				    30
1410				    31
1421				    31
1433				    31
1444				    31
1455				    32
1466				    32
1477				    32
1488				    33
1499				    33
1510				    33
1521				    33
1532				    34
1543				    34
1554				    34
1565				    34
1576				    34
1587				    35
1598				    35
1609				    35
1620				    36
1631				    36
1642				    36
1653				    37
1664				    37
1675				    37
1686				    37
1697				    38
1708				    38
1719				    38
1730				    38
1741				    39
1753				    39
1764				    39
1775				    40
1786				    40
1797				    40
1808				    40
1819				    41
1830				    41
1841				    41
1852				    42
1863				    42
1874				    42
1885				    42
1897				    42
1907				    43
1918				    43
1929				    43
1940				    43
1951				    43
1962				    43
1973				    44
1985				    44
1995				    44
2006				    44
2017				    44
2029				    44
2040				    44
2051				    44
2062				    44
2072				    44
2080				    44
2088				    44
2096				    44
2104				    41
2112				    40
2120				    40
2128				    40
2136				    32
2144				    29
2152				    22
2160				    22
2168				    22
2177				    22
2185				    22
2193				    23
2201				    23
2208				    23
2217				    23
2225				    24
2232				    24
2241				    24
2248				    24
2256				    25
2264				    25
2272				    25
2280				    25
2288				    25
2297				    25
2305				    25
2313				    26
2321				    26
2328				    26
2337				    26
2345				    26
2353				    26
2360				    27
2368				    27
2376				    27
2385				    27
2396				    27
2407				    27
2417				    28
2429				    28
2439				    28
2450				    28
2461				    29
2473				    29
2484				    29
2495				    29
2506				    30
2517				    30
2528				    30
2538				    30
2549				    30
2560				    30
2571				    31
2582				    31
2593				    31
2604				    31
2615				    32
2626				    32
2637				    32
2648				    32
2659				    32
2670				    32
2681				    32
2692				    32
2704				    32
2716				    33
2727				    33
2738				    33
2749				    33
2760				    33
2771				    34
2782				    34
2793				    34
2805				    34
2816				    34
2827				    34
2838				    35
2849				    35
2860				    35
2871				    35
2882				    35
2893				    36
2904				    36
2915				    36
2926				    37
2937				    37
2948				    37
2959				    37
2970				    38
2981				    38
2992				    38
3003				    38
3014				    39
3025				    39
3036				    39
3047				    39
3059				    40
3070				    40
3081				    40
3092				    41
3103				    41
3114				    41
3125				    41
3136				    42
3146				    42
3157				    42
3168				    43
3179				    43
3191				    43
3202				    43
3214				    44
3225				    44
3236				    44
3247				    44
3258				    44
3269				    44
3281				    45
3292				    45
3304				    45
3314				    45
3326				    45
3336				    45
3347				    45
3358				    45
3369				    45
3380				    45
3391				    46
3402				    46
3413				    46
3424				    46
3435				    46
3446				    46
3457				    47
3467				    47
3478				    47
3490				    47
3501				    48
3511				    48
3522				    48
3533				    48
3544				    49
3555				    49
3566				    49
3577				    50
3588				    50
3599				    50
3610				    50
3622				    51
3632				    51
3643				    51
3654				    52
3665				    52
3676				    52
3687				    52
3698				    53
3709				    53
3720				    53
3731				    53
3742				    54
3753				    54
3765				    54
3776				    54
3787				    55
3798				    55
3809				    55
3820				    55
3832				    56
3843				    56
3854				    56
3865				    56
3876				    56
3887				    57
3899				    57
3910				    57
3921				    57
3932				    57
3943				    57
3954				    44
3965				    44
3976				    44
3987				    43
3998				    43
4009				    43
4021				    40
4032				    28
4043				    28
4054				    28
4065				    25
4076				    21
4087				    14
4098				    14
4109				    14
4121				    14
4132				    15
4143				    15
4154				    15
4165				    16
4176				    16
4188				    16
4199				    17
4210				    17
4221				    17
4232				    17
4243				    18
4254				    18
4266				    18
4277				    19
4288				    19
4299				    19
4310				    20
4322				    20
4333				    20
4344				    20
4355				    20
4366				    20
4377				    20
4388				    20
4400				    21
4411				    21
4422				    21
4433				    21
4444				    22
4455				    22
4466				    22
4477				    22
4488				    23
4499				    23
4510				    23
4521				    23
4532				    23
4543				    24
4554				    24
4565				    24
4577				    24
4588				    24
4598				    24
4609				    24
4620				    24
4631				    24
4643				    25
4654				    25
4665				    25
4676				    26
4687				    26
4698				    26
4709				    26
4721				    26
4732				    27
4743				    27
4754				    27
4765				    27
4776				    28
4787				    28
4798				    28
4809				    28
4820				    28
4831				    29
4842				    29
4853				    29
4864				    29
4875				    30
4886				    30
4898				    30
4909				    30
4920				    31
4931				    31
4942				    31
4953				    32
4964				    32
4975				    32
4987				    32
4998				    33
5009				    33
5020				    33
5031				    33
5042				    33
5054				    33
5065				    34
5076				    34
5087				    34
5098				    34
5109				    34
5121				    34
5132				    35
5143				    35
5154				    35
5166				    35
5177				    35
5188				    35
5200				    36
5211				    36
5222				    36
5233				    36
5244				    37
5254				    37
5265				    37
5277				    38
5288				    38
5299				    38
5310				    38
5321				    39
5332				    39
5343				    39
5354				    39
5365				    40
5376				    40
5387				    40
5398				    40
5409				    40
5420				    41
5431				    41
5443				    41
5454				    41
5465				    42
5477				    42
5488				    42
5500				    42
5511				    43
5523				    43
5534				    43
5546				    44
5557				    44
5568				    44
5580				    44
5591				    45
5601				    45
5609				    45
5617				    45
5625				    45
5633				    45
5642				    46
5650				    46
5658				    46
5666				    46
5674				    46
5685				    46
5696				    46
5708				    47
5719				    47
5730				    47
5741				    44
5752				    44
5763				    41
5775				    33
5786				    28
5797				    27
5808				    25
5820				    19
5831				    19
5842				    19
5853				    19
5864				    23
5875				    23
5886				    23
5897				    23
5908				    24
5919				    24
5930				    24
5942				    24
5953				    25
5964				    25
5975				    25
5987				    26
5998				    26
6009				    26
6020				    26
6031				    26
6042				    27
6053				    27
6064				    27
6076				    28
6087				    28
6098				    28
6110				    28
6121				    29
6132				    29
6143				    29
6154				    29
6165				    30
6177				    30
6188				    30
6199				    30
6210				    31
6221				    31
6232				    31
6244				    32
6255				    32
6266				    32
6277				    32
6288				    32
6299				    32
6310				    33
6321				    33
6332				    33
6344				    33
6354				    33
6365				    33
6377				    33
6388				    33
6399				    33
6410				    33
6421				    33
6433				    33
6444				    34
6455				    34
6466				    34
6477				    34
6489				    35
6500				    35
6511				    35
6522				    35
6533				    24
6544				    21
6556				    17
6567				    17
6578				    17
6589				    18
6600				    18
6611				    18
6622				    19
6633				    19
6644				    19
6655				    20
6666				    20
6677				    20
6688				    20
6699				    21
6710				    21
6721				    21
6732				    21
6743				    22
6755				    22
6766				    22
6777				    22
6788				    23
6799				    23
6811				    23
6822				    24
6833				    24
6844				    24
6855				    24
6867				    24
6878				    24
6889				    25
6900				    25
6911				    25
6923				    25
6935				    25
6946				    26
6957				    26
6968				    26
6979				    26
6990				    26
7001				    26
7013				    26
7024				    26
7035				    26
7046				    26
7058				    27
7069				    27
7080				    27
7091				    28
7103				    28
7114				    28
7125				    28
7137				    28
7148				    28
7159				    28
7170				    29
7182				    29
7193				    29
7204				    29
7215				    30
7226				    30
7237				    30
7249				    30
7260				    31
7271				    31
7283				    31
7294				    32
7305				    32
7316				    32
7327				    33
7338				    33
7350				    33
7361				    34
7372				    34
7383				    34
7394				    34
7405				    34
7417				    34
7428				    34
7439				    35
7450				    35
7461				    35
7473				    36
7484				    36
7495				    36
7506				    37
7517				    37
7528				    37
7539				    37
7551				    38
7562				    38
7573				    38
7584				    38
7595				    38
7606				    39
7617				    39
7628				    39
7639				    39
7650				    39
7661				    40
7673				    40
7684				    40
7695				    40
7707				    40
7718				    40
7730				    40
7742				    40
7753				    40
7764				    41
7775				    41
7786				    41
7798				    41
7809				    41
7820				    42
7831				    42
7841				    42
7852				    42
7864				    42
7875				    43
7886				    43
7897				    43
7908				    43
7920				    44
7931				    44
7942				    44
7953				    45
7964				    45
7975				    45
7986				    45
7997				    46
8008				    46
8019				    46
8030				    46
8041				    47
8052				    47
8063				    47
8073				    48
8081				    48
8088				    48
8096				    48
8104				    48
8112				    48
8121				    48
8129				    49
8136				    49
8144				    49
8153				    49
8161				    49
8169				    49
8177				    50
8185				    50
8193				    50
8202				    50
8210				    50
8218				    50
8226				    50
8234				    50
8242				    51
8250				    51
8258				    51
8266				    51
8275				    51
8286				    51
8297				    52
8308				    52
8319				    52
8330				    52
8341				    53
8352				    53
8363				    53
8374				    53
8385				    53
8397				    53
8408				    54
8419				    54
8430				    54
8441				    54
8452				    54
8463				    55
8474				    55
8485				    55
8496				    55
8507				    55
8519				    56
8530				    56
8541				    56
8553				    56
8564				    56
8575				    56
8586				    56
8597				    56
8608				    56
8619				    57
8630				    57
8641				    57
8652				    58
8663				    58
8674				    58
8685				    58
8697				    59
8707				    59
8719				    59
8730				    60
8741				    60
8751				    60
8763				    60
8774				    61
8785				    61
8796				    61
8807				    62
8818				    62
8829				    62
8841				    62
8852				    63
8863				    63
8874				    63
8885				    63
8896				    63
8907				    64
8918				    64
8929				    64
8940				    64
8951				    64
8962				    65
8973				    65
8984				    65
8995				    65
9006				    65
9017				    65
9028				    65
9039				    65
9050				    66
9061				    66
9073				    66
9084				    66
9095				    66
9107				    66
9119				    66
9130				    66
9140				    66
9152				    66
9163				    66
9175				    66
9186				    66
9197				    67
9209				    67
9220				    67
9231				    67
9242				    67
9253				    67
9265				    67
9276				    68
9286				    68
9297				    68
9309				    68
9320				    69
9331				    69
9342				    69
9353				    69
9364				    70
9375				    70
9386				    70
9397				    71
9409				    71
9420				    71
9431				    71
9442				    72
9453				    72
9464				    72
9476				    72
9487				    72
9498				    72
9508				    72
9519				    73
9531				    73
9542				    73
9553				    74
9564				    74
9576				    74
9587				    74
9599				    75
9610				    75
9621				    75
9632				    75
9643				    76
9655				    76
9666				    76
9677				    76
9688				    76
9699				    76
9710				    77
9718				    77
9726				    77
9734				    77
9742				    77
9750				    77
9758				    77
9766				    77
9774				    77
9782				    78
9790				    78
9798				    78
9806				    78
9815				    78
9826				    78
9838				    78
9849				    78
9860				    78
9871				    78
9882				    79
9893				    79
9904				    79
9915				    79
9926				    79
9937				    79
9948				    79
9959				    79
9970				    80
9981				    80
9993				    80
10004				    80
10015				    81
10026				    81
10037				    81
10048				    81
10060				    81
10071				    81
10082				    82
10093				    82
10104				    82
10115				    83
10126				    83
10136				    83
10144				    83
10153				    83
10161				    84
10169				    84
10177				    84
10185				    84
10193				    84
10201				    84
10209				    85
10216				    85
10225				    85
10233				    85
10241				    85
10249				    86
10257				    86
10265				    86
10274				    86
10282				    86
10290				    87
10298				    87
10306				    87
10313				    87
10321				    87
10329				    87
10338				    88
10346				    88
10354				    88
10362				    88
10370				    88
10378				    89
10386				    89
10394				    89
10402				    89
10410				    89
10419				    89
10427				    89
10435				    89
10443				    90
10451				    90
10460				    90
10468				    90
10476				    90
10484				    90
10492				    90
10500				    90
10508				    90
10516				    90
10524				    90
10532				    90
10541				    90
10549				    91
10557				    91
10565				    91
10573				    91
10582				    91
10590				    91
10598				    91
10606				    91
10615				    92
10626				    92
10637				    92
10648				    92
10659				    92
10670				    92
10682				    93
10693				    93
10704				    93
10715				    93
10726				    93
10737				    94
10748				    94
10759				    94
10770				    94
10781				    94
10794				    95
10805				    95
10815				    95
10827				    95
10837				    96
10845				    96
10851				    96
10858				    96
10865				    96
10871				    96
10878				    97
10885				    97
10896				    97
10907				    97
10918				    98
10929				    98
10941				    98
10952				    98
10963				    99
10974				    99
10985				    99
10996				    99
11007				    99
11018				    100
11029				    100
11040				    100
11051				    100
11062				    100
11073				    101
11084				    101
11095				    101
11107				    101
11118				    101
11129				    102
11140				    102
11151				    102
11162				    102
11174				    102
11185				    102
11196				    102
11207				    103
11218				    98
11229				    96
11240				    96
11251				    96
11262				    96
11273				    95
11284				    93
11295				    84
11306				    67
11317				    62
11328				    51
11339				    51
11352				    51
11363				    51
11374				    51
11385				    51
11396				    51
11407				    52
11418				    52
11429				    52
11440				    52
11451				    53
11462				    53
11473				    53
11485				    53
11496				    54
11507				    54
11518				    54
11529				    54
11540				    54
11550				    54
11562				    55
11573				    55
11584				    55
11595				    55
11606				    55
11617				    55
11628				    56
11639				    56
11650				    56
11662				    56
11673				    57
11684				    57
11695				    57
11706				    57
11718				    58
11729				    58
11740				    58
11751				    59
11762				    59
11774				    59
11785				    59
11796				    59
11807				    49
11818				    45
11829				    40
11840				    40
11851				    36
11862				    29
11874				    29
11885				    29
11896				    29
11907				    29
11918				    29
11929				    30
11940				    30
11951				    30
11962				    30
11973				    30
11984				    30
11995				    30
12006				    31
12018				    31
12029				    31
12040				    31
12051				    31
12063				    31
12074				    31
12085				    31
12096				    32
12107				    32
12118				    32
12129				    32
12140				    32
12152				    32
12163				    32
12174				    32
12185				    33
12196				    33
12207				    33
12218				    33
12229				    34
12240				    34
12251				    34
12262				    34
12273				    35
12284				    35
12295				    35
12306				    35
12318				    36
12329				    36
12340				    36
12351				    36
12362				    37
12373				    37
12384				    37
12395				    37
12406				    38
12417				    38
12428				    38
12439				    38
12451				    39
12462				    39
12473				    39
12484				    39
12496				    40
12507				    40
12518				    40
12529				    40
12540				    40
12551				    40
12562				    40
12573				    40
12584				    41
12595				    41
12606				    41
12617				    41
12628				    42
12639				    42
12650				    42
12661				    42
12673				    42
12684				    42
12695				    42
12706				    42
12717				    42
12727				    40
12735				    31
12743				    25
12751				    22
12760				    21
12768				    21
12776				    21
12784				    21
12792				    21
12800				    22
12808				    22
12816				    22
12824				    22
12833				    22
12841				    23
12849				    23
12857				    23
12865				    23
12873				    23
12881				    23
12889				    23
12898				    24
12906				    24
12914				    24
12922				    24
12931				    24
12939				    25
12947				    25
12955				    25
12963				    25
12972				    26
12980				    26
12988				    26
12996				    26
13005				    26
13016				    26
13028				    27
13039				    27
13050				    27
13061				    28
13073				    28
13084				    28
13095				    28
13106				    28
13117				    29
13128				    29
13139				    29
13150				    29
13161				    30
13172				    30
13183				    30
13194				    30
13205				    31
13216				    31
13227				    31
13238				    31
13249				    31
13260				    31
13271				    31
13282				    31
13294				    31
13305				    31
13317				    32
13328				    32
13340				    32
13351				    32
13363				    32
13374				    33
13385				    33
13396				    33
13407				    33
13418				    34
13430				    34
13441				    34
13452				    35
13463				    35
13475				    35
13486				    35
13497				    35
13508				    36
13519				    36
13530				    36
13541				    36
13552				    36
13563				    36
13574				    36
13585				    36
13596				    36
13607				    37
13618				    37
13629				    37
13640				    37
13651				    37
13663				    38
13674				    38
13685				    38
13696				    39
13706				    39
13717				    39
13728				    39
13741				    40
13753				    40
13764				    40
13775				    40
13786				    41
13797				    41
13807				    41
13818				    42
13830				    42
13841				    42
13852				    42
13862				    42
13873				    43
13884				    43
13895				    43
13907				    43
13917				    44
13929				    44
13940				    44
13951				    44
13962				    44
13973				    45
13984				    45
13996				    45
14007				    46
14019				    46
14030				    46
14041				    46
14053				    46
14066				    46
14078				    47
14086				    47
14092				    47
14098				    47
14102				    47
14106				    47
14110				    47
14114				    47
14118				    47
14122				    47
14126				    48
14130				    48
14134				    48
14138				    48
14142				    48
14145				    48
14149				    48
14154				    48
14158				    48
14162				    49
14166				    49
14170				    49
14174				    49
14178				    49
14182				    49
14185				    49
14189				    49
14193				    49
14197				    50
14201				    50
14205				    50
14209				    50
14213				    50
14217				    50
14221				    50
14225				    50
14228				    50
14232				    50
14236				    50
14241				    50
14244				    51
14249				    51
14253				    51
14256				    51
14260				    51
14264				    51
14268				    51
14272				    51
14276				    51
14279				    51
14283				    51
