5985				    3.2	
5996				    3.2	
6007				    3.2	
6017				    4.3	
6029				    5.4	
6040				    5.4	
6051				    6.9	
6062				    9.7	
6073				    10.7	
6084				    11.6	
6095				    14.4	
6106				    17.8	
6117				    19.5	
6128				    25.2	
6139				    30.0	
6150				    36.7	
6161				    42.3	
6172				    42.7	
6183				    59.1	
6195				    59.8	
6205				    73.0	
6216				    74.4	
6227				    67.7	
6238				    63.2	
6249				    54.7
6260				    47.5
6271				    41.1
6282				    34.8
6293				    24.5
6304				    20.7
6316				    17.7
6328				    13.6
6339				    8.4
6350				    24.4
6361				    24.4
6372				    1
