1877				    2.5	
1888				    2.5	
1899				    2.5	
1910				    3.1	
1921				    4.0	
1932				    4.5	
1943				    4.5	
1954				    6.0	
1965				    10.6	
1976				    10.6	
1987				    11.6	
1998				    15.2	
2009				    15.2	
2020				    15.2	
2031				    15.2	
2042				    15.2	
2053				    11.3	
2064				    14.6	
2075				    14.6	
2086				    20.1	
2097				    28.7	
2108				    31.0	
2119				    33.2	
2130				    31.9	
2141				    37.9	
2152				    57.0	
2163				    75.5	
2174				    80.1	
2184				    78.5	
2196				    73.6	
2207				    62.7	
2217				    67.1	
2229				    42.8
2240				    29.4
2251				    24.0
2262				    16.5
2273				    15.1
2284				    8.7
2295				    1.4
2307				    30.7
2318				    30.7
2329				    33.1
