11693				    10
11701				    10
11709				    10
11717				    10
11725				    10
11732				    10
11740				    10
11748				    10
11756				    10
11764				    10
11772				    10
11780				    10
11788				    10
11796				    10
11804				    10
11812				    10
11820				    10
11828				    10
11836				    10
11844				    10
11852				    10
11860				    10
11868				    10
11876				    10
11884				    10
11892				    10
11900				    10
11908				    10
11916				    10
11924				    10
11932				    10
11940				    10
11949				    10
11957				    10
11965				    10
11973				    10
11981				    12
11989				    14
11997				    15
12005				    16
12013				    16
12021				    16
12029				    16
12037				    16
12044				    16
12052				    16
12060				    16
12068				    16
12076				    16
12084				    16
12092				    16
12100				    16
12108				    16
12116				    16
12124				    16
12132				    16
12140				    16
12148				    16
12156				    16
12164				    16
12172				    16
12180				    16
12189				    16
12197				    16
12205				    16
12212				    16
12220				    16
12228				    16
12236				    16
12244				    16
12252				    16
12261				    16
12269				    16
12277				    18
12285				    19
12294				    26
12301				    26
12309				    30
12317				    31
12325				    32
12333				    32
12341				    32
12349				    32
12357				    32
12365				    32
12374				    32
12382				    32
12390				    32
12398				    32
12406				    32
12414				    32
12422				    32
12430				    32
12438				    32
12449				    32
12461				    32
12472				    32
12482				    32
12493				    32
12504				    32
12515				    32
12526				    32
12537				    32
12548				    32
12559				    32
12570				    32
12581				    32
12592				    32
12603				    32
12613				    43
12624				    52
12635				    54
12646				    64
12657				    64
12668				    64
12679				    64
12690				    64
12701				    64
12712				    64
12723				    64
12733				    64
12744				    64
12755				    64
12766				    64
12777				    64
12788				    64
12799				    64
12810				    64
12820				    64
12831				    64
12842				    64
12853				    64
12864				    64
12875				    64
12886				    68
12897				    69
12909				    75
12920				    86
12931				    86
12942				    106
12953				    116
12964				    126
12974				    128
12985				    128
12996				    128
13007				    128
13018				    128
13029				    128
13040				    128
13051				    128
13062				    128
13073				    128
13084				    128
13095				    128
13106				    128
13117				    128
13128				    128
13138				    128
13149				    128
13160				    128
13171				    128
13182				    128
13193				    128
13204				    128
13215				    132
13226				    136
13238				    156
13249				    169
13259				    178
13270				    181
13281				    211
13292				    215
13303				    221
13314				    231
13325				    233
13335				    249
13346				    255
13357				    255
13368				    255
13379				    255
13390				    256
13401				    256
13412				    256
13423				    256
13434				    256
13445				    256
13456				    256
13467				    256
13478				    256
13489				    256
13499				    256
13511				    256
13522				    256
13533				    256
13544				    256
13554				    256
13565				    256
13576				    256
13587				    256
13599				    256
13609				    256
13621				    275
13632				    275
13643				    288
13654				    290
13665				    323
13677				    327
13687				    327
13698				    341
13709				    371
13720				    379
13731				    399
13742				    399
13752				    407
13763				    423
13774				    435
13785				    437
13796				    453
13807				    463
13818				    463
13828				    485
13839				    503
13850				    509
13862				    509
13872				    509
13884				    509
13894				    511
13905				    511
13916				    511
13928				    512
13939				    512
13950				    512
13960				    512
13972				    512
13982				    512
13994				    512
14005				    512
14015				    512
14023				    512
14031				    512
14039				    512
14048				    512
14055				    512
14064				    512
14072				    516
14080				    518
14088				    538
14097				    538
14105				    544
14113				    544
14121				    568
14129				    569
14137				    591
14145				    592
14154				    595
14162				    618
14170				    619
14178				    636
14187				    637
14195				    649
14203				    650
14211				    670
14220				    671
14228				    691
14236				    692
14244				    702
14252				    703
14260				    714
14268				    727
14276				    727
14284				    728
14293				    744
