13995				    33.657
14004				    33.657
14012				    33.657
14020				    33.657
14028				    33.657
14036				    33.657
14044				    33.657
14052				    21.777
14060				    21.777
14068				    4.978
14076				    4.978
14084				    4.978
14092				    6.49
14100				    6.678
14108				    6.88
14116				    3.586
14124				    3.586
14132				    3.586
14140				    3.586
14148				    6.805
14156				    3.382
14164				    3.382
14172				    3.382
14180				    3.382
14188				    3.382
14196				    3.382
14204				    3.382
14212				    7.396
14220				    0.847
14228				    6.442
14235				    9.466
14243				    9.466
14252				    9.466
14260				    9.466
14268				    9.216
14276				    0.439
14284				    4.471
14292				    6.345
14300				    6.345
14308				    4.688
14316				    4.688
14325				    4.688
14333				    11.644
14341				    4.013
14349				    4.883
14357				    5.544
14365				    2.369
14373				    3.443
14381				    1.894
14389				    1.894
14397				    1.894
14405				    1.894
14413				    14.178
14421				    4.667
14429				    2.136
14437				    2.136
14444				    5.076
14453				    5.027
14461				    1.382
14469				    1.382
14476				    1.382
14484				    1.382
14493				    13.052
14501				    4.585
14509				    4.585
14517				    9.684
14525				    10.909
14533				    11.269
14541				    11.269
14549				    11.269
14557				    3.342
14565				    2.441
14573				    4.417
14581				    1.971
14589				    3.068
14597				    7.546
14605				    0.755
14613				    2.601
14621				    1.791
14629				    3.648
14637				    3.648
14646				    3.648
14654				    2.25
14662				    1.816
14671				    6.347
14678				    1.895
14687				    0.476
14695				    2.631
14703				    2.631
14711				    6.76
14719				    6.76
14727				    0.663
14735				    3.051
14743				    3.051
14751				    7.201
14760				    2.671
14768				    1.224
14776				    1.224
14784				    11.918
14792				    13.43
14800				    18.344
14808				    18.344
14816				    18.344
14824				    18.344
14832				    18.344
14840				    18.344
