6726				    43.064
6737				    43.064
6748				    43.064
6758				    43.064
6769				    45.272
6780				    45.272
6791				    45.272
6802				    44.039
6813				    40.721
6824				    45.925
6834				    45.925
6845				    41.278
6856				    39.173
6867				    41.307
6878				    39.451
6889				    41.797
6900				    48.014
6912				    43.503
6923				    41.132
6934				    43.814
6945				    46.158
6956				    56.003
6967				    55.679
6978				    57.584
6989				    62.609
7000				    44.828
7010				    47.405
7021				    64.085
7032				    73.925
7043				    73.925
7054				    73.925
7065				    77.801
7075				    117.975
7086				    120.405
7098				    114.681
7109				    114.681
7119				    96.74
7130				    89.148
7141				    79.061
7152				    54.863
7163				    50.12
7174				    50.12
