24941				    83.706
24952				    83.706
24963				    83.706
24974				    83.706
24985				    83.706
24996				    83.706
25007				    83.706
25018				    83.706
25029				    83.706
25040				    32.553
25051				    32.553
25062				    32.553
25073				    32.553
25084				    32.553
25094				    32.553
25105				    32.553
25116				    32.553
25127				    32.553
25138				    3.674
25149				    3.674
25160				    8.261
25170				    8.261
25181				    8.261
25192				    8.261
25203				    8.261
25215				    8.261
25226				    8.261
25237				    8.261
25248				    8.261
25258				    8.261
25269				    8.261
25281				    8.261
25292				    8.261
25303				    30.549
25314				    26.337
25325				    26.337
25336				    11.483
25346				    11.483
25357				    4.446
25368				    4.446
25379				    4.446
25390				    4.446
25401				    4.446
25412				    4.446
25423				    4.446
25434				    4.446
25445				    4.446
25456				    4.446
25467				    4.446
25478				    7.274
25489				    3.996
25500				    5.524
25511				    4.05
25521				    5.652
25532				    5.868
25543				    10.256
25554				    10.256
25565				    10.256
25576				    22.814
25587				    24.823
25598				    23.193
25609				    23.224
25620				    26.093
25631				    26.093
25642				    26.093
25653				    40.615
25664				    40.615
25675				    40.615
25686				    40.615
25697				    49.64
25708				    49.64
25719				    49.64
25730				    49.64
25741				    49.64
25752				    49.64
25763				    49.64
25773				    49.64
25784				    49.64
25795				    49.64
25806				    49.64
25817				    49.64
25828				    49.64
25839				    49.64
25850				    49.64
25861				    49.64
25872				    49.64
25883				    49.64
25894				    73.776
25905				    89.281
25916				    100.481
25927				    104.365
25938				    79.953
25949				    69.527
25960				    25.228
25971				    12.685
25982				    12.685
25994				    4.265
26005				    5.738
26016				    5.939
26026				    5.232
26037				    5.232
26048				    11.118
26059				    11.925
26070				    11.803
26081				    11.803
26091				    11.803
26102				    16.06
26113				    16.06
26124				    16.06
26135				    16.602
26146				    16.602
26157				    16.602
26167				    16.602
26178				    16.602
26189				    16.602
26200				    16.602
26211				    20.939
26222				    20.939
26233				    31.182
26244				    32.663
26255				    34.212
26266				    20.937
26277				    19.221
26288				    7.509
26299				    7.509
26309				    15.075
26321				    2.959
26332				    3.35
26343				    4.392
26354				    5.616
26365				    5.147
26376				    4.773
26387				    6.123
26398				    8.503
26409				    9.679
26420				    9.679
26431				    17.136
26442				    4.008
26452				    3.449
26463				    3.449
26474				    12.282
26485				    12.282
26496				    15.276
26507				    15.371
26518				    16.681
26529				    17.907
26541				    17.723
26552				    17.723
26563				    17.723
26574				    28.249
26585				    33.158
26596				    37.383
26607				    40.086
26619				    39.951
26630				    39.406
26641				    39.59
26652				    39.873
26663				    35.303
26674				    30.839
26685				    30.685
26696				    22.539
26706				    20.732
26717				    20.732
26728				    27.493
26739				    24.654
26750				    24.654
26761				    24.654
26772				    24.654
26783				    21.034
26794				    23.427
26805				    26.388
26816				    7.952
26827				    9.194
26838				    8.9
26849				    9.451
26861				    9.451
26872				    9.451
26883				    9.451
26894				    9.451
26905				    9.451
26916				    9.451
26927				    9.451
26938				    9.451
26949				    9.451
26960				    9.318
26972				    5.412
26983				    5.412
26994				    3.894
27005				    4.106
27017				    3.635
27028				    3.725
27038				    6.546
27050				    2.732
27061				    5.995
27073				    8.287
27084				    9.233
27095				    14.008
27106				    14.008
27116				    6.276
27128				    4.661
27139				    4.661
27149				    8.278
27160				    23.328
27171				    23.328
27182				    23.328
27193				    23.328
27204				    56.907
27215				    65.234
27226				    72.287
27237				    90.288
27248				    69.274
27259				    69.274
27270				    22.258
27281				    14.256
27292				    12.554
27303				    12.554
