3709				    79.423
3720				    79.423
3732				    79.423
3743				    79.423
3753				    79.423
3764				    79.423
3775				    79.423
3786				    79.423
3798				    81.037
3809				    81.037
3820				    81.037
3831				    81.037
3842				    59.808
3854				    60.033
3865				    63.588
3876				    63.588
3888				    63.588
3899				    63.588
3910				    63.588
3921				    77.733
3933				    80.241
3944				    80.441
3956				    85.024
3967				    85.024
3978				    85.024
3989				    74.711
4000				    74.711
4011				    83.952
4022				    88.696
4034				    88.696
4045				    99.13
4056				    99.318
4067				    99.318
4079				    99.318
4090				    99.318
4102				    102.988
4113				    102.988
4125				    111.603
4137				    111.603
4148				    111.603
4158				    129.568
4169				    129.331
4180				    130.883
4191				    132.191
4202				    134.331
4213				    155.666
4224				    155.666
4236				    155.666
4247				    153.851
4258				    152.228
4269				    152.228
4280				    154.666
4291				    162.864
4302				    162.322
4313				    163.483
4324				    165.217
4335				    165.217
4347				    167.376
4358				    169.437
4369				    163.593
4380				    163.593
4391				    176.694
4402				    170.273
4413				    169.705
4424				    170.991
4435				    171.036
4446				    168.78
4457				    168.78
4468				    167.128
4479				    171.478
4491				    174.818
4502				    174.679
4513				    166.426
4524				    166.426
4535				    168.229
4546				    164.034
4557				    163.318
4568				    163.318
4580				    164.927
4589				    167.173
4597				    164.858
4605				    164.858
4614				    163.71
4622				    169.408
4630				    167.163
4638				    167.163
4646				    174.722
4654				    174.746
4662				    165.275
4671				    165.275
4678				    170.966
4687				    170.241
4695				    170.241
4703				    175.613
4712				    170.054
4720				    170.356
4728				    170.729
4736				    170.729
4744				    168.808
4752				    168.808
4760				    167.093
4768				    167.093
4776				    167.093
4784				    167.093
4792				    161.693
4801				    160.205
4809				    158.303
4818				    158.393
4826				    159.755
