6378				    1.2	
6389				    1.2	
6400				    1.2	
6411				    1.2	
6422				    1.2	
6433				    1.2	
6444				    1.2	
6455				    1.5	
6466				    1.6	
6477				    2.0	
6487				    2.0	
6498				    2.0	
6509				    2.0	
6520				    2.0	
6531				    2.0	
6542				    2.0	
6553				    2.3	
6564				    3.4	
6575				    4.0	
6586				    4.0	
6597				    4.0	
6607				    4.0	
6618				    4.0	
6629				    4.0	
6640				    4.2	
6652				    4.2	
6663				    6.9	
6674				    7.2	
6685				    7.2	
6696				    7.2	
6707				    7.2	
6718				    7.2	
6729				    7.2	
6740				    7.2	
6751				    7.4	
6762				    7.4	
6773				    7.5	
6784				    10.2	
6795				    11.1	
6806				    11.1	
6817				    11.3	
6829				    11.5	
6840				    11.5	
6851				    11.5	
6862				    11.5	
6873				    11.5	
6883				    11.4	
6894				    11.4	
6905				    11.4	
6916				    11.4	
6927				    13.1	
6938				    14.5	
6949				    14.5	
6960				    14.2	
6971				    15.1	
6982				    15.4	
6992				    15.4	
7003				    16.1	
7014				    16.4	
7025				    16.4	
7036				    16.4	
7047				    16.4	
7058				    16.8	
7068				    16.8	
7080				    19.6	
7091				    19.6	
7102				    19.4	
7114				    19.4	
7125				    18.9	
7136				    18.7	
7147				    19.4	
7158				    19.3	
7169				    18.6	
7180				    18.1
7191				    18.1
7202				    17.1
7213				    16.3
7224				    15.4
7235				    14.4
7247				    14.4
7257				    13.2
7268				    12.7
7280				    12.7
7291				    12.2
7303				    11.7
7314				    11.7
7325				    11.8
7336				    11.8
7346				    11.4
7358				    11.4
7369				    11.1
7380				    10.8
7391				    7.1
7401				    7.0
7412				    5.9
7423				    5.3
7434				    4.8
7445				    4.8
7456				    4.7
7467				    3.6
7478				    2.6
7489				    2.2
7501				    1.6
7512				    1.5
7523				    1
7534				    5.9
7546				    5.9
7557				    5.9
7568				    5.9
7579				    5.9
7591				    5.9
7602				    5.9
7613				    5.9
7624				    5.9
