37263				    33.663
37274				    33.663
37285				    33.663
37296				    33.663
37307				    33.663
37317				    24.989
37328				    4.412
37339				    4.412
37350				    4.412
37360				    4.412
37371				    2.422
37382				    0.459
37393				    0.459
37403				    0.459
37414				    0.459
37425				    1.14
37436				    0.333
37447				    0.333
37458				    0.333
37469				    0.333
37479				    1.376
37490				    2.102
37501				    5.54
37512				    11.888
37523				    13.365
37534				    7.683
37545				    7.683
37556				    9.66
37566				    2.136
37577				    1.266
37588				    2.808
37599				    3.483
37609				    2.655
37620				    3.189
37631				    5.519
37642				    3.192
37653				    4.088
37664				    1.865
37674				    3.254
37685				    3.055
37696				    3.909
37707				    0.882
37718				    5.28
37729				    4.833
37739				    5.365
37750				    1.899
37761				    2.166
37772				    2.331
37783				    5.226
37793				    4.582
37804				    6.262
37815				    8.129
37825				    1.429
37836				    1.429
37847				    5.147
37857				    5.147
37868				    2.9
37879				    3.556
37889				    3.239
37900				    10.065
37911				    11.684
37922				    11.684
37933				    5.041
37944				    5.041
37954				    4.265
37965				    4.38
37976				    2.634
37987				    5.27
37998				    4.66
38009				    5.081
38020				    4.141
38030				    4.908
38041				    4.908
38052				    7.678
38063				    2.932
38074				    2.79
38084				    3.717
38095				    5.424
38106				    4.267
38117				    5.911
