22800				    33.759
22811				    33.759
22821				    33.759
22832				    33.759
22843				    33.759
22854				    29.105
22865				    3.328
22875				    3.328
22887				    3.328
22898				    3.328
22909				    3.5
22920				    3.367
22931				    4.563
22942				    4.563
22953				    4.563
22964				    3.415
22976				    1.072
22988				    1.072
22999				    1.072
23010				    1.072
23020				    1.072
23032				    0.699
23043				    2.199
23054				    2.199
23065				    3.941
23077				    4.243
23088				    0.748
23099				    2.681
23110				    6.379
23121				    6.379
23132				    5.018
23143				    5.018
23154				    7.647
23165				    4.566
23176				    4.616
23186				    3.772
23197				    3.772
23208				    3.606
23220				    2.438
23231				    2.482
23242				    3.007
23252				    3.007
23264				    5.556
23275				    5.548
23286				    7.346
23297				    6.14
23308				    7.452
23319				    7.558
23329				    6.564
23340				    5.364
23351				    5.7
23362				    4.431
23373				    4.431
23383				    4.431
23394				    3.721
23405				    4.677
23416				    3.626
23427				    4.049
23438				    4.338
23449				    5.63
23460				    3.871
23471				    4.449
23481				    4.479
23492				    3.999
23503				    3.729
23514				    5.574
23525				    4.632
23536				    5.951
23547				    5.951
23557				    5.951
23568				    4.608
23579				    3.134
23590				    3.134
23600				    3.134
23611				    4.684
23622				    5.929
23633				    5.996
23644				    5.996
23654				    6.782
23665				    4.186
23676				    2.973
23687				    7.005
23698				    9.552
23708				    8.799
23719				    9.549
23730				    3.935
23741				    3.935
23751				    4.488
23762				    4.488
23773				    4.13
23784				    5.669
23795				    8.137
23805				    5.077
23816				    5.824
23827				    5.824
23838				    5.824
23849				    4.977
23860				    1.908
