0				    47.996
12				    47.996
23				    47.996
34				    47.996
46				    44.131
57				    44.131
69				    44.131
80				    40.531
91				    43.312
102				    43.312
113				    43.312
124				    44.323
135				    44.076
146				    47.467
157				    47.467
168				    47.467
180				    47.467
191				    47.467
203				    47.467
215				    72.962
226				    72.962
237				    72.962
248				    69.055
259				    56.279
270				    60.088
281				    70.776
292				    74.366
303				    74.366
315				    74.366
326				    74.366
337				    74.366
349				    94.677
358				    94.971
367				    97.349
375				    105.799
383				    111.401
391				    115.045
399				    111.3
407				    111.115
415				    111.115
423				    98.12
431				    88.376
439				    69.54
447				    66.151
456				    69.042
464				    65.468
472				    65.468
480				    65.468
488				    65.539
497				    63.129
505				    64.343
513				    61.201
521				    57.329
529				    57.329
538				    46.463
546				    42.91
554				    40.288
562				    41.019
570				    39.012
578				    39.315
587				    41.035
595				    42.862
603				    44.118
611				    40.522
619				    40.522
628				    43.839
636				    46.144
644				    42.424
652				    40.682
660				    40.682
668				    40.682
677				    47.196
685				    42.357
693				    46.069
701				    46.069
709				    38.866
717				    38.339
726				    41.661
734				    41.941
742				    35.946
751				    35.716
759				    35.251
767				    38.844
775				    41.783
784				    43.158
792				    46.217
800				    36.615
808				    37.463
817				    40.93
825				    41.665
834				    41.665
842				    44.758
851				    41.822
864				    41.628
875				    43.432
887				    45.457
898				    54.948
909				    44.791
920				    41.476
932				    41.476
943				    44.144
954				    51.461
965				    56.078
977				    67.989
988				    72.02
999				    78.428
1010				    78.428
1021				    84.98
1033				    80.002
1045				    81.099
1056				    81.099
1067				    92.819
1078				    98.821
1090				    93.622
1103				    50.991
1115				    42.155
1126				    38.725
1137				    38.725
1149				    40.543
1160				    40.543
1171				    44.811
1183				    58.878
1194				    58.878
1205				    58.878
1216				    58.878
1227				    52.19
1238				    52.19
1249				    52.19
1260				    42.892
1271				    43.23
1282				    43.23
1293				    44.757
1304				    38.869
1315				    39.224
1326				    39.907
1338				    36.581
1349				    36.624
1360				    37.312
1372				    36.578
1383				    36.214
1394				    35.92
1405				    36.815
1416				    38.018
1427				    38.084
1438				    38.94
1449				    41.96
1460				    44.431
1472				    44.362
1483				    44.362
1495				    43.107
1506				    43.202
1517				    46.113
1529				    46.113
1540				    43.408
1552				    41.851
1563				    41.851
1574				    42.86
1586				    42.86
1597				    47.51
1608				    59.245
1619				    60.788
1630				    60.788
1642				    63.561
1653				    63.561
1664				    63.561
1675				    73.007
1686				    82.463
1697				    86.984
1708				    86.939
1719				    86.939
1731				    86.939
1743				    55.138
1754				    51.813
1765				    51.813
1776				    45.488
1787				    42.633
1799				    48.632
1810				    48.985
1821				    39.636
1832				    37.7
1843				    38.932
1854				    36.762
1865				    37.423
1876				    38.203
1887				    37.918
1898				    42.071
1909				    40.463
1920				    40.402
1932				    41.169
1943				    41.994
1954				    40.392
1965				    39.04
1976				    38.556
1987				    40.218
1998				    37.705
2009				    36.009
2020				    35.06
2031				    37.618
2042				    37.618
2053				    36.706
2064				    37.699
2075				    36.464
2087				    36.464
2098				    36.464
2109				    47.631
2120				    47.631
2132				    47.631
2143				    51.041
2155				    50.346
2166				    54.143
2177				    54.143
2188				    53.14
2200				    45.946
2211				    45.109
2222				    45.109
2233				    45.109
2244				    66.756
2255				    73.497
2267				    68.32
2278				    60.827
2289				    52.239
2300				    50.875
2312				    51.795
2323				    51.795
2334				    60.467
2345				    72.599
2356				    74.651
2368				    75.932
2379				    76.932
2390				    77.327
2402				    77.327
2413				    77.327
2424				    84.133
2436				    71.924
2447				    71.924
2458				    71.924
2469				    55.986
2480				    51.76
2491				    53.619
2503				    44.494
2514				    38.675
2525				    40.275
2536				    40.713
2547				    38.37
2558				    36.353
2570				    35.977
2581				    36.073
2592				    37.922
2603				    40.49
2614				    43.16
2625				    44.399
2636				    41.698
2647				    40.309
2659				    39.01
2670				    38.906
2681				    37.911
2692				    40.651
2703				    41.232
2714				    40.751
2725				    40.706
2736				    38.122
2748				    42.078
2759				    40.513
2770				    37.877
2781				    38.485
2792				    39.673
2803				    50.343
2815				    46.237
2826				    44.459
2837				    43.409
2848				    42.509
2860				    44.342
2871				    45.61
2882				    46.144
2893				    47.343
2905				    45.6
2916				    45.781
2927				    45.941
2938				    46.815
2949				    51.616
2960				    57.473
2971				    65.481
2982				    65.895
2994				    65.895
3005				    65.895
3016				    73.118
3027				    79.354
3039				    81.622
3050				    85.878
3062				    87.472
3074				    93.826
3085				    93.826
3096				    93.826
3107				    90.733
3118				    77.325
3130				    63.82
3141				    63.82
3152				    42.886
3164				    41.095
3175				    44.121
3187				    38.633
3198				    37.49
3209				    39.479
3221				    45.105
3232				    44.578
3243				    44.578
3254				    44.578
3265				    56.319
3277				    49.197
3288				    49.197
3299				    47.028
3310				    42.821
3321				    50.528
3332				    50.843
3343				    40.998
3354				    39.698
3365				    41.174
3376				    43.209
3388				    42.38
3399				    43.997
3410				    41.117
3421				    40.2
3432				    39.439
3443				    39.357
3454				    41.576
3466				    39.118
3477				    37.844
3488				    39.739
3499				    45.022
3511				    46.175
3522				    49.688
3533				    41.462
3545				    41.351
3556				    42.414
3567				    48.143
3578				    50.585
3589				    56.771
3600				    55.254
3611				    55.254
3622				    50.223
3633				    55.072
3644				    57.229
3655				    63.598
3666				    65.065
3678				    65.792
3689				    67.152
3700				    75.583
3712				    88.211
3723				    88.211
3735				    100.112
3746				    105.836
3757				    103.608
3769				    75.539
3780				    71.304
3791				    52.587
3802				    47.517
3813				    47.517
3824				    47.517
3835				    49.469
3847				    64.099
3858				    58.691
3869				    56.585
3881				    46.284
3892				    41.461
3903				    41.605
3914				    39.314
3926				    35.237
3937				    37.616
3948				    36.368
3960				    37.071
3971				    36.386
3983				    35.14
3994				    35.14
4005				    40.179
4016				    41.154
4027				    42.077
4038				    40.479
4049				    37.514
4060				    38.685
4072				    38.125
4083				    39.178
4094				    39.321
4105				    40.591
4116				    37.672
4128				    36.147
4139				    36.614
4150				    36.614
4161				    37.496
4172				    37.877
4184				    38.772
4195				    41.938
4206				    42.2
4218				    42.2
4229				    42.2
4240				    43.557
4251				    43.557
4262				    43.557
4274				    43.557
4285				    79.831
4297				    82.846
4308				    82.846
4319				    61.365
4330				    61.365
4342				    55.732
4353				    60.051
4364				    60.051
4376				    60.051
4387				    60.051
4398				    60.051
4410				    60.051
4421				    65.551
4433				    91.132
4445				    90.816
4456				    91.101
4467				    73.011
4479				    53.393
4490				    50.394
4501				    49.359
4512				    46.875
4523				    46.829
4534				    50.666
4546				    59.74
4557				    56.993
4568				    56.993
4579				    56.993
4590				    61.317
4601				    61.317
4612				    61.317
4623				    61.317
4634				    75.99
4645				    97.754
4656				    104.654
4668				    104.654
4679				    66.022
4691				    49.232
4702				    46.549
4713				    46.549
4724				    41.969
4735				    38.198
4746				    40.719
4757				    36.423
4768				    35.905
4779				    35.218
4790				    39.151
4801				    45.195
4812				    41.719
4823				    39.771
4834				    36.856
4846				    37.36
4857				    41.353
4868				    38.021
4879				    38.068
4890				    38.591
4901				    40.378
4912				    40.869
4923				    37.518
4934				    37.506
4945				    38.34
4957				    41.281
4968				    45.219
4979				    45.563
4991				    42.031
5002				    40.629
5014				    44.967
5025				    48.343
5036				    48.423
5047				    47.318
5058				    43.257
5070				    45.358
5081				    50.429
5092				    50.429
5104				    53.487
5115				    63.471
5126				    60.509
5137				    57.975
5149				    60.179
5160				    60.179
5171				    60.179
5182				    60.179
5194				    79.458
5205				    78.261
5216				    77.881
5227				    77.881
5238				    68.949
5249				    63.125
5260				    61.975
5271				    62.578
5283				    62.578
5294				    66.847
5305				    70.6
5317				    63.366
5328				    59.816
5340				    59.816
5351				    50.431
5362				    46.346
5374				    47.483
5385				    44.243
5396				    38.653
5408				    37.031
5419				    35.88
5430				    35.385
5442				    37.67
5453				    37.803
5464				    36.791
5475				    37.017
5486				    36.858
5498				    36.768
5509				    36.473
5520				    36.063
5531				    36.04
5542				    36.082
5553				    36.572
5564				    44.427
5575				    48.534
5587				    47.107
5598				    40.412
5609				    39.981
5620				    41.413
5631				    45.2
5642				    43.313
5653				    45.13
5664				    43.149
5676				    42.778
5687				    42.438
5699				    41.559
5710				    43.517
5722				    51.181
5733				    51.764
5744				    53.073
5756				    50.57
5767				    48.915
5778				    51.299
5790				    53.416
5801				    54.473
5811				    54.473
5823				    59.548
5834				    56.355
5845				    59.756
5857				    58.815
5869				    58.815
5880				    58.815
5891				    61.12
5902				    61.668
5913				    65.931
5925				    68.526
5936				    58.262
5947				    55.353
5958				    45.772
5970				    45.294
5981				    45.83
5992				    42.409
6003				    42.783
6014				    38.926
6025				    37.282
6036				    36.996
6048				    35.028
6059				    36.283
6070				    37.117
6081				    36.427
6093				    36.39
6104				    36.208
6115				    35.941
6127				    35.363
6138				    36.299
6149				    36.676
6160				    35.972
6171				    36.201
6182				    35.5
6194				    35.015
6205				    36.354
6216				    38.823
6227				    36.321
6238				    36.983
6250				    36.983
6261				    40.042
6272				    44.984
6283				    43.726
6294				    43.726
6306				    43.726
6317				    43.726
6328				    53.639
6340				    53.639
6351				    53.639
6362				    53.639
6374				    49.456
6385				    50.232
6396				    50.232
6407				    50.232
6418				    46.774
6430				    45.84
6441				    45.84
6452				    45.84
6463				    45.84
6474				    51.371
6485				    51.371
6497				    65.799
6508				    67.965
6518				    67.965
6530				    53.035
6541				    50.757
6552				    53.334
6563				    55.325
6574				    49.73
6585				    42.327
6596				    43.989
6607				    43.989
6618				    45.834
6630				    47.389
6641				    45.728
6652				    46.882
6663				    42.456
6674				    43.427
6685				    43.304
6696				    39.866
6707				    38.279
6718				    39.235
6729				    39.954
6740				    38.866
6751				    35.623
6762				    36.559
6773				    35.909
6785				    35.49
6796				    35.262
6807				    35.224
6818				    35.68
6829				    35.852
6841				    35.87
6852				    35.628
6863				    36.698
6874				    37.462
6885				    39.353
6896				    40.194
6907				    43.95
6918				    43.448
6929				    43.59
6941				    41.403
6952				    41.994
6963				    41.513
6974				    41.295
6985				    42.619
6996				    41.07
7007				    40.694
7019				    40.759
7030				    40.759
7042				    43.356
7053				    55.638
7064				    60.816
7075				    60.387
7086				    52.114
7097				    52.114
7108				    53.769
7119				    53.907
7130				    57.684
7141				    67.741
7152				    68.668
7164				    68.668
7175				    77.019
7186				    77.019
7198				    87.773
7209				    89.812
7221				    90.034
7232				    91.424
7244				    98.547
7257				    62.636
7268				    56.404
7279				    47.798
7290				    46.358
7301				    46.358
7312				    46.358
7324				    46.358
7335				    56.349
7346				    64.641
7358				    64.641
7369				    55.216
7380				    49.072
7391				    46.915
7402				    44.524
7413				    40.103
7424				    40.529
7436				    40.308
7447				    38.859
7458				    38.746
7469				    38.131
7480				    36.83
7491				    36.404
7502				    35.689
7513				    35.793
7524				    36.571
7535				    36.787
7546				    37.227
7557				    39.281
7568				    37.2
7580				    36.457
7591				    36.457
7602				    37.591
7613				    40.387
7624				    40.964
7636				    40.964
7647				    43.38
7658				    41.573
7669				    41.627
7680				    41.665
7692				    41.665
7703				    55.238
7714				    56.836
7725				    56.836
7737				    56.771
7748				    53.403
7759				    53.258
7770				    56.526
7782				    60.167
7793				    60.167
7804				    60.167
7815				    60.167
7826				    68.159
7838				    68.159
7849				    68.159
7861				    84.115
7872				    102.065
7883				    103.054
7894				    90.326
7906				    43.628
7917				    41.029
7928				    37.959
7939				    35.987
7950				    36.444
7961				    36.65
7973				    35.59
7984				    34.73
7995				    34.377
8006				    34.161
8018				    34.882
8029				    37.119
8040				    36.987
8051				    37.364
8061				    36.814
8072				    35.869
8083				    35.705
8095				    36.29
8106				    37.189
8117				    36.958
8128				    36.499
8139				    35.982
8150				    35.744
8161				    36.688
8172				    37.096
8183				    37.27
8195				    39.468
8204				    39.508
8210				    39.508
8216				    38.139
8221				    38.139
8226				    38.756
8231				    38.756
8236				    38.636
8241				    38.636
8245				    38.636
8250				    42.999
8255				    45.425
8260				    45.379
8266				    45.379
8270				    45.379
8276				    45.379
8281				    46.403
8286				    45.952
8292				    43.035
8297				    42.566
8303				    42.853
8308				    43.365
8314				    43.365
8319				    43.365
8325				    43.365
8330				    43.365
8336				    43.365
8341				    43.365
8347				    43.365
8352				    43.365
8358				    43.365
8363				    43.365
8368				    53.157
8374				    71.576
8379				    72.1
8384				    72.1
8390				    72.1
8396				    72.1
8401				    72.1
8407				    72.1
8413				    72.1
8418				    76.623
8424				    76.623
8429				    76.623
8434				    73.871
8441				    73.871
8452				    73.871
8464				    88.66
8476				    89.998
8488				    78.302
8499				    67.926
8510				    67.926
8522				    59.622
8533				    52.677
8544				    52.677
8555				    49.022
8567				    47.232
8578				    43.809
8589				    41.217
8600				    39.091
8612				    38.223
8623				    37.733
8634				    37.577
8645				    36.164
8656				    35.605
8667				    35.174
8678				    35.32
8689				    36.133
8700				    37.734
8711				    36.654
8723				    36.389
8734				    36.059
8745				    35.628
8756				    36.037
8767				    36.866
8778				    37.52
8789				    36.561
8800				    36.097
8811				    39.574
8822				    38.036
8833				    38.83
8844				    39.984
8856				    40.976
8866				    42.884
8877				    41.892
8889				    41.892
8901				    42.041
8912				    45.185
8923				    45.499
8935				    45.499
8946				    47.313
8957				    47.374
8969				    49.018
8980				    49.018
8991				    49.018
9002				    49.76
9013				    49.76
9024				    60.553
9035				    64.758
9046				    67.354
9057				    67.354
9068				    69.187
9080				    69.187
9091				    75.25
9102				    75.25
9114				    75.25
9125				    99.151
9137				    98.396
9148				    98.396
9159				    89.995
9170				    53.062
9181				    53.062
9193				    53.062
9204				    47.771
9216				    47.345
9227				    47.927
9238				    45.754
9250				    41.885
9261				    40.956
9272				    39.553
9283				    37.032
9295				    36.676
9306				    37.056
9317				    37.64
9329				    37.59
9340				    37.59
9352				    37.59
9363				    41.269
9374				    50.627
9385				    50.627
9396				    45.851
9408				    42.56
9419				    43.175
9431				    43.175
9442				    44.441
9453				    41.215
9461				    40.438
9469				    40.438
9477				    39.475
9485				    39.989
9494				    41.557
9502				    41.871
9510				    41.871
9518				    43.693
9526				    43.693
9535				    46.263
9543				    46.986
9551				    46.986
9559				    45.868
9567				    45.381
9575				    45.381
9583				    46.449
9591				    48.54
9599				    51.238
9607				    53.544
9616				    53.544
9623				    57.354
9631				    56.534
9639				    53.379
9647				    51.36
9655				    51.36
9664				    53.485
9672				    53.485
9680				    54.495
9688				    54.495
9696				    54.495
9704				    60.322
9713				    60.322
9721				    68.863
9729				    68.863
9737				    68.863
9745				    81.163
9753				    83.293
9761				    84.363
9769				    84.363
9777				    88.556
9786				    55.88
9794				    51.346
9802				    51.346
9811				    48.928
9819				    44.365
9827				    43.787
9835				    46.836
9843				    46.836
9851				    46.002
9859				    46.002
9867				    44.554
9876				    44.268
9887				    43.741
9898				    42.786
9910				    42.382
9921				    40.735
9932				    40.762
9943				    39.325
9954				    38.761
9965				    37.744
9977				    38.015
9988				    38.166
9999				    37.163
10010				    36.893
10021				    35.396
10032				    35.975
10043				    37.272
10051				    37.83
10059				    38.074
10067				    38.074
10075				    40.529
10083				    40.529
10091				    40.64
10099				    40.927
10107				    40.927
10115				    40.927
10123				    40.478
10131				    41.136
10139				    43.279
10148				    43.279
10156				    43.279
10164				    43.279
10173				    47.95
10181				    48.48
10189				    48.799
10197				    48.799
10205				    48.799
10214				    48.799
10222				    49.507
10230				    50.668
10238				    51.79
10246				    51.79
10254				    51.79
10262				    51.79
10271				    51.79
10282				    56.562
10293				    60.699
10304				    69.908
10316				    69.908
10327				    72.182
10338				    72.182
10349				    72.182
10361				    72.182
10372				    72.182
10384				    72.182
10395				    81.946
10406				    81.946
10417				    101.563
10429				    101.563
10440				    101.563
10451				    73.447
10462				    73.447
10474				    73.447
10485				    61.745
10496				    49.234
10507				    49.234
10518				    42.887
10529				    40.07
10540				    42.391
10552				    41.423
10563				    39.429
10574				    38.807
10585				    38.018
10597				    36.323
10608				    35.761
10619				    36.101
10631				    36.472
10642				    36.873
10653				    36.873
10665				    43.806
10676				    42.625
10687				    41.799
10698				    38.12
10709				    37.833
10719				    37.833
10731				    41.714
10742				    41.006
10753				    41.334
10764				    41.334
10775				    40.332
10786				    41.321
10797				    42.109
10808				    43.333
10819				    45.754
10830				    49.05
10841				    51.912
10853				    51.26
10864				    51.26
10875				    51.26
10886				    54.481
10898				    55.572
10909				    56.618
10920				    58.696
10931				    58.696
10942				    58.696
10953				    58.696
10964				    65.741
10975				    82.233
10987				    84.741
10999				    86.288
11010				    63.179
11021				    50.129
11032				    49.452
11043				    50.259
11054				    51.863
11065				    46.551
11076				    46.6
11087				    46.146
11098				    44.604
11110				    46.415
11121				    46.39
11132				    44.688
11143				    40.692
11154				    39.739
11165				    36.891
11176				    35.874
11187				    35.802
11198				    37.73
11209				    36.605
11221				    35.483
11232				    35.751
11243				    36.665
11254				    34.252
11265				    34.567
11276				    35.732
11287				    37.889
11298				    38.53
11309				    38.314
11320				    37.34
11332				    41.273
11343				    39.107
11354				    40.086
11365				    40.086
11376				    40.086
11387				    40.086
11398				    59.116
11409				    67.433
11420				    67.433
11431				    53.539
11442				    53.539
11454				    51.204
11465				    51.59
11476				    50.039
11487				    54.95
11498				    55.79
11509				    54.278
11520				    40.444
11531				    41.202
11542				    41.202
11553				    44.47
11565				    44.47
11576				    44.47
11588				    66.25
11598				    63.925
11609				    63.925
11621				    66.479
11632				    68.138
11643				    68.138
11654				    68.138
11665				    72.013
11676				    77.06
11688				    74.561
11699				    57.576
11710				    45.249
11721				    43.367
11733				    44.335
11744				    46.482
11755				    46.482
11767				    60.539
11778				    67.725
11790				    63.891
11801				    60.946
11812				    49.787
11823				    41.941
11835				    41.941
11845				    39.466
11856				    38.264
11867				    38.298
11879				    43.409
11890				    39.369
11902				    38.331
11913				    35.924
11925				    36.358
11936				    36.595
11947				    36.825
11958				    35.9
11969				    35.22
11980				    35.128
11991				    35.009
12003				    36.502
12014				    36.975
12026				    36.264
12037				    34.368
12048				    34.368
12059				    35.203
12071				    35.806
12082				    35.955
12093				    38.977
12104				    41.743
12116				    42.443
12127				    40.288
12139				    40.288
12150				    39.313
12161				    44.788
12173				    49.85
12184				    48.234
12195				    45.981
12206				    45.671
12217				    46.236
12229				    48.402
12240				    48.402
12251				    53.253
12262				    49.995
12273				    49.995
12285				    49.995
12296				    55.258
12307				    57.29
12318				    57.29
12330				    57.29
12341				    61.881
12353				    94.715
12364				    86.586
12375				    71.167
12387				    57.245
12397				    49.6
12405				    49.861
12413				    51.083
12421				    51.083
12429				    51.083
12438				    51.083
12446				    51.083
12454				    51.083
12462				    56.569
12470				    68.114
12478				    76.595
12486				    76.595
12494				    76.595
12503				    72.359
12511				    72.359
12519				    69.78
12527				    55.709
12535				    50.863
12544				    50.863
12552				    46.899
12561				    41.961
12569				    41.912
12577				    42.186
12585				    42.671
12593				    40.859
12602				    38.937
12610				    38.727
12618				    38.727
12626				    37.182
12634				    36.249
12642				    35.936
12650				    35.809
12658				    36.633
12666				    36.993
12674				    37.177
12683				    36.753
12691				    36.753
12699				    36.507
12707				    36.141
12715				    35.872
12723				    37.303
12732				    39.131
12740				    40.951
12749				    40.109
12757				    39.996
12765				    39.996
12774				    40.867
12782				    40.867
12791				    40.48
12802				    40.48
12815				    40.869
12826				    42.309
12837				    45.034
12848				    50.846
12859				    50.578
12871				    50.578
12882				    51.854
12893				    49.409
12904				    49.409
12915				    52.297
12927				    52.297
12938				    52.297
12949				    52.297
12961				    63.823
12972				    69.397
12983				    74.743
12995				    74.743
13006				    74.743
13018				    81.08
13029				    69.287
13040				    66.155
13052				    61.823
13063				    52.572
13074				    51.001
13086				    50.918
13098				    47.993
13109				    45.656
13120				    39.307
13132				    38.398
13143				    37.268
13154				    36.836
13166				    37.388
13177				    38.081
13188				    37.047
13199				    36.432
13210				    36.255
13221				    34.378
13232				    35.047
13244				    36.01
13255				    36.114
13266				    36.655
13277				    38.888
13289				    37.973
13300				    41.08
13311				    38.764
13323				    38.364
13334				    36.94
13345				    36.408
13356				    36.408
13367				    35.636
13379				    35.321
13390				    37.984
13401				    37.587
13412				    37.272
13424				    37.272
13436				    37.272
13447				    37.272
13458				    47.828
13469				    62.101
13481				    68.662
13492				    68.662
13503				    49.842
13515				    43.387
13526				    45.902
13537				    43.358
13548				    38.508
13559				    38.586
13571				    40.274
13582				    37.714
13593				    36.218
13604				    35.436
13616				    36.735
13628				    36.709
13639				    36.479
13650				    37.252
13663				    38.081
13674				    37.27
13685				    37.889
13697				    43.238
13708				    40.237
13719				    39.794
13731				    39.359
13742				    39.3
13753				    39.626
13764				    36.889
13777				    36.902
13789				    37.709
13795				    38.644
13801				    38.277
13806				    38.277
13810				    37.939
13814				    37.701
13818				    38.671
13822				    39.369
13826				    39.491
13831				    40.262
13835				    38.531
13839				    37.47
13843				    36.421
13846				    35.38
13851				    35.38
13854				    35.114
13858				    35.096
13862				    35.611
13866				    34.954
13869				    34.699
13874				    35.448
13877				    37.16
13881				    37.693
13885				    37.693
13889				    37.939
13893				    36.909
13897				    36.451
13902				    35.723
13906				    35.723
13910				    35.567
13914				    35.433
13917				    35.21
13921				    35.21
13925				    35.143
13929				    35.143
13933				    36.748
13937				    41.262
13941				    41.262
13945				    42.159
13948				    43.732
13952				    43.392
13956				    43.392
13960				    43.423
13964				    42.998
13968				    42.199
13973				    42.199
13978				    42.473
13983				    42.988
13990				    42.858
13996				    41.34
14002				    41.23
14008				    40.247
14014				    36.875
14021				    37.249
14027				    35.363
14032				    35.964
14037				    37.576
