22763				    10
22774				    10
22785				    10
22796				    10
22807				    10
22818				    10
22829				    10
22840				    10
22851				    10
22863				    10
22874				    10
22885				    10
22896				    10
22907				    11
22918				    16
22929				    16
22941				    16
22951				    16
22963				    16
22974				    16
22985				    16
22996				    16
23006				    16
23017				    16
23028				    16
23039				    16
23051				    16
23062				    16
23073				    30
23084				    32
23095				    32
23107				    32
23118				    32
23129				    32
23140				    32
23151				    32
23162				    32
23172				    32
23185				    32
23196				    32
23207				    32
23218				    32
23229				    48
23240				    58
23251				    64
23262				    64
23273				    64
23284				    64
23295				    64
23306				    64
23316				    64
23327				    64
23338				    64
23349				    64
23360				    64
23371				    64
23382				    72
23393				    72
23404				    72
23415				    73
23427				    119
23438				    119
23449				    119
23460				    125
23471				    127
23482				    127
23493				    128
23504				    128
23515				    128
23526				    128
23539				    128
23550				    128
23561				    128
23572				    128
23583				    128
23594				    131
23605				    157
23616				    172
23627				    172
23639				    212
23650				    214
23661				    216
23672				    195
23683				    195
23695				    191
23706				    191
23717				    191
23728				    191
23739				    190
23750				    190
23761				    190
23772				    190
23783				    190
23793				    190
23804				    190
23815				    190
23826				    189
23837				    178
23848				    177
23859				    171
23870				    161
23881				    160
23892				    160
23903				    143
23914				    137
23925				    133
23936				    122
23947				    104
23958				    104
23969				    89
23981				    115
23992				    115
24003				    115
24014				    115
24025				    115
24037				    115
24047				    115
24058				    115
24069				    115
24080				    115
24091				    115
24102				    115
24113				    115
24123				    115
24135				    115
24146				    115
24156				    115
24167				    115
24178				    115
24189				    115
24200				    115
24211				    115
24222				    115
24233				    115
24244				    115
24254				    115
24266				    115
24277				    115
24288				    115
24299				    115
24309				    115
24320				    115
24332				    115
24343				    115
24354				    115
24366				    115
24377				    115
24388				    115
24399				    115
24410				    115
24421				    115
24432				    116
24443				    116
24454				    116
24465				    116
24476				    116
24487				    116
24498				    116
24509				    116
24520				    116
24531				    116
24542				    116
24554				    116
24565				    116
24576				    116
24587				    116
24598				    116
24609				    116
24620				    116
24631				    116
24642				    116
24653				    116
24664				    117
24675				    117
