3961				    2.6	
3972				    2.6	
3983				    2.6	
3994				    3.3	
4005				    5.4	
4016				    5.4	
4027				    7.7	
4039				    9.8	
4050				    10.7	
4061				    11.7	
4072				    14.3	
4083				    21.2	
4095				    24.1	
4106				    26.2	
4117				    24.9	
4128				    38.4	
4139				    44.8	
4150				    49.1	
4161				    57.2	
4172				    56.6	
4183				    51.7	
4195				    52.3	
4206				    49.0	
4217				    53.3	
4228				    65.7	
4239				    70.1	
4248				    73.3	
4256				    72.7	
4264				    66.9	
4272				    28.8
4280				    22.6
4288				    21.4
4296				    17.3
4304				    15.1
4312				    12.4
4320				    8.0
4328				    3.9
4336				    26.6
4344				    27.7
4353				    27.7
4361				    27.7
