10642				    10
10653				    10
10663				    10
10674				    11
10685				    18
10696				    20
10707				    20
10718				    28
10729				    40
10740				    40
10751				    44
10762				    57
10773				    80
10783				    85
10794				    105
10805				    118
10816				    140
10827				    170
10838				    210
10849				    234
10860				    248
10871				    294
10882				    331
10892				    332
10903				    319
10914				    288
10926				    276
10937				    245
10947				    225
10958				    149
10969				    97
10980				    62
10991				    172
11002				    172
