4728				    10
4739				    10
4750				    10
4761				    10
4772				    12
4782				    20
4794				    20
4805				    20
4816				    21
4827				    31
4838				    40
4849				    40
4860				    40
4871				    40
4882				    40
4894				    50
4905				    50
4917				    50
4928				    50
4939				    50
4950				    52
4961				    52
4972				    53
4983				    53
4994				    53
5005				    55
5017				    55
5028				    56
5039				    56
5050				    58
5061				    58
5072				    58
5083				    59
5094				    59
5105				    60
5116				    61
5127				    62
5138				    63
5149				    63
5160				    64
5171				    65
5182				    66
5193				    66
5204				    66
5215				    67
5226				    68
5236				    69
5248				    70
5259				    70
5270				    71
5281				    71
5292				    73
5303				    73
5315				    74
5325				    75
5336				    75
5347				    76
5358				    78
5369				    78
5380				    79
5391				    80
5402				    80
5413				    82
5424				    82
5435				    83
5446				    84
5457				    84
5468				    84
