13193				    32.677
13204				    32.677
13216				    32.677
13227				    32.677
13238				    32.677
13250				    32.677
13261				    2.943
13273				    2.943
13284				    2.943
13295				    2.943
13306				    3.424
13317				    0.885
13328				    0.885
13340				    0.885
13351				    1.276
13362				    0.783
13373				    2.433
13384				    2.433
13396				    2.433
13407				    2.359
13418				    1.953
13430				    3.292
13441				    3.292
13452				    0.895
13463				    1.454
13475				    2.206
13486				    2.119
13498				    2.085
13509				    6.391
13521				    5.223
13532				    5.223
13543				    3.58
13554				    3.104
13566				    2.422
13577				    2.422
13588				    1.56
13600				    1.454
13611				    3.601
13622				    2.605
13634				    4.132
13645				    4.313
13656				    2.954
13667				    2.653
13679				    3.658
13690				    3.002
13702				    5.118
13713				    1.981
13725				    1.981
13736				    2.05
13747				    3.23
13758				    0.315
13769				    0.416
13780				    0.573
13791				    3.02
13803				    3.037
13815				    1.268
13826				    3.612
13838				    3.694
13849				    2.95
13860				    3.451
13872				    3.202
13883				    2.71
13894				    1.762
13907				    2.135
13918				    1.968
13929				    2.511
13940				    1.014
13952				    1.68
13963				    2.175
13974				    7.864
13985				    6.568
13996				    8.994
