30699				    67.927
30711				    67.927
30722				    67.927
30733				    67.927
30744				    67.927
30755				    60.338
30766				    60.338
30778				    60.338
30789				    60.338
30800				    60.338
30811				    60.191
30819				    60.508
30825				    61.499
30832				    63.26
30838				    63.26
30845				    63.26
30851				    63.26
30857				    56.918
30863				    56.918
30870				    58.145
30877				    56.519
30883				    55.184
30890				    55.184
30896				    55.184
30903				    55.184
30910				    54.171
30916				    54.984
30923				    54.984
30929				    55.291
30936				    56.364
30943				    64.454
30950				    65.537
30956				    75.583
30963				    78.454
30970				    79.776
30976				    69.301
30983				    69.301
30989				    54.85
30996				    54.85
31002				    55.2
31009				    64.141
31015				    64.141
31022				    64.141
31028				    69.679
31035				    69.679
31041				    82.942
31048				    88.441
31055				    89.678
31066				    89.678
31077				    104.998
31088				    113.449
31099				    114.36
31110				    121.864
31122				    123.062
31133				    137.893
31144				    137.893
31155				    151.351
31166				    158.659
31177				    157.077
31188				    148.609
31199				    148.609
31210				    158.204
31221				    177.355
31232				    183.177
31243				    183.177
31255				    203.529
31266				    203.529
31277				    205.119
31288				    205.119
31299				    215.403
31310				    216.061
31321				    226.127
31332				    227.267
31343				    229.397
31354				    257.799
31365				    259.044
31376				    260.742
31387				    264.95
31398				    270.361
31409				    270.361
31421				    285.692
31432				    276.404
31443				    277.311
