8603				    1
8614				    1
8625				    1
8636				    1
8647				    1
8658				    1
8669				    1
8680				    1
8691				    1
8702				    1.3	
8713				    1.3	
8723				    1.3	
8734				    1.3	
8745				    1.3	
8756				    1.7	
8767				    4.2	
8778				    4.6	
8789				    4.6	
8800				    6.4
8811				    6.6
8822				    6.9
8832				    8.0
8843				    8.1
8854				    8.3
8865				    8.3
8876				    7.7
8887				    7.1
8898				    7.2
8909				    7.2
8920				    7.6
8931				    7.6
8942				    7.1
8953				    6.7
8964				    6.7
8975				    7.1
8986				    7.3
8997				    7.6
9008				    7.5
9019				    7.6
9030				    7.6
9040				    7.1
9051				    7.2
9062				    7.2
9073				    8.1
9085				    8.1
9096				    7.9
9107				    7.9
9117				    7.4
9128				    7.4
9139				    7.6
9150				    7.9
9161				    7.9
9172				    7.4
9183				    7.5
9194				    7.9
9205				    7.9
9216				    8.1
9227				    8.1
9238				    7.8
9248				    7.4
9260				    7.6
9271				    7.7
9280				    7.7
9286				    7.7
9291				    7.7
9296				    7.5
9302				    7.5
9307				    7.5
9311				    6.7
9316				    6.6
9321				    6.4
9326				    6.4
9331				    6.2
9336				    6.1
9340				    6.1
9345				    6.1
9350				    6.9
9355				    6.9
9360				    6.9
9365				    7.2
9370				    7.2
9375				    7.1
9380				    6.8
9385				    6.8
9390				    6.8
9395				    6.7
9400				    6.7
9405				    6.7
9410				    6.7
9415				    6.4
9420				    6.4
9425				    6.4
9431				    6.8
9442				    7.9
9453				    7.9
9465				    8.0
9474				    7.9
9482				    7.9
9490				    8.1
9498				    8.1
9506				    8.7
9514				    8.9
9522				    9.2
9530				    9.2
9539				    9.6
9547				    9.5
9555				    8.6
9563				    8.6
9571				    8.6
9579				    8.9
9587				    8.7
9595				    8.7
9603				    8.7
9611				    8.6
9619				    7.5
9628				    7.9
9636				    8.0
9644				    8.7
9652				    8.7
9660				    8.7
9668				    8.7
9677				    8.5
9684				    9.0
9692				    9.1
9700				    8.9
9708				    8.9
9717				    8.9
9725				    8.9
9733				    8.5
9741				    8.5
9749				    6.9
9758				    6.7
9766				    6.7
9774				    7.6
9782				    7.6
9790				    7.6
9798				    7.9
9806				    8.5
9814				    8.3
9822				    8.3
9830				    8.3
9838				    8.3
9846				    8.3
9854				    7.8
9863				    7.8
9871				    7.8
9879				    7.6
9887				    7.6
9895				    7.6
9903				    7.6
9911				    7.6
