8029				    19.024
8040				    19.024
8051				    19.024
8062				    19.024
8073				    3.843
8084				    3.843
8096				    3.843
8107				    2.86
8118				    4.549
8129				    4.889
8141				    4.067
8152				    3.064
8164				    3.195
8175				    3.132
8187				    2.078
8198				    4.368
8209				    3.589
8221				    4.658
8232				    5.418
8243				    5.787
8255				    3.911
8266				    6.176
8277				    0.086
8288				    4.059
8299				    1.924
8311				    1.203
8321				    1.203
8332				    1.203
8343				    8.278
8354				    20.03
8365				    0.696
8377				    2.936
8388				    5.41
8399				    6.089
8410				    3.295
8421				    0.92
8432				    2.496
8443				    2.496
8455				    2.496
8466				    2.496
8477				    2.496
8488				    2.496
8499				    2.496
