3934				    2.9	
3944				    2.9	
3955				    2.9	
3966				    3.6
3977				    5.1
3988				    5.1
3998				    5.8
4009				    6.5
4020				    9.8
4031				    10.8
4042				    12.8
4053				    16.0
4064				    17.8
4075				    21.6
4086				    24.8
4097				    26.2
4108				    33.4
4119				    45.9
4129				    48.0
4140				    53.9
4151				    66.6
4162				    74.1
4173				    66.0
4184				    57.0
4195				    57.0
4205				    57.0
4216				    44.4
4227				    39.6
4238				    35.5
4249				    51.0
4260				    63.9
4271				    63.3
4282				    50.2
4292				    46.5
4303				    45.5
4314				    42.7
4325				    42.7
4336				    54.1
4347				    54.1
4357				    54.1
4368				    54.1
4379				    54.1
