26861				    59.578
26872				    59.578
26883				    59.578
26894				    59.578
26905				    59.578
26916				    57.859
26927				    58.109
26938				    58.109
26949				    52.151
26961				    46.123
26972				    49.747
26983				    49.747
26994				    46.519
27005				    48.368
27015				    50.072
27027				    49.303
27037				    47.165
27048				    45.225
27059				    45.225
27070				    51.679
27081				    51.679
27092				    65.602
27103				    66.744
27114				    66.744
27125				    66.744
27136				    66.744
27147				    61.06
27158				    61.06
27169				    74.865
27180				    60.648
27191				    50.963
27202				    45.551
27213				    47.429
27224				    47.429
27235				    53.752
27246				    60.715
27257				    62.438
27268				    61.366
27279				    56.199
27290				    55.793
27301				    57.754
27312				    58.406
27323				    62.045
27334				    62.045
27345				    62.045
27356				    64.318
27367				    48.354
27378				    48.491
27390				    55.045
27401				    53.767
27412				    54.14
27423				    55.292
27434				    60.449
27445				    52.067
27456				    51.755
27467				    51.755
27477				    51.238
27489				    51.238
27500				    54.316
27511				    60.439
27521				    58.762
27533				    52.864
27544				    58.109
27555				    60.106
27566				    53.41
27577				    50.782
27587				    50.579
27595				    48.458
27603				    48.458
27611				    50.304
27619				    58.151
27627				    59.446
27636				    56.218
27644				    55.213
27652				    56.054
27660				    52.325
