542				    10
550				    10
558				    10
566				    10
573				    10
581				    10
589				    10
597				    10
605				    10
612				    10
620				    10
628				    10
636				    10
644				    10
652				    10
659				    10
667				    10
675				    10
682				    10
690				    10
697				    10
705				    10
713				    10
720				    10
728				    10
736				    10
743				    10
751				    10
759				    10
767				    10
774				    10
782				    10
789				    10
798				    10
809				    10
820				    10
831				    10
842				    10
853				    10
865				    10
876				    10
887				    10
898				    10
909				    10
921				    10
932				    10
941				    13
948				    18
953				    18
958				    18
963				    18
968				    18
973				    18
978				    18
983				    18
988				    18
993				    18
998				    18
1003				    18
1007				    18
1012				    18
1017				    18
1022				    18
1027				    18
1033				    18
1038				    18
1043				    18
1047				    18
1052				    18
1058				    18
1063				    18
1069				    18
1074				    18
1080				    18
1085				    18
1091				    18
1097				    18
1103				    18
1109				    18
1115				    18
1121				    18
1127				    18
1133				    18
1139				    18
1145				    18
1151				    18
1157				    18
1163				    18
1169				    18
1176				    18
1182				    18
1188				    18
1195				    18
1201				    18
1207				    18
1213				    18
1219				    18
1225				    18
1231				    18
1237				    18
1244				    18
1250				    18
1256				    18
1262				    18
1269				    18
1275				    18
1281				    18
1287				    18
1294				    18
1300				    18
1306				    18
1313				    18
1319				    18
1325				    18
1332				    18
1338				    18
1344				    18
1351				    18
1357				    18
1363				    18
1369				    18
1376				    18
1382				    18
1388				    18
1394				    18
1400				    18
1407				    18
1413				    18
1419				    18
1425				    18
1431				    18
1438				    18
1444				    18
1450				    18
1456				    18
1463				    18
1469				    18
1475				    18
1481				    18
1487				    18
1493				    18
1500				    18
1505				    18
1512				    18
1518				    18
1524				    18
1530				    18
1536				    18
1542				    18
1548				    18
1554				    24
1561				    24
1567				    29
1573				    29
1579				    29
1585				    29
1591				    31
1598				    31
1604				    36
1610				    36
1617				    36
1624				    36
1631				    36
1638				    36
1645				    36
1652				    36
1660				    36
1667				    36
1674				    36
1681				    36
1689				    36
1695				    36
1702				    36
1709				    36
1716				    36
1723				    36
1730				    36
1737				    36
1744				    36
1751				    36
1758				    36
1765				    36
1772				    36
1779				    36
1786				    36
1793				    36
1800				    36
1807				    36
1814				    36
1821				    36
1828				    36
1836				    36
1843				    36
1850				    36
1857				    36
1864				    36
1871				    36
1878				    36
1885				    36
1892				    36
1899				    36
1906				    36
1913				    36
1920				    36
1926				    36
1933				    36
1940				    36
1947				    36
1954				    36
1961				    36
1969				    36
1976				    36
1983				    36
1990				    36
1997				    36
2004				    36
2011				    36
2018				    36
2025				    36
2032				    36
2039				    36
2046				    36
2053				    36
2060				    36
2067				    36
2074				    36
2081				    36
2088				    36
2095				    36
2102				    36
2109				    36
2117				    36
2124				    36
2131				    36
2138				    36
2145				    36
2152				    36
2159				    36
2166				    36
2173				    36
2180				    36
2187				    47
2194				    47
2201				    48
2208				    48
2215				    63
2222				    64
2229				    64
2237				    72
2244				    72
2251				    72
2258				    72
2265				    72
2272				    72
2279				    72
2286				    72
2293				    72
2300				    72
2307				    72
2315				    72
2322				    72
2329				    72
2336				    72
2343				    72
2350				    72
2357				    72
2364				    72
2371				    72
2378				    72
2385				    72
2392				    72
2400				    72
2406				    72
2414				    72
2421				    72
2427				    72
2434				    72
2441				    72
2448				    72
2456				    72
2463				    72
2470				    72
2477				    72
2484				    72
2491				    72
2498				    72
2505				    72
2512				    72
2519				    72
2526				    72
2533				    72
2540				    72
2547				    72
2554				    72
2560				    72
2567				    72
2575				    72
2582				    72
2589				    72
2596				    72
2603				    72
2610				    72
2617				    72
2624				    72
2631				    72
2638				    72
2645				    72
2652				    72
2659				    72
2666				    72
2673				    72
2680				    72
2689				    73
2697				    73
2705				    76
2713				    76
2721				    76
2730				    76
2738				    92
2746				    93
2755				    109
2763				    114
2771				    114
2779				    132
2788				    132
2796				    132
2804				    132
2812				    132
2820				    132
2828				    132
2835				    132
2844				    132
2852				    132
2860				    132
2868				    132
2876				    132
2884				    132
2892				    132
2900				    132
2908				    132
2916				    132
2924				    132
2932				    132
2941				    132
2949				    132
2957				    132
2965				    132
2973				    132
2981				    132
2989				    132
2997				    132
3005				    132
3013				    132
3021				    132
3028				    132
3037				    132
3045				    132
3053				    132
3061				    149
3069				    151
3077				    153
3085				    172
3093				    173
3101				    180
3109				    181
3117				    209
3125				    211
3133				    218
3144				    220
3155				    240
3166				    250
3177				    250
3188				    264
3198				    264
3210				    264
3221				    264
3232				    264
3243				    264
3254				    264
3265				    264
3276				    264
3287				    264
3297				    264
3308				    264
3319				    280
3330				    282
3341				    288
3352				    298
3363				    298
3374				    304
3384				    330
3395				    332
3406				    354
3417				    362
3427				    363
3438				    387
3449				    388
3460				    407
3471				    410
3482				    441
3492				    441
3503				    448
3514				    472
3525				    472
3536				    490
3547				    496
3558				    508
3569				    528
3580				    528
3591				    528
3602				    528
3614				    528
3624				    528
3635				    528
3646				    528
3657				    528
3668				    528
3679				    528
3690				    528
3701				    528
3712				    528
3723				    528
3734				    528
3745				    528
3756				    528
3767				    528
3778				    528
3789				    528
3800				    533
3811				    545
3821				    553
3833				    578
3844				    580
3855				    594
3866				    610
3877				    610
3888				    634
3899				    654
3910				    654
3921				    662
3932				    65
3943				    51
3954				    51
3966				    45
3977				    16
3988				    7
3999				    7
4010				    2
4021				    2
4032				    2
4044				    2
4054				    2
4065				    2
4077				    2
4087				    2
4099				    2
4110				    2
4121				    2
4132				    2
4143				    2
4154				    2
4165				    2
4176				    343
4187				    343
4197				    343
