3769				    52.585
3780				    52.585
3791				    52.585
3802				    52.585
3812				    52.585
3823				    52.585
3834				    62.465
3845				    62.465
3856				    62.465
3867				    62.465
3878				    55.969
3889				    54.722
3900				    56.391
3911				    68.813
3922				    68.813
3932				    68.813
3943				    68.813
3954				    73.989
3967				    62.033
3978				    62.033
3989				    70.558
4000				    70.558
4011				    70.558
4022				    67.353
4033				    68.139
4044				    75.612
4055				    82.533
4066				    82.533
4077				    84.5
4088				    83.628
4099				    83.628
4110				    84.17
4122				    77.813
4133				    78.912
4144				    80.237
4156				    86.715
4166				    85.813
4177				    85.813
4188				    85.024
4199				    85.024
4210				    86.889
4221				    91.006
4232				    87.461
4243				    88.241
4254				    89.594
4265				    92.161
4276				    91.76
4287				    84.184
4298				    82.642
4309				    83.703
4320				    87.857
4331				    84.624
4342				    84.624
4353				    84.675
4364				    83.631
4375				    81.704
4386				    81.026
4398				    81.026
4409				    83.129
4420				    89.357
4431				    89.357
4442				    92.192
4453				    92.192
4464				    91.385
4475				    91.385
4486				    91.385
4497				    90.68
4508				    91.332
4519				    91.207
4530				    88.548
4541				    88.548
4552				    88.548
4562				    94.581
4573				    92.951
4584				    92.951
4595				    91.325
4606				    91.325
4617				    91.802
4628				    97.031
4639				    93.037
4650				    93.037
4661				    93.845
4672				    93.845
4683				    93.845
4694				    100.84
4705				    104.054
4716				    104.054
4727				    104.054
4738				    117.011
4749				    117.011
4760				    117.011
4771				    120.74
4782				    119.613
4793				    117.135
4804				    117.135
4815				    114.158
4826				    102.427
4837				    102.427
4848				    103.651
4859				    108.805
4870				    108.552
4881				    106.517
4892				    107.65
4903				    109.876
4914				    109.173
4925				    106.395
4936				    105.52
4947				    105.52
4957				    105.52
4968				    104.929
4979				    106.961
4990				    106.249
5001				    104.569
5012				    101.927
5023				    101.7
5033				    100.868
5044				    101.612
5055				    100.866
5066				    100.866
5077				    99.884
5088				    101.131
5099				    101.131
5110				    105.752
5121				    107.436
5132				    107.377
5143				    106.938
5154				    107.091
5165				    106.832
5176				    106.832
5187				    107.918
5198				    106.711
5209				    106.711
5220				    106.711
5231				    109.082
5242				    109.082
5253				    109.082
5264				    116.481
5274				    117.842
5285				    118.224
5296				    117.223
5307				    117.223
5318				    116.665
5329				    116.665
5340				    113.881
5350				    114.85
5361				    116.107
5372				    116.107
5384				    115.336
5394				    118.64
5405				    119.289
5416				    118.882
5427				    118.536
5439				    118.359
