23265				    123.764
23276				    123.764
23287				    123.764
23298				    123.764
23309				    123.764
23321				    123.764
23333				    123.764
23344				    123.764
23356				    123.764
23368				    123.764
23379				    123.764
23390				    123.764
23401				    137.314
23413				    137.314
23424				    137.314
23435				    137.314
23447				    137.314
23458				    137.314
23469				    137.314
23480				    137.314
23492				    115.334
23503				    115.334
23515				    115.334
23526				    119.21
23538				    119.21
23549				    119.21
23560				    119.21
23571				    119.21
23583				    119.21
23594				    119.21
23606				    119.21
23618				    119.21
23629				    134.985
23641				    134.985
23652				    134.295
23663				    138.829
23674				    140.093
23685				    149.704
23696				    149.704
23708				    149.704
23719				    149.704
23730				    149.704
23741				    149.704
23752				    149.704
23764				    137.911
23776				    138.291
23787				    143.576
23798				    148.796
23809				    152.304
23820				    159.64
23831				    162.896
23842				    162.896
23853				    177.896
23864				    180.934
23875				    180.934
23886				    180.934
23898				    180.934
23909				    180.934
23920				    180.934
23931				    180.934
23942				    180.934
23954				    180.934
23965				    193.444
23976				    200.058
23987				    200.058
23998				    203.024
24009				    193.494
24020				    193.689
24032				    197.771
24043				    210.317
24054				    211.507
24066				    213.01
24077				    221.625
24089				    226.777
24100				    226.777
24111				    237.194
24122				    247.421
24134				    247.421
24145				    247.421
24157				    247.421
24169				    247.421
24180				    247.421
24191				    247.421
24202				    244.292
24214				    247.099
24225				    247.099
24236				    257.226
24247				    270.537
24258				    261.99
24269				    261.99
24280				    279.958
24292				    280.303
24303				    291.552
24314				    296.111
24326				    289.459
24337				    292.842
24349				    292.842
24360				    313.614
24371				    318.317
24383				    325.077
24394				    326.519
24405				    329.105
24416				    338.232
24427				    338.232
24439				    342.153
24450				    344.267
24461				    346.958
24472				    347.113
24483				    347.113
24494				    354.624
24506				    363.581
24517				    363.581
24528				    363.581
24540				    370.462
24551				    370.462
24562				    370.462
24573				    371.525
24583				    371.525
24590				    371.525
24597				    376.954
24603				    377.713
24610				    377.713
24617				    377.713
24623				    377.713
24630				    392.992
24637				    392.992
24643				    397.766
24650				    399.44
24656				    399.678
24663				    399.678
24670				    413.582
24677				    413.582
24684				    413.582
24690				    413.582
24697				    433.619
24704				    422.199
24710				    424.994
24717				    424.994
24724				    424.994
24731				    424.994
24737				    431.314
24744				    457.446
24751				    455.275
24758				    455.275
24765				    455.961
24772				    450.514
24779				    450.514
24785				    450.514
24792				    450.514
24799				    455.712
