19702				    1.9	
19711				    1.9	
19719				    1.9	
19727				    1.9	
19735				    1.9	
19743				    1.9	
19751				    1.9	
19759				    3.3
19767				    2.5
19775				    3.5
19783				    3.5
19791				    3.5
19799				    3.5
19807				    3.5
19815				    5.4
19823				    5.7
19831				    6.0
19839				    6.0
19847				    6.2
19855				    6.0
19863				    5.7
19871				    5.7
19879				    5.7
19887				    5.8
19895				    6.1
19903				    6.1
19912				    6.0
19920				    6.0
19928				    5.7
19936				    5.5
19944				    5.5
19952				    5.1
19960				    5.1
19968				    4.3
19979				    4.0
19990				    3.7
20001				    3.6
20012				    3.4
20023				    3.3
20034				    3.3
20045				    3.3
20056				    3.1
20067				    3.1
20078				    3.1
20089				    2.9
20099				    2.9
20110				    2.9
20121				    3.1
20132				    3.2
20143				    3.3
20154				    3.3
20165				    3.3
20175				    3.3
20186				    3.3
20198				    3.3
20209				    3.3
20220				    3.3
20230				    3.3
20241				    3.2
20252				    3.2
20263				    3.1
20274				    3.2
20285				    3.2
20296				    3.2
20307				    3.2
20318				    3.1
20328				    3.0
20339				    3.0
20350				    3.0
20361				    3.0
20372				    3.0
20383				    3.0
20394				    3.0
20405				    2.9
20416				    3.0
20427				    3.0
20437				    3.1
20448				    3.1
20459				    3.1
20470				    3.3
20481				    3.4
20492				    3.4
20503				    3.4
20514				    3.7
20525				    4.2
20536				    4.2
20547				    4.8
20558				    4.8
20569				    5.8
20579				    5.8
20590				    6.7
20601				    6.7
20612				    6.7
20623				    8.2
20634				    9.1
20645				    9.1
20656				    9.3
20667				    9.7
20678				    11.0
20688				    12.7
20699				    13.2
20710				    13.1
20721				    12.7
20732				    12.4
20742				    12.4
20753				    12.4
20764				    12.4
20775				    12.3
20786				    11.6
20797				    11.4
20808				    10.7
20818				    9.9
20829				    9.7
20840				    9.7
20851				    8.5
20862				    9.5
20873				    9.5
20884				    9.5
20895				    9.1
20906				    8.7
20917				    8.8
20928				    8.8
20938				    8.7
20949				    8.6
20960				    8.5
20971				    8.5
20982				    8.5
20993				    8.5
21004				    8.4
21015				    8.5
21026				    9.4
21037				    9.4
21048				    9.4
21059				    8.9
21070				    8.8
21081				    8.5
21092				    8.5
21103				    8.3
21114				    7.7
21125				    7.7
21136				    7.7
21147				    7.6
21158				    7.6
21169				    7.8
21180				    8.2
21190				    8.0
21201				    7.7
21213				    7.6
21223				    7.5
21234				    7.4
21245				    7.8
21256				    7.8
21267				    5.7
21278				    5.8
21288				    5.7
21299				    5.6
21310				    5.6
21321				    5.6
