31453				    1.7	
31464				    1.7	
31475				    1.7	
31486				    1.7	
31497				    1.7	
31507				    2.3	
31518				    3.0	
31529				    3.0	
31540				    3.0	
31551				    6.2	
31562				    6.7	
31572				    7.3	
31583				    8.5	
31594				    9.9	
31605				    10.0	
31616				    15.4	
31627				    16.0	
31638				    16.2	
31649				    16.2	
31660				    14.9
31671				    14.1
31682				    13.8
31694				    11.6
31704				    12.2
31715				    12.5
31726				    13.4
31737				    13.4
31748				    13.4
31759				    12.3
31769				    13.4
31780				    13.4
31791				    13.3
31802				    11.6
31813				    14.4
31824				    14.4
31835				    13.4
31846				    13.6
31856				    13.8
31867				    13.5
31878				    13.3
31889				    12.7
31899				    12.0
31910				    12.7
31921				    12.7
31932				    13.8
31943				    13.8
31954				    13.9
31965				    13.7
31976				    15.4
31987				    16.3
31998				    16.3
32009				    16.0
32020				    14.3
32031				    12.5
32041				    12.4
32052				    11.4
32063				    11.3
32074				    12.2
32085				    13.5
32096				    13.5
32107				    14.1
32117				    14.1
32128				    13.4
32139				    14.2
32150				    14.1
32160				    14.0
32171				    13.9
32182				    14.0
32193				    14.7
32204				    13.6
32214				    13.6
32225				    13.2
32236				    13.0
32247				    13.1
