76				    10
87				    10
98				    10
110				    10
121				    15
132				    15
143				    15
154				    15
165				    15
176				    19
187				    20
198				    30
209				    30
220				    30
231				    30
242				    40
253				    53
264				    54
275				    60
286				    60
297				    60
307				    60
318				    60
329				    60
340				    60
351				    60
362				    60
373				    71
384				    71
395				    83
406				    103
417				    115
429				    117
440				    119
450				    119
458				    119
466				    119
474				    119
482				    120
490				    120
498				    120
506				    120
514				    120
523				    120
531				    120
539				    120
547				    120
555				    120
563				    120
571				    120
579				    120
587				    120
595				    120
603				    120
612				    120
623				    134
634				    135
645				    142
655				    143
667				    143
678				    176
689				    181
700				    182
711				    206
722				    214
733				    218
745				    218
756				    224
767				    236
778				    238
788				    238
799				    238
810				    238
820				    238
831				    238
841				    238
852				    238
863				    238
874				    238
885				    238
896				    238
907				    240
918				    240
929				    240
940				    240
951				    240
962				    240
974				    240
984				    240
995				    240
1006				    240
1017				    240
1029				    240
1040				    240
1051				    240
1062				    240
1073				    240
1084				    240
1095				    240
1106				    240
1117				    240
1128				    240
1139				    240
1149				    240
1160				    240
1171				    240
1182				    240
1193				    240
1204				    240
1215				    254
1226				    243
1238				    243
1249				    243
1260				    238
1271				    237
1281				    237
1292				    232
1303				    232
1314				    226
1325				    208
1337				    208
1348				    208
1359				    207
1370				    186
1381				    183
1392				    183
1403				    165
1414				    162
1425				    162
1436				    151
1448				    148
1459				    142
1470				    142
1481				    136
1492				    136
1503				    136
1514				    136
1525				    136
1536				    136
1547				    136
1558				    136
1569				    136
1580				    136
1591				    136
1602				    136
1613				    136
1624				    136
1635				    134
1646				    134
1658				    134
1669				    134
1680				    134
1691				    134
1702				    134
1713				    134
1724				    134
1736				    134
1747				    134
1758				    134
1770				    134
1781				    134
1792				    134
1804				    134
1815				    134
1827				    134
1838				    134
1849				    134
1861				    134
1872				    134
1883				    134
1895				    134
1906				    134
1917				    134
1928				    134
1940				    134
1951				    121
1962				    116
1972				    115
1984				    115
1995				    115
2006				    108
2017				    92
2028				    92
2039				    86
2051				    78
2062				    71
2073				    71
2084				    71
2095				    71
2104				    71
2111				    71
2116				    71
2121				    71
2126				    71
2131				    71
2136				    71
2141				    71
2146				    71
2151				    71
2156				    71
2161				    71
2166				    71
2171				    71
2176				    71
2181				    71
2186				    71
2191				    71
2196				    71
2201				    71
2206				    71
2211				    71
2216				    71
2221				    71
2226				    71
2231				    71
2236				    71
2242				    71
2253				    71
2264				    71
2275				    71
2286				    71
2298				    71
2309				    71
2320				    71
2331				    71
2342				    71
2353				    71
2364				    71
2375				    71
2386				    62
2397				    61
2408				    57
2419				    57
2430				    57
2441				    56
2452				    56
2463				    56
2474				    56
2485				    56
2495				    56
2508				    56
2519				    56
2530				    56
2541				    56
2552				    56
2563				    56
2574				    56
2585				    56
2596				    56
2607				    56
2617				    52
2628				    52
2639				    67
2650				    67
2661				    67
2672				    67
2683				    67
2694				    67
2705				    67
2716				    67
2727				    67
2738				    67
2749				    67
2760				    67
2771				    67
2782				    67
2793				    67
2804				    67
2815				    67
2826				    67
2837				    67
2849				    67
2859				    67
2870				    67
2881				    67
2892				    67
2903				    67
2915				    67
2925				    67
2936				    67
2947				    67
2958				    67
2968				    67
2979				    67
2990				    67
3001				    67
3012				    67
3023				    67
3034				    67
3045				    67
3056				    67
3067				    67
3079				    67
3090				    67
3101				    67
3113				    67
3123				    67
3134				    67
3145				    67
3156				    67
3168				    67
3178				    67
3189				    67
3200				    67
3211				    67
3223				    67
3234				    67
3245				    67
3256				    67
3267				    67
3278				    67
3289				    67
3300				    67
3311				    67
3322				    67
3333				    67
3344				    67
3355				    67
3366				    67
3377				    67
3388				    67
3399				    67
3410				    67
3421				    67
3432				    67
3443				    67
3454				    67
3465				    67
3475				    67
3486				    67
3497				    1408
3508				    1408
3519				    1408
3530				    1408
3541				    1408
3552				    1408
3562				    1408
3573				    1408
3584				    1408
3595				    1408
3606				    1408
3617				    1408
3628				    1408
3639				    1408
3650				    1408
3661				    1408
3672				    1408
3682				    1408
3693				    2
3704				    2
3715				    2
3726				    2
3737				    2
3748				    2
3759				    2
3769				    2
3780				    2
3791				    2
3802				    2
3813				    2
3824				    2
3835				    2
3846				    2
3857				    2
3868				    4
3879				    4
3890				    4
3901				    4
3913				    4
3924				    4
3935				    4
3946				    4
3957				    4
3968				    4
3980				    4
3991				    4
4002				    4
4013				    4
4024				    4
4035				    4
4046				    4
4058				    8
4069				    8
4079				    8
4090				    8
4101				    8
4112				    8
4123				    8
4135				    8
4145				    8
4156				    8
4167				    8
4178				    8
4189				    8
4200				    8
4211				    8
4222				    8
4232				    8
4243				    8
4254				    8
4265				    8
4276				    8
4287				    8
4299				    8
4310				    8
4321				    8
4332				    11
4343				    16
4354				    16
4365				    16
4376				    16
4388				    16
4399				    16
4409				    16
4420				    16
4431				    16
4442				    16
4453				    16
4464				    16
4474				    16
4485				    16
4496				    16
4507				    16
4518				    16
4529				    16
4540				    16
4552				    16
4562				    16
4573				    16
4585				    16
4596				    16
4607				    16
4617				    16
4628				    16
4639				    16
4650				    22
4661				    22
4672				    24
4683				    32
4694				    32
4707				    32
4718				    32
4729				    32
4739				    32
4751				    32
4762				    32
4773				    32
4784				    32
4795				    32
4806				    32
4817				    32
4829				    32
4840				    32
4851				    32
4861				    32
4872				    32
4883				    32
4894				    32
4905				    32
4916				    32
4927				    32
4938				    32
4949				    32
4960				    32
4971				    32
4982				    32
4993				    32
5004				    32
5015				    32
