13141				    10
13149				    10
13157				    10
13166				    10
13174				    10
13182				    10
13191				    14
13199				    20
13207				    20
13215				    20
13223				    20
13232				    22
13240				    28
13248				    28
13256				    28
13264				    28
13272				    28
13280				    28
13288				    28
13296				    30
13305				    50
13313				    52
13321				    55
13329				    55
13337				    56
13345				    56
13353				    56
13361				    56
13369				    62
13377				    84
13386				    84
13394				    90
13402				    98
13410				    99
13418				    99
13427				    106
13435				    106
13443				    124
13451				    124
13459				    124
13467				    124
13475				    124
13483				    124
13492				    124
13500				    144
13508				    146
13516				    152
13524				    152
13532				    152
13540				    152
13548				    152
13556				    152
13564				    152
13572				    152
13580				    152
13588				    152
13596				    152
13604				    152
13612				    152
13620				    152
13628				    152
13636				    152
13644				    152
13652				    152
13660				    152
13668				    152
13676				    152
13684				    152
13692				    152
13700				    152
13708				    152
13716				    152
13724				    152
13732				    152
13740				    152
13748				    152
13756				    152
13765				    152
13773				    152
13781				    152
13789				    152
13797				    152
13805				    106
13813				    106
13821				    106
13830				    106
13838				    106
13847				    106
13855				    106
13863				    106
13872				    106
13880				    106
13888				    106
13896				    106
13904				    106
13912				    106
