5266				    2.5	
5277				    2.5	
5288				    2.5	
5299				    2.5	
5310				    2.5	
5321				    2.5	
5331				    2.5	
5342				    2.5	
5353				    2.5	
5364				    2.5	
5375				    2.5	
5386				    2.5	
5397				    2.5	
5408				    2.5	
5419				    2.5	
5430				    2.5	
5441				    2.5	
5452				    2.5	
5463				    2.5	
5474				    2.5	
5485				    2.5	
5496				    2.5	
5507				    1.3	
5518				    1.3	
5529				    1.3	
5540				    1.3	
5551				    1.3	
5562				    7.1	
5573				    7.1	
5584				    7.1	
5595				    8.1	
5606				    10.1	
5617				    16.8	
5628				    16.8	
5639				    16.8	
5650				    16.8	
5661				    15.2	
5672				    13.9	
5683				    24.3	
5694				    28.0	
5705				    32.3	
5716				    35.2	
5727				    41.6	
5738				    43.3	
5749				    40.1
5760				    46.0
5771				    50.1
5782				    53.1
5793				    38.6
5804				    34.1
5815				    27.9
5826				    22.5
5838				    15.0
5849				    11.5
5860				    10.9
5871				    17.0
5882				    31.2
5893				    31.2
5904				    13.4
5915				    14.0
5926				    13.0
5937				    10.8
5948				    19.1
5959				    19.0
5970				    17.9
