31282				    1.9	
31290				    1.9	
31298				    1.9	
31306				    1.9	
31314				    1.9	
31322				    1.9	
31330				    4.2
31338				    4.2
31346				    4.2
31354				    4.2
31362				    4.2
31371				    4.5
31379				    6.0
31387				    6.0
31395				    6.5
31403				    6.5
31411				    6.5
31419				    6.4
31427				    6.8
31435				    7.0
31443				    8.0
31451				    8.1
31459				    8.1
31467				    8.3
31475				    8.3
31483				    8.8
31491				    8.8
31499				    8.7
31507				    8.8
31515				    8.7
31523				    8.7
31531				    8.4
31539				    8.4
31547				    7.4
31555				    7.4
31563				    8.6
31571				    8.6
31579				    8.5
31587				    8.5
31595				    8.7
31603				    8.7
31611				    8.8
31619				    8.8
31627				    8.2
31635				    8.2
31643				    8.1
31651				    8.2
31659				    8.2
31667				    8.4
31675				    8.4
31683				    8.0
31691				    8.0
31700				    9.0
31708				    9.0
31716				    9.0
31724				    9.0
31732				    8.8
31740				    8.9
31748				    8.9
31756				    9.7
31764				    9.7
31772				    9.7
31780				    9.7
31789				    9.7
31797				    9.4
31805				    9.5
31813				    9.6
31821				    9.5
31829				    9.2
31837				    9.2
31845				    9.1
31853				    8.8
31861				    9.3
31869				    9.3
31876				    9.3
31884				    9.3
31893				    9.1
31901				    9.1
31909				    9.1
31917				    8.7
31925				    8.7
31934				    8.7
31942				    8.5
31950				    8.6
31958				    8.5
31967				    8.4
31975				    8.4
31983				    8.7
31991				    8.7
31999				    8.6
32007				    8.6
32015				    8.8
32023				    9.0
32031				    9.0
32039				    9.0
32047				    8.9
32055				    8.9
32063				    8.9
32071				    9.0
32079				    8.9
32087				    8.7
32095				    8.7
32103				    8.7
32112				    8.5
32120				    8.5
32128				    8.9
32136				    8.9
32144				    9.1
32152				    9.0
32160				    8.8
32169				    8.8
32177				    8.6
32185				    8.8
32193				    8.8
32201				    8.8
32209				    8.8
32217				    8.8
32225				    8.8
32233				    8.5
32241				    8.5
32249				    8.5
32257				    8.5
32265				    8.5
32273				    8.5
32281				    8.5
32289				    8.5
32297				    8.5
32305				    8.5
32313				    8.5
32321				    8.5
32329				    8.5
32338				    6.9
32345				    5.7
32354				    5.5
32362				    4.7
32370				    4.7
32378				    4.5
32386				    2.8
32394				    2.9
32402				    2.9
32410				    2.9
32418				    2.9
32426				    2.9
32434				    2.9
32442				    5.4
32450				    5.4
32458				    7.0
32467				    7.4
32474				    7.4
32482				    7.4
32490				    8.2
32499				    8.2
32507				    9.5
32515				    12.1
32523				    12.1
32532				    12.3
32540				    12.3
32547				    12.1
32555				    12.1
32563				    8.1
32571				    8.0
32579				    8.0
32587				    8.0
32595				    8.0
32603				    8.0
32611				    7.6
32619				    7.6
32627				    7.6
32635				    7.5
32643				    7.5
32652				    7.6
32660				    7.7
32668				    7.8
32676				    7.8
