12887				    127.702
12898				    127.702
12909				    127.702
12920				    127.702
12931				    127.702
12943				    127.702
12953				    127.702
12964				    127.702
12975				    127.702
12986				    127.702
12997				    127.702
13008				    125.53
13019				    131.602
13030				    131.602
13041				    131.602
13052				    131.602
13063				    131.602
13074				    131.602
13085				    131.602
13096				    131.602
13107				    131.602
13118				    131.602
13129				    131.602
13140				    123.907
13151				    125.267
13162				    125.267
13173				    125.267
13184				    125.267
13195				    125.267
13206				    125.267
13217				    125.267
13228				    125.267
13239				    125.267
13249				    125.267
13260				    125.343
13272				    127.866
13283				    146.054
13294				    145.173
13305				    146.069
13316				    146.069
13327				    146.069
13338				    146.069
13350				    146.069
13361				    146.069
13372				    146.069
13383				    146.069
13394				    146.069
13405				    146.069
13416				    146.069
13427				    159.294
13438				    160.234
13449				    163.671
13460				    170.613
13471				    170.613
13482				    170.613
13493				    200.286
13504				    200.679
13515				    200.679
13525				    200.679
13536				    204.841
13547				    204.841
13558				    204.841
13569				    204.841
13580				    204.841
13591				    204.841
13602				    204.841
13613				    196.163
13624				    196.896
13635				    206.927
13646				    206.927
13656				    216.476
13668				    222.486
13679				    222.486
13690				    225.97
13701				    225.97
13713				    246.246
13724				    239.953
13735				    239.43
13746				    246.682
13757				    249.334
13768				    249.334
13779				    249.334
13789				    249.334
13800				    249.334
13811				    257.167
13822				    271.125
13833				    271.125
13844				    271.125
13855				    271.125
13867				    271.125
13878				    268.901
13888				    268.901
13899				    268.901
13910				    274.66
13922				    288.451
13933				    291.012
13944				    291.012
13955				    299.125
13966				    300.328
13977				    308.022
13988				    308.977
13999				    315.773
14010				    318.083
14021				    321.37
14032				    321.37
14043				    330.825
14054				    334.703
14065				    339.394
14076				    341.938
14088				    348.476
14099				    351.652
14109				    352.827
14121				    358.459
14132				    358.459
14143				    358.459
14154				    358.459
14165				    358.459
14176				    366.387
14187				    371.572
14198				    371.982
14210				    374.322
14220				    374.322
14231				    374.322
14242				    380.111
14253				    380.111
14264				    380.194
14275				    380.662
14286				    370.551
14298				    370.551
14308				    383.593
14319				    398.475
14330				    400.458
14341				    400.458
14352				    401.936
14362				    409.029
14373				    398.571
14384				    398.571
14396				    386.33
14407				    389.457
14419				    389.457
14430				    395.896
14441				    391.34
14452				    392.131
14463				    380.672
14475				    383.349
14486				    387.092
14497				    387.092
