2491				    71.289
2502				    71.289
2513				    71.289
2524				    71.289
2535				    71.289
2546				    71.289
2557				    71.289
2568				    71.289
2578				    71.289
2589				    71.289
2600				    71.289
2611				    71.289
2622				    71.289
2632				    40.746
2643				    7.26
2654				    7.26
2665				    7.26
2676				    7.26
2686				    7.26
2697				    7.26
2708				    7.26
2719				    7.26
2730				    7.26
2740				    7.26
2751				    11.047
2762				    3.736
2774				    3.736
2785				    3.736
2796				    3.736
2806				    3.736
2817				    3.736
2828				    3.736
2839				    3.736
2850				    3.736
2861				    3.736
2872				    3.736
2882				    3.736
2893				    11.399
2904				    10.083
2915				    4.644
2926				    6.056
2937				    10.569
2948				    10.569
2959				    10.569
2970				    10.569
2981				    10.569
2992				    10.569
3002				    10.569
3013				    10.569
3024				    10.569
3035				    10.569
3046				    10.569
3057				    10.569
3068				    9.079
3079				    3.882
3090				    3.882
3101				    2.236
3112				    8.341
3123				    8.341
3133				    7.533
3144				    7.533
3155				    7.533
3166				    7.533
3177				    18.092
3188				    18.092
3199				    18.092
3210				    18.092
3221				    18.092
3232				    18.092
3243				    18.092
3254				    18.092
3264				    18.092
3276				    9.826
3287				    6.705
3298				    7.834
3309				    5.123
3320				    7.409
3331				    5.311
3342				    4.054
3353				    5.852
3364				    7.171
3375				    4.048
3386				    4.048
3397				    4.446
3408				    5.866
3419				    5.866
3430				    5.866
3441				    5.866
3452				    5.5
3463				    5.5
3474				    5.5
3485				    5.5
3496				    5.5
3507				    5.5
3518				    5.5
3529				    4.967
3540				    4.874
3551				    4.273
3562				    4.387
3573				    0.733
3584				    4.732
3595				    4.696
3606				    4.771
3617				    2.359
3628				    1.083
3639				    1.083
3650				    6.183
3661				    2.819
3672				    6.396
3683				    5.601
3694				    5.601
3705				    5.939
3715				    5.939
3726				    5.939
3737				    5.939
3748				    5.939
3759				    5.939
3770				    7.01
3781				    7.01
3792				    7.01
3803				    6.204
3814				    2.669
3825				    3.168
3836				    3.052
3847				    2.253
3858				    2.253
3869				    2.982
3880				    4.798
3891				    6.735
3902				    5.938
3913				    6.306
3923				    6.306
3934				    5.118
3945				    5.918
3956				    5.88
3967				    5.88
3978				    5.88
3989				    5.88
4000				    5.88
4011				    5.88
4022				    5.88
4033				    5.116
4044				    6.222
4055				    4.158
4065				    4.379
4076				    4.306
4087				    4.106
4098				    7.014
4109				    2.887
4120				    2.887
4131				    7.04
4142				    7.305
4153				    7.348
4164				    4.855
4175				    4.855
4186				    3.398
4197				    7.733
4208				    7.733
4219				    7.941
4230				    7.941
4241				    7.941
4252				    7.941
4263				    7.941
4274				    16.16
4285				    16.382
4296				    16.382
4307				    13.524
4318				    13.524
4329				    10.174
4340				    7.252
4351				    7.252
4362				    7.621
4373				    2.016
4384				    2.274
4395				    1.319
4406				    4.43
4417				    4.43
4428				    4.879
4439				    8.628
