0				    10
8				    10
16				    10
25				    10
33				    10
41				    10
49				    10
58				    12
66				    16
74				    16
82				    16
90				    16
98				    16
107				    17
115				    18
123				    29
131				    32
139				    32
147				    32
155				    32
163				    32
172				    34
180				    39
189				    49
200				    64
212				    64
223				    64
235				    64
246				    64
257				    66
268				    73
280				    73
292				    73
303				    73
315				    73
326				    73
338				    73
349				    73
360				    73
371				    73
382				    73
393				    73
404				    73
416				    73
427				    73
438				    73
449				    73
460				    73
471				    73
483				    73
494				    73
505				    73
516				    73
527				    73
539				    73
550				    73
561				    73
572				    73
583				    73
595				    73
606				    73
617				    73
629				    73
641				    73
652				    73
663				    73
674				    73
685				    73
697				    73
708				    73
719				    73
730				    73
741				    73
752				    73
764				    73
775				    73
786				    74
797				    74
809				    74
821				    74
832				    74
844				    74
855				    74
866				    74
877				    74
890				    74
901				    74
912				    74
923				    74
934				    74
945				    74
957				    74
968				    74
979				    74
990				    74
1001				    74
1013				    74
1024				    74
1035				    74
1046				    74
1058				    74
1069				    74
1080				    74
1092				    74
1103				    74
1114				    74
1125				    74
1136				    74
1148				    74
1159				    74
1171				    74
1182				    74
1193				    74
1204				    74
1216				    74
1227				    74
1239				    74
1250				    75
1261				    75
1272				    75
1284				    75
1295				    75
1307				    75
1318				    75
1329				    75
1340				    75
1351				    75
1363				    75
1374				    75
1386				    75
1397				    75
1408				    75
1420				    75
1431				    75
1442				    75
1454				    75
1465				    75
1476				    75
1487				    75
1498				    75
1509				    75
1520				    75
1532				    75
1543				    75
1554				    75
1565				    75
1577				    75
1588				    75
1599				    75
1611				    75
1622				    75
1633				    75
1644				    75
1655				    75
1666				    75
1678				    75
1689				    75
1700				    75
1712				    75
1723				    76
1734				    76
1746				    76
1757				    76
1768				    76
1779				    76
1791				    76
1802				    76
1813				    76
1824				    76
1835				    76
1846				    76
1858				    76
1869				    76
1880				    76
1892				    76
1903				    76
1915				    76
1926				    76
1937				    76
1948				    76
1960				    76
1971				    76
1982				    76
1993				    76
2004				    76
2015				    76
2026				    76
2038				    76
2049				    76
2060				    76
2071				    76
2082				    76
2093				    76
2104				    76
2116				    76
2128				    76
2139				    76
2150				    76
2161				    76
2173				    76
2184				    76
2195				    77
2206				    77
2218				    77
2229				    77
2240				    77
2251				    77
2263				    77
2274				    77
2285				    77
2296				    77
2308				    77
2319				    77
2330				    77
2342				    77
2353				    77
2364				    77
2375				    77
2387				    77
2398				    77
2410				    77
2421				    77
2432				    77
2443				    77
2455				    77
2466				    77
2478				    77
2489				    77
2500				    77
2512				    77
2523				    77
2534				    77
2546				    77
2557				    77
2568				    77
2579				    78
2591				    78
2602				    78
2613				    78
2624				    78
2635				    78
2646				    78
2658				    78
2669				    78
2680				    78
2692				    78
2703				    78
2715				    78
2726				    78
2737				    78
2748				    78
2760				    78
2771				    78
2783				    78
2794				    78
2805				    78
2816				    78
2828				    78
2839				    78
