2098				    1.8	
2109				    1.8	
2120				    1.8	
2131				    1.8	
2142				    1.8	
2153				    2.9	
2164				    2.9	
2175				    3.4	
2186				    3.4	
2198				    3.4	
2209				    5.3	
2220				    6.2
2231				    6.2
2242				    5.5
2253				    5.5
2264				    5.5
2276				    5.2
2287				    5.2
2298				    5.4
2309				    5.3
2320				    5.4
2331				    5.4
2342				    5.8
2353				    5.8
2364				    5.8
2375				    5.7
2386				    5.7
2398				    5.7
2409				    5.6
2420				    5.5
2431				    5.3
2442				    5.4
2454				    5.4
2465				    5.9
2476				    5.9
2487				    6.4
2498				    6.4
2509				    6.2
2520				    5.9
2531				    6.2
2542				    6.1
2553				    5.8
2564				    5.6
2575				    5.8
2586				    5.9
2597				    5.9
2608				    5.9
2620				    6.1
2631				    6.1
2642				    6.1
2654				    5.9
2664				    6.0
2676				    6.1
2687				    6.4
2698				    6.2
2709				    6.2
2720				    6.2
2731				    5.9
2742				    5.8
2754				    5.9
2765				    5.9
2776				    5.7
2787				    6.3
2798				    6.8
2809				    6.8
2820				    6.3
2831				    6.1
2842				    6.2
2853				    6.2
2864				    6.2
2875				    6.2
2886				    6.4
2897				    6.6
2908				    6.5
2919				    6.5
2930				    6.5
2941				    6.4
2952				    6.4
2963				    6.4
2974				    6.0
2985				    6.0
2996				    5.4
3007				    5.4
3018				    5.4
3030				    5.3
3041				    5.2
3052				    5.2
3063				    5.4
3073				    5.4
3085				    5.7
3095				    5.8
3107				    5.8
3118				    5.7
3129				    6.0
3140				    6.1
3151				    6.1
3162				    6.1
3173				    6.1
3184				    7.3
3195				    7.4
3206				    7.5
3217				    7.8
3228				    7.7
3239				    7.8
3250				    7.9
3262				    7.9
3273				    7.9
3284				    7.9
3295				    7.5
3306				    6.7
3318				    7.0
3329				    7.0
3340				    6.9
3351				    6.5
3362				    6.5
3373				    6.3
3384				    6.3
3395				    5.3
3406				    5.4
3417				    5.5
3428				    5.5
3439				    5.5
3450				    5.2
3461				    5.0
3472				    4.9
3483				    4.5
3494				    4.5
3506				    4.5
3517				    4.5
3528				    4.5
3539				    4.5
3550				    4.3
3561				    4.1
3572				    4.0
3583				    4.0
3594				    3.7
3606				    3.6
3617				    3.6
3628				    3.5
3639				    3.3
3650				    3.2
3662				    3.1
3673				    3.0
3684				    3.0
3695				    3.0
3706				    2.9
3717				    2.9
3728				    2.9
3739				    2.8
3750				    2.8
3761				    2.8
3772				    2.7
3783				    2.7
3794				    2.6
3805				    2.6
3816				    2.5
3827				    2.4
3838				    2.4
3850				    2.3
3861				    2.3
3872				    2.3
3883				    2.3
3894				    2.2
3905				    2.2
3917				    2.2
3928				    2.1
3939				    2.1
3950				    2.2
3961				    2.2
3972				    2.2
3983				    2.2
3994				    2.2
4005				    2.2
4016				    2.3
4027				    2.3
