0				    1.5	
9				    1.5	
16				    1.5	
24				    1.5	
32				    1.5	
40				    2.2
48				    3.5
56				    3.7
64				    3.7
72				    3.7
80				    3.7
88				    3.7
97				    3.7
105				    4.1
113				    7.3
121				    7.6
129				    7.6
137				    7.6
145				    10.3
153				    10.6
162				    11.3
170				    11.7
178				    15.6
186				    17.1
194				    17.5
202				    19.0
210				    19.0
218				    20.1
226				    20.1
234				    22.0
242				    21.6
250				    21.6
258				    19.2
266				    19.1
274				    17.3
281				    17.0
289				    17.2
297				    16.9
305				    15.8
313				    16.7
321				    16.5
329				    16.5
337				    16.3
346				    16.0
354				    15.3
362				    15.1
370				    15.2
378				    15.2
386				    15.0
394				    15.0
402				    14.9
410				    14.8
418				    14.2
426				    14.2
434				    13.8
442				    13.8
450				    13.8
459				    13.0
467				    12.0
475				    12.9
483				    12.9
491				    12.9
499				    12.8
507				    12.2
515				    12.2
523				    12.2
531				    12.2
539				    11.7
547				    11.2
555				    11.0
563				    10.7
571				    10.4
579				    10.3
587				    10.1
595				    10.0
603				    10.8
611				    10.9
619				    10.7
627				    10.7
635				    10.1
643				    10.1
652				    10.1
663				    9.7
673				    9.8
684				    9.8
695				    9.8
706				    10.0
717				    10.3
729				    10.3
740				    10.5
751				    10.5
762				    10.1
773				    10.1
784				    9.3
795				    9.9
806				    10.0
817				    10.4
828				    10.4
839				    10.3
850				    11.0
861				    10.9
872				    10.6
883				    10.4
894				    10.4
905				    10.3
916				    10.3
927				    10.9
938				    10.7
949				    10.6
960				    10.3
971				    10.1
982				    9.7
993				    9.7
1005				    9.8
1016				    9.6
1027				    9.6
1038				    9.4
1050				    9.4
1061				    9.2
1072				    9.2
1083				    9.2
1095				    9.2
1106				    9.1
1117				    9.1
1127				    9.5
1138				    9.5
1149				    9.6
1160				    10.0
1172				    10.3
1182				    10.4
1193				    10.5
1204				    10.4
1215				    10.4
1226				    10.4
1237				    10.2
1248				    10.0
1259				    10.0
1270				    10.0
1281				    9.8
1292				    9.9
1303				    10.1
1314				    10.2
1324				    10.2
1336				    10.2
1347				    10.1
1359				    10.0
1369				    10.0
1380				    10.0
1391				    10.0
1402				    9.8
1413				    9.6
1424				    9.5
1436				    9.5
1447				    9.3
1458				    9.2
1468				    9.2
1479				    8.8
1490				    8.6
1501				    8.4
1512				    8.4
1523				    8.4
1534				    8.1
1545				    7.7
1556				    7.6
1567				    7.6
1578				    7.4
1589				    7.4
1600				    7.2
1611				    6.7
1622				    6.7
1633				    6.7
1644				    6.7
1655				    6.4
1666				    6.3
1677				    6.2
1688				    6.2
1699				    5.9
1710				    5.7
1721				    5.7
1732				    5.7
1743				    5.7
1754				    5.5
1765				    5.5
1776				    5.2
1787				    5.2
1798				    5.2
1809				    5.1
1820				    5.0
1831				    5.0
1842				    5.0
1853				    5.0
1864				    5.0
1875				    5.0
1886				    4.9
1897				    4.9
1908				    4.9
1920				    4.8
1930				    4.8
1942				    4.8
1953				    4.8
1964				    4.8
1975				    4.8
1986				    4.8
1997				    4.8
2008				    4.8
2020				    4.6
2031				    4.3
2042				    4.3
2053				    4.3
2064				    4.4
2075				    4.8
2087				    5.1
2097				    5.1
2108				    5.1
2119				    5.9
2130				    6.0
2141				    6.6
2152				    7.9
2162				    8.3
2173				    7.3
2184				    9.4
2196				    9.9
2206				    11.2
2217				    11.5
2228				    18.2
2239				    18.8
2250				    18.8
2261				    17.4
2272				    16.5
2282				    17.3
2294				    17.3
2305				    12.4
2316				    14.1
2327				    13.8
2337				    13.4
2348				    13.8
2359				    13.8
2370				    13.4
2381				    12.5
2392				    11.6
2403				    11.6
2414				    11.6
2425				    10.4
2435				    11.5
2447				    11.5
2457				    11.4
2468				    11.2
2480				    11.3
2491				    11.4
2502				    11.4
2513				    11.4
2524				    11.5
2535				    11.5
2546				    11.3
2557				    11.1
2568				    11.1
2578				    10.7
2590				    10.7
2601				    10.4
2612				    9.5
2623				    9.5
2634				    9.2
2645				    8.9
2656				    8.9
2667				    8.6
2678				    7.9
2690				    7.7
2701				    7.7
2712				    7.6
2723				    7.0
2734				    7.0
2745				    6.9
2756				    6.9
2767				    7.0
2778				    7.0
2789				    7.0
2800				    7.0
2811				    7.0
2822				    7.3
2833				    7.4
2844				    7.5
2855				    7.6
2866				    7.6
2877				    7.4
2888				    7.4
2900				    7.3
2911				    7.0
2922				    7.0
2933				    6.8
2944				    6.7
2955				    6.6
2966				    6.1
2977				    6.1
2988				    6.0
2999				    5.9
3010				    5.9
3021				    5.7
3032				    5.7
3043				    5.8
3054				    5.8
3065				    6.0
3076				    6.1
3087				    6.1
3098				    6.1
3109				    6.4
3120				    6.5
3131				    6.5
3142				    6.6
3153				    6.8
3164				    7.0
3175				    7.0
3186				    7.4
3197				    7.5
3208				    7.5
3219				    7.4
3230				    7.4
3241				    7.2
3252				    7.2
3263				    7.2
3274				    6.9
3285				    6.9
3296				    6.7
3307				    6.6
3318				    6.3
3329				    6.3
3340				    6.1
3351				    6.1
3362				    5.9
3373				    5.9
3384				    5.8
3395				    5.7
3406				    5.6
3417				    5.6
3428				    5.6
3439				    5.5
3450				    5.6
3461				    5.6
3472				    5.7
3483				    5.7
3494				    5.7
3505				    5.7
3516				    5.7
3527				    5.7
3538				    5.5
3549				    5.6
3560				    5.7
3571				    5.8
3582				    5.8
3593				    5.7
3604				    5.6
3615				    5.6
3626				    5.6
3637				    5.6
3648				    5.6
3659				    5.6
3671				    5.5
3682				    5.5
3693				    5.5
3704				    5.2
3715				    5.1
3726				    5.1
3737				    5.0
3750				    5.0
3760				    5.0
3771				    5.0
3782				    4.9
3793				    4.9
3804				    4.9
3815				    4.9
3826				    5.0
3838				    5.0
3849				    4.9
3860				    4.9
3871				    4.9
3882				    5.0
3893				    5.0
3904				    5.1
3915				    5.2
3925				    5.2
3936				    5.2
3947				    5.3
3958				    5.4
3969				    6.0
3980				    6.2
3991				    6.2
4002				    6.2
4013				    7.5
4025				    7.8
4036				    6.5
4047				    6.5
4058				    6.4
4069				    7.2
4080				    7.4
4091				    8.5
4102				    8.7
4113				    9.7
4123				    11.7
4135				    14.3
4146				    15.1
4157				    15.0
4167				    14.9
4175				    14.8
4182				    14.6
4188				    15.1
4195				    15.1
4201				    15.3
4208				    15.3
4214				    15.3
4221				    14.5
4227				    13.9
4234				    14.1
4241				    14.1
4247				    14.1
4254				    14.7
4261				    14.8
4267				    15.3
4274				    15.9
4281				    15.9
4287				    15.6
4294				    15.3
4300				    14.4
4307				    14.4
4313				    14.2
4320				    13.7
4326				    13.7
4333				    13.0
4339				    13.0
4346				    13.0
4353				    11.6
4359				    11.6
4365				    10.8
4372				    10.8
4378				    10.5
4385				    10.5
4391				    9.1
4398				    9.1
4405				    8.4
4411				    8.4
4418				    8.4
4424				    7.9
4431				    7.9
4437				    7.9
4444				    7.4
4451				    7.1
4457				    7.1
4464				    7.1
4471				    6.9
4477				    6.9
4484				    6.8
4490				    6.8
4497				    6.8
4503				    6.6
4510				    6.6
4516				    6.6
4523				    6.5
4530				    6.5
4536				    6.5
4543				    6.5
4549				    6.3
4556				    6.1
4563				    6.1
4569				    6.2
4575				    6.2
4582				    6.2
4588				    6.0
4595				    6.0
4601				    5.9
4608				    5.9
4615				    5.9
4622				    5.8
4628				    5.3
4635				    5.2
4641				    5.2
4648				    5.3
4655				    5.3
4661				    5.1
4668				    5.0
4674				    5.0
4681				    5.0
4687				    5.0
4694				    5.0
4700				    5.1
4707				    5.1
4713				    5.0
4719				    5.0
4726				    5.0
4733				    5.0
4739				    5.0
4746				    4.9
4752				    4.9
4759				    5.1
4765				    5.1
4772				    5.1
4779				    5.1
4785				    5.1
4792				    5.8
4798				    5.8
4805				    5.8
4812				    5.8
4818				    5.8
4824				    5.8
4831				    5.8
4837				    5.8
4844				    5.8
4850				    5.8
4857				    5.8
4863				    5.8
4870				    5.6
4877				    5.6
4888				    5.7
4899				    5.8
4910				    5.8
4921				    5.8
4932				    5.8
4943				    5.6
4954				    5.6
4965				    5.6
4977				    5.5
4988				    5.4
4999				    5.6
5009				    5.6
5020				    5.6
5032				    5.6
5042				    5.8
5053				    6.1
5064				    6.2
5075				    6.2
5086				    6.6
5097				    6.6
5108				    6.6
5119				    6.6
5130				    7.9
5141				    7.9
5152				    8.0
5163				    8.2
5175				    8.2
5186				    7.8
5197				    7.8
5207				    7.8
5218				    7.8
5230				    7.8
5241				    7.6
5252				    7.0
5263				    7.2
5274				    7.5
5285				    7.6
5296				    7.6
5307				    7.5
5318				    7.4
5330				    7.7
5341				    8.1
5351				    8.2
5362				    8.5
5373				    8.5
5384				    8.5
5395				    8.2
5405				    8.0
5416				    7.9
5427				    7.6
5438				    6.0
5450				    6.0
5461				    5.8
5472				    5.2
5483				    5.2
5494				    5.2
5505				    5.1
5516				    5.1
5527				    4.9
5538				    4.9
5549				    5.1
5560				    5.1
5571				    5.4
5582				    5.8
5593				    5.8
5604				    5.7
5615				    5.7
5626				    5.6
5637				    5.6
5648				    5.4
5659				    5.3
5670				    5.0
5681				    5.0
5692				    5.0
5703				    4.9
5714				    4.5
5725				    4.3
5736				    4.1
5747				    4.1
5758				    4.1
5769				    3.8
5780				    3.5
5791				    3.5
5803				    3.5
5814				    3.3
5826				    3.3
5837				    3.3
5848				    3.4
5859				    3.4
5869				    3.6
5881				    3.9
5892				    4.5
5903				    4.5
5914				    5.0
5925				    5.2
5936				    5.2
5947				    5.2
5958				    5.3
5969				    5.3
5981				    5.2
5992				    5.5
6003				    5.6
6014				    5.6
6025				    5.5
6036				    5.5
6047				    5.8
6058				    5.8
6069				    5.8
6080				    5.8
6092				    6.3
6103				    6.3
6113				    6.3
6124				    6.2
6135				    6.3
6146				    6.3
6158				    6.3
6169				    6.4
6180				    6.6
6191				    6.6
6202				    6.5
6213				    6.3
6224				    6.1
6235				    6.1
6246				    5.9
6258				    5.9
6269				    6.1
6279				    6.1
6290				    6.1
6301				    5.8
6312				    6.2
6323				    6.2
6334				    6.2
6345				    6.1
6356				    5.9
6367				    5.8
6378				    5.6
6389				    5.6
6400				    5.5
6412				    5.8
6423				    5.8
6433				    5.8
6444				    5.5
6455				    5.5
6466				    5.8
6477				    5.9
6488				    6.0
6499				    6.2
6510				    6.2
6521				    6.2
6532				    5.7
6543				    5.6
6554				    5.6
6565				    5.7
6576				    5.6
6588				    5.6
6599				    5.6
6610				    5.6
6621				    5.4
6632				    5.4
6643				    5.3
6654				    5.1
6665				    5.2
6675				    5.2
6686				    5.9
6697				    6.1
6708				    6.5
6718				    6.5
6729				    6.7
6740				    6.7
6751				    6.6
6762				    8.9
6772				    9.1
6783				    9.1
6794				    9.1
6805				    9.4
6816				    9.4
6827				    9.2
6838				    9.2
6849				    9.2
6860				    8.9
6871				    9.9
6882				    10.3
6893				    10.3
6904				    10.8
6915				    11.1
6926				    11.1
6937				    10.2
6948				    10.4
6959				    10.4
6970				    10.4
6982				    10.0
6993				    10.7
7004				    10.7
7015				    10.4
7026				    10.1
7037				    10.1
7048				    9.9
7059				    9.9
7070				    9.9
7082				    8.8
7093				    8.8
7104				    8.2
7115				    7.7
7126				    7.7
7137				    7.7
7145				    6.9
7153				    6.9
7161				    6.9
7169				    6.7
7177				    6.7
7185				    6.7
7193				    6.7
7201				    6.5
7210				    6.2
7217				    6.2
7225				    6.0
7233				    6.0
7241				    5.8
7249				    5.8
7257				    5.7
7265				    5.7
7273				    5.7
7281				    5.7
7290				    5.1
7298				    4.9
7305				    4.9
7313				    4.9
7321				    4.9
7330				    4.9
7338				    4.9
7346				    4.9
7354				    4.7
7362				    4.7
7370				    4.6
7378				    4.6
7387				    4.5
7395				    4.5
7403				    4.5
7411				    4.5
7419				    4.6
7427				    4.6
7435				    4.6
7443				    4.6
7451				    4.4
7460				    4.4
7468				    4.3
7476				    4.3
7484				    4.2
7492				    4.1
7500				    4.1
7508				    4.0
7516				    3.8
7524				    3.8
7533				    3.6
7540				    3.6
7548				    3.6
7557				    3.6
7565				    3.5
7573				    3.5
7581				    3.5
7589				    3.5
7597				    3.4
7605				    3.4
7613				    3.4
7621				    3.2
7629				    3.2
7638				    3.2
7646				    3.2
7654				    3.2
7662				    3.2
7670				    3.2
7678				    3.2
7686				    3.1
7694				    3.1
7703				    3.1
7711				    3.1
7719				    3.1
7727				    3.1
7735				    3.1
7743				    3.1
7752				    3.0
7759				    3.0
7768				    3.0
7776				    3.0
7783				    2.9
7792				    2.8
7800				    2.8
7808				    2.8
7816				    2.8
7825				    2.8
7833				    2.8
7841				    2.8
7849				    2.8
7857				    2.8
7866				    2.7
7874				    2.7
7881				    2.6
7890				    2.6
7898				    2.6
7906				    2.6
7914				    2.6
7922				    2.6
7930				    2.6
7938				    2.6
7946				    2.5
7954				    2.5
7962				    2.5
7970				    2.5
7978				    2.5
7986				    2.6
7994				    2.6
8003				    2.6
8010				    2.6
8019				    2.6
8027				    2.6
8035				    2.6
8043				    2.6
8051				    2.6
8059				    2.7
8067				    2.7
8075				    3.0
8083				    3.0
8091				    3.0
8099				    3.1
8107				    3.5
8115				    3.6
8123				    3.9
8132				    3.9
8140				    4.1
8148				    4.9
8156				    5.1
8164				    5.7
8172				    5.7
8180				    5.9
8188				    6.0
8196				    6.0
8204				    6.0
8212				    6.0
8220				    6.0
8228				    5.5
8236				    5.5
8244				    5.4
8252				    5.4
8260				    5.3
8268				    5.3
8276				    5.0
8284				    4.9
8292				    4.8
8300				    4.7
8308				    4.7
8316				    4.7
8325				    4.7
8333				    4.4
8341				    4.4
8349				    4.5
8358				    4.5
8366				    4.5
8374				    4.5
8382				    4.6
8390				    4.0
8399				    4.0
8407				    4.0
8415				    4.0
8423				    3.9
8431				    3.8
8439				    3.9
8447				    3.9
8455				    3.9
8463				    3.9
8471				    3.9
8479				    3.8
8487				    3.8
8495				    3.8
8503				    3.7
8511				    3.7
8519				    3.7
8527				    3.6
8535				    3.3
8543				    3.3
8551				    3.2
8559				    3.1
8567				    3.1
8575				    3.1
8583				    3.1
8591				    3.1
8599				    3.1
8607				    3.1
8615				    3.1
8624				    3.0
8632				    3.0
8639				    2.9
8647				    2.6
8655				    2.6
8663				    2.6
8671				    2.6
8679				    2.6
8687				    2.6
8695				    2.6
8703				    2.6
8711				    2.7
8720				    2.7
8728				    2.7
8736				    2.7
8744				    2.7
8752				    2.7
8760				    2.6
8769				    2.7
8777				    2.8
8785				    3.0
8793				    3.1
8801				    3.4
8809				    3.5
8817				    3.8
8825				    3.9
8833				    3.9
8842				    4.4
8850				    4.7
8858				    4.8
8866				    5.3
8874				    5.4
8882				    5.4
8890				    5.4
8898				    5.3
8906				    8.4
8914				    8.4
8921				    8.7
8929				    9.1
8937				    9.2
8945				    9.6
8953				    9.6
8961				    9.5
8969				    9.5
8977				    9.6
8985				    9.7
8993				    9.9
9001				    9.8
9009				    9.6
9017				    9.4
9026				    9.4
9034				    9.2
9042				    8.8
9050				    8.8
9059				    8.1
9067				    7.6
9075				    7.6
9083				    7.5
9092				    7.5
9104				    7.5
9115				    6.7
9126				    6.5
9137				    6.5
9148				    5.7
9159				    5.6
9170				    5.5
9181				    5.5
9192				    5.5
9203				    5.2
9214				    5.1
9225				    4.9
9236				    4.9
9247				    4.9
9258				    4.8
9269				    4.6
9280				    4.6
9291				    4.4
9302				    4.4
9314				    4.1
9324				    4.1
9336				    4.1
9347				    3.9
9358				    3.9
9369				    3.8
9380				    3.8
9391				    3.8
9401				    3.8
9412				    3.8
9423				    3.7
9435				    3.6
9446				    3.6
9457				    3.6
9468				    3.5
9479				    3.5
9489				    3.5
9500				    3.4
9512				    3.4
9523				    3.4
9534				    3.4
9545				    3.3
9556				    3.3
9567				    3.3
9579				    3.3
9590				    3.2
9601				    3.2
9612				    3.1
9623				    3.1
9634				    3.1
9645				    3.1
9656				    3.1
9667				    3.1
9678				    3.1
9689				    3.1
9700				    3.1
9711				    3.1
9722				    3.1
9733				    3.1
9745				    3.1
9756				    3.1
9767				    3.1
9778				    3.1
9789				    3.1
9800				    3.1
9811				    3.1
9822				    3.1
9833				    3.1
9844				    3.1
9855				    3.1
9866				    3.0
9877				    3.0
9888				    3.0
9899				    3.0
9911				    3.0
9921				    3.0
9932				    3.0
9943				    3.0
9954				    3.0
9965				    3.0
9976				    3.0
9987				    3.1
9998				    3.2
10009				    3.2
10020				    3.2
10031				    3.2
10042				    3.2
10053				    3.2
10064				    3.3
10075				    3.3
10087				    3.2
10098				    3.2
10109				    3.2
10120				    3.2
10131				    3.2
10142				    3.0
10153				    3.0
10164				    3.0
10176				    2.9
10187				    2.9
10199				    3.0
10210				    3.0
10221				    3.0
10232				    3.3
10243				    3.3
10254				    3.4
10264				    3.4
10275				    3.4
10286				    3.4
10297				    3.4
10308				    3.6
10319				    3.6
10330				    3.6
10341				    3.7
10352				    3.7
10363				    3.7
10374				    3.7
10385				    3.6
10396				    3.6
10407				    3.7
10418				    3.8
10429				    3.9
10440				    3.9
10451				    4.0
10462				    3.9
10473				    3.9
10484				    3.9
10495				    3.8
10506				    3.9
10517				    2.8
10529				    2.8
10540				    2.8
10551				    2.7
10562				    2.6
10573				    2.6
10584				    2.6
10595				    2.6
10606				    2.5
10617				    2.4
10628				    2.6
10639				    2.6
10650				    2.6
10661				    3.1
10672				    3.5
10683				    3.5
10694				    4.3
10705				    4.9
10716				    4.9
10728				    4.9
10739				    4.8
10750				    5.3
10760				    5.3
10771				    5.6
10782				    5.6
10794				    6.0
10805				    6.0
10816				    6.0
10827				    6.3
10838				    6.3
10849				    6.2
10860				    6.2
10871				    6.2
10882				    6.0
10893				    5.8
10904				    5.7
10916				    5.7
10927				    5.7
10938				    5.6
10949				    5.6
10960				    5.6
10971				    5.6
10982				    5.5
10993				    5.7
11004				    5.8
11014				    5.8
11025				    6.1
11036				    6.3
11048				    6.3
11058				    6.2
11069				    6.5
11080				    6.4
11091				    6.4
11102				    6.2
11113				    6.2
11124				    6.2
11135				    6.2
11146				    6.2
11157				    6.2
11168				    7.0
11180				    7.2
11191				    7.2
11202				    7.1
11213				    7.1
11224				    6.2
11235				    6.4
11246				    6.4
11258				    6.3
11269				    6.3
11280				    5.8
11291				    5.5
11302				    5.5
11313				    5.5
11324				    5.6
11336				    6.0
11347				    6.0
11359				    6.0
11369				    6.1
11380				    6.1
11392				    6.3
11402				    6.3
11413				    6.3
11424				    6.8
11435				    6.8
11446				    7.9
11457				    8.6
11468				    8.6
11479				    8.5
11490				    8.5
11501				    8.5
11512				    7.2
11523				    7.4
11534				    8.4
11545				    8.4
11556				    8.4
11567				    8.4
11578				    7.7
11589				    8.4
11600				    8.5
11611				    8.5
11622				    8.0
11633				    8.5
11644				    8.7
11656				    8.6
11667				    8.6
11678				    7.9
11689				    9.2
11700				    9.4
11711				    9.4
11722				    9.2
11733				    9.2
11744				    9.0
11754				    9.6
11766				    9.5
11777				    9.4
11787				    9.8
11799				    9.8
11809				    9.7
11821				    9.0
11832				    8.3
11843				    8.3
11853				    8.1
11865				    8.1
11875				    7.4
11886				    7.3
11897				    7.3
11908				    7.0
11919				    6.9
11930				    6.9
11942				    5.9
11953				    5.9
11964				    5.5
11975				    5.1
11986				    5.1
11997				    5.1
12008				    5.1
12019				    4.7
12030				    4.6
12041				    4.6
12052				    4.5
12063				    4.5
12074				    4.3
12085				    4.3
12096				    4.3
12107				    4.3
12118				    4.3
12129				    4.0
12140				    3.5
12151				    3.5
12162				    3.3
12173				    3.3
12184				    3.0
12195				    2.9
12206				    2.8
12217				    2.7
12228				    2.6
12239				    2.6
12250				    2.6
12261				    2.6
12272				    2.2
12283				    2.2
12294				    2.2
12304				    2.1
12316				    2.1
12327				    1.9
12338				    1.9
12349				    1.9
12360				    1.9
12371				    1.9
12382				    1.9
12393				    1.9
12404				    1.9
12415				    1.9
12426				    1.9
12437				    1.9
12448				    1.9
12459				    1.9
12470				    1.9
12481				    1.8
12492				    1.8
12503				    1.8
12514				    1.8
12526				    1.8
12537				    1.8
12549				    1.7
12559				    1.8
12570				    1.8
12581				    1.8
12592				    1.8
12603				    1.8
12614				    1.8
12625				    1.8
12636				    1.8
12646				    1.8
12657				    1.8
12668				    1.8
12679				    1.8
12690				    1.8
12701				    1.8
12712				    1.8
12723				    1.8
12735				    1.8
12746				    1.8
12757				    1.8
12768				    1.8
12780				    1.9
12791				    1.9
12802				    1.9
12813				    1.9
12824				    1.9
12835				    1.9
12846				    1.9
12858				    1.9
12869				    1.9
12880				    1.9
12892				    1.9
12902				    1.8
12910				    1.8
12918				    1.8
12926				    1.8
12934				    1.8
12942				    1.8
12950				    1.8
12958				    1.8
12967				    1.8
12975				    1.8
12983				    1.8
12991				    1.8
12999				    1.8
13007				    1.7
13015				    1.7
13023				    1.7
13031				    1.7
13039				    1.7
13047				    1.7
13056				    1.7
13064				    1.7
13072				    1.7
13080				    1.7
13088				    1.7
13097				    1.7
13105				    1.7
13113				    1.7
13121				    1.7
13129				    1.7
13137				    1.7
13145				    1.7
13153				    1.7
13162				    1.7
13170				    1.8
13178				    1.8
13186				    1.9
13194				    1.9
13203				    1.9
13211				    1.9
13219				    1.9
13227				    1.9
13235				    1.9
13243				    2.0
13251				    2.0
13259				    2.0
13267				    2.0
13275				    2.0
13283				    2.0
13291				    2.1
13299				    2.1
13307				    2.1
13315				    2.1
13323				    2.1
13331				    2.1
13339				    2.1
13346				    2.1
13353				    2.1
13359				    2.1
13365				    2.1
13370				    2.2
13376				    2.2
13382				    2.2
13387				    2.2
13393				    2.2
13399				    2.2
13404				    2.2
13410				    2.2
13416				    2.2
13422				    2.1
13427				    2.1
13433				    2.1
13438				    2.1
13444				    2.1
13450				    2.1
13455				    2.1
13461				    2.1
13466				    2.1
13472				    2.1
13478				    2.1
13484				    2.1
13489				    2.1
13495				    2.1
13501				    2.1
13506				    2.1
13512				    2.1
13518				    2.1
13523				    2.1
13529				    2.2
13535				    2.2
13540				    2.2
13546				    2.2
13552				    2.2
13558				    2.2
13563				    2.2
13569				    2.2
13575				    2.2
13581				    2.2
13586				    2.2
13592				    2.2
13598				    2.2
13603				    2.2
13609				    2.2
13614				    2.2
13620				    2.2
13625				    2.2
13631				    2.2
13637				    2.2
13642				    2.2
13648				    2.2
13653				    2.2
13659				    2.2
13665				    2.2
13670				    2.3
13676				    2.3
13681				    2.3
13687				    2.3
13693				    2.3
13698				    2.3
13704				    2.3
13710				    2.3
13716				    2.3
13721				    2.3
13727				    2.4
13732				    2.4
13738				    2.4
13743				    2.4
13749				    2.4
13754				    2.4
13760				    2.4
13766				    2.4
13771				    2.1
13777				    2.1
13783				    2.1
13788				    2.1
13794				    2.1
13800				    2.1
13806				    2.1
13813				    2.1
13820				    2.1
13828				    2.2
13835				    2.2
13842				    2.2
13850				    2.2
13857				    2.2
13864				    2.2
13871				    2.1
13878				    2.2
13886				    2.2
13893				    2.1
13900				    2.2
13907				    2.2
13915				    2.2
13922				    2.2
13929				    2.2
13937				    2.2
13948				    2.2
13959				    2.2
13970				    2.2
13981				    2.2
13992				    2.2
14003				    2.2
14014				    2.3
14025				    2.3
14036				    2.3
14047				    2.3
14058				    2.3
14070				    2.3
14081				    2.3
14092				    2.3
14103				    2.3
14114				    2.2
14126				    2.2
14136				    2.2
14147				    2.2
14158				    2.2
14169				    2.2
14180				    2.1
14191				    2.1
14202				    2.1
14213				    2.1
14224				    2.1
14235				    2.1
14246				    2.2
14257				    2.9
14268				    3.1
14279				    1.8
14290				    2.3
14301				    2.5
14312				    2.8
14323				    2.8
14335				    2.8
14345				    3.8
14357				    3.9
14368				    4.1
14379				    4.2
14390				    4.7
14401				    4.7
14413				    4.8
14424				    5.0
14435				    5.2
14446				    5.2
14457				    5.1
14468				    5.4
14479				    5.4
14491				    5.4
14502				    5.3
14513				    5.4
14524				    5.4
14535				    5.4
14546				    4.8
14557				    4.9
14568				    4.9
14579				    4.8
14590				    4.7
14601				    4.7
14613				    4.7
14624				    4.3
14635				    4.3
14646				    3.7
14657				    3.7
14668				    3.6
14679				    3.3
14690				    3.2
14701				    3.2
14712				    3.2
14724				    3.0
14735				    2.9
14746				    2.9
14758				    2.9
14770				    2.7
14781				    2.7
14792				    2.7
14803				    2.6
14814				    2.5
14826				    2.5
14837				    2.5
14848				    2.5
14859				    2.5
14870				    2.5
14880				    2.4
14891				    2.4
14902				    2.4
14913				    2.4
14924				    2.2
14935				    2.2
14946				    2.2
14958				    2.1
14968				    2.1
14979				    2.1
14990				    2.1
15002				    2.1
15013				    2.1
15024				    2.1
15036				    2.1
15047				    2.1
15059				    2.2
15070				    2.2
15081				    2.2
15092				    2.2
15103				    2.2
15114				    2.2
15124				    2.2
15136				    2.3
15147				    2.3
15158				    2.3
15170				    2.4
15181				    2.4
15192				    2.4
15203				    2.4
15214				    2.4
15225				    2.4
15236				    2.4
15247				    2.4
15258				    2.4
15269				    2.4
15280				    2.4
15291				    2.4
15302				    2.4
15313				    2.3
15324				    2.3
15335				    2.2
15346				    2.2
15357				    2.2
15368				    2.3
15379				    2.4
15391				    2.4
15402				    2.6
15414				    2.8
15425				    2.9
15435				    2.9
15446				    3.3
15457				    3.6
15469				    3.6
15480				    4.1
15491				    4.1
15502				    4.2
15513				    4.3
15523				    4.8
15534				    4.9
15545				    5.0
15556				    5.0
15567				    5.0
15578				    5.0
15589				    5.0
15600				    5.1
15611				    5.1
15622				    5.1
15634				    5.4
15645				    6.3
15656				    6.3
15667				    6.4
15678				    6.4
15689				    6.3
15700				    6.3
15711				    6.6
15722				    6.5
15733				    6.5
15744				    6.3
15755				    6.3
15766				    6.1
15777				    6.1
15788				    6.2
15799				    6.1
15810				    6.4
15823				    6.4
15834				    6.7
15845				    6.7
15856				    6.7
15867				    6.5
15878				    6.5
15889				    6.7
15900				    6.7
15911				    6.5
15922				    6.5
15933				    6.5
15943				    6.4
15954				    6.2
15965				    7.2
15976				    7.3
15987				    7.3
15998				    7.0
16009				    7.0
16020				    6.9
16031				    7.1
16042				    7.0
16053				    6.9
16064				    7.0
16075				    7.0
16086				    6.6
16097				    6.5
16108				    6.6
16119				    6.6
16131				    6.6
16142				    6.6
16153				    6.6
16163				    6.6
16174				    6.7
16186				    6.7
16197				    6.5
16209				    6.5
16220				    6.5
16231				    6.5
16242				    6.5
16253				    5.8
16264				    5.8
16275				    5.8
16286				    6.1
16297				    6.1
16308				    6.1
16319				    6.5
16330				    6.5
16341				    6.5
16352				    6.6
16363				    6.8
16374				    6.8
16385				    6.6
16397				    6.6
16408				    6.1
16418				    6.0
16429				    5.8
16440				    5.8
16452				    5.3
16463				    5.0
16474				    4.7
16485				    4.7
16496				    4.6
16508				    4.6
16518				    4.5
16529				    4.5
16540				    4.3
16551				    4.3
16562				    4.5
16573				    4.7
16584				    4.7
16595				    4.6
16606				    4.6
16617				    4.6
16628				    4.8
16639				    5.1
16650				    5.1
16661				    5.1
16672				    5.0
16683				    5.0
16694				    4.9
16705				    4.8
16716				    4.8
16727				    4.8
16737				    4.5
16748				    4.3
16759				    4.3
16770				    5.0
16781				    5.6
16792				    5.8
16803				    6.4
16814				    7.1
16825				    7.1
16836				    7.1
16847				    7.2
16858				    7.2
16869				    7.5
16880				    7.6
16891				    7.6
16902				    7.6
16913				    7.1
16924				    7.1
16935				    7.1
16946				    6.7
16957				    6.7
16969				    6.7
16980				    6.1
16991				    6.6
17002				    7.2
17013				    7.3
17024				    8.0
17034				    8.0
17045				    7.9
17056				    7.8
17068				    8.0
17079				    8.2
17090				    8.2
17100				    8.0
17111				    7.9
17123				    7.7
17134				    7.7
17145				    7.1
17156				    7.1
17167				    7.0
17178				    7.0
17189				    7.0
17200				    6.6
17211				    6.6
17222				    6.2
17234				    5.9
17245				    5.8
17256				    5.8
17267				    5.6
17277				    5.6
17289				    5.4
17300				    4.9
17311				    4.9
17322				    4.8
17333				    4.6
17344				    4.7
