0				    1.7	
11				    1.7	
21				    1.7	
32				    1.7	
43				    1.7	
54				    2.1
65				    3.1
76				    3.5
86				    3.5
97				    4.6
108				    6.5
119				    7.1
130				    7.1
141				    6.9
151				    7.3
162				    7.3
173				    7.1
184				    13.1
195				    14.3
206				    14.3
217				    13.8
227				    16.0
238				    15.7
249				    15.4
260				    15.1
271				    17.4
282				    17.4
293				    17.9
304				    19.0
314				    19.6
325				    19.6
336				    18.8
347				    17.7
358				    15.9
369				    15.9
380				    13.6
391				    13.0
402				    12.9
412				    12.7
423				    12.7
434				    12.9
445				    14.3
456				    14.4
467				    14.5
478				    16.6
489				    16.6
500				    16.1
511				    15.9
522				    15.9
533				    15.6
544				    15.3
554				    15.2
565				    15.3
576				    14.5
587				    14.5
598				    13.6
609				    13.6
620				    13.6
630				    13.6
641				    12.4
652				    12.5
663				    13.4
674				    13.0
685				    13.0
696				    12.5
707				    12.2
718				    12.9
729				    12.8
740				    12.8
751				    12.8
762				    12.4
772				    12.8
783				    12.6
794				    12.4
805				    12.0
816				    11.7
827				    11.7
838				    12.1
849				    12.1
859				    11.1
870				    11.5
881				    11.5
892				    11.2
903				    11.4
914				    11.4
924				    11.2
935				    11.2
946				    11.2
957				    11.2
968				    11.2
979				    10.8
990				    10.8
1001				    11.1
1011				    10.9
1022				    10.9
1034				    10.9
1044				    10.0
1055				    10.4
1066				    10.3
1077				    10.2
1088				    10.0
1099				    9.9
1110				    9.5
1121				    9.5
1132				    9.4
1143				    9.1
1154				    9.1
1165				    9.0
1176				    8.9
1187				    8.6
1198				    8.6
1209				    8.4
1220				    8.2
1231				    8.2
1242				    7.8
1253				    7.7
1264				    7.6
1275				    7.4
1286				    7.2
1297				    7.1
1307				    7.1
1318				    6.9
1329				    6.9
1340				    6.8
1351				    6.7
1362				    6.7
1373				    6.7
1384				    6.6
1395				    6.5
1406				    6.5
1417				    6.4
1427				    6.3
1438				    6.5
1449				    6.5
1460				    6.5
1471				    6.4
1482				    6.4
1493				    6.2
1504				    6.1
1515				    6.0
1526				    6.0
1537				    6.0
1547				    5.9
1558				    5.9
1569				    5.9
1580				    5.9
1591				    5.8
1602				    5.8
1613				    5.8
1625				    5.8
1636				    5.7
1646				    5.2
1657				    5.2
1668				    5.2
1679				    5.1
1690				    5.2
1701				    5.2
1712				    5.2
1723				    5.2
1733				    5.1
1744				    5.0
1755				    5.0
1766				    4.9
1777				    4.9
1788				    4.9
1799				    4.9
1810				    4.9
1821				    5.0
1831				    5.1
1842				    5.1
1853				    5.2
1864				    5.2
1875				    5.2
1886				    5.2
1897				    5.2
1908				    5.2
1919				    5.2
1930				    5.2
1941				    5.3
1952				    5.3
1963				    5.3
1974				    5.2
1984				    5.2
1995				    5.2
2006				    5.0
2017				    4.9
2028				    4.9
2039				    4.9
2050				    4.9
2061				    4.9
2072				    4.9
2082				    4.9
2093				    4.9
2104				    4.9
2115				    4.8
2126				    4.8
2137				    4.8
2148				    4.9
2159				    4.9
2170				    4.9
2181				    5.0
2192				    5.4
2203				    5.4
2214				    5.4
2225				    5.6
2236				    5.6
2246				    5.7
2257				    5.7
2268				    5.7
2279				    5.8
2290				    5.9
2301				    5.9
2312				    5.8
2323				    5.8
2334				    5.8
2345				    5.8
2356				    5.7
2367				    5.7
2377				    5.6
2388				    5.6
2399				    5.5
2410				    5.4
2421				    5.3
2432				    5.3
2443				    5.2
2454				    5.0
2465				    5.0
2475				    4.8
2486				    4.8
2497				    4.6
2508				    4.6
2519				    4.5
2530				    4.5
2541				    4.4
2552				    4.4
2563				    4.3
2574				    4.3
2584				    4.2
2595				    4.2
2606				    4.2
2617				    4.2
2628				    4.2
2639				    4.1
2650				    4.2
2661				    4.2
2672				    4.2
2682				    4.2
2693				    4.2
2704				    4.2
2715				    4.2
2726				    4.2
2737				    4.2
2747				    4.2
2758				    4.2
2769				    4.3
2780				    4.3
2791				    4.4
2802				    4.6
2813				    4.7
2824				    4.8
2835				    5.1
2845				    5.1
2856				    5.2
2867				    5.3
2878				    5.4
2889				    5.4
2900				    5.4
2911				    5.5
2922				    5.5
2932				    5.5
2943				    5.5
2954				    5.5
2965				    5.5
2975				    5.6
2986				    5.6
2997				    5.6
3008				    5.6
3019				    5.6
3030				    5.6
3041				    5.7
3052				    5.7
3063				    5.8
3074				    5.8
3085				    5.9
3096				    5.9
3106				    6.0
3117				    6.1
3128				    6.2
3139				    6.2
3150				    6.2
3161				    6.3
3172				    6.3
3182				    6.4
3193				    6.4
3204				    6.4
3215				    5.1
3226				    5.2
3237				    5.3
3248				    5.3
3259				    5.3
3270				    5.3
3280				    5.2
3291				    5.2
3302				    5.2
3313				    5.2
3324				    5.2
3335				    5.2
3346				    5.2
3357				    5.2
3368				    5.4
3379				    5.4
3389				    5.4
3400				    5.4
3411				    5.4
3422				    5.6
3433				    5.7
3444				    5.8
3455				    5.9
3465				    5.9
3476				    6.0
3487				    6.3
3498				    6.3
3509				    6.4
3520				    6.6
3531				    6.6
3542				    6.7
3553				    6.9
3564				    7.1
3575				    7.2
3586				    7.2
3597				    7.2
3608				    7.5
3619				    7.6
3630				    7.7
3640				    7.7
3651				    7.8
3663				    8.0
3674				    8.0
3685				    8.1
3696				    8.3
3707				    8.3
3718				    8.4
3729				    8.5
3740				    4.2
3751				    4.2
3762				    4.2
3773				    4.2
3783				    4.2
3794				    4.2
3805				    4.2
3816				    4.1
3827				    4.0
3838				    4.0
3849				    4.0
3860				    3.8
3871				    3.8
3882				    3.8
3893				    3.7
3904				    3.7
3914				    3.5
3925				    3.5
3936				    3.5
3947				    3.5
3958				    3.4
3969				    3.4
3980				    3.3
3991				    3.3
4002				    3.3
4013				    3.2
4024				    3.2
4034				    3.1
4045				    3.1
4056				    3.1
4067				    3.0
4078				    3.0
4089				    3.0
4100				    2.9
4111				    2.9
4122				    2.9
4133				    2.9
4144				    2.8
4155				    2.8
4166				    2.8
4177				    2.8
4188				    2.7
4199				    2.7
4211				    2.7
4222				    2.7
4232				    2.7
4243				    2.6
4254				    2.5
4265				    2.5
4276				    2.5
4287				    2.5
4298				    2.5
4309				    2.4
4320				    2.4
4331				    2.4
4342				    2.3
4353				    2.3
4364				    2.3
4374				    2.3
4385				    2.2
4396				    2.2
4407				    2.2
4418				    2.2
4429				    2.1
4440				    2.0
4451				    2.0
4462				    2.0
4473				    2.0
4484				    2.0
4495				    1.9
4506				    1.9
4517				    1.9
4528				    1.9
4539				    1.8
4550				    1.7
4560				    1.7
4571				    1.7
4582				    1.6
4593				    1.6
4604				    1.6
4615				    1.6
4626				    1.6
4637				    1.6
4648				    1.6
4659				    1.6
4670				    1.6
4680				    1.6
4691				    1.6
4702				    1.6
4713				    1.6
4724				    1.6
4735				    1.7
4745				    1.7
4756				    1.7
4767				    1.7
4778				    1.7
4789				    1.8
4800				    2.0
4811				    2.0
4822				    2.0
4833				    2.1
4844				    2.1
4854				    2.1
4865				    2.1
4876				    2.2
4887				    2.2
4898				    2.2
4909				    2.2
4920				    2.2
4931				    2.2
4942				    2.2
4953				    2.2
4964				    2.1
4974				    2.1
4985				    2.1
4996				    2.1
5007				    2.1
5018				    2.1
5029				    2.1
5040				    2.1
5051				    2.0
5062				    2.0
5073				    2.0
5084				    1.9
5095				    1.9
5106				    2.1
5117				    2.2
5128				    2.5
5138				    2.1
5149				    2.3
5160				    2.6
5171				    3.6
5182				    3.6
5193				    4.4
5203				    5.4
5214				    6.0
5225				    6.3
5236				    7.0
5247				    7.0
5258				    6.9
5269				    6.7
5280				    6.9
5290				    7.4
5301				    7.4
5312				    7.7
5323				    7.8
5334				    7.8
5345				    7.8
5356				    7.6
5366				    7.0
5378				    6.8
5389				    7.1
5399				    7.1
5411				    7.1
5421				    6.7
5432				    6.4
5443				    5.9
5454				    5.9
5465				    5.4
5476				    5.4
5487				    5.2
5498				    4.8
5509				    4.7
5520				    4.7
5531				    4.7
5542				    4.7
5553				    4.5
5564				    4.3
5575				    4.3
5586				    4.5
5597				    4.6
5608				    4.6
5618				    4.8
5630				    5.2
5640				    5.2
5651				    5.2
5662				    5.1
5673				    5.1
5684				    5.1
5695				    5.1
5706				    4.9
5717				    4.8
5728				    4.6
5739				    4.6
5750				    4.6
5760				    4.1
5771				    3.9
5782				    3.7
5793				    3.7
5804				    3.5
5815				    3.4
5826				    3.4
5837				    3.3
5848				    3.1
5859				    2.9
5870				    2.9
5881				    2.9
5892				    2.9
5903				    2.9
5914				    2.8
5925				    2.8
5936				    2.8
5946				    2.8
5957				    2.8
5968				    2.8
5979				    2.9
5990				    2.9
6000				    2.9
6011				    2.9
6022				    2.9
6033				    2.9
6044				    2.9
6055				    2.9
6066				    2.9
6076				    2.9
6088				    2.9
6099				    3.0
6109				    3.0
6121				    3.0
6132				    3.0
6143				    3.0
6154				    3.0
6165				    3.0
6176				    3.1
6187				    3.1
6197				    3.2
6208				    3.2
6219				    3.2
6230				    3.1
6241				    3.1
6252				    3.1
6263				    3.1
6274				    3.1
6285				    3.1
6296				    3.2
6307				    3.3
6318				    3.4
6329				    3.7
6340				    3.8
6351				    3.8
6361				    4.0
6372				    4.0
6383				    4.0
6394				    4.1
6405				    4.0
6416				    4.1
6427				    4.1
6438				    4.1
6449				    3.9
6460				    3.9
6471				    3.7
6482				    3.7
6493				    3.8
6503				    4.5
6514				    4.7
6525				    5.4
6536				    5.9
6547				    5.9
6558				    6.1
6569				    6.3
6580				    6.4
6591				    6.6
6601				    6.6
6612				    6.5
6623				    6.6
6634				    6.7
6645				    6.8
6655				    6.8
6666				    6.8
6677				    6.5
6688				    7.6
6699				    7.6
6710				    8.1
6721				    8.2
6733				    8.8
6744				    8.8
6755				    8.6
6766				    8.5
6777				    8.1
6788				    8.1
6799				    8.1
6810				    7.5
6821				    7.4
6832				    7.4
6843				    7.2
6853				    7.2
6864				    6.9
6875				    6.6
6886				    6.5
6897				    6.4
6908				    6.4
6919				    6.4
6930				    6.3
6941				    6.3
6952				    6.1
6963				    6.1
6974				    5.7
6985				    5.3
6996				    5.3
7006				    5.0
7017				    4.7
7028				    4.7
7039				    4.5
7050				    4.1
7061				    4.1
7072				    3.8
7083				    3.6
7094				    3.5
7105				    3.5
7116				    3.5
7127				    3.7
7138				    3.7
7149				    3.7
7160				    3.8
7171				    4.1
7182				    4.1
7193				    4.1
7204				    4.3
7215				    4.3
7225				    4.2
7236				    4.3
7247				    4.2
7258				    4.1
7269				    4.1
7281				    4.1
7291				    4.0
7303				    4.0
7313				    4.0
7324				    4.0
7335				    4.0
7346				    4.0
7357				    4.0
7368				    4.0
7379				    4.0
7390				    3.8
7401				    3.8
7412				    3.8
7423				    3.7
7434				    3.7
7444				    3.7
7455				    3.6
7466				    3.6
7477				    3.5
7488				    3.5
7499				    3.5
7510				    3.5
7521				    3.5
7532				    3.5
7543				    3.3
7555				    3.3
7566				    3.3
7577				    3.2
7588				    3.3
7599				    3.3
7610				    3.3
7621				    3.2
7632				    3.2
7643				    3.2
7654				    3.2
7665				    3.2
7676				    3.2
7687				    3.1
7698				    3.1
7709				    3.1
7720				    3.1
7731				    3.0
7742				    3.1
7753				    3.0
7764				    3.0
7775				    3.0
7786				    3.0
7797				    3.0
7808				    2.9
7819				    2.9
7830				    2.9
7841				    2.9
7852				    3.0
7863				    3.0
7874				    2.7
7884				    4.3
7895				    5.2
7906				    5.4
7917				    5.7
7928				    6.1
7939				    6.3
7950				    7.1
7961				    7.4
7971				    7.4
7982				    7.4
7993				    7.5
8004				    7.6
8015				    7.4
8026				    7.5
8036				    8.2
8047				    8.2
8058				    8.2
8069				    8.5
8079				    8.5
8090				    8.7
8101				    8.6
8112				    8.6
8123				    7.6
8134				    7.1
8145				    7.3
8156				    7.7
8167				    8.3
8178				    8.3
8189				    8.3
8200				    8.5
8211				    8.5
8222				    8.5
8233				    8.1
8243				    7.5
8254				    7.5
8265				    7.2
8276				    7.2
8287				    6.1
8298				    5.9
8309				    5.4
8320				    5.4
8331				    5.4
8342				    4.9
8353				    4.9
8364				    4.8
8375				    5.2
8386				    5.2
8397				    5.2
8408				    5.3
8419				    5.3
8430				    5.4
8441				    5.4
8452				    5.4
8463				    5.3
8474				    5.2
8485				    5.2
8495				    5.1
8506				    4.6
8517				    4.4
8528				    4.4
8539				    4.4
8550				    4.4
8561				    4.0
8572				    4.0
8583				    4.0
8594				    3.9
8605				    3.9
8616				    3.9
8627				    4.0
8637				    4.0
8648				    4.0
8659				    3.9
8670				    3.9
8681				    4.0
8692				    3.9
8703				    3.9
8714				    4.0
8725				    4.0
8735				    4.0
8746				    4.0
8757				    3.8
8768				    3.9
8779				    3.9
8790				    3.9
8801				    3.8
8811				    3.7
8822				    3.7
8833				    3.8
8844				    3.8
8855				    3.9
8866				    3.8
8877				    3.8
8888				    3.8
8899				    3.7
8910				    3.7
8921				    3.5
8932				    3.4
8943				    3.4
8954				    3.4
8965				    3.3
8976				    3.3
8987				    3.3
8998				    3.2
9009				    3.0
9020				    3.0
9031				    2.8
9041				    2.8
9052				    2.7
9063				    2.7
9074				    2.7
9085				    2.7
9096				    2.7
9107				    2.7
9118				    2.8
9129				    2.8
9140				    3.0
9151				    3.0
9162				    3.8
9173				    4.2
9184				    4.2
9195				    4.5
9206				    4.5
9217				    4.6
9228				    4.6
9239				    4.7
9250				    4.7
9261				    4.6
9272				    4.4
9283				    4.4
9294				    4.4
9305				    4.2
9315				    3.9
9326				    3.8
9337				    3.6
9348				    3.5
9359				    3.2
9370				    3.2
9381				    3.1
9392				    3.0
9403				    2.8
9414				    2.8
9425				    2.7
9435				    2.7
9446				    2.6
9457				    2.6
9468				    2.6
9479				    3.8
9490				    5.0
9500				    5.0
9511				    5.0
9522				    6.9
9533				    7.1
9544				    7.1
9555				    7.0
9566				    7.8
9576				    8.8
9587				    8.8
9598				    9.0
9609				    9.0
9620				    9.2
9630				    9.3
9641				    9.3
9652				    9.8
9663				    9.8
9674				    9.6
9685				    10.0
9696				    10.1
9707				    10.1
9717				    10.1
9728				    9.7
9739				    9.7
9750				    9.6
9761				    9.2
9772				    9.1
9783				    8.6
9794				    8.1
9805				    8.1
9816				    7.4
9827				    7.1
9838				    7.1
9849				    6.7
9860				    6.7
9871				    6.1
9882				    5.8
9893				    5.6
9903				    5.0
9914				    4.6
9925				    4.6
9936				    4.5
9947				    4.2
9958				    4.1
9969				    4.1
9980				    3.9
9991				    3.7
10002				    3.3
10013				    3.3
10024				    3.3
10035				    3.2
10046				    3.4
10057				    3.4
10068				    3.6
10079				    3.6
10090				    4.2
10101				    5.0
10112				    5.0
10123				    5.0
10134				    5.6
10145				    6.7
10155				    6.8
10166				    6.8
10177				    6.6
10188				    6.5
10199				    6.4
10210				    6.3
10221				    6.3
10232				    5.8
10243				    5.5
10254				    5.4
10264				    5.1
10275				    5.1
10286				    5.1
10297				    4.8
10308				    4.8
10319				    4.7
10330				    4.7
10341				    4.8
10351				    4.9
10362				    5.0
10373				    5.0
10384				    5.2
10395				    5.2
10406				    5.3
10417				    5.3
10428				    5.3
10439				    5.2
10450				    5.1
10461				    4.8
10472				    4.8
10483				    4.7
10494				    4.7
10504				    4.5
10515				    4.3
10526				    4.3
10537				    4.2
10548				    4.2
10559				    3.9
10570				    4.0
10581				    4.1
10592				    4.4
10603				    4.4
10614				    4.4
10624				    5.4
10635				    5.4
10646				    6.0
10657				    6.0
10668				    6.3
10679				    6.8
10690				    6.8
10701				    7.1
10712				    7.2
10723				    7.1
10734				    7.0
10745				    7.3
10756				    7.7
10766				    7.7
10777				    8.2
10788				    8.3
10799				    8.1
10810				    8.1
10821				    8.3
10832				    8.4
10843				    8.4
10854				    8.1
10865				    7.9
10876				    7.9
10888				    8.8
10899				    8.8
10909				    8.8
10920				    8.3
10931				    8.3
10942				    8.3
10953				    8.2
10964				    7.8
10975				    8.0
10986				    8.0
10997				    8.0
11009				    8.0
11020				    6.9
11031				    6.9
11042				    6.9
11053				    6.8
11064				    7.2
11075				    7.2
11086				    7.2
11096				    7.0
11107				    7.0
11118				    7.0
11129				    7.2
11140				    7.0
11151				    7.0
11162				    6.9
11173				    7.0
11183				    7.0
11194				    7.0
11205				    6.9
11216				    6.8
11227				    9.3
11238				    9.6
11249				    10.0
11260				    10.3
11271				    10.3
11282				    10.9
11292				    11.0
11303				    11.0
11314				    13.1
11325				    13.1
11336				    12.8
11346				    12.5
11357				    13.4
11368				    13.4
11379				    13.2
11390				    12.7
11401				    12.2
11412				    12.3
11423				    12.8
11434				    13.4
11445				    13.4
11455				    13.1
11467				    12.9
11477				    13.0
11488				    13.0
11499				    11.9
11510				    11.9
11521				    12.5
11532				    12.6
11543				    12.6
11554				    12.0
11565				    12.2
11576				    12.2
11587				    11.4
11598				    11.4
11609				    10.8
11621				    10.2
11632				    10.2
11643				    9.8
11654				    8.7
11665				    8.7
11676				    8.3
11687				    8.2
11698				    8.2
11708				    7.1
11719				    7.0
11730				    7.0
11741				    6.3
11752				    6.3
11763				    6.3
11774				    6.3
11784				    6.3
11795				    6.0
11806				    6.1
11817				    6.1
11828				    5.9
11839				    5.9
11850				    6.0
11861				    6.0
11872				    6.0
11882				    5.4
11893				    5.4
11904				    5.2
11916				    5.2
11927				    5.1
11938				    5.1
11949				    5.0
11960				    4.7
11971				    4.7
11981				    4.6
11992				    4.5
12003				    4.5
12014				    4.7
12025				    4.8
12037				    4.8
12047				    4.7
12058				    4.7
12070				    4.7
12080				    4.8
12091				    4.8
12102				    4.8
12113				    4.6
12124				    4.6
12135				    4.6
12146				    4.6
12157				    4.4
12168				    4.4
12179				    4.3
12189				    4.3
12201				    4.4
12212				    4.3
12222				    4.3
12233				    4.3
12244				    4.3
12255				    4.4
12266				    4.4
12277				    4.4
12288				    4.4
12299				    4.4
12310				    4.5
12321				    4.6
12332				    4.6
12343				    4.5
12354				    4.5
12365				    4.6
12376				    4.6
12387				    4.7
12398				    4.7
12409				    4.7
12420				    4.6
12431				    4.7
12442				    5.4
12453				    5.4
12463				    5.6
12474				    6.0
12485				    6.2
12496				    6.2
12507				    6.6
12518				    7.4
12529				    7.4
12540				    7.5
12551				    7.5
12562				    7.1
12573				    7.1
12584				    7.0
12595				    6.8
12606				    6.8
12616				    6.8
12627				    9.2
12638				    11.1
12649				    11.1
12660				    11.3
12671				    12.8
12682				    13.3
12692				    12.9
12703				    12.7
12714				    12.2
12725				    12.1
12736				    13.3
12747				    13.4
12757				    13.9
12768				    13.9
12779				    13.8
12790				    13.1
12801				    13.2
12812				    12.8
12823				    13.8
12834				    14.1
12845				    14.1
12856				    12.8
12867				    12.4
12878				    11.9
12889				    11.9
12900				    11.2
12911				    11.7
12921				    11.7
12933				    11.8
12943				    11.8
12954				    12.1
12965				    12.1
12976				    12.0
12987				    12.1
12998				    11.8
13009				    11.7
13020				    11.0
13031				    11.0
13042				    10.8
13054				    10.5
13065				    10.3
13076				    9.6
13087				    9.2
13098				    9.2
13108				    8.5
13119				    8.2
13130				    8.2
13141				    7.7
13152				    7.4
13163				    6.8
13174				    6.6
13185				    6.4
13196				    6.4
13207				    6.0
13218				    6.0
13229				    5.7
13240				    5.7
13251				    5.7
13262				    5.7
13273				    5.7
13284				    5.7
13295				    5.6
13305				    5.6
13316				    5.6
13327				    5.7
13338				    5.7
13349				    5.8
13360				    5.6
13371				    5.6
13382				    5.5
13393				    5.5
13404				    5.4
13415				    5.3
13426				    5.3
13437				    5.2
13448				    5.2
13459				    5.1
13469				    5.1
13480				    5.1
13491				    5.1
13502				    5.2
13513				    5.2
13524				    5.2
13535				    5.2
13546				    5.3
13557				    5.3
13568				    5.3
13579				    5.3
13590				    5.3
13600				    5.2
13611				    5.7
13622				    5.8
13633				    6.6
13644				    6.8
13655				    6.9
13666				    7.6
13677				    7.6
13688				    7.6
13699				    7.8
13710				    7.7
13721				    7.7
13732				    7.4
13743				    6.8
13754				    6.8
13765				    6.9
13776				    6.9
13787				    6.9
13798				    6.9
13809				    6.9
13820				    6.7
13831				    6.6
13841				    6.7
13852				    6.7
13863				    6.7
13874				    6.6
13885				    6.4
13896				    6.4
13907				    6.4
13918				    6.4
13929				    6.5
13940				    6.6
13951				    6.6
13962				    6.6
13973				    6.8
13984				    6.8
13995				    6.7
14006				    6.8
14017				    6.8
14028				    7.0
14039				    6.9
14049				    6.9
14061				    6.8
14071				    6.8
14082				    7.0
14093				    7.0
14104				    7.0
14115				    6.9
14126				    7.0
14137				    8.0
14147				    8.2
14158				    8.3
14169				    8.8
14180				    9.0
14191				    9.5
14202				    13.1
14212				    13.4
14223				    13.4
14234				    12.4
14245				    12.2
14256				    13.4
14267				    13.4
14278				    13.4
14288				    12.7
14299				    13.2
14310				    13.2
14321				    13.4
14332				    13.5
14343				    13.3
14354				    14.0
14365				    14.8
14376				    14.9
14387				    14.9
14398				    13.4
14408				    12.6
14419				    12.6
14430				    12.6
14441				    14.3
14452				    14.3
14463				    13.4
14474				    13.6
14485				    13.6
14496				    13.6
14507				    13.6
14518				    12.7
14529				    12.4
14540				    12.4
14551				    12.2
14562				    11.7
14573				    11.5
14584				    11.3
14595				    10.3
14606				    10.3
14617				    9.3
14628				    9.1
14638				    8.3
14647				    8.3
14653				    8.3
14658				    8.0
14664				    7.1
14669				    7.1
14675				    7.1
14680				    6.8
14686				    6.8
14692				    6.7
14697				    6.7
14703				    6.3
14709				    6.3
14714				    6.3
14720				    6.0
14726				    6.0
14731				    6.0
14737				    5.9
14742				    5.9
14748				    5.9
14753				    5.9
14759				    5.9
14765				    5.8
14771				    5.7
14779				    5.7
14786				    5.7
14793				    5.7
14800				    5.6
14807				    5.6
14815				    5.6
14822				    5.4
14829				    5.3
14836				    5.4
14843				    5.5
14850				    5.5
14858				    5.5
14865				    5.5
14872				    5.5
14879				    5.4
14886				    5.6
14894				    5.6
14901				    5.6
14908				    5.6
14915				    5.6
14922				    5.6
14929				    5.5
14937				    5.5
14944				    5.5
14951				    5.6
14958				    5.6
14965				    5.6
14972				    5.5
14980				    5.4
14987				    5.4
14994				    5.4
15001				    5.1
15008				    5.1
15015				    5.2
15023				    5.2
15030				    5.1
15037				    5.1
15044				    5.1
15051				    5.1
15058				    5.1
15065				    4.9
15073				    4.9
15080				    4.9
15087				    4.9
15094				    4.7
15101				    4.9
15109				    4.9
15116				    4.9
15124				    4.9
15131				    4.9
15138				    5.0
15145				    5.0
15152				    4.9
15159				    4.9
15166				    4.9
15173				    4.8
15181				    4.8
15188				    4.8
15195				    5.1
15202				    5.2
15209				    5.6
15216				    5.6
15223				    6.3
15230				    6.4
15238				    7.0
15245				    7.0
15252				    7.0
15259				    7.0
15266				    7.9
15273				    7.9
15280				    8.1
15288				    8.1
15295				    8.6
15302				    8.7
15309				    8.7
15316				    8.7
15324				    8.6
15331				    8.6
15338				    8.1
15345				    8.1
15352				    8.1
15359				    7.8
15366				    7.4
15374				    7.4
15381				    7.3
15388				    7.3
15395				    7.3
15402				    7.1
15410				    7.1
15417				    6.9
15424				    6.9
15431				    6.9
15438				    6.8
15445				    6.8
15453				    6.8
15460				    6.7
15467				    6.7
15474				    6.7
15482				    6.7
15489				    6.7
15496				    6.6
15503				    6.6
15510				    6.6
15517				    6.6
15524				    6.6
15532				    6.6
15538				    6.5
15546				    5.2
15553				    5.2
15560				    5.4
15567				    5.4
15574				    5.4
15581				    5.4
15589				    5.3
15596				    5.4
15603				    5.3
15610				    5.3
15617				    5.1
15624				    5.1
15632				    5.0
15639				    5.0
15646				    5.0
15654				    4.9
15663				    5.3
15672				    5.4
15680				    5.4
15689				    5.4
15697				    5.3
15706				    5.7
15714				    5.9
15722				    6.0
15731				    6.0
15740				    5.9
15748				    6.2
15757				    6.2
15765				    6.2
15774				    6.2
15782				    5.9
15791				    5.9
15800				    5.9
15808				    6.0
15817				    6.0
15825				    5.9
15834				    6.4
15842				    6.4
15851				    6.4
15860				    6.4
15868				    7.5
15877				    11.0
15885				    11.0
15894				    11.2
15902				    11.2
15911				    11.2
15919				    10.7
15928				    10.5
15936				    10.2
15945				    10.8
15953				    11.9
15962				    11.9
15970				    12.0
15979				    11.9
15987				    11.6
15996				    11.1
16005				    11.1
16013				    11.1
16022				    9.5
16031				    8.9
16039				    10.3
16048				    10.3
16056				    10.2
16065				    10.3
16073				    10.3
16082				    9.9
16090				    9.9
16098				    9.9
16107				    9.9
