976				    76.875
987				    76.875
998				    76.875
1009				    76.875
1020				    76.875
1031				    76.875
1042				    76.875
1054				    77.642
1065				    80.902
1075				    80.902
1086				    80.902
1099				    80.902
1110				    80.902
1121				    80.902
1132				    73.709
1143				    73.709
1155				    73.709
1165				    73.709
1176				    73.709
1187				    73.709
1198				    71.024
1209				    73.281
1221				    73.281
1231				    73.281
1243				    73.281
1254				    73.281
1265				    73.281
1276				    80.441
1287				    83.237
1298				    85.362
1310				    85.362
1321				    85.362
1332				    85.362
1342				    85.362
1353				    85.362
1365				    88.688
1375				    87.8
1386				    99.647
1397				    99.959
1408				    99.959
1419				    99.959
1430				    99.959
1441				    99.959
1452				    99.959
1463				    100.341
1474				    109.376
1484				    112.25
1495				    110.899
1506				    114.084
1517				    119.255
1528				    119.255
1539				    119.255
1550				    119.255
1560				    119.255
1571				    119.255
1582				    119.255
1593				    119.255
1604				    125.27
1615				    125.27
1626				    125.27
1637				    125.27
1648				    150.898
1660				    170.615
1670				    167.762
1681				    167.762
1693				    167.762
1703				    167.762
1715				    167.762
1726				    171.495
1736				    171.495
1747				    136.69
1758				    113.121
1769				    111.96
1780				    120.105
1791				    128.982
1802				    138.417
1813				    139.775
1824				    139.775
1836				    139.775
1847				    139.775
1858				    138.811
1869				    138.811
1880				    136.812
1891				    137.187
1902				    124.796
1913				    124.796
