8742				    10
8753				    10
8764				    10
8775				    10
8786				    10
8796				    10
8807				    10
8818				    10
8830				    10
8841				    10
8851				    10
8862				    10
8873				    10
8884				    10
8895				    10
8907				    10
8917				    10
8928				    10
8939				    10
8950				    10
8961				    10
8972				    10
8983				    10
8994				    10
9005				    12
9016				    14
9027				    14
9038				    14
9049				    14
9060				    14
9072				    14
9082				    14
9093				    14
9105				    14
9116				    14
9127				    14
9138				    14
9149				    14
9160				    14
9168				    14
9176				    14
9184				    14
9192				    14
9200				    14
9209				    14
9217				    14
9225				    14
9234				    14
9245				    14
9256				    14
9267				    14
9278				    14
9290				    14
9301				    14
9312				    15
9323				    24
9335				    24
9346				    24
9357				    24
9368				    24
9379				    24
9390				    24
9401				    24
9412				    24
9423				    24
9434				    24
9445				    24
9456				    24
9467				    24
9478				    24
9489				    24
9500				    24
9512				    24
9523				    24
9535				    24
9546				    24
9557				    24
9568				    24
9579				    24
9590				    24
9602				    24
9613				    24
9624				    24
9635				    24
9646				    24
9657				    24
9668				    24
9679				    24
9690				    24
9701				    24
9712				    24
9723				    24
9734				    24
9745				    24
9757				    24
9768				    24
9779				    24
9790				    24
9801				    24
9812				    24
9823				    24
9834				    24
9845				    24
9856				    24
9867				    24
9878				    24
9889				    24
9900				    24
9911				    24
9922				    24
9933				    24
9944				    24
9956				    24
9967				    24
9979				    25
9990				    25
10001				    25
10012				    25
10023				    25
10034				    25
10045				    25
10056				    25
10067				    25
10078				    25
10089				    25
10100				    25
10110				    25
10121				    25
10133				    25
10144				    25
10155				    25
10167				    25
10179				    25
10189				    25
10200				    25
10211				    25
10222				    25
10233				    25
10245				    25
10256				    25
10267				    25
10278				    25
10289				    25
10300				    25
10311				    25
10322				    25
10333				    25
10344				    25
10355				    25
10366				    25
10377				    25
10387				    25
10398				    25
10409				    25
10421				    25
10432				    25
10443				    25
10454				    25
10465				    25
10476				    25
10487				    25
10498				    25
10509				    25
10520				    25
10531				    25
10542				    25
10553				    25
10563				    25
10575				    25
10586				    25
10596				    25
10607				    25
10619				    25
10630				    25
10641				    25
10652				    25
10663				    25
10674				    25
10685				    25
10696				    25
10707				    25
10718				    25
10729				    25
10740				    25
10752				    25
10763				    25
10774				    25
10786				    25
10797				    25
10808				    25
10819				    25
10830				    25
10841				    25
10852				    26
10863				    26
10874				    26
10885				    25
10897				    25
10908				    25
10919				    25
10930				    25
10941				    24
10953				    24
10964				    24
10975				    24
10987				    24
10997				    24
11008				    24
11019				    24
11030				    24
11041				    24
11053				    24
11064				    24
11075				    24
11086				    24
11097				    24
11109				    24
11120				    24
11131				    24
11142				    24
11153				    24
11164				    24
11176				    24
11187				    24
11198				    24
11210				    24
11221				    24
11232				    24
11243				    24
11255				    24
11266				    23
11277				    22
11288				    22
11300				    18
11311				    18
11322				    18
11333				    18
11344				    18
11356				    18
11367				    18
11378				    18
11389				    18
11400				    18
11411				    18
11422				    18
11433				    20
11444				    20
11455				    20
11466				    21
11477				    21
11488				    21
11500				    21
11511				    21
11522				    21
11534				    21
11545				    21
11556				    21
11567				    21
11578				    21
11589				    21
11600				    21
11611				    21
11623				    21
11634				    22
11645				    22
11656				    22
11667				    22
11678				    23
11689				    23
11700				    23
11711				    23
11722				    23
11733				    23
11744				    23
11755				    23
11767				    23
11778				    23
11789				    23
11800				    23
11811				    24
11822				    24
11833				    24
11844				    24
11855				    24
11866				    24
11877				    24
11888				    24
11899				    24
11910				    24
11921				    24
11932				    24
11943				    24
11955				    24
11966				    24
11977				    24
11989				    24
12000				    24
12011				    24
12023				    24
12034				    24
12045				    24
12058				    25
12069				    25
12080				    25
12091				    25
12102				    25
12113				    25
12124				    25
12135				    25
12146				    25
12157				    25
12168				    25
12179				    25
12190				    25
12201				    25
12212				    25
12223				    25
12235				    25
12246				    25
12257				    25
12268				    25
12279				    25
12290				    25
12301				    25
12312				    25
12323				    25
12334				    25
12346				    25
12357				    25
12368				    25
12379				    25
12391				    25
12401				    25
12412				    26
12423				    26
12434				    26
12445				    26
12456				    26
12467				    26
12478				    26
12489				    27
12500				    27
12511				    27
12522				    27
12533				    27
12545				    27
12556				    27
12567				    27
12578				    27
12589				    27
12600				    27
12611				    28
12622				    28
12633				    28
12644				    28
12655				    28
12666				    28
12677				    28
12688				    28
12699				    28
12711				    29
12722				    29
12733				    29
12745				    29
12756				    29
12767				    29
12777				    29
12789				    29
12799				    29
12810				    30
12821				    30
12832				    30
12843				    30
12854				    30
12865				    30
