2050				    2.99
2061				    68.25
2072				    2.511
2083				    68.25
2094				    4.168
2105				    68.25
2117				    1.328
2128				    68.25
2139				    2.926
2150				    68.25
2161				    2.926
2173				    68.25
2184				    2.715
2195				    68.25
2207				    3.784
2218				    68.25
2230				    5.619
2241				    68.25
2253				    4.382
2264				    68.25
2276				    4.382
2287				    68.25
2298				    5.106
2310				    37.485
2321				    3.803
2332				    5.571
2344				    3.803
2355				    5.571
2366				    14.952
2377				    5.571
2388				    0.759
2399				    5.571
2410				    4.765
2421				    5.571
2434				    4.066
2446				    5.571
2457				    2.057
2469				    5.571
2480				    3.904
2491				    5.571
2502				    2.36
2513				    5.571
2525				    2.36
2536				    5.571
2548				    3.698
2559				    5.571
2571				    2.922
2582				    4.061
2593				    2.922
2604				    4.512
2615				    3.409
2626				    7.35
2637				    6.798
2648				    7.35
2660				    5.999
2671				    7.35
2682				    6.711
2693				    7.35
2704				    0.872
2715				    7.35
2726				    1.286
2737				    7.35
2749				    3.17
2760				    7.35
2771				    3.17
2784				    7.35
2795				    4.414
2807				    7.35
2818				    2.68
2829				    6.546
2840				    2.68
2851				    5.307
2862				    4.053
2874				    4.841
2885				    4.663
2897				    6.111
2908				    4.903
2920				    8.211
2931				    7.072
2942				    8.211
2954				    8.774
2965				    8.211
2976				    2.508
2987				    8.211
2998				    2.508
3009				    8.211
3021				    5.094
3032				    8.211
3043				    5.094
3055				    8.211
3066				    9.962
3077				    8.211
3088				    9.711
3100				    8.007
3111				    9.711
3122				    8.007
3133				    4.158
3145				    11.587
3156				    4.158
3167				    11.587
3179				    7.043
3190				    8.778
3201				    7.043
3212				    8.577
3223				    11.054
3234				    10.169
3247				    11.442
3258				    11.547
3269				    12.093
3280				    4.421
3292				    14.11
3303				    4.421
3314				    7.708
3325				    4.421
3336				    6.385
3347				    4.421
3358				    5.671
3370				    4.421
3382				    6.875
3393				    4.421
3404				    2.723
3415				    4.421
3426				    8.197
3438				    4.421
3449				    8.217
3460				    4.421
3472				    3.944
3483				    3.986
3495				    8.869
3506				    2.295
3517				    7.986
3529				    3.104
3540				    7.821
				    8.145
				    11.187
				    1.405
				    11.187
				    2.936
				    14.293
				    3.157
				    15.861
				    3.157
				    15.861
				    6.704
				    17.675
				    2.579
				    17.675
				    2.087
				    20.187
				    5.187
				    20.006
				    2.719
				    7.054
				    6.085
				    7.054
				    6.085
				    3.642
				    6.085
				    4.524
				    6.085
				    5.789
				    19.198
				    5.724
				    19.198
				    2.371
				    19.335
				    3.855
				    19.661
				    3.855
				    19.661
				    3.855
				    11.522
				    10.122
				    1.241
				    12.749
				    5.641
				    14.519
				    2.106
				    14.519
				    1.671
				    13.891
				    2.102
				    9.188
				    5.825
				    9.188
				    3.548
				    9.188
				    6.567
				    9.188
				    7.785
				    13.219
				    2.265
				    13.219
				    7.361
				    13.219
				    8.418
				    13.219
				    9.977
				    25.42
				    14.187
				    25.42
				    15.234
				    38.962
				    6.925
				    38.962
				    7.272
				    38.962
				    13.092
				    48.906
				    3.288
				    48.906
				    3.288
				    34.446
				    2.958
				    34.446
				    2.958
				    35.889
				    2.958
				    7.824
				    3.45
				    5.029
				    3.45
				    3.631
				    3.45
				    2.478
				    3.45
				    8.634
				    9.619
				    10.124
				    9.619
				    3.272
				    11.429
				    4.719
				    9.108
				    7.627
				    7.68
				    5.655
				    0.673
				    5.655
				    7.003
				    11.964
				    6.518
				    11.964
				    6.518
				    11.964
				    10.654
				    19.453
				    4.812
				    19.453
				    3.311
				    19.453
				    4.453
				    19.453
				    2.793
				    24.753
				    7.156
				    24.753
				    4.103
				    29.813
				    2.128
				    25.728
				    0.311
				    25.728
				    0.821
				    25.728
				    1.629
