18271				    139.924
18283				    139.924
18294				    139.924
18305				    139.924
18315				    139.924
18326				    139.924
18337				    139.924
18349				    139.924
18360				    139.924
18371				    139.924
18383				    139.924
18392				    139.924
18399				    139.924
18405				    139.924
18410				    139.924
18416				    139.924
18422				    139.924
18427				    139.924
18433				    139.924
18438				    139.924
18444				    139.924
18450				    139.924
18455				    139.924
18461				    139.924
18466				    139.924
18472				    139.924
18477				    139.924
18483				    139.924
18489				    139.924
18494				    139.924
18500				    139.924
18505				    139.924
18511				    139.924
18517				    22.621
18524				    22.621
18530				    22.621
18536				    22.621
18542				    22.621
18549				    22.621
18555				    22.621
18561				    22.621
18567				    22.621
18574				    22.621
18580				    22.621
18586				    22.621
18592				    22.621
18598				    22.621
18605				    22.621
18611				    22.621
18617				    22.621
18623				    22.621
18629				    22.621
18636				    22.621
18642				    22.621
18649				    22.621
18655				    22.621
18662				    22.621
18668				    22.621
18675				    22.621
18681				    22.621
18687				    22.621
18694				    22.621
18706				    22.621
18717				    22.621
18728				    20.124
18739				    16.268
18750				    3.072
18761				    3.072
18773				    3.072
18784				    3.072
18794				    3.072
18805				    3.072
18816				    3.072
18827				    3.072
18838				    3.072
18849				    3.072
18860				    3.072
18870				    3.072
18882				    3.072
18893				    3.072
18904				    3.072
18914				    3.072
18925				    3.072
18936				    3.072
18947				    3.072
18958				    3.072
18968				    3.072
18979				    9.479
18990				    5.769
19001				    3.48
19012				    8.517
19023				    8.517
19034				    8.517
19045				    8.517
19056				    8.517
19067				    8.517
19078				    8.517
19089				    8.517
19100				    8.517
19111				    8.517
19122				    8.517
19133				    8.517
19144				    8.517
19155				    8.517
19166				    8.517
19178				    8.517
19189				    8.517
19200				    8.517
19211				    8.517
19222				    8.517
19234				    8.517
19245				    1.427
19255				    2.433
19266				    2.433
19277				    6.426
19288				    4.863
19299				    4.076
19310				    4.076
19322				    4.076
19333				    4.076
19344				    4.076
19355				    4.076
19366				    4.076
19377				    4.076
19388				    4.076
19399				    4.076
19409				    4.076
19421				    4.076
19432				    4.076
19442				    4.076
19453				    4.076
19464				    4.076
19475				    4.076
19487				    6.838
19498				    6.838
19508				    6.838
19519				    0.807
19530				    1.678
19541				    1.678
19552				    6.68
19563				    0.41
19574				    2.625
19585				    9.862
19596				    11.388
19607				    5.269
19618				    7.089
19629				    11.837
19640				    11.837
19651				    11.837
19662				    11.837
19673				    11.837
19684				    11.837
19695				    11.837
19705				    11.837
19716				    11.837
19727				    11.837
19739				    11.837
19749				    11.837
19760				    11.837
19771				    11.837
19782				    11.837
19792				    11.837
19803				    9.521
19814				    10.312
19825				    14.782
19836				    14.02
19847				    0.627
19858				    4.089
19869				    2.501
19880				    5.168
19891				    4.388
19902				    0.533
19913				    0.533
19924				    0.533
19935				    11.203
19946				    6.123
19957				    8.231
19968				    6.925
19979				    6.925
19990				    6.925
20001				    6.925
20012				    13.207
20022				    13.207
20033				    13.207
20044				    13.207
20055				    13.207
20066				    13.207
20077				    13.207
20088				    13.207
20099				    13.207
20110				    13.207
20122				    13.207
20133				    13.207
20144				    13.207
20155				    13.207
20166				    13.207
20176				    13.207
20187				    18.613
20198				    15.756
20209				    15.756
20220				    11.786
20230				    7.291
20241				    6.879
20252				    5.017
20263				    4.38
20274				    4.314
20285				    4.409
20297				    4.409
20308				    8.933
20319				    13.115
20330				    4.317
20341				    6.896
20351				    6.896
20362				    4.582
20373				    4.582
20384				    4.582
20395				    9.385
20407				    9.385
20418				    9.385
20429				    9.385
20440				    9.385
20451				    9.385
20462				    9.385
20473				    9.385
20484				    9.385
20495				    9.385
20506				    9.385
20517				    9.385
20527				    9.385
20538				    9.385
20550				    9.385
20560				    9.385
20571				    9.533
20582				    8.625
20593				    8.625
20604				    6.209
20615				    4.405
20626				    3.951
20638				    7.974
20649				    7.974
20660				    3.389
20670				    5.285
20682				    4.6
20693				    4.762
20704				    0.858
20715				    1.286
20726				    1.199
20738				    4.208
20749				    6.22
20760				    6.22
20771				    6.22
20782				    6.22
20793				    15.835
20804				    15.835
20815				    15.835
20827				    15.835
20838				    15.835
20848				    15.835
20860				    15.835
20871				    15.835
20882				    15.835
20894				    15.835
20905				    15.835
20915				    15.835
20926				    15.835
20937				    15.835
20949				    15.835
20960				    15.835
20971				    15.835
20982				    15.835
20993				    19.713
21005				    22.19
21016				    18.045
21027				    16.322
21037				    13.482
