6.246800000	0.079373000
6.359977000	0.112385000
6.360014000	0.112403000
6.360018000	0.112365000
6.366860000	0.119202000
6.431742000	0.071698000
6.446795000	0.086747000
6.446828000	0.086511000
6.446857000	0.079989000
6.446860000	0.079988000
6.526685000	0.095802000
6.526711000	0.095807000
6.541818000	0.094999000
6.541864000	0.095040000
6.541872000	0.094843000
6.541877000	0.094845000
6.541882000	0.094813000
6.541887000	0.094815000
6.541891000	0.094720000
6.542785000	0.095611000
6.542796000	0.095574000
6.543863000	0.096638000
6.551796000	0.104499000
6.558736000	0.111436000
6.626820000	0.100116000
6.626838000	0.100131000
6.626842000	0.100085000
6.626845000	0.100085000
6.627835000	0.085992000
6.627859000	0.086010000
6.627865000	0.085861000
6.627870000	0.085860000
6.628749000	0.086681000
6.633690000	0.091618000
6.633728000	0.091604000
6.633737000	0.091609000
6.633742000	0.091562000
6.633747000	0.091563000
6.634608000	0.092372000
6.634634000	0.092394000
6.634768000	0.092475000
6.635687000	0.093390000
6.659799000	0.117009000
6.666812000	0.124020000
6.666863000	0.124043000
6.666867000	0.124045000
6.666876000	0.123007000
6.666879000	0.123007000
6.666895000	0.115077000
6.666906000	0.115083000
6.666911000	0.108152000
6.666922000	0.108159000
6.726879000	0.100052000
6.726905000	0.100075000
6.727724000	0.100864000
6.727738000	0.100875000
6.727742000	0.100825000
6.735664000	0.108744000
6.735695000	0.108718000
6.735700000	0.108719000
6.750731000	0.122887000
6.750783000	0.122935000
6.750787000	0.122796000
6.750796000	0.122742000
6.750861000	0.122713000
6.750871000	0.122100000
6.758689000	0.124973000
6.765739000	0.131973000
6.765770000	0.131950000
6.765775000	0.131146000
6.765784000	0.131116000
6.766744000	0.131960000
6.766755000	0.131052000
6.766760000	0.106951000
6.781801000	0.114963000
6.781851000	0.114848000
6.781865000	0.114727000
6.781873000	0.114658000
6.790767000	0.123456000
6.797719000	0.130331000
6.797764000	0.130281000
6.797770000	0.130208000
6.797774000	0.130172000
6.887677000	0.160778000
6.887712000	0.160647000
6.902874000	0.175139000
6.902900000	0.175067000
6.902907000	0.174717000
6.902913000	0.167222000
6.902920000	0.167192000
6.902926000	0.167097000
6.902939000	0.152181000
6.902953000	0.152131000
6.909679000	0.158810000
6.909722000	0.158797000
6.909731000	0.158761000
6.909735000	0.158711000
6.909739000	0.158712000
6.909743000	0.158671000
6.909860000	0.158785000
6.909872000	0.158748000
6.910776000	0.159649000
6.910790000	0.159613000
6.910793000	0.159613000
6.910796000	0.152084000
6.910800000	0.152083000
6.910803000	0.152058000
6.916741000	0.157993000
6.916772000	0.151011000
6.916777000	0.151011000
6.916781000	0.150982000
6.924681000	0.158878000
6.931745000	0.165854000
6.931777000	0.165880000
6.931782000	0.165809000
6.931899000	0.165921000
6.931928000	0.165875000
6.931932000	0.165873000
6.931936000	0.165797000
6.931939000	0.165794000
6.931942000	0.165722000
6.931945000	0.165719000
6.931948000	0.165668000
6.932833000	0.166549000
6.932863000	0.166532000
6.932873000	0.166539000
6.932876000	0.166491000
6.932880000	0.166492000
6.932883000	0.166445000
6.932886000	0.166445000
6.932889000	0.166395000
6.933688000	0.167191000
6.933700000	0.167154000
6.933704000	0.167155000
6.933707000	0.166958000
6.948889000	0.182137000
6.948927000	0.182148000
6.948933000	0.182152000
6.948936000	0.182105000
6.948940000	0.182106000
6.948943000	0.182048000
6.948946000	0.182048000
6.948949000	0.182006000
6.948952000	0.182004000
6.948956000	0.181963000
6.948959000	0.181963000
6.949791000	0.167967000
6.949822000	0.167993000
6.949846000	0.167795000
6.949849000	0.167795000
6.949852000	0.167750000
6.964744000	0.182640000
6.964811000	0.182600000
6.964818000	0.182604000
6.964822000	0.182552000
6.964827000	0.182554000
6.964833000	0.182483000
6.965664000	0.183311000
6.965690000	0.183271000
6.980886000	0.198464000
6.980900000	0.198430000
6.980905000	0.198432000
6.980912000	0.190128000
6.980916000	0.190128000
6.980919000	0.190099000
6.981752000	0.190929000
6.981784000	0.184043000
6.981789000	0.184043000
6.981806000	0.184016000
6.989719000	0.191926000
6.996773000	0.198882000
6.996811000	0.198913000
6.996818000	0.198884000
6.996825000	0.198887000
6.996830000	0.198840000
6.996835000	0.198789000
6.996850000	0.198748000
6.997702000	0.199544000
7.051885000	0.253722000
7.096794000	0.209087000
7.096825000	0.209082000
7.096842000	0.209049000
7.096851000	0.209006000
7.096855000	0.193959000
7.096859000	0.193684000
7.111784000	0.208569000
7.111796000	0.208482000
7.126805000	0.223390000
7.126837000	0.223334000
7.126842000	0.223237000
7.126858000	0.223165000
7.126862000	0.223048000
7.126865000	0.223021000
7.134795000	0.230898000
7.149758000	0.245807000
7.149800000	0.245795000
7.149811000	0.245752000
7.149817000	0.245705000
7.149821000	0.240126000
7.149841000	0.240065000
7.149845000	0.240034000
7.149849000	0.239983000
7.149853000	0.239937000
7.149857000	0.239888000
7.159673000	0.249651000
7.159707000	0.249633000
7.159730000	0.249603000
7.166737000	0.256557000
7.166769000	0.256536000
7.166780000	0.255993000
7.166787000	0.255951000
7.556692000	0.645798000
7.556731000	0.388920000
7.664790000	0.107894000
7.664810000	0.107907000
7.664827000	0.107896000
7.664829000	0.107895000
7.664832000	0.107850000
7.664834000	0.107849000
7.664837000	0.107803000
7.664840000	0.107803000
7.664842000	0.107754000
7.665684000	0.108594000
7.665702000	0.108562000
7.665708000	0.108566000
7.665711000	0.108518000
7.665713000	0.108517000
7.665715000	0.108417000
7.665718000	0.108292000
7.665720000	0.108258000
7.665723000	0.108205000
7.665728000	0.108154000
7.666601000	0.108970000
7.681741000	0.124057000
7.681758000	0.124024000
7.681821000	0.124036000
7.681829000	0.124042000
7.681833000	0.123995000
7.681837000	0.123996000
7.681841000	0.123949000
7.682670000	0.124775000
7.682679000	0.124733000
7.682683000	0.124734000
7.690662000	0.132662000
7.697706000	0.139703000
7.697720000	0.139666000
7.697724000	0.139667000
7.697728000	0.139621000
7.697731000	0.139620000
7.697735000	0.139574000
7.697738000	0.139574000
7.697742000	0.139527000
7.697745000	0.139528000
7.697749000	0.139480000
7.698643000	0.140372000
7.698654000	0.140332000
7.698658000	0.140333000
7.706713000	0.148337000
7.713761000	0.155382000
7.713775000	0.155345000
7.713779000	0.155346000
7.713783000	0.155299000
7.713787000	0.155300000
7.713791000	0.155253000
7.713838000	0.155297000
7.713844000	0.155253000
7.713848000	0.155254000
7.713852000	0.155207000
7.714681000	0.156033000
7.722675000	0.163976000
7.729734000	0.171033000
7.729745000	0.170991000
7.729747000	0.170990000
7.729750000	0.170943000
7.729753000	0.170943000
7.730661000	0.171801000
7.730674000	0.171811000
7.730732000	0.171815000
7.730817000	0.171897000
7.731697000	0.172727000
7.731709000	0.172736000
7.731712000	0.172688000
7.759811000	0.200785000
7.759825000	0.200748000
7.759828000	0.200748000
7.759831000	0.200700000
7.766825000	0.207691000
7.766837000	0.207652000
7.766840000	0.207653000
7.910705000	0.350012000
7.910747000	0.244902000
8.004646000	0.085637000
