10.467082000	0.100050000
10.562989000	0.095088000
10.563016000	0.095102000
10.563023000	0.095089000
10.563901000	0.095867000
10.563932000	0.095848000
10.572091000	0.104004000
10.579006000	0.110871000
10.661941000	0.098934000
10.661985000	0.098973000
10.662002000	0.098080000
10.662006000	0.098079000
10.662009000	0.098046000
10.662012000	0.098045000
10.662015000	0.097997000
10.662018000	0.097996000
10.662021000	0.097948000
10.662999000	0.098921000
10.663022000	0.098892000
10.663035000	0.098901000
10.663039000	0.090927000
10.663042000	0.090924000
10.663045000	0.084008000
10.663058000	0.084014000
10.718987000	0.057019000
10.719024000	0.057052000
10.719035000	0.056919000
10.719038000	0.056919000
10.719042000	0.056875000
10.719052000	0.056882000
10.719056000	0.056789000
10.719059000	0.056787000
10.719063000	0.056705000
10.719066000	0.056702000
10.719071000	0.056609000
10.720060000	0.057592000
10.720084000	0.057530000
10.720101000	0.057542000
10.720105000	0.057483000
10.720108000	0.057482000
10.720820000	0.058145000
10.720839000	0.058161000
10.720844000	0.057829000
10.728802000	0.065784000
10.736065000	0.072989000
10.736097000	0.072996000
10.736103000	0.072958000
10.736106000	0.072957000
10.736109000	0.072927000
10.736112000	0.072927000
10.736116000	0.072883000
10.736119000	0.072883000
10.736122000	0.072837000
10.736126000	0.072838000
10.736887000	0.073548000
10.736915000	0.073574000
10.759821000	0.040808000
10.759983000	0.040964000
10.766917000	0.047739000
10.766964000	0.047782000
10.766983000	0.047754000
10.766989000	0.047757000
10.766998000	0.047666000
10.768010000	0.048671000
10.790999000	0.071623000
10.791035000	0.071655000
10.791042000	0.071499000
10.791048000	0.071455000
10.791052000	0.070929000
10.791079000	0.070795000
10.791085000	0.070252000
10.791088000	0.070215000
10.798894000	0.077913000
10.806080000	0.077257000
10.806115000	0.069748000
10.806127000	0.069666000
10.806134000	0.069616000
10.806139000	0.069564000
10.806150000	0.069523000
10.806163000	0.069482000
10.806169000	0.069264000
10.806174000	0.069229000
10.813897000	0.054051000
10.820924000	0.060931000
10.820958000	0.054007000
10.820962000	0.053821000
10.820967000	0.053744000
10.820970000	0.053656000
10.820974000	0.053565000
10.820977000	0.052947000
10.859933000	0.068908000
10.859970000	0.068739000
10.859984000	0.068750000
10.859993000	0.068725000
10.875053000	0.083782000
10.875088000	0.083715000
10.875093000	0.083714000
10.875096000	0.083677000
10.875099000	0.083676000
10.875103000	0.083631000
10.875106000	0.083630000
10.875110000	0.083536000
10.875113000	0.083532000
10.875116000	0.083499000
10.875126000	0.083506000
10.875130000	0.083417000
10.875133000	0.083414000
10.875136000	0.083390000
10.875140000	0.083391000
10.875144000	0.083339000
10.876122000	0.084314000
10.876153000	0.084299000
10.876162000	0.084305000
10.876166000	0.084260000
10.876169000	0.084260000
10.876172000	0.084211000
10.876175000	0.084211000
10.876178000	0.084159000
10.876182000	0.084159000
10.876185000	0.084113000
10.876188000	0.084112000
10.876191000	0.084064000
10.876977000	0.084846000
10.876999000	0.084817000
10.877007000	0.084821000
10.877011000	0.084768000
10.877014000	0.084765000
10.877017000	0.084729000
10.877020000	0.084729000
10.877023000	0.084681000
10.877026000	0.084681000
10.877029000	0.084633000
10.877900000	0.085500000
10.877920000	0.085470000
10.877928000	0.085474000
10.877931000	0.085428000
10.878999000	0.086492000
10.879013000	0.086456000
10.886899000	0.094338000
10.893964000	0.101355000
10.893998000	0.101385000
10.894006000	0.101343000
10.894010000	0.101343000
10.894013000	0.095099000
10.894016000	0.095097000
10.894019000	0.094998000
10.894022000	0.094998000
10.894026000	0.087923000
10.894029000	0.087919000
10.894032000	0.087886000
10.894879000	0.088491000
10.894900000	0.088508000
10.894915000	0.088520000
10.894920000	0.088479000
10.894923000	0.088479000
10.894926000	0.088480000
10.895173000	0.088655000
10.895190000	0.088669000
10.895893000	0.089369000
10.895919000	0.089326000
10.896002000	0.089406000
10.896018000	0.089419000
10.896022000	0.089353000
10.896025000	0.089353000
10.896028000	0.089354000
10.903993000	0.097273000
10.911028000	0.104306000
10.911059000	0.104334000
10.911067000	0.104293000
10.911071000	0.104295000
10.911075000	0.104296000
10.911078000	0.104252000
10.911081000	0.104252000
10.911084000	0.104253000
10.911088000	0.104208000
10.911863000	0.104980000
10.911899000	0.105014000
10.911907000	0.104963000
10.911911000	0.104963000
10.912032000	0.105080000
10.912944000	0.105919000
10.927948000	0.120919000
10.927983000	0.120952000
10.927991000	0.120928000
10.927995000	0.120930000
10.927998000	0.120931000
10.928001000	0.120885000
10.928004000	0.120883000
10.928110000	0.120938000
10.928142000	0.120920000
10.929012000	0.121784000
10.929054000	0.121775000
10.929061000	0.121728000
10.929067000	0.115143000
10.929943000	0.115977000
10.929975000	0.109025000
10.937949000	0.116957000
10.937985000	0.116987000
10.953057000	0.132011000
10.953102000	0.132008000
10.953118000	0.132018000
10.953123000	0.131974000
10.953128000	0.131929000
10.953134000	0.093168000
10.953139000	0.093131000
10.953146000	0.093131000
10.953151000	0.093086000
10.979926000	0.119812000
10.979970000	0.104895000
10.987002000	0.111921000
10.987041000	0.111957000
10.987053000	0.111892000
10.987058000	0.111894000
10.987061000	0.111894000
10.987064000	0.111759000
10.987067000	0.111755000
10.987070000	0.111755000
10.987074000	0.111714000
10.987077000	0.111714000
10.987081000	0.111715000
10.988089000	0.112691000
10.988109000	0.112708000
10.988120000	0.112716000
10.988124000	0.112676000
10.988127000	0.112676000
10.988131000	0.112677000
10.988134000	0.112633000
10.988137000	0.112634000
10.988140000	0.112634000
10.988143000	0.112590000
10.988146000	0.112590000
10.988928000	0.113369000
10.989034000	0.113428000
10.989045000	0.113437000
10.989058000	0.113447000
10.989063000	0.113405000
10.989068000	0.113407000
10.989072000	0.113408000
10.989077000	0.113367000
10.990021000	0.114308000
10.990034000	0.114318000
10.990044000	0.114281000
10.990048000	0.114282000
10.990051000	0.114282000
10.990054000	0.114239000
10.990057000	0.114239000
10.990063000	0.114242000
10.990067000	0.114199000
10.990981000	0.115109000
10.991000000	0.115126000
10.991013000	0.115093000
10.999958000	0.124035000
10.999993000	0.124067000
11.000006000	0.124033000
11.000010000	0.123866000
11.000013000	0.123864000
11.000016000	0.123857000
11.000019000	0.123813000
11.000023000	0.123814000
11.000026000	0.123814000
11.000029000	0.123725000
11.000033000	0.123724000
11.000036000	0.123723000
11.007852000	0.131458000
11.014904000	0.138505000
11.014949000	0.138547000
11.014963000	0.138480000
11.014967000	0.138471000
11.014971000	0.138471000
11.014974000	0.138450000
11.014977000	0.138450000
11.014981000	0.138451000
11.014984000	0.138407000
11.014987000	0.138407000
11.014991000	0.138408000
11.015950000	0.139321000
11.015981000	0.139349000
11.015994000	0.139359000
11.015998000	0.139007000
11.016002000	0.139007000
11.016005000	0.139001000
11.023958000	0.146916000
11.031055000	0.154010000
11.031086000	0.154038000
11.031097000	0.154003000
11.031101000	0.154004000
11.031105000	0.154005000
11.031108000	0.153962000
11.031111000	0.153962000
11.031115000	0.153963000
11.031118000	0.153920000
11.031986000	0.154784000
11.032017000	0.154813000
11.032025000	0.154760000
11.032029000	0.154761000
11.032032000	0.154762000
11.047902000	0.170539000
11.054947000	0.177579000
11.054988000	0.177075000
11.055001000	0.177085000
11.055006000	0.177081000
11.055010000	0.177054000
11.055016000	0.177058000
11.055019000	0.177058000
11.055085000	0.177076000
11.055091000	0.177079000
11.055094000	0.176087000
11.056003000	0.176993000
11.056019000	0.177002000
11.056023000	0.176968000
11.056026000	0.169110000
11.056030000	0.169110000
11.056034000	0.162047000
11.056037000	0.162044000
11.056041000	0.162037000
11.056044000	0.161997000
11.056970000	0.162920000
11.061983000	0.167930000
11.062004000	0.167853000
11.062013000	0.167857000
11.062021000	0.167862000
11.062026000	0.167785000
11.062032000	0.167786000
11.062037000	0.167788000
11.062042000	0.167711000
11.063033000	0.168697000
11.063050000	0.168710000
11.063057000	0.168657000
11.063062000	0.168659000
11.063065000	0.168659000
11.063069000	0.168594000
11.063942000	0.169464000
11.063958000	0.169407000
11.063964000	0.169068000
11.071024000	0.175843000
11.071042000	0.175855000
11.099960000	0.204050000
11.099982000	0.204030000
11.099992000	0.204031000
11.107029000	0.211016000
11.107045000	0.210988000
11.107050000	0.210987000
11.107054000	0.210941000
11.107058000	0.210892000
11.107061000	0.210890000
11.107065000	0.210846000
11.107069000	0.210801000
11.107074000	0.210800000
11.107078000	0.203056000
11.107081000	0.196026000
11.107085000	0.195982000
11.108053000	0.196944000
11.108069000	0.196863000
11.108074000	0.196784000
11.108078000	0.196779000
11.108899000	0.197513000
11.116948000	0.205477000
11.116965000	0.205485000
11.139971000	0.228080000
11.139994000	0.228063000
11.140000000	0.228063000
11.140006000	0.228021000
11.147035000	0.234994000
11.147055000	0.234098000
11.147061000	0.219083000
11.147065000	0.219044000
11.147069000	0.219042000
11.147073000	0.218939000
11.147076000	0.218895000
11.147080000	0.218893000
11.147084000	0.218798000
11.147904000	0.219534000
11.147920000	0.219541000
11.147925000	0.219448000
11.156059000	0.227550000
11.156078000	0.227562000
11.156085000	0.227041000
11.162907000	0.233819000
11.162938000	0.233842000
11.170986000	0.241832000
11.177985000	0.248794000
11.178002000	0.248803000
11.178006000	0.248756000
11.178010000	0.248713000
11.178014000	0.248047000
11.178018000	0.248011000
11.178022000	0.248007000
11.178026000	0.247964000
11.178030000	0.240053000
11.178034000	0.240010000
11.192993000	0.254962000
11.193008000	0.254878000
11.193012000	0.239919000
11.193017000	0.239859000
11.194122000	0.240499000
11.194138000	0.240511000
11.202067000	0.248436000
11.216959000	0.263268000
11.216974000	0.263279000
11.216978000	0.263279000
11.216982000	0.263279000
11.216985000	0.263237000
11.216988000	0.263236000
11.216992000	0.263236000
11.216995000	0.263236000
11.217002000	0.263198000
11.224860000	0.271052000
11.224875000	0.271063000
11.232028000	0.278212000
11.232045000	0.278188000
11.232049000	0.278188000
11.232053000	0.278188000
11.232056000	0.278188000
11.232060000	0.278148000
11.232063000	0.278147000
11.232067000	0.278147000
11.232953000	0.279029000
11.232969000	0.279002000
11.232973000	0.279002000
11.232977000	0.279002000
11.232980000	0.279001000
11.232984000	0.278962000
11.232988000	0.278962000
11.232991000	0.278961000
11.232995000	0.278961000
11.234022000	0.254069000
11.234040000	0.254082000
11.234046000	0.254085000
11.234053000	0.254088000
11.234059000	0.254026000
11.234064000	0.254027000
11.234069000	0.247040000
11.234074000	0.247038000
11.234079000	0.247032000
11.235054000	0.248004000
11.235070000	0.247974000
11.235175000	0.248076000
11.235191000	0.248090000
11.235197000	0.248093000
11.235203000	0.248009000
11.235980000	0.248780000
11.235996000	0.248793000
11.236000000	0.248794000
11.236004000	0.248761000
11.236008000	0.248762000
11.240940000	0.253691000
11.240957000	0.253705000
11.240961000	0.253621000
11.248993000	0.261648000
11.249013000	0.261665000
11.255970000	0.268619000
11.255993000	0.268556000
11.255999000	0.268556000
11.256005000	0.267903000
11.256010000	0.267905000
11.256015000	0.267901000
11.256020000	0.267903000
11.256024000	0.267865000
11.256029000	0.267867000
11.256034000	0.267869000
11.256908000	0.268739000
11.256924000	0.268713000
11.256928000	0.268714000
11.258023000	0.269806000
11.258039000	0.269819000
11.258941000	0.270677000
11.266046000	0.277779000
11.266064000	0.277794000
11.266070000	0.277797000
11.266076000	0.277758000
11.266081000	0.277760000
11.266113000	0.277789000
11.266120000	0.277794000
11.266125000	0.277754000
11.266130000	0.277756000
11.273894000	0.284957000
11.281024000	0.292083000
11.281040000	0.292000000
11.281045000	0.292002000
11.281048000	0.291998000
11.281052000	0.291998000
11.281085000	0.291990000
11.281091000	0.291993000
11.281094000	0.291992000
11.281098000	0.291992000
11.281102000	0.291954000
11.281932000	0.292780000
11.281951000	0.292795000
11.281957000	0.292797000
11.281962000	0.292759000
11.300035000	0.310828000
11.307047000	0.317019000
11.307063000	0.317032000
11.307068000	0.317029000
11.307071000	0.317029000
11.307075000	0.316996000
11.307078000	0.316996000
11.307081000	0.316997000
11.307085000	0.316998000
11.307088000	0.316957000
11.307092000	0.316958000
11.307917000	0.317780000
11.308008000	0.317869000
11.308024000	0.317839000
11.308028000	0.317841000
11.308032000	0.317842000
11.308041000	0.317848000
11.308045000	0.317807000
11.308049000	0.317808000
11.308052000	0.317061000
11.309174000	0.318179000
11.309190000	0.318183000
11.309194000	0.318184000
11.309198000	0.318173000
11.309201000	0.318173000
11.309205000	0.309221000
11.309942000	0.309953000
11.309958000	0.309958000
11.316987000	0.316983000
11.317003000	0.316946000
11.324879000	0.324818000
11.332047000	0.331983000
11.332064000	0.331997000
11.332069000	0.331967000
11.332072000	0.331966000
11.332076000	0.331962000
11.332079000	0.331962000
11.332083000	0.331928000
11.332089000	0.331931000
11.332093000	0.331932000
11.332096000	0.331932000
11.332100000	0.331893000
11.332939000	0.332729000
11.332957000	0.332744000
11.332963000	0.332747000
11.332969000	0.332710000
11.332974000	0.332712000
11.332979000	0.332714000
11.332984000	0.332716000
11.332989000	0.325106000
11.332994000	0.325104000
11.333147000	0.318220000
11.333164000	0.318221000
11.333878000	0.318920000
11.333896000	0.318935000
11.333902000	0.318886000
11.333907000	0.318887000
11.360044000	0.345022000
11.360064000	0.345039000
11.367145000	0.352037000
11.367166000	0.352052000
11.367172000	0.352055000
11.367177000	0.352058000
11.367182000	0.351981000
11.367187000	0.351980000
11.367192000	0.351982000
11.367197000	0.351984000
11.367264000	0.351969000
11.367272000	0.351972000
11.367277000	0.351973000
11.368020000	0.352713000
11.368036000	0.352645000
11.368040000	0.352643000
11.368044000	0.352073000
11.368048000	0.352072000
11.368052000	0.352064000
11.368056000	0.352065000
11.368060000	0.352041000
11.368064000	0.352042000
11.368068000	0.352043000
11.368072000	0.352044000
11.368989000	0.352865000
11.369007000	0.352878000
11.369013000	0.352881000
11.369019000	0.352884000
11.369024000	0.345039000
11.369029000	0.345038000
11.369034000	0.337957000
11.369953000	0.338871000
11.369970000	0.338878000
11.369974000	0.338879000
11.376942000	0.345809000
11.376959000	0.345823000
11.376963000	0.345825000
11.376967000	0.345733000
11.376970000	0.345731000
11.376974000	0.345732000
11.376977000	0.345651000
11.376984000	0.345653000
11.376988000	0.345654000
11.386013000	0.354595000
11.392986000	0.361563000
11.393002000	0.361576000
11.393007000	0.361497000
11.393151000	0.361635000
11.393167000	0.361160000
11.393171000	0.361158000
11.393175000	0.361153000
11.393178000	0.361131000
11.393182000	0.361132000
11.393185000	0.361132000
11.393189000	0.361044000
11.393890000	0.361740000
11.394032000	0.361879000
11.394043000	0.361858000
11.394048000	0.346122000
11.394053000	0.346121000
11.394057000	0.339083000
11.394062000	0.339080000
11.394067000	0.339070000
11.394071000	0.339000000
11.394980000	0.339906000
11.439933000	0.044797000
