10.948989000	0.080003000
10.986920000	0.037511000
10.986952000	0.037536000
10.991959000	0.042479000
10.991974000	0.042489000
10.994954000	0.045380000
10.994966000	0.045388000
10.995036000	0.045380000
10.995047000	0.045387000
10.995050000	0.045291000
10.995099000	0.045336000
11.021955000	0.035010000
11.026933000	0.034140000
11.026957000	0.034161000
11.031970000	0.033313000
11.031988000	0.033327000
11.036988000	0.035000000
11.037009000	0.035018000
11.038945000	0.033627000
11.038957000	0.033636000
11.041981000	0.033342000
11.041994000	0.033352000
11.046912000	0.034908000
11.046927000	0.034919000
11.048939000	0.033660000
11.048952000	0.033670000
11.051993000	0.033356000
11.052052000	0.033412000
11.056969000	0.038258000
11.056982000	0.035034000
11.060041000	0.038089000
11.060054000	0.034756000
11.060062000	0.034761000
11.060065000	0.032005000
11.060130000	0.032067000
11.067337000	0.036650000
11.067717000	0.037027000
11.070940000	0.037610000
11.070954000	0.037620000
11.070992000	0.034983000
11.070998000	0.034984000
11.071071000	0.032442000
11.071887000	0.033255000
11.071897000	0.030612000
11.076959000	0.035671000
11.076972000	0.033014000
11.081939000	0.037977000
11.081964000	0.035413000
11.081968000	0.035413000
11.081970000	0.032747000
11.082078000	0.032853000
11.086895000	0.034991000
11.086917000	0.035010000
11.091943000	0.039935000
11.091973000	0.037447000
11.092049000	0.037520000
11.092057000	0.034914000
11.092061000	0.034916000
11.096957000	0.037110000
11.096982000	0.037131000
11.101946000	0.039485000
11.101975000	0.039510000
11.101979000	0.038197000
11.102047000	0.038262000
11.102099000	0.036995000
11.102152000	0.034417000
11.106937000	0.037906000
11.107014000	0.036649000
11.111931000	0.034892000
11.121969000	0.043853000
11.121998000	0.043878000
11.122147000	0.042941000
11.122153000	0.042943000
11.122157000	0.041869000
11.126917000	0.046626000
11.126940000	0.045582000
11.129960000	0.048003000
11.129984000	0.047481000
11.130032000	0.047526000
11.130038000	0.046444000
11.130041000	0.046444000
11.130043000	0.045474000
11.130106000	0.045534000
11.130110000	0.044477000
11.130158000	0.044522000
11.130161000	0.043521000
11.130212000	0.043302000
11.130216000	0.043303000
11.130341000	0.042667000
11.130347000	0.038384000
11.130350000	0.038381000
11.131986000	0.039501000
11.131994000	0.039507000
11.131997000	0.038530000
11.132000000	0.037562000
11.141954000	0.044451000
11.146931000	0.044960000
11.146956000	0.044496000
11.151981000	0.048642000
11.156911000	0.033220000
11.161932000	0.037494000
11.161949000	0.034651000
11.161954000	0.033995000
11.166941000	0.036621000
11.166951000	0.036043000
11.171974000	0.040545000
11.171998000	0.040030000
11.172028000	0.039564000
11.181944000	0.037209000
11.181985000	0.034781000
11.185997000	0.038238000
11.186008000	0.037748000
11.187015000	0.034758000
11.191931000	0.034976000
11.191951000	0.034821000
11.196959000	0.039827000
11.196983000	0.039491000
11.196988000	0.039494000
11.196991000	0.039153000
11.197009000	0.039168000
11.202014000	0.043840000
11.202043000	0.043867000
11.204991000	0.046476000
11.205016000	0.046499000
11.205021000	0.046183000
11.206968000	0.048128000
11.206991000	0.047810000
11.207018000	0.047834000
11.207022000	0.047501000
11.207069000	0.047545000
11.211956000	0.052092000
11.211980000	0.052114000
11.214928000	0.054725000
11.216963000	0.056758000
11.216987000	0.056780000
11.216992000	0.056450000
11.217013000	0.056469000
11.217017000	0.056130000
11.220031000	0.059141000
11.220054000	0.058827000
11.220059000	0.058830000
11.220062000	0.058495000
11.222017000	0.060441000
11.222040000	0.060133000
11.224979000	0.063070000
11.225001000	0.062751000
11.225081000	0.062828000
11.225134000	0.062546000
11.225137000	0.062547000
11.225209000	0.062284000
11.225260000	0.062334000
11.225263000	0.061999000
11.225314000	0.062049000
11.225316000	0.061712000
11.225368000	0.061763000
11.225370000	0.061390000
11.225422000	0.061439000
11.225426000	0.061143000
11.225429000	0.061145000
11.225590000	0.061305000
11.225593000	0.060936000
11.225644000	0.060985000
11.225699000	0.060735000
11.225707000	0.060741000
11.225711000	0.060406000
11.225714000	0.060406000
11.225717000	0.060073000
11.225720000	0.060074000
11.225723000	0.059740000
11.225727000	0.059742000
11.225806000	0.059486000
11.225811000	0.059488000
11.225814000	0.059155000
11.225818000	0.059157000
11.226927000	0.059929000
11.226934000	0.059934000
11.227019000	0.059683000
11.227041000	0.059704000
11.227043000	0.059347000
11.227046000	0.059348000
11.229982000	0.061945000
11.229989000	0.061950000
11.230074000	0.061693000
11.230078000	0.061695000
11.230081000	0.061366000
11.230083000	0.061367000
11.230127000	0.061410000
11.230179000	0.061126000
11.230182000	0.061127000
11.230184000	0.060792000
11.230240000	0.060846000
11.230246000	0.060514000
11.231913000	0.062179000
11.231923000	0.061852000
11.235022000	0.064950000
11.235044000	0.064653000
11.235050000	0.064658000
11.235056000	0.064327000
11.235060000	0.064329000
11.235064000	0.063997000
11.235067000	0.063999000
11.235129000	0.063702000
11.235133000	0.063704000
11.235188000	0.063442000
11.235191000	0.063444000
11.235274000	0.063189000
11.235296000	0.063210000
11.235298000	0.062874000
11.235301000	0.062876000
11.235326000	0.062562000
11.235328000	0.062563000
11.235379000	0.062613000
11.237116000	0.064013000
11.237132000	0.064028000
11.237138000	0.063675000
11.237144000	0.063679000
11.237150000	0.063346000
11.239990000	0.066184000
11.240013000	0.065868000
11.240020000	0.065874000
11.240025000	0.065541000
11.240040000	0.065555000
11.240092000	0.065284000
11.240097000	0.065287000
11.240146000	0.065003000
11.240200000	0.065055000
11.240205000	0.064723000
11.311923000	0.128493000
11.315441000	0.131748000
11.315454000	0.113419000
11.340182000	0.138013000
11.340191000	0.079389000
11.340287000	0.079072000
11.340292000	0.079074000
11.340294000	0.078872000
11.340297000	0.078874000
11.340303000	0.078673000
11.340365000	0.078733000
11.340371000	0.078537000
11.340375000	0.078540000
11.340470000	0.078471000
11.340476000	0.078371000
11.340480000	0.075477000
11.340558000	0.075448000
11.340569000	0.075457000
11.340572000	0.075049000
11.340576000	0.070581000
11.391947000	0.034906000
