11.341794000	0.106606000
11.457709000	0.115163000
11.457740000	0.115183000
11.457745000	0.115163000
11.457756000	0.115171000
11.457759000	0.115113000
11.457771000	0.115120000
11.457803000	0.115074000
11.458667000	0.115936000
11.459756000	0.116952000
11.562727000	0.104997000
11.562741000	0.105006000
11.577812000	0.120037000
11.577845000	0.120066000
11.577850000	0.120007000
11.577861000	0.120010000
11.577865000	0.119988000
11.577868000	0.119988000
11.577871000	0.119943000
11.577874000	0.119943000
11.577877000	0.119897000
11.577880000	0.119897000
11.578727000	0.120694000
11.578747000	0.120712000
11.578766000	0.120102000
11.579662000	0.120990000
11.587744000	0.129050000
11.594682000	0.134905000
11.594799000	0.135018000
11.694681000	0.131946000
11.694713000	0.131975000
11.694718000	0.131958000
11.701709000	0.138946000
11.701765000	0.123930000
11.701770000	0.123930000
11.701781000	0.123885000
11.701785000	0.123885000
11.701788000	0.123819000
11.701897000	0.123921000
11.701925000	0.123921000
11.701932000	0.123925000
11.701936000	0.123881000
11.702786000	0.124728000
11.702806000	0.124699000
11.702810000	0.124700000
11.702813000	0.124653000
11.702816000	0.124654000
11.702820000	0.124608000
11.702823000	0.124609000
11.702833000	0.124569000
11.702837000	0.124570000
11.703743000	0.125426000
11.703762000	0.125442000
11.703780000	0.125040000
11.704632000	0.125889000
11.705642000	0.126851000
11.711750000	0.132956000
11.711781000	0.132899000
11.711798000	0.132896000
11.719608000	0.139932000
11.726699000	0.147020000
11.726730000	0.138960000
11.726736000	0.138959000
11.726740000	0.132036000
11.727796000	0.133087000
11.750938000	0.156134000
11.750962000	0.156155000
11.826706000	0.132003000
11.826722000	0.132014000
11.834701000	0.139962000
11.834737000	0.139946000
11.834744000	0.133009000
11.849797000	0.147984000
11.849848000	0.147927000
11.849853000	0.147055000
11.849857000	0.147055000
11.849860000	0.146900000
11.849870000	0.146906000
11.849873000	0.146857000
11.849876000	0.146857000
11.849879000	0.146764000
11.849883000	0.146762000
11.857777000	0.154572000
11.864835000	0.161624000
11.864875000	0.161541000
11.864890000	0.161550000
11.864895000	0.161528000
11.864900000	0.161530000
11.864905000	0.161484000
11.864910000	0.161487000
11.864915000	0.161440000
11.864919000	0.161442000
11.864924000	0.161396000
11.864929000	0.161398000
11.864933000	0.161351000
11.864938000	0.161353000
11.864943000	0.161307000
11.865759000	0.162121000
11.865781000	0.162091000
11.865787000	0.162095000
11.865792000	0.162037000
11.865796000	0.162038000
11.874786000	0.170987000
11.874817000	0.171016000
11.874821000	0.170970000
11.874825000	0.170971000
11.882774000	0.178869000
11.889800000	0.185892000
11.889839000	0.185880000
11.889846000	0.185885000
11.889852000	0.185839000
11.889857000	0.185842000
11.889881000	0.178105000
11.889890000	0.177967000
11.890767000	0.171129000
11.890778000	0.164053000
11.890782000	0.164025000
11.890786000	0.163977000
11.890790000	0.163928000
11.891754000	0.163932000
11.906805000	0.155853000
11.906835000	0.155625000
12.038739000	0.212020000
12.038794000	0.212055000
12.047675000	0.212949000
12.054816000	0.220084000
12.054855000	0.220094000
12.054862000	0.220098000
12.054867000	0.220051000
12.054872000	0.220053000
12.054877000	0.220005000
12.054882000	0.220004000
12.054896000	0.219966000
12.055704000	0.220770000
12.055731000	0.205907000
12.055738000	0.205908000
12.055773000	0.205867000
12.055779000	0.205870000
12.056629000	0.206679000
12.056644000	0.206692000
12.071695000	0.221690000
12.071839000	0.221832000
12.071862000	0.221806000
12.071876000	0.221817000
12.071883000	0.221774000
12.071888000	0.221776000
12.071892000	0.221730000
12.071897000	0.221732000
12.071902000	0.221686000
12.071908000	0.221688000
12.071913000	0.221643000
12.072766000	0.222493000
12.072789000	0.222465000
12.072795000	0.222468000
12.072800000	0.222422000
12.072805000	0.222418000
12.072809000	0.222377000
12.078734000	0.228299000
12.078776000	0.228292000
12.078782000	0.228295000
12.078786000	0.220985000
12.078789000	0.220981000
12.078792000	0.213930000
12.078795000	0.213926000
12.085754000	0.220607000
12.093692000	0.228540000
12.100811000	0.235597000
12.100844000	0.235574000
12.100849000	0.235523000
12.100853000	0.235471000
12.100856000	0.235414000
12.100861000	0.235364000
12.100864000	0.235316000
12.100868000	0.235264000
12.100871000	0.235215000
12.100875000	0.235163000
12.101725000	0.235948000
12.101735000	0.226922000
12.101741000	0.226893000
12.101749000	0.226805000
12.116642000	0.241657000
12.116673000	0.241594000
12.124700000	0.249541000
12.131761000	0.256521000
12.131790000	0.256512000
12.131795000	0.256463000
12.131799000	0.256413000
12.131803000	0.249002000
12.131807000	0.241974000
12.131824000	0.241685000
12.131827000	0.241625000
12.131831000	0.241529000
12.132702000	0.242312000
12.132713000	0.242252000
12.132716000	0.242180000
12.132720000	0.242134000
12.132723000	0.242083000
12.132726000	0.242032000
12.140759000	0.249984000
12.155702000	0.263940000
12.170680000	0.278891000
12.170707000	0.278864000
12.170830000	0.278935000
12.170839000	0.278890000
12.170842000	0.278840000
12.170844000	0.278788000
12.170847000	0.278738000
12.170850000	0.278687000
12.170852000	0.278635000
12.170855000	0.278584000
12.186672000	0.294347000
12.193703000	0.301325000
12.193731000	0.301299000
12.193736000	0.301250000
12.193740000	0.301200000
12.193751000	0.286920000
12.193770000	0.286872000
12.194630000	0.287678000
12.194645000	0.287636000
12.277709000	0.238937000
12.285751000	0.246932000
12.285777000	0.246913000
12.292768000	0.253810000
12.292777000	0.245075000
12.292780000	0.237930000
12.292785000	0.237805000
12.292789000	0.237805000
12.293641000	0.238618000
12.293661000	0.238634000
12.293664000	0.238598000
12.319615000	0.264544000
12.326863000	0.271740000
12.326891000	0.271763000
12.326898000	0.271717000
12.326901000	0.271715000
12.326905000	0.271668000
12.326910000	0.271669000
12.326913000	0.271620000
12.326917000	0.271620000
12.326920000	0.271199000
12.326924000	0.271198000
12.326937000	0.271131000
12.327783000	0.271973000
12.327807000	0.271954000
12.327811000	0.271953000
12.327815000	0.271911000
12.327818000	0.271911000
12.327821000	0.271864000
12.327825000	0.271865000
12.328822000	0.272184000
12.328842000	0.272201000
12.328845000	0.272159000
12.328847000	0.272158000
12.328862000	0.257141000
12.329715000	0.257987000
12.329730000	0.257877000
12.329733000	0.257875000
12.336593000	0.264392000
12.336808000	0.264602000
12.344710000	0.272446000
12.344732000	0.272463000
12.344736000	0.272415000
12.351716000	0.279391000
12.351737000	0.279360000
12.351740000	0.279359000
12.351743000	0.279309000
12.351745000	0.279306000
12.351748000	0.279260000
12.352675000	0.280182000
12.352697000	0.280155000
12.352700000	0.280154000
12.352703000	0.280106000
12.352705000	0.280104000
12.353727000	0.281076000
12.353764000	0.281109000
12.361706000	0.288925000
12.361731000	0.288946000
12.368705000	0.295881000
12.368728000	0.295893000
12.368731000	0.295853000
12.368733000	0.295851000
12.368735000	0.295804000
12.368738000	0.295803000
12.368805000	0.295821000
12.369657000	0.296669000
12.369692000	0.296655000
12.369820000	0.296779000
12.369824000	0.291057000
12.369827000	0.291055000
12.370705000	0.291896000
12.370712000	0.291900000
12.370715000	0.291854000
12.370718000	0.291854000
12.370720000	0.291762000
12.378801000	0.299839000
12.378813000	0.299823000
12.378817000	0.299824000
12.378819000	0.299775000
12.378822000	0.299775000
12.379729000	0.300631000
12.379741000	0.300641000
12.379744000	0.293967000
12.379747000	0.293965000
12.379749000	0.286031000
12.379752000	0.286027000
12.379754000	0.278919000
12.387713000	0.286873000
12.394675000	0.293784000
12.394689000	0.293795000
12.394693000	0.293732000
12.394697000	0.293733000
12.394700000	0.293683000
12.395790000	0.294770000
12.395803000	0.294730000
12.395808000	0.294732000
12.396707000	0.295591000
12.396719000	0.295598000
12.396722000	0.295550000
12.397800000	0.296623000
12.397811000	0.296582000
12.397814000	0.296581000
12.397817000	0.296534000
12.398735000	0.297447000
12.399730000	0.298396000
12.404750000	0.303413000
12.404761000	0.303373000
12.404764000	0.303374000
12.404766000	0.303325000
12.404769000	0.303325000
12.405698000	0.304203000
12.405709000	0.304211000
12.405712000	0.304163000
12.405714000	0.304162000
12.405723000	0.304120000
12.406634000	0.305029000
12.406645000	0.304989000
12.406791000	0.305132000
12.421758000	0.320028000
12.421789000	0.320057000
12.421792000	0.305129000
12.421795000	0.305127000
12.421798000	0.304884000
12.421800000	0.304882000
12.422840000	0.298127000
12.422852000	0.298135000
12.422855000	0.298059000
12.422858000	0.298056000
12.422860000	0.297978000
12.422863000	0.297975000
12.422866000	0.297901000
12.422868000	0.297895000
12.422871000	0.297820000
12.423769000	0.298712000
12.423780000	0.298688000
12.423783000	0.298689000
12.424708000	0.299563000
12.431669000	0.306521000
12.431681000	0.306482000
12.446769000	0.321567000
12.446782000	0.321529000
12.446785000	0.321529000
12.446788000	0.321482000
12.446790000	0.321481000
12.446792000	0.321432000
12.446795000	0.321432000
12.446797000	0.321383000
12.446869000	0.321452000
12.446872000	0.321404000
12.447688000	0.322217000
12.447696000	0.322174000
12.447699000	0.322174000
12.447701000	0.322125000
12.447703000	0.322124000
12.447706000	0.315925000
12.447708000	0.315922000
12.448609000	0.316763000
12.448845000	0.316996000
12.448851000	0.316951000
12.448854000	0.316952000
12.448856000	0.316904000
12.449745000	0.317790000
12.456771000	0.324766000
12.456782000	0.324774000
12.456785000	0.324726000
12.456787000	0.324725000
12.456790000	0.324677000
12.456792000	0.324676000
12.456794000	0.324627000
12.456800000	0.324630000
12.456802000	0.324582000
12.456805000	0.324582000
12.456807000	0.324533000
12.465791000	0.333514000
12.465804000	0.333476000
12.465807000	0.333477000
12.465809000	0.333428000
12.465811000	0.333427000
12.465814000	0.333378000
12.465817000	0.333379000
12.465819000	0.333330000
12.465822000	0.333331000
12.473748000	0.341205000
12.480769000	0.348223000
12.480852000	0.348255000
12.480863000	0.348212000
12.480866000	0.348158000
12.480870000	0.348111000
12.480890000	0.348078000
12.481844000	0.348978000
12.481855000	0.348935000
12.481858000	0.348884000
12.481861000	0.348834000
12.481864000	0.348783000
12.481867000	0.348732000
12.489640000	0.356451000
12.496721000	0.363474000
12.496733000	0.363436000
12.496736000	0.363385000
12.496739000	0.355962000
12.497654000	0.356782000
12.497659000	0.341950000
12.505786000	0.350059000
12.505809000	0.335110000
12.512806000	0.342074000
12.512811000	0.342030000
12.512815000	0.341980000
12.512818000	0.341923000
12.512821000	0.341817000
12.513809000	0.342776000
12.513820000	0.342733000
12.521695000	0.350556000
12.528830000	0.357640000
12.528842000	0.357599000
12.528845000	0.357549000
12.528848000	0.357500000
12.528913000	0.357513000
12.528925000	0.357473000
12.528928000	0.357424000
12.529757000	0.358201000
12.529769000	0.358160000
12.529772000	0.358110000
12.530648000	0.358934000
12.538701000	0.352010000
12.538714000	0.351968000
12.545697000	0.351975000
12.545725000	0.351860000
12.546733000	0.352844000
12.559736000	0.365796000
12.559749000	0.365757000
12.559752000	0.365707000
12.559799000	0.365703000
12.566654000	0.372504000
12.566779000	0.372577000
12.566786000	0.372531000
12.566790000	0.372151000
12.567792000	0.373103000
12.610669000	0.415978000
12.659762000	0.382045000
12.666662000	0.380888000
12.666674000	0.380868000
12.666693000	0.373918000
12.667763000	0.374960000
12.667789000	0.374895000
12.675743000	0.382773000
12.675755000	0.382781000
12.682728000	0.389673000
12.682743000	0.389684000
12.682746000	0.389609000
12.682773000	0.389633000
12.682777000	0.389559000
12.682780000	0.389125000
12.682782000	0.389124000
12.682800000	0.389107000
12.682803000	0.389108000
12.682806000	0.389061000
12.683787000	0.390040000
12.683794000	0.389997000
12.683797000	0.389997000
12.683799000	0.389948000
12.683801000	0.364164000
12.683804000	0.364162000
12.683806000	0.364133000
12.683808000	0.356930000
12.683811000	0.356930000
12.683813000	0.356855000
12.684709000	0.357748000
12.684718000	0.357676000
12.684722000	0.357676000
12.699749000	0.372624000
12.699765000	0.372636000
12.699769000	0.372602000
12.699773000	0.372603000
12.699776000	0.372556000
12.699780000	0.372558000
12.699783000	0.372511000
12.699787000	0.372513000
12.699790000	0.372466000
12.699794000	0.372467000
12.699797000	0.372420000
12.700791000	0.373412000
12.700803000	0.373373000
12.700806000	0.373372000
12.700809000	0.373327000
12.700811000	0.373327000
12.701748000	0.374171000
12.701759000	0.374178000
12.716769000	0.389095000
12.716780000	0.389102000
12.716783000	0.388985000
12.716786000	0.388983000
12.716788000	0.387952000
12.716791000	0.387952000
12.716811000	0.387938000
12.716814000	0.387939000
12.716816000	0.387821000
12.717713000	0.388714000
12.717724000	0.388700000
12.717727000	0.388701000
12.717730000	0.388653000
12.717733000	0.388652000
12.717735000	0.388604000
12.718717000	0.389584000
12.718729000	0.389546000
12.733852000	0.404667000
12.733865000	0.404629000
12.733868000	0.404630000
12.733871000	0.404582000
12.733874000	0.404583000
12.733877000	0.404535000
12.733880000	0.404535000
12.733882000	0.404486000
12.733885000	0.404487000
12.733888000	0.404440000
12.733891000	0.404441000
12.733893000	0.404391000
12.733896000	0.404392000
12.733899000	0.404343000
12.734775000	0.405217000
12.734786000	0.405178000
12.734789000	0.405179000
12.734792000	0.405125000
12.734810000	0.405085000
12.734815000	0.405087000
12.734817000	0.405048000
12.734820000	0.405049000
12.734823000	0.404998000
12.734826000	0.404998000
12.735670000	0.399061000
12.735682000	0.399069000
12.735685000	0.398862000
12.735688000	0.398861000
12.743658000	0.398932000
12.750839000	0.406110000
12.750851000	0.406056000
12.750854000	0.406056000
12.750857000	0.405961000
12.750860000	0.405960000
12.750863000	0.399132000
12.758804000	0.407070000
12.765805000	0.414037000
12.765816000	0.414046000
12.765819000	0.413955000
12.765821000	0.413955000
12.765824000	0.413887000
12.765826000	0.413882000
12.765829000	0.413844000
12.765831000	0.413842000
12.765833000	0.413788000
12.765836000	0.413787000
12.765838000	0.413147000
12.765840000	0.413146000
12.765843000	0.413070000
12.765845000	0.413068000
12.766877000	0.413992000
12.766900000	0.414010000
12.766905000	0.413989000
12.766909000	0.413991000
12.766913000	0.413944000
12.766917000	0.413946000
12.766922000	0.413164000
12.766924000	0.413163000
12.766928000	0.413140000
12.766931000	0.413141000
12.766934000	0.405210000
12.781705000	0.419977000
12.781717000	0.419962000
12.781720000	0.419962000
12.781724000	0.413003000
12.781814000	0.413090000
12.781905000	0.413149000
12.781916000	0.413158000
12.781920000	0.413111000
12.781922000	0.413111000
12.781925000	0.412985000
12.781927000	0.412983000
12.782768000	0.413724000
12.782779000	0.413731000
12.782782000	0.413635000
12.782785000	0.413634000
12.782788000	0.413533000
12.782791000	0.413532000
12.782794000	0.413108000
12.783632000	0.413942000
12.783644000	0.413928000
12.783649000	0.413930000
12.906692000	0.122910000
