5.018896000	0.048057000
5.073849000	0.052564000
5.073883000	0.052578000
5.075771000	0.054412000
5.075796000	0.054429000
5.078935000	0.057525000
5.078968000	0.057554000
5.078973000	0.057510000
5.078983000	0.057515000
5.078995000	0.057473000
5.079001000	0.057475000
5.110841000	0.036968000
5.110879000	0.037001000
5.113804000	0.039897000
5.113851000	0.039941000
5.113903000	0.038117000
5.113998000	0.038207000
5.114018000	0.038191000
5.114031000	0.038199000
5.114064000	0.035107000
5.115853000	0.036891000
5.115899000	0.036820000
5.118795000	0.039712000
5.118819000	0.039689000
5.118888000	0.039755000
5.118921000	0.039691000
5.118927000	0.039691000
5.118939000	0.039613000
5.120784000	0.041453000
5.120818000	0.041405000
5.123775000	0.044357000
5.150863000	0.039994000
5.150904000	0.040030000
5.155796000	0.044854000
5.155835000	0.044890000
5.155843000	0.042013000
5.155849000	0.042014000
5.155949000	0.042089000
5.158818000	0.044955000
5.158864000	0.044953000
5.158942000	0.045028000
5.158967000	0.044955000
5.158975000	0.044960000
5.160758000	0.046657000
5.160785000	0.046678000
5.163782000	0.049635000
5.163941000	0.049790000
5.163977000	0.049752000
5.163985000	0.049757000
5.163990000	0.048104000
5.164013000	0.048120000
5.164107000	0.048183000
5.164129000	0.048201000
5.164159000	0.045347000
5.165788000	0.046973000
5.165826000	0.046914000
5.165842000	0.046925000
5.168765000	0.047956000
5.168831000	0.048017000
5.168900000	0.048045000
5.168914000	0.048056000
5.168920000	0.048016000
5.168925000	0.047911000
5.169109000	0.045314000
5.180768000	0.029874000
5.180812000	0.029913000
5.185840000	0.034905000
5.188015000	0.032190000
5.188060000	0.032194000
5.188067000	0.032093000
5.190859000	0.032008000
5.190908000	0.032018000
5.195795000	0.036837000
5.195837000	0.036663000
5.198882000	0.038066000
5.205847000	0.042027000
5.205893000	0.041920000
5.208858000	0.044838000
5.208896000	0.044873000
5.208910000	0.044852000
5.208916000	0.044855000
5.208929000	0.044813000
5.210821000	0.046702000
5.210859000	0.046694000
5.215804000	0.051636000
5.215843000	0.051580000
5.216833000	0.052562000
5.216871000	0.052570000
5.216984000	0.052679000
5.217021000	0.052666000
5.217035000	0.052676000
5.217041000	0.051223000
5.217046000	0.051224000
5.217051000	0.051203000
5.217056000	0.051205000
5.217061000	0.051163000
5.217066000	0.051165000
5.217071000	0.048291000
5.217082000	0.048299000
5.217184000	0.048342000
5.217191000	0.048346000
5.218810000	0.049901000
5.218839000	0.049928000
5.218853000	0.049900000
5.218863000	0.049907000
5.218927000	0.049921000
5.220766000	0.051757000
5.220803000	0.051744000
5.220815000	0.051753000
5.225787000	0.056666000
5.225824000	0.056700000
5.228838000	0.059584000
5.228882000	0.059620000
5.228902000	0.059568000
5.228910000	0.059570000
5.228918000	0.059529000
5.228929000	0.059536000
5.228937000	0.059479000
5.229011000	0.059549000
5.229037000	0.059526000
5.229045000	0.059530000
5.229070000	0.059504000
5.229126000	0.059556000
5.229159000	0.059538000
5.229184000	0.059560000
5.234188000	0.053389000
5.234210000	0.053404000
5.234224000	0.053399000
5.234333000	0.053489000
5.234370000	0.048502000
5.234384000	0.048511000
5.234391000	0.046344000
5.234397000	0.046345000
5.235812000	0.047757000
5.235849000	0.047763000
5.238829000	0.050740000
5.238851000	0.050759000
5.238864000	0.050650000
5.238875000	0.050655000
5.239068000	0.050845000
5.240927000	0.052621000
5.240964000	0.052651000
5.243877000	0.055559000
5.243914000	0.053022000
5.243928000	0.053029000
5.243937000	0.053034000
5.243945000	0.053009000
5.244139000	0.053199000
5.244176000	0.053233000
5.244190000	0.053193000
5.244200000	0.048371000
5.244206000	0.048357000
5.245762000	0.049890000
5.245803000	0.049925000
5.248809000	0.052793000
5.248855000	0.052833000
5.248870000	0.052775000
5.255834000	0.049946000
5.255891000	0.046947000
5.258818000	0.041403000
5.260846000	0.043366000
5.265774000	0.046943000
5.265804000	0.046918000
5.268833000	0.048037000
5.268876000	0.048047000
5.268907000	0.040009000
5.270848000	0.041822000
5.270905000	0.041823000
5.275839000	0.046745000
5.280806000	0.051659000
5.280862000	0.051707000
5.285793000	0.056596000
5.285828000	0.056623000
5.288832000	0.059588000
5.290859000	0.054997000
5.298840000	0.059992000
5.298894000	0.060032000
5.298903000	0.059825000
5.298909000	0.059825000
5.298916000	0.059827000
5.300810000	0.059851000
5.300846000	0.059871000
5.303946000	0.060037000
5.305778000	0.061381000
5.305834000	0.060004000
5.308782000	0.059947000
5.308811000	0.059910000
5.394235000	0.145330000
5.394320000	0.135319000
5.419303000	0.153486000
5.434046000	0.153066000
5.435783000	0.154797000
5.435810000	0.111542000
5.455790000	0.131516000
5.460812000	0.136479000
5.460840000	0.136454000
5.463876000	0.139478000
5.463902000	0.139486000
5.463911000	0.139407000
5.463918000	0.104385000
5.500797000	0.029798000
