40.892427000	0.060321000
40.959448000	0.059239000
40.959498000	0.059277000
40.959505000	0.059252000
40.959518000	0.059261000
40.959523000	0.059232000
40.959528000	0.059234000
40.959533000	0.059187000
40.960396000	0.059995000
41.012462000	0.052978000
41.012510000	0.053019000
41.012524000	0.052881000
41.019502000	0.059853000
41.019541000	0.059852000
41.019548000	0.059851000
41.019554000	0.059813000
41.019560000	0.059817000
41.019566000	0.059773000
41.019578000	0.059782000
41.019583000	0.059738000
41.020426000	0.060578000
41.020462000	0.060563000
41.020468000	0.060567000
41.020474000	0.060522000
41.020478000	0.060164000
41.020483000	0.060075000
41.021309000	0.060898000
41.052455000	0.039956000
41.052503000	0.039999000
41.059414000	0.046787000
41.059443000	0.046813000
41.059452000	0.046775000
41.059456000	0.046776000
41.059460000	0.039929000
41.060321000	0.040785000
41.068390000	0.048783000
41.068425000	0.048815000
41.075482000	0.055813000
41.075511000	0.055839000
41.075521000	0.055791000
41.075525000	0.055792000
41.075528000	0.055698000
41.076374000	0.056538000
41.076402000	0.056481000
41.076410000	0.056483000
41.077377000	0.057363000
41.077480000	0.057460000
41.077495000	0.057390000
41.078295000	0.058184000
41.084445000	0.063993000
41.084479000	0.064022000
41.084488000	0.063989000
41.084492000	0.063990000
41.084495000	0.063898000
41.084499000	0.063897000
41.085357000	0.064720000
41.085377000	0.064737000
41.085385000	0.064695000
41.093351000	0.072658000
41.100443000	0.079700000
41.100472000	0.079725000
41.100480000	0.079150000
41.100485000	0.079151000
41.100488000	0.047999000
41.100491000	0.047982000
41.100495000	0.041058000
41.100498000	0.041049000
41.101532000	0.042057000
41.101560000	0.042082000
41.101568000	0.041221000
41.101573000	0.033139000
41.132436000	0.056919000
41.132492000	0.056950000
41.132500000	0.056955000
41.139458000	0.063817000
41.139488000	0.063093000
41.139504000	0.063097000
41.139508000	0.063082000
41.139512000	0.062121000
41.139515000	0.062026000
41.139518000	0.062025000
41.139521000	0.061983000
41.139525000	0.061220000
41.140501000	0.056035000
41.140533000	0.056048000
41.140543000	0.056021000
41.140549000	0.056024000
41.140553000	0.055974000
41.140558000	0.055972000
41.140563000	0.055191000
41.140568000	0.055158000
41.141464000	0.048088000
41.141485000	0.041020000
41.141496000	0.041018000
41.142435000	0.041923000
41.142455000	0.041939000
41.142462000	0.041852000
41.149379000	0.048763000
41.149408000	0.048710000
41.149417000	0.048628000
41.149422000	0.047857000
41.149426000	0.047834000
41.157420000	0.055727000
41.172377000	0.039891000
41.172417000	0.039892000
41.192442000	0.052948000
41.192479000	0.052841000
41.192485000	0.052798000
41.194324000	0.054527000
41.199364000	0.058841000
41.199397000	0.058809000
41.199514000	0.058869000
41.199543000	0.058841000
41.199548000	0.058749000
41.200342000	0.058863000
41.200447000	0.058932000
41.200461000	0.058001000
41.200466000	0.051064000
41.208319000	0.058790000
41.215510000	0.065933000
41.215543000	0.065843000
41.215549000	0.065732000
41.215552000	0.058104000
41.215557000	0.043146000
41.215561000	0.043113000
41.232472000	0.039998000
41.232508000	0.039993000
41.239451000	0.046829000
41.239491000	0.045140000
41.239496000	0.040104000
41.239500000	0.040072000
41.239503000	0.039964000
41.254374000	0.054797000
41.254406000	0.054720000
41.254411000	0.054051000
41.270387000	0.069932000
41.277411000	0.076907000
41.277449000	0.076892000
41.277455000	0.069114000
41.277461000	0.061923000
41.277467000	0.061888000
41.277472000	0.061792000
41.277478000	0.061710000
41.278334000	0.062478000
41.278367000	0.062424000
41.278383000	0.045886000
41.279423000	0.046883000
41.279447000	0.039973000
41.279452000	0.039834000
41.284375000	0.044671000
41.284402000	0.044606000
41.284406000	0.044524000
41.285306000	0.045341000
41.285319000	0.030918000
41.312490000	0.058058000
41.312529000	0.058046000
41.312534000	0.042117000
41.332471000	0.055028000
41.332516000	0.055012000
41.332526000	0.054920000
41.332535000	0.054888000
41.339471000	0.061767000
41.339505000	0.061745000
41.339510000	0.061694000
41.339514000	0.061639000
41.339517000	0.061156000
41.339521000	0.061006000
41.339524000	0.060975000
41.339528000	0.060085000
41.339532000	0.060047000
41.347428000	0.067890000
41.354451000	0.070054000
41.354484000	0.070050000
41.354490000	0.070007000
41.354494000	0.069180000
41.355349000	0.069983000
41.355382000	0.042864000
41.355387000	0.042827000
41.363391000	0.050733000
41.363428000	0.030926000
41.392311000	0.059674000
41.392349000	0.059661000
41.392370000	0.059550000
41.399451000	0.066513000
41.399482000	0.059982000
41.399486000	0.059935000
41.399554000	0.059903000
41.399567000	0.059822000
41.399571000	0.059734000
41.399574000	0.059643000
41.399585000	0.059567000
41.399589000	0.059480000
41.399593000	0.059446000
41.400368000	0.052918000
41.400387000	0.045913000
41.400392000	0.045791000
41.400395000	0.045744000
41.400399000	0.045645000
41.400403000	0.045031000
41.401290000	0.045876000
41.401321000	0.045806000
41.416422000	0.053005000
41.416470000	0.053013000
41.452344000	0.060005000
41.452383000	0.060007000
41.452397000	0.059973000
41.459451000	0.066974000
41.459493000	0.060016000
41.459511000	0.060003000
41.459642000	0.060078000
41.459662000	0.060050000
41.459667000	0.059950000
41.459673000	0.059918000
41.459678000	0.059878000
41.459683000	0.059830000
41.460416000	0.060511000
41.460451000	0.060493000
41.460456000	0.060076000
41.468362000	0.067939000
41.475373000	0.074898000
41.475405000	0.074878000
41.475412000	0.074831000
41.475416000	0.074741000
41.476484000	0.075173000
41.484360000	0.083016000
41.491475000	0.090079000
41.491515000	0.075051000
41.491523000	0.075024000
41.491529000	0.039151000
41.491535000	0.039131000
41.491540000	0.039030000
41.506385000	0.046899000
41.506421000	0.046763000
41.506426000	0.045979000
41.506430000	0.045945000
41.506434000	0.045849000
41.506438000	0.045765000
41.506563000	0.045803000
41.506581000	0.045734000
41.514458000	0.053520000
41.521439000	0.060463000
41.521479000	0.060450000
41.521484000	0.060401000
41.521489000	0.053109000
41.521492000	0.046097000
41.522361000	0.046930000
41.522393000	0.046864000
41.522398000	0.046779000
41.538318000	0.062609000
41.553477000	0.076966000
41.553512000	0.069124000
41.553518000	0.062009000
41.553522000	0.061954000
41.553525000	0.061904000
41.553529000	0.061851000
41.553533000	0.061799000
41.553537000	0.061746000
41.553540000	0.047129000
41.560479000	0.054026000
41.560520000	0.054009000
41.575458000	0.068886000
41.575498000	0.068875000
41.575512000	0.068835000
41.575518000	0.068785000
41.575523000	0.068738000
41.575529000	0.061048000
41.575535000	0.054073000
41.575540000	0.053922000
41.575545000	0.053877000
41.583450000	0.061682000
41.590397000	0.068538000
41.590427000	0.068476000
41.590433000	0.068045000
41.590437000	0.068010000
41.590441000	0.067960000
41.590445000	0.052097000
41.612384000	0.058877000
41.612446000	0.058887000
41.619534000	0.065905000
41.619568000	0.065881000
41.619573000	0.065843000
41.619578000	0.065794000
41.619581000	0.065740000
41.619585000	0.065686000
41.620411000	0.066464000
41.620442000	0.044591000
41.628345000	0.052404000
41.635482000	0.059441000
41.635515000	0.059444000
41.635522000	0.059398000
41.635527000	0.059350000
41.636409000	0.052936000
41.636441000	0.046023000
41.644449000	0.053989000
41.651396000	0.060883000
41.651428000	0.060865000
41.651432000	0.060816000
41.659424000	0.068756000
41.666474000	0.075753000
41.666513000	0.054074000
41.666521000	0.054047000
41.666527000	0.046964000
41.667392000	0.047788000
41.667420000	0.047763000
41.667427000	0.047711000
41.675403000	0.055630000
41.675436000	0.055606000
41.682425000	0.061993000
41.682458000	0.061876000
41.682464000	0.061831000
41.682468000	0.061783000
41.682472000	0.061733000
41.682560000	0.061767000
41.682573000	0.061726000
41.683428000	0.062528000
41.683441000	0.055073000
41.683445000	0.047940000
41.691416000	0.055875000
41.698406000	0.062766000
41.698437000	0.062710000
41.698442000	0.062011000
41.698446000	0.061977000
41.698450000	0.053977000
41.698454000	0.047036000
41.706357000	0.054865000
41.713471000	0.061868000
41.713504000	0.061783000
41.713509000	0.054058000
41.713513000	0.047006000
41.713517000	0.046967000
41.714402000	0.047796000
41.714433000	0.047771000
41.714438000	0.047024000
41.722467000	0.054887000
41.729361000	0.061719000
41.729393000	0.053967000
41.729398000	0.053935000
41.729402000	0.046954000
41.744410000	0.061923000
41.744445000	0.061878000
41.744450000	0.061811000
41.744557000	0.061760000
41.744590000	0.061155000
41.744602000	0.061116000
41.744607000	0.061068000
41.744611000	0.061019000
41.745337000	0.053899000
41.772407000	0.073974000
41.772443000	0.073971000
41.772449000	0.073925000
41.779617000	0.081040000
41.779651000	0.081022000
41.779656000	0.066162000
41.779662000	0.066130000
41.779666000	0.066036000
41.779670000	0.065953000
41.779674000	0.065867000
41.779677000	0.065253000
41.779681000	0.065219000
41.779685000	0.065147000
41.779688000	0.057198000
41.788426000	0.059043000
41.788464000	0.059047000
41.788470000	0.058948000
41.788474000	0.058919000
41.796400000	0.066792000
41.803367000	0.058927000
41.803405000	0.058934000
41.803411000	0.058825000
41.803416000	0.058054000
41.803421000	0.058017000
41.803425000	0.057922000
41.803430000	0.057836000
41.803435000	0.057749000
41.803439000	0.057661000
41.804284000	0.058468000
41.804296000	0.058427000
41.805384000	0.032951000
41.813462000	0.040986000
41.820348000	0.047774000
41.828378000	0.048737000
41.828395000	0.048691000
41.835441000	0.055639000
41.835460000	0.055570000
41.835467000	0.055485000
41.835473000	0.055398000
41.835479000	0.055311000
41.835489000	0.055229000
41.835494000	0.055194000
41.835500000	0.055149000
41.835506000	0.055101000
41.835512000	0.055054000
41.843340000	0.062828000
41.843493000	0.062927000
41.850385000	0.061927000
41.850402000	0.061713000
41.850406000	0.061669000
41.850411000	0.061617000
41.850416000	0.053988000
41.858456000	0.055057000
41.865349000	0.061888000
41.865366000	0.061852000
41.865442000	0.061873000
41.865457000	0.061833000
41.866449000	0.062770000
41.866464000	0.062729000
41.881516000	0.077726000
41.881535000	0.077692000
41.881540000	0.077248000
41.932428000	0.050711000
