0.142955000	0.044907000
0.196164000	0.050889000
0.196181000	0.050900000
0.196184000	0.050878000
0.196189000	0.050880000
0.196195000	0.050832000
0.197867000	0.052502000
0.198071000	0.052653000
0.200976000	0.055556000
0.200994000	0.055523000
0.201028000	0.055555000
0.246071000	0.049901000
0.246087000	0.049915000
0.246093000	0.049895000
0.247909000	0.051710000
0.250051000	0.053801000
0.250091000	0.053840000
0.250950000	0.054645000
0.250971000	0.054665000
0.250975000	0.054622000
0.250978000	0.054623000
0.251140000	0.053265000
0.251175000	0.053297000
0.251247000	0.053164000
0.251258000	0.053173000
0.251266000	0.050277000
0.252886000	0.051895000
0.255936000	0.054903000
0.255956000	0.054921000
0.256080000	0.054924000
0.256087000	0.054927000
0.305952000	0.059870000
0.305983000	0.059899000
0.306017000	0.059893000
0.306028000	0.059901000
0.306056000	0.059856000
0.306178000	0.059975000
0.306264000	0.058343000
0.306285000	0.058362000
0.306369000	0.056301000
0.306390000	0.056318000
0.306533000	0.056353000
0.306580000	0.056396000
0.306597000	0.055632000
0.306603000	0.055635000
0.306684000	0.055618000
0.306692000	0.055624000
0.311000000	0.059852000
0.311008000	0.059858000
0.311013000	0.059819000
0.311120000	0.059923000
0.311135000	0.059881000
0.311141000	0.059885000
0.311285000	0.059982000
0.311300000	0.059994000
0.311444000	0.060081000
0.311449000	0.060084000
0.312957000	0.061551000
0.315925000	0.064466000
0.315938000	0.064477000
0.315987000	0.064476000
0.316239000	0.060286000
0.321136000	0.064980000
0.346081000	0.040106000
0.346149000	0.040169000
0.346172000	0.040148000
0.346176000	0.040150000
0.347921000	0.041855000
0.347974000	0.041838000
0.350005000	0.043818000
0.352900000	0.046682000
0.357907000	0.051631000
0.359936000	0.053606000
0.359953000	0.053573000
0.361012000	0.054474000
0.361142000	0.054541000
0.361163000	0.054474000
0.361255000	0.050249000
0.362965000	0.051927000
0.366021000	0.054882000
0.366075000	0.054779000
0.366087000	0.054640000
0.366090000	0.053123000
0.366132000	0.050190000
0.370047000	0.054052000
0.371069000	0.054824000
0.371082000	0.054783000
0.371146000	0.054845000
0.372961000	0.051817000
0.377891000	0.056744000
0.377915000	0.056731000
0.379938000	0.058751000
0.379953000	0.058718000
0.379958000	0.058720000
0.396125000	0.050038000
0.396132000	0.049971000
0.396137000	0.049962000
0.396239000	0.049987000
0.396244000	0.048317000
0.396308000	0.048380000
0.396319000	0.048342000
0.396359000	0.048380000
0.397966000	0.047947000
0.397974000	0.047953000
0.399913000	0.049864000
0.399964000	0.047051000
0.399970000	0.047053000
0.400913000	0.042991000
0.400965000	0.043039000
0.401024000	0.041076000
0.401029000	0.041078000
0.402901000	0.042855000
0.402923000	0.042875000
0.406017000	0.044999000
0.406032000	0.045012000
0.406043000	0.044890000
0.406108000	0.044952000
0.406161000	0.044935000
0.406168000	0.044940000
0.406217000	0.044958000
0.406228000	0.044967000
0.406272000	0.043295000
0.406281000	0.043301000
0.407942000	0.041913000
0.409951000	0.043919000
0.409972000	0.043890000
0.409977000	0.043893000
0.409980000	0.043843000
0.410061000	0.043922000
0.410949000	0.044763000
0.410957000	0.044769000
0.410985000	0.044747000
0.410993000	0.044753000
0.411090000	0.044799000
0.411251000	0.041200000
0.411345000	0.041293000
0.411356000	0.040281000
0.415988000	0.044912000
0.416028000	0.044932000
0.416035000	0.044886000
0.416115000	0.043146000
0.416134000	0.038224000
0.416140000	0.038220000
0.416219000	0.036270000
0.416233000	0.036277000
0.416235000	0.036244000
0.416297000	0.036304000
0.456249000	0.060119000
0.456259000	0.060124000
0.456301000	0.060143000
0.456360000	0.060118000
0.456406000	0.060159000
0.457936000	0.061623000
0.457951000	0.061629000
0.459903000	0.063532000
0.460022000	0.062050000
0.460918000	0.062941000
0.460971000	0.061028000
0.461024000	0.061056000
0.461028000	0.061055000
0.461084000	0.060163000
0.461129000	0.060159000
0.461135000	0.060108000
0.462895000	0.061863000
0.465963000	0.063046000
0.465970000	0.063042000
0.466079000	0.063121000
0.466098000	0.060075000
0.466104000	0.060068000
0.466108000	0.060041000
0.466110000	0.059996000
0.466189000	0.060023000
0.466252000	0.060079000
0.466326000	0.060101000
0.466345000	0.060112000
0.466408000	0.060130000
0.466427000	0.060142000
0.467899000	0.059953000
0.467905000	0.057937000
0.467952000	0.057977000
0.469890000	0.059885000
0.469934000	0.059927000
0.469967000	0.059903000
0.470950000	0.059995000
0.470969000	0.060008000
0.470976000	0.059985000
0.471043000	0.060045000
0.471072000	0.059975000
0.475943000	0.064590000
0.476097000	0.060104000
0.478010000	0.061972000
0.478031000	0.061893000
0.479941000	0.063716000
0.479966000	0.063662000
0.506153000	0.049896000
0.507932000	0.051628000
0.509968000	0.053559000
0.510018000	0.052071000
0.510019000	0.050112000
0.512944000	0.052017000
0.518005000	0.056978000
0.518014000	0.056927000
0.522032000	0.060894000
0.522075000	0.056107000
0.522079000	0.055986000
0.522901000	0.056761000
0.525993000	0.059791000
0.526023000	0.059767000
0.526027000	0.059687000
0.527890000	0.061468000
0.529999000	0.062096000
0.530009000	0.062054000
0.530013000	0.060073000
0.530942000	0.059977000
0.530964000	0.059908000
0.530968000	0.059868000
0.535969000	0.060014000
0.535992000	0.059890000
0.536089000	0.059936000
0.536104000	0.058077000
0.536122000	0.057988000
0.542935000	0.062973000
0.547987000	0.067981000
0.559968000	0.053807000
0.566011000	0.058072000
0.566024000	0.056050000
0.569965000	0.059937000
0.570004000	0.059932000
0.570012000	0.057059000
0.570034000	0.052024000
0.570915000	0.052889000
0.570965000	0.048916000
0.571016000	0.048916000
0.571027000	0.048880000
0.571068000	0.048156000
0.572956000	0.046948000
0.572989000	0.046943000
0.573001000	0.046872000
0.575950000	0.048046000
0.576002000	0.048051000
0.579975000	0.049968000
0.579992000	0.049963000
0.580014000	0.049891000
0.580025000	0.049064000
0.582931000	0.051924000
0.582964000	0.051868000
0.587962000	0.051983000
0.589987000	0.053886000
0.590141000	0.047197000
0.590913000	0.047936000
0.590965000	0.042974000
0.615928000	0.055953000
0.619972000	0.053954000
0.619988000	0.053949000
0.620888000	0.050897000
0.622981000	0.052926000
0.623020000	0.052914000
0.626042000	0.055884000
0.626055000	0.055845000
0.626060000	0.055118000
0.626063000	0.055087000
0.626067000	0.055043000
0.626079000	0.055002000
0.626165000	0.055037000
0.626194000	0.053210000
0.627894000	0.054770000
0.627918000	0.054744000
0.629985000	0.054007000
0.632960000	0.056932000
0.640015000	0.060033000
0.640033000	0.060013000
0.642937000	0.062873000
0.642970000	0.062853000
0.646026000	0.063072000
0.646060000	0.063068000
0.649975000	0.061990000
0.650032000	0.060023000
0.650956000	0.060792000
0.652925000	0.061990000
0.652948000	0.061975000
0.655954000	0.064846000
0.656069000	0.064845000
0.656088000	0.064834000
0.690007000	0.074052000
0.695992000	0.076008000
0.696004000	0.075988000
0.696008000	0.075107000
0.696116000	0.073107000
0.696148000	0.072999000
0.696164000	0.070112000
0.696168000	0.070082000
0.696172000	0.069983000
0.696193000	0.069972000
0.697992000	0.067983000
0.699945000	0.056947000
0.709982000	0.063932000
0.710009000	0.063906000
0.712962000	0.062964000
0.720004000	0.069853000
0.720030000	0.069068000
0.720104000	0.069119000
0.720126000	0.067182000
0.720895000	0.067913000
0.725986000	0.070004000
0.726048000	0.069964000
0.726076000	0.069923000
0.746047000	0.056030000
0.746181000	0.050180000
0.746212000	0.050185000
0.747907000	0.051764000
0.750006000	0.053804000
0.750018000	0.053765000
0.750059000	0.053765000
0.750936000	0.054590000
0.751035000	0.054637000
0.752930000	0.056478000
0.752962000	0.054954000
0.755918000	0.057782000
0.755952000	0.057777000
0.755958000	0.057737000
0.755962000	0.057689000
0.756066000	0.057740000
0.756095000	0.057717000
0.756099000	0.057668000
0.757872000	0.059389000
0.759895000	0.059926000
0.759992000	0.059991000
0.760036000	0.059978000
0.760041000	0.059935000
0.766115000	0.056115000
0.766131000	0.056083000
0.767929000	0.054960000
0.767961000	0.054972000
0.770035000	0.050016000
0.770878000	0.050820000
0.770930000	0.050809000
0.772893000	0.052725000
0.772928000	0.052009000
0.779980000	0.053962000
0.779993000	0.053905000
0.782951000	0.056780000
0.800060000	0.054003000
0.800077000	0.053870000
0.802961000	0.056719000
0.810032000	0.062103000
0.810965000	0.060953000
0.810998000	0.060934000
0.811015000	0.060072000
0.811019000	0.059965000
0.811023000	0.059925000
0.811130000	0.058178000
0.812913000	0.059923000
0.815935000	0.059587000
0.818011000	0.057997000
0.819984000	0.059742000
0.853016000	0.086889000
0.857888000	0.091729000
0.857937000	0.089981000
0.858014000	0.090022000
0.860959000	0.090913000
0.861045000	0.090141000
0.861057000	0.090103000
0.862920000	0.089995000
0.862933000	0.089978000
0.866077000	0.086090000
0.872899000	0.054875000
0.872959000	0.052864000
0.886952000	0.033909000
0.892905000	0.034974000
0.892937000	0.034927000
0.896957000	0.038837000
0.907986000	0.047019000
0.907992000	0.046940000
0.907997000	0.046889000
0.908002000	0.045074000
0.908006000	0.044983000
0.912982000	0.046900000
0.916045000	0.043102000
0.916051000	0.042854000
0.916056000	0.042806000
0.918007000	0.044658000
0.918026000	0.044590000
0.918031000	0.044528000
0.918035000	0.044457000
0.918039000	0.044410000
0.922988000	0.049305000
0.923005000	0.049269000
0.923010000	0.049219000
0.926010000	0.052166000
0.926026000	0.052128000
0.926031000	0.052060000
0.926036000	0.052023000
0.926106000	0.052040000
0.926116000	0.051996000
0.935975000	0.061800000
0.935992000	0.061764000
0.935997000	0.061715000
0.936002000	0.061666000
0.936024000	0.061634000
0.936031000	0.061588000
0.936119000	0.061622000
0.936137000	0.061586000
0.936143000	0.061539000
0.936273000	0.061615000
0.937962000	0.063250000
0.937981000	0.063215000
0.938008000	0.063188000
0.979185000	0.092212000
0.979235000	0.086302000
0.986615000	0.093659000
1.096069000	0.104568000
