3.260502000	0.044519000
3.308417000	0.039878000
3.316576000	0.048027000
3.316614000	0.047987000
3.323606000	0.054789000
3.324540000	0.055640000
3.324548000	0.055642000
3.354509000	0.046067000
3.362421000	0.050184000
3.369588000	0.052983000
3.369619000	0.051094000
3.369634000	0.051104000
3.370502000	0.048246000
3.370507000	0.046934000
3.371436000	0.045435000
3.386547000	0.056805000
3.386573000	0.056829000
3.386584000	0.053088000
3.386592000	0.053094000
3.386608000	0.049359000
3.386611000	0.049360000
3.386614000	0.045600000
3.387466000	0.046446000
3.387513000	0.042736000
3.387519000	0.042739000
3.396472000	0.041949000
3.403569000	0.049042000
3.418484000	0.056039000
3.418510000	0.056059000
3.418525000	0.048923000
3.418535000	0.048926000
3.418550000	0.047240000
3.419404000	0.048090000
3.420414000	0.046166000
3.435624000	0.061374000
3.435672000	0.058569000
3.435679000	0.058571000
3.435684000	0.058493000
3.435695000	0.055804000
3.436471000	0.056574000
3.436674000	0.053969000
3.436690000	0.053981000
3.436703000	0.050138000
3.436706000	0.050137000
3.436710000	0.048369000
3.436713000	0.048366000
3.437613000	0.046542000
3.445579000	0.054502000
3.460623000	0.066835000
3.460670000	0.066879000
3.460679000	0.064159000
3.460683000	0.064160000
3.460687000	0.062420000
3.460690000	0.062418000
3.460698000	0.060669000
3.460701000	0.060667000
3.461525000	0.059774000
3.461548000	0.059791000
3.480419000	0.076936000
3.480476000	0.076991000
3.487716000	0.082484000
3.487726000	0.082491000
3.487734000	0.080754000
3.487759000	0.069257000
3.487762000	0.068382000
3.488578000	0.069167000
3.488603000	0.067483000
3.488608000	0.067482000
3.488612000	0.065755000
3.488617000	0.065756000
3.488636000	0.064079000
3.488641000	0.064079000
3.489415000	0.063144000
3.489430000	0.063155000
3.489443000	0.063085000
3.489566000	0.061599000
3.489570000	0.061599000
3.491439000	0.055789000
3.491453000	0.055798000
3.495372000	0.058855000
3.495381000	0.058862000
3.495386000	0.057131000
3.495537000	0.055804000
3.520469000	0.079247000
3.527639000	0.084916000
3.527653000	0.083421000
3.527664000	0.081937000
3.527668000	0.080430000
3.527676000	0.078953000
3.527683000	0.077465000
3.527687000	0.075966000
3.528570000	0.075349000
3.528575000	0.073855000
3.540580000	0.079924000
3.540594000	0.079140000
3.555415000	0.092476000
3.562472000	0.098030000
3.562486000	0.096641000
3.571455000	0.104152000
3.578477000	0.098030000
3.578615000	0.090892000
3.578622000	0.090143000
3.578631000	0.088814000
3.579563000	0.088569000
3.579578000	0.087456000
3.579588000	0.087463000
3.579593000	0.086422000
3.579596000	0.086424000
3.600447000	0.106227000
3.600481000	0.106260000
3.607569000	0.112297000
3.607600000	0.112326000
3.607622000	0.111302000
3.607627000	0.111304000
3.607630000	0.110318000
3.607634000	0.110321000
3.607637000	0.109334000
3.607641000	0.109337000
3.607644000	0.108348000
3.607652000	0.108353000
3.608625000	0.108333000
3.608641000	0.108345000
3.608645000	0.107367000
3.608656000	0.107377000
3.608659000	0.106387000
3.608663000	0.106388000
3.608666000	0.106354000
3.608673000	0.105372000
3.608676000	0.105371000
3.608679000	0.104387000
3.608682000	0.104386000
3.609550000	0.104267000
3.609566000	0.104278000
3.609577000	0.103342000
3.609580000	0.103343000
3.609584000	0.102318000
3.609587000	0.102316000
3.617482000	0.109202000
3.632603000	0.124319000
3.632614000	0.123366000
3.640488000	0.131235000
3.647664000	0.127163000
3.647675000	0.127169000
3.647683000	0.126636000
3.647687000	0.126636000
3.647695000	0.120048000
3.647699000	0.120048000
3.647702000	0.119547000
3.648563000	0.120405000
3.648569000	0.119421000
3.648573000	0.119421000
3.648576000	0.118378000
3.648579000	0.118376000
3.648587000	0.117460000
3.649473000	0.118343000
3.649489000	0.117350000
3.649493000	0.117351000
3.664526000	0.131417000
3.664557000	0.131446000
3.664566000	0.130460000
3.664570000	0.130460000
3.664586000	0.129491000
3.664592000	0.129494000
3.664597000	0.129460000
3.664602000	0.128481000
3.664607000	0.128481000
3.665491000	0.128419000
3.665512000	0.128438000
3.666410000	0.125823000
3.674434000	0.133279000
3.681664000	0.126227000
3.682512000	0.120032000
3.682547000	0.119498000
3.697432000	0.125949000
3.697478000	0.118993000
3.697487000	0.118477000
3.697493000	0.117487000
3.697517000	0.116507000
3.698369000	0.116368000
3.698383000	0.115423000
3.720482000	0.136544000
3.720526000	0.135572000
3.735785000	0.135290000
3.735801000	0.128195000
3.735809000	0.127658000
3.735817000	0.126720000
3.735820000	0.125691000
3.735824000	0.124740000
3.735831000	0.123762000
3.735835000	0.122737000
3.735844000	0.121796000
3.735847000	0.120769000
3.750465000	0.134430000
3.750488000	0.133428000
3.750493000	0.132422000
3.750497000	0.131456000
3.750500000	0.130471000
3.751529000	0.118416000
3.759484000	0.111812000
3.766479000	0.118292000
3.781491000	0.132296000
3.781532000	0.131308000
3.781540000	0.130351000
3.781546000	0.130311000
3.781552000	0.129403000
3.781557000	0.128379000
3.790558000	0.126008000
3.805460000	0.140401000
3.805496000	0.139451000
3.805608000	0.138575000
3.805627000	0.137603000
3.805645000	0.136635000
3.805649000	0.135645000
3.805661000	0.131197000
3.806573000	0.124888000
3.806584000	0.124042000
3.814446000	0.131269000
3.821635000	0.124164000
3.821658000	0.123676000
3.821672000	0.122715000
3.821677000	0.121731000
3.837408000	0.136479000
3.844433000	0.142524000
3.844481000	0.141591000
3.851608000	0.130596000
3.851644000	0.129649000
3.851650000	0.115359000
3.851668000	0.114399000
3.851672000	0.113382000
3.851677000	0.112380000
3.851685000	0.111458000
3.851689000	0.110481000
3.859395000	0.117216000
3.866571000	0.123373000
3.866588000	0.122414000
3.866592000	0.121430000
3.866627000	0.115626000
3.887569000	0.135614000
3.887589000	0.134614000
3.887595000	0.133665000
3.887624000	0.132717000
3.888511000	0.133555000
3.889451000	0.129933000
3.904506000	0.137997000
3.904546000	0.123020000
3.904551000	0.122517000
3.904567000	0.121564000
3.904570000	0.120581000
3.927514000	0.142539000
3.927534000	0.141548000
3.927561000	0.136991000
3.936502000	0.131011000
3.943564000	0.137552000
3.943581000	0.136609000
3.943588000	0.135632000
3.944451000	0.135501000
3.959419000	0.149493000
3.959435000	0.148495000
3.960538000	0.148658000
3.960561000	0.147658000
3.961466000	0.146988000
3.976510000	0.154362000
3.976551000	0.153422000
3.977427000	0.153317000
3.978419000	0.153327000
3.993650000	0.155661000
3.993661000	0.148709000
3.993665000	0.147730000
3.994408000	0.142273000
4.027619000	0.167240000
4.027625000	0.158968000
4.027637000	0.150764000
4.028455000	0.143310000
4.028472000	0.135060000
4.036491000	0.134858000
4.043643000	0.133804000
4.052451000	0.134329000
4.060377000	0.133987000
4.067569000	0.132956000
4.067577000	0.132877000
4.068539000	0.125690000
4.083456000	0.132378000
4.083472000	0.124138000
4.083514000	0.115937000
4.106565000	0.130762000
4.106601000	0.122552000
4.106613000	0.114266000
4.114588000	0.114019000
4.121531000	0.112717000
4.121546000	0.104487000
4.121561000	0.096236000
4.121577000	0.088029000
4.122464000	0.080680000
4.137469000	0.087431000
4.139573000	0.081266000
4.147417000	0.080894000
4.154483000	0.079745000
4.155416000	0.077847000
4.180442000	0.099987000
4.187570000	0.104301000
4.187583000	0.101520000
4.187591000	0.098696000
4.188452000	0.096718000
4.188460000	0.093889000
4.188472000	0.091038000
4.189540000	0.089303000
4.189550000	0.086457000
4.189554000	0.083648000
4.197635000	0.088902000
4.204486000	0.092898000
4.219671000	0.105258000
4.219685000	0.102439000
4.240630000	0.121115000
4.247644000	0.125876000
4.247672000	0.123631000
4.247684000	0.121340000
4.262469000	0.133893000
4.262568000	0.133946000
4.262576000	0.131738000
4.262597000	0.129491000
4.285431000	0.150054000
4.285611000	0.147966000
4.285624000	0.145714000
4.285628000	0.143412000
4.285632000	0.141177000
4.300584000	0.153812000
4.300635000	0.151615000
4.300649000	0.146156000
4.300653000	0.145011000
4.331524000	0.151071000
4.331598000	0.144018000
4.331609000	0.142075000
4.338537000	0.145267000
4.339611000	0.142536000
4.339637000	0.138763000
4.339645000	0.135988000
4.339655000	0.133139000
4.339666000	0.130348000
4.340518000	0.128342000
4.341496000	0.126503000
4.345518000	0.127666000
4.345544000	0.124439000
4.345549000	0.121589000
4.345558000	0.103492000
4.360544000	0.111458000
4.367515000	0.115575000
4.367522000	0.112712000
4.375434000	0.111518000
4.390524000	0.123714000
4.390594000	0.121004000
4.398484000	0.126032000
4.405646000	0.118766000
4.405682000	0.115966000
4.405712000	0.113160000
4.405719000	0.110300000
4.406358000	0.110893000
4.406377000	0.105762000
4.406532000	0.104494000
4.421478000	0.116573000
4.421502000	0.113787000
4.436487000	0.104912000
4.436546000	0.103547000
4.436551000	0.100712000
4.437421000	0.098754000
4.437443000	0.095920000
4.438437000	0.094060000
4.453498000	0.106327000
4.453644000	0.103618000
4.453658000	0.100806000
4.453667000	0.097988000
4.454399000	0.095854000
4.454420000	0.093040000
4.462489000	0.098276000
4.469515000	0.102495000
4.469562000	0.099718000
4.469573000	0.096862000
4.470529000	0.095014000
4.484476000	0.106131000
4.484511000	0.103327000
4.484530000	0.092556000
4.484538000	0.089728000
4.485406000	0.085492000
4.485565000	0.078472000
4.485578000	0.075623000
4.500461000	0.087692000
4.508583000	0.092970000
4.508607000	0.090160000
4.508612000	0.087310000
4.509438000	0.085302000
4.510451000	0.083498000
4.515520000	0.085713000
4.523471000	0.085535000
4.530510000	0.089688000
4.530523000	0.089586000
4.530533000	0.086903000
4.531532000	0.085086000
4.531588000	0.082273000
4.546604000	0.093095000
4.546610000	0.091667000
4.546619000	0.088843000
4.548511000	0.087899000
4.548517000	0.084997000
4.548521000	0.082767000
4.560582000	0.092589000
4.560588000	0.090331000
4.567481000	0.094921000
4.567528000	0.092704000
4.568393000	0.091331000
4.580444000	0.095938000
4.587480000	0.101828000
4.587548000	0.099620000
4.587555000	0.097368000
4.588435000	0.095978000
4.588445000	0.093720000
4.596453000	0.099466000
4.596471000	0.094860000
4.603611000	0.093121000
4.603642000	0.089338000
4.603655000	0.085572000
4.620575000	0.098747000
4.627459000	0.101818000
4.627470000	0.098051000
4.628589000	0.095392000
4.628596000	0.091654000
4.628601000	0.087878000
4.629498000	0.084942000
4.629515000	0.081204000
4.644379000	0.092264000
4.644543000	0.089619000
4.644551000	0.086793000
4.644555000	0.086709000
4.644559000	0.083985000
4.659605000	0.096152000
4.659611000	0.093390000
4.659615000	0.090516000
4.659624000	0.087689000
4.659629000	0.084839000
4.674508000	0.096938000
4.674527000	0.094088000
4.674555000	0.091320000
4.674560000	0.087039000
4.682496000	0.093536000
4.689437000	0.097650000
4.722472000	0.032828000
