6.674043000	0.032778000
6.719109000	0.034526000
6.719150000	0.034558000
6.724044000	0.039380000
6.724081000	0.039409000
6.727084000	0.042330000
6.727115000	0.042356000
6.727119000	0.042278000
6.727129000	0.042282000
6.727203000	0.042269000
6.727206000	0.042267000
6.754050000	0.034910000
6.754095000	0.034949000
6.758108000	0.038929000
6.758149000	0.038967000
6.758165000	0.034096000
6.758172000	0.034096000
6.758178000	0.033989000
6.759071000	0.034876000
6.759109000	0.032004000
6.764048000	0.036938000
6.764118000	0.036964000
6.769096000	0.041939000
6.769133000	0.041902000
6.772234000	0.044996000
6.772270000	0.045003000
6.772276000	0.045006000
6.772281000	0.044964000
6.772286000	0.044966000
6.772290000	0.044920000
6.772295000	0.044923000
6.789048000	0.034963000
6.789087000	0.034997000
6.793131000	0.039004000
6.793176000	0.039046000
6.793183000	0.035044000
6.793189000	0.035045000
6.793194000	0.034918000
6.794056000	0.035776000
6.794094000	0.035762000
6.799021000	0.040686000
6.799058000	0.040601000
6.799066000	0.040603000
6.802146000	0.043568000
6.802183000	0.043599000
6.802191000	0.043091000
6.802197000	0.043093000
6.802202000	0.043062000
6.802213000	0.043070000
6.803084000	0.039002000
6.803121000	0.039009000
6.803128000	0.038935000
6.803133000	0.038935000
6.803138000	0.034015000
6.803143000	0.034015000
6.804053000	0.034827000
6.804078000	0.034848000
6.809075000	0.036814000
6.809112000	0.036847000
6.814082000	0.041766000
6.814126000	0.041807000
6.817065000	0.044702000
6.817108000	0.044742000
6.817124000	0.044693000
6.818061000	0.045627000
6.818092000	0.045467000
6.818116000	0.045410000
6.824167000	0.035084000
6.824207000	0.035092000
6.828116000	0.034952000
6.829037000	0.035728000
6.829079000	0.035615000
6.834072000	0.040518000
6.834114000	0.040025000
6.838072000	0.043945000
6.838121000	0.039073000
6.838132000	0.039079000
6.838140000	0.039057000
6.838153000	0.039067000
6.839016000	0.039841000
6.839068000	0.039888000
6.844159000	0.041986000
6.844198000	0.042020000
6.847084000	0.044848000
6.847119000	0.044880000
6.847131000	0.044801000
6.847136000	0.044803000
6.847150000	0.044756000
6.847167000	0.044765000
6.847200000	0.044678000
6.847219000	0.044691000
6.847253000	0.044651000
6.847270000	0.044662000
6.849109000	0.045998000
6.849147000	0.046031000
6.849160000	0.046002000
6.849167000	0.046005000
6.849172000	0.045915000
6.852227000	0.048964000
6.852262000	0.048917000
6.852275000	0.048924000
6.852280000	0.048847000
6.852285000	0.048847000
6.852289000	0.048816000
6.852295000	0.048819000
6.852300000	0.048229000
6.852304000	0.048230000
6.852309000	0.048204000
6.852313000	0.048126000
6.852325000	0.043223000
6.852400000	0.043293000
6.852404000	0.043284000
6.852455000	0.043310000
6.852459000	0.038350000
6.852463000	0.038347000
6.852466000	0.038331000
6.852511000	0.038362000
6.854538000	0.037443000
6.854554000	0.037452000
6.859055000	0.041907000
6.859087000	0.041931000
6.859201000	0.041114000
6.859244000	0.040955000
6.859254000	0.040955000
6.862049000	0.043688000
6.864074000	0.045660000
6.864136000	0.045714000
6.867115000	0.048595000
6.867158000	0.042958000
6.867169000	0.042772000
6.867179000	0.039023000
6.867185000	0.038983000
6.869060000	0.039990000
6.869097000	0.039993000
6.869113000	0.040001000
6.869123000	0.039958000
6.869129000	0.039960000
6.872077000	0.042861000
6.872139000	0.042920000
6.872153000	0.042930000
6.872163000	0.038062000
6.872174000	0.038068000
6.874069000	0.039960000
6.874098000	0.039954000
6.877126000	0.042978000
6.877154000	0.043003000
6.877162000	0.042894000
6.877170000	0.042897000
6.877178000	0.039073000
6.877182000	0.039070000
6.879114000	0.040998000
6.879142000	0.040993000
6.879152000	0.040792000
6.879159000	0.040792000
6.879167000	0.040796000
6.882078000	0.043703000
6.882128000	0.043693000
6.882141000	0.043702000
6.882188000	0.043745000
6.882201000	0.043753000
6.882208000	0.043166000
6.884101000	0.045054000
6.884136000	0.045059000
6.887119000	0.048039000
6.887148000	0.042961000
6.887157000	0.042964000
6.887164000	0.042957000
6.887169000	0.042959000
6.894059000	0.046950000
6.894093000	0.046979000
6.899068000	0.051943000
6.899096000	0.051968000
6.899117000	0.051961000
6.899125000	0.051966000
6.899170000	0.052009000
6.902179000	0.055014000
6.902209000	0.055002000
6.902221000	0.055011000
6.902226000	0.055013000
6.902229000	0.055013000
6.902232000	0.054973000
6.902235000	0.054973000
6.902248000	0.054984000
6.902340000	0.055073000
6.902372000	0.055064000
6.902378000	0.055067000
6.902382000	0.055068000
6.902385000	0.055068000
6.902388000	0.053252000
6.902495000	0.053354000
6.902528000	0.053374000
6.902532000	0.053375000
6.902536000	0.053348000
6.902539000	0.053348000
6.902542000	0.053348000
6.902673000	0.053476000
6.902704000	0.053417000
6.902709000	0.053417000
6.902712000	0.050459000
6.902715000	0.050457000
6.902719000	0.050450000
6.902722000	0.050450000
6.902741000	0.050393000
6.902837000	0.050486000
6.902854000	0.050499000
6.902858000	0.050501000
6.904142000	0.051715000
6.904186000	0.051754000
6.907032000	0.054562000
6.907082000	0.054558000
6.907138000	0.054609000
6.907155000	0.054564000
6.907166000	0.054569000
6.907173000	0.054548000
6.907178000	0.054545000
6.907249000	0.054571000
6.907271000	0.052711000
6.907286000	0.048213000
6.907299000	0.048219000
6.907548000	0.048454000
6.907575000	0.048456000
6.907582000	0.048354000
6.907587000	0.048351000
6.907892000	0.048641000
6.907916000	0.048643000
6.907922000	0.048643000
6.909032000	0.049664000
6.909084000	0.047004000
6.909100000	0.047008000
6.909138000	0.045022000
6.909157000	0.045031000
6.914037000	0.049889000
6.914067000	0.049863000
6.917107000	0.049965000
6.917146000	0.049996000
6.917157000	0.049991000
6.917163000	0.049957000
6.917169000	0.049957000
6.917175000	0.049873000
6.917180000	0.049869000
6.919079000	0.051762000
6.919112000	0.051758000
6.922142000	0.054782000
6.922174000	0.054715000
6.922182000	0.054717000
6.922187000	0.053100000
6.922193000	0.053103000
6.922300000	0.053208000
6.922332000	0.053227000
6.922336000	0.053216000
6.922339000	0.052992000
6.922343000	0.052992000
6.922346000	0.052993000
6.922471000	0.053115000
6.922504000	0.053145000
6.922508000	0.053146000
6.922511000	0.053101000
6.922514000	0.053101000
6.922518000	0.053102000
6.922529000	0.053111000
6.922542000	0.053121000
6.922651000	0.053228000
6.922683000	0.050553000
6.922688000	0.050539000
6.922691000	0.050531000
6.922694000	0.050524000
6.922698000	0.050173000
6.922810000	0.048718000
6.922826000	0.048723000
6.922830000	0.045682000
6.922833000	0.045674000
6.923061000	0.045893000
6.923115000	0.045940000
6.923127000	0.045930000
6.923130000	0.045930000
6.923168000	0.044032000
6.923183000	0.044034000
6.924015000	0.044858000
6.924067000	0.044903000
6.929160000	0.049978000
6.929190000	0.047090000
6.932094000	0.049960000
6.932129000	0.049991000
6.932142000	0.049996000
6.932152000	0.049955000
6.932158000	0.049953000
6.932162000	0.049950000
6.932226000	0.048099000
6.932331000	0.048186000
6.932343000	0.045201000
6.932350000	0.045196000
6.932356000	0.045194000
6.932360000	0.045176000
6.932363000	0.045175000
6.932367000	0.038283000
6.934184000	0.040081000
6.934274000	0.035184000
6.934287000	0.035185000
6.938097000	0.038975000
6.938131000	0.039002000
6.938145000	0.038969000
6.944111000	0.041908000
6.944141000	0.041926000
6.948169000	0.045951000
6.948197000	0.045945000
6.948212000	0.045957000
6.948219000	0.045961000
6.948226000	0.045866000
6.949052000	0.046687000
6.949087000	0.046719000
6.952023000	0.049508000
6.952072000	0.049552000
6.952094000	0.049570000
6.952105000	0.049548000
6.954052000	0.051491000
6.954079000	0.051516000
6.957919000	0.055226000
6.957948000	0.055251000
6.957957000	0.055257000
6.958214000	0.055468000
6.958243000	0.055494000
6.958255000	0.055503000
6.958259000	0.055471000
6.958263000	0.055472000
6.958266000	0.055472000
6.959033000	0.056188000
6.959061000	0.056213000
6.964057000	0.061206000
6.964096000	0.061203000
6.967123000	0.064226000
6.967153000	0.064254000
6.967165000	0.064221000
6.967172000	0.064225000
6.967177000	0.064227000
6.967180000	0.063005000
6.967323000	0.063142000
6.967350000	0.063156000
6.967358000	0.063144000
6.967365000	0.060306000
6.967368000	0.060302000
6.967372000	0.060276000
6.967375000	0.060274000
6.967394000	0.060247000
6.967438000	0.060287000
6.967452000	0.060289000
6.967627000	0.060432000
6.967641000	0.060442000
6.967651000	0.060448000
6.967658000	0.060398000
6.967662000	0.060398000
6.968182000	0.060914000
6.968193000	0.060631000
6.968200000	0.060634000
6.968207000	0.060636000
6.968211000	0.060604000
6.968214000	0.060602000
6.969088000	0.061472000
6.969118000	0.061443000
6.972162000	0.064483000
6.972196000	0.064514000
6.972205000	0.064472000
6.972213000	0.064476000
6.972217000	0.064428000
6.972222000	0.064424000
6.972226000	0.064382000
6.972230000	0.064327000
6.972336000	0.064425000
6.972368000	0.064415000
6.972373000	0.064371000
6.972377000	0.064367000
6.972380000	0.064319000
6.972384000	0.064259000
6.972487000	0.064353000
6.972520000	0.064351000
6.972525000	0.063379000
6.972533000	0.058470000
7.028018000	0.104738000
7.037306000	0.044975000
7.037399000	0.044966000
7.037405000	0.044960000
7.037409000	0.044945000
7.037412000	0.044893000
7.037416000	0.044892000
7.037420000	0.044892000
7.037518000	0.044944000
7.039066000	0.046470000
7.039082000	0.046473000
7.042114000	0.049476000
7.042131000	0.049444000
7.042135000	0.049434000
7.042269000	0.049521000
7.042286000	0.049433000
7.042292000	0.049405000
7.044027000	0.050912000
7.104057000	0.034869000
