4.368496000	0.034864000
4.408487000	0.034480000
4.408525000	0.034508000
4.413512000	0.039423000
4.413544000	0.039448000
4.416496000	0.042318000
4.416528000	0.042345000
4.418509000	0.044241000
4.418548000	0.044274000
4.421503000	0.047169000
4.421541000	0.047204000
4.443509000	0.034994000
4.443561000	0.035040000
4.446492000	0.037940000
4.446538000	0.037982000
4.446557000	0.033022000
4.446565000	0.033026000
4.446573000	0.032946000
4.448452000	0.034821000
4.448495000	0.031977000
4.453460000	0.036936000
4.453499000	0.036943000
4.453506000	0.036947000
4.458485000	0.039947000
4.458539000	0.039997000
4.458551000	0.039928000
4.461526000	0.042900000
4.461564000	0.040033000
4.461571000	0.040035000
4.461576000	0.040004000
4.461588000	0.040013000
4.478525000	0.034977000
4.478565000	0.035010000
4.481552000	0.037964000
4.481595000	0.038003000
4.481603000	0.035078000
4.481608000	0.035077000
4.481614000	0.034899000
4.488498000	0.041776000
4.488536000	0.041744000
4.491519000	0.044723000
4.491565000	0.044727000
4.491576000	0.044734000
4.491584000	0.044688000
4.491591000	0.044690000
4.493434000	0.044951000
4.493490000	0.045001000
4.498484000	0.049962000
4.498523000	0.049996000
4.503476000	0.049986000
4.503511000	0.050017000
4.506547000	0.053016000
4.506586000	0.053044000
4.506593000	0.053020000
4.506598000	0.053022000
4.506604000	0.048085000
4.506609000	0.048083000
4.506614000	0.047955000
4.508458000	0.049793000
4.508495000	0.049720000
4.511548000	0.052769000
4.511583000	0.050029000
4.511591000	0.050032000
4.511597000	0.050003000
4.511601000	0.050004000
4.511606000	0.049800000
4.511619000	0.033059000
4.511764000	0.033170000
4.513431000	0.031846000
4.516479000	0.034836000
4.516511000	0.034720000
4.516519000	0.034617000
4.523473000	0.034942000
4.523517000	0.034915000
4.526560000	0.035008000
4.526605000	0.035046000
4.526625000	0.035010000
4.526634000	0.035015000
4.526642000	0.034972000
4.528474000	0.036800000
4.528509000	0.036785000
4.533473000	0.041745000
4.533516000	0.041736000
4.534460000	0.042676000
4.534504000	0.041047000
4.534523000	0.041060000
4.534647000	0.041144000
4.534668000	0.041161000
4.534685000	0.036175000
4.536482000	0.037965000
4.536526000	0.037849000
4.536545000	0.037862000
4.536555000	0.033054000
4.536628000	0.033122000
4.536650000	0.033116000
4.538478000	0.034941000
4.543497000	0.036921000
4.543536000	0.036955000
4.546531000	0.039900000
4.546568000	0.039934000
4.546581000	0.039899000
4.546587000	0.039902000
4.546592000	0.039794000
4.548468000	0.041666000
4.548526000	0.041690000
4.551547000	0.044707000
4.551599000	0.044666000
4.551620000	0.044682000
4.551631000	0.044611000
4.551644000	0.044619000
4.551659000	0.043174000
4.551669000	0.043179000
4.551678000	0.043160000
4.551749000	0.043228000
4.551753000	0.040179000
4.551961000	0.040383000
4.552020000	0.040393000
4.556697000	0.044918000
4.556740000	0.044880000
4.556750000	0.044881000
4.556757000	0.044794000
4.558481000	0.046433000
4.558525000	0.046386000
4.563476000	0.051329000
4.563513000	0.051278000
4.566569000	0.054250000
4.566606000	0.054278000
4.566615000	0.053160000
4.566627000	0.050126000
4.566630000	0.049775000
4.568497000	0.044989000
4.568529000	0.044987000
4.568538000	0.044934000
4.573542000	0.046949000
4.573573000	0.046973000
4.576553000	0.049935000
4.576583000	0.049962000
4.576592000	0.049927000
4.578528000	0.051859000
4.578557000	0.051885000
4.581461000	0.054785000
4.581495000	0.054670000
4.581509000	0.054679000
4.581530000	0.053032000
4.581542000	0.053039000
4.581586000	0.053066000
4.581642000	0.053118000
4.581656000	0.048152000
4.581666000	0.048155000
4.581677000	0.048149000
4.581683000	0.048151000
4.581754000	0.047263000
4.581770000	0.047271000
4.581806000	0.047290000
4.583501000	0.048982000
4.583533000	0.048987000
4.586548000	0.051998000
4.586654000	0.051994000
4.586668000	0.052004000
4.586676000	0.051999000
4.586683000	0.052002000
4.586687000	0.051839000
4.586691000	0.051838000
4.586707000	0.050194000
4.586713000	0.050193000
4.586718000	0.050181000
4.586741000	0.050200000
4.586771000	0.050192000
4.586775000	0.050189000
4.586841000	0.050247000
4.586857000	0.050258000
4.586894000	0.050253000
4.586908000	0.050263000
4.587045000	0.050386000
4.587074000	0.050411000
4.587083000	0.048591000
4.587087000	0.048591000
4.587090000	0.043564000
4.587093000	0.043562000
4.587097000	0.043553000
4.587100000	0.043553000
4.587173000	0.040615000
4.587188000	0.040625000
4.587191000	0.040616000
4.587196000	0.040618000
4.587225000	0.040618000
4.587504000	0.040894000
4.587514000	0.040901000
4.587522000	0.040906000
4.587529000	0.040870000
4.587613000	0.040951000
4.588454000	0.039942000
4.588508000	0.039988000
4.591543000	0.043003000
4.591572000	0.043028000
4.591584000	0.039997000
4.591588000	0.039995000
4.591592000	0.039980000
4.593471000	0.041855000
4.593614000	0.041833000
4.596574000	0.044786000
4.596604000	0.044813000
4.596631000	0.044837000
4.596724000	0.044830000
4.596752000	0.044855000
4.596765000	0.044865000
4.596777000	0.044874000
4.596782000	0.044771000
4.596786000	0.044771000
4.596790000	0.040065000
4.596793000	0.040063000
4.597478000	0.040745000
4.597499000	0.040763000
4.597554000	0.040672000
4.603467000	0.036870000
4.607536000	0.040803000
4.607581000	0.040703000
4.613530000	0.046441000
4.613569000	0.045044000
4.618536000	0.049798000
4.618571000	0.049825000
4.623512000	0.054714000
4.627508000	0.053930000
4.627541000	0.050964000
4.627550000	0.046045000
4.627557000	0.046019000
4.627560000	0.045965000
4.627667000	0.046004000
4.628515000	0.046815000
4.628548000	0.046782000
4.633501000	0.051686000
4.633534000	0.046686000
4.636486000	0.049307000
4.637481000	0.050249000
4.638429000	0.051148000
4.638443000	0.051156000
4.643521000	0.056184000
4.643553000	0.056042000
4.647513000	0.059987000
4.647544000	0.059926000
4.647553000	0.059039000
4.647617000	0.056039000
4.647640000	0.056034000
4.648481000	0.056869000
4.648499000	0.054863000
4.653574000	0.056964000
4.653606000	0.056860000
4.657523000	0.060750000
4.657553000	0.060742000
4.657562000	0.060662000
4.657566000	0.060657000
4.657569000	0.060074000
4.657574000	0.060067000
4.658489000	0.060918000
4.658527000	0.060919000
4.661496000	0.063883000
4.661528000	0.063864000
4.661536000	0.058029000
4.661540000	0.058023000
4.661552000	0.058000000
4.663436000	0.059665000
4.663479000	0.059698000
4.666509000	0.062686000
4.666539000	0.062674000
4.666547000	0.062675000
4.666551000	0.062630000
4.666616000	0.062647000
4.666627000	0.062650000
4.667512000	0.063485000
4.667542000	0.063467000
4.667547000	0.063464000
4.667551000	0.063419000
4.667556000	0.063420000
4.668514000	0.064334000
4.668542000	0.060977000
4.671510000	0.063939000
4.671545000	0.063970000
4.671558000	0.063948000
4.671564000	0.063950000
4.671569000	0.063951000
4.671640000	0.063968000
4.671656000	0.063979000
4.671661000	0.063980000
4.671666000	0.063951000
4.671671000	0.063952000
4.673460000	0.065738000
4.673485000	0.065718000
4.676535000	0.068764000
4.676566000	0.068791000
4.676577000	0.068757000
4.676582000	0.068758000
4.676586000	0.063029000
4.676589000	0.063027000
4.676717000	0.063152000
4.676746000	0.063151000
4.676750000	0.063151000
4.676752000	0.063151000
4.676755000	0.063108000
4.676758000	0.063108000
4.676761000	0.063108000
4.676772000	0.063073000
4.677496000	0.063794000
4.677524000	0.063819000
4.677535000	0.063784000
4.677603000	0.063849000
4.677616000	0.063859000
4.677626000	0.063821000
4.678523000	0.064715000
4.678546000	0.059986000
4.683489000	0.064923000
4.683523000	0.064943000
4.686507000	0.067913000
4.686542000	0.063007000
4.686555000	0.063015000
4.686561000	0.059030000
4.686629000	0.059093000
4.686641000	0.059094000
4.686682000	0.059106000
4.686741000	0.059162000
4.686753000	0.059171000
4.686761000	0.059075000
4.686768000	0.059077000
4.686778000	0.059084000
4.686782000	0.059050000
4.686786000	0.059051000
4.686985000	0.059247000
4.687006000	0.059178000
4.687009000	0.059175000
4.687012000	0.059175000
4.687714000	0.059796000
4.687761000	0.059837000
4.687769000	0.059231000
4.687773000	0.059230000
4.687778000	0.059224000
4.687783000	0.059204000
4.688525000	0.055001000
4.688555000	0.055026000
4.691501000	0.057955000
4.691535000	0.057975000
4.691548000	0.057985000
4.691559000	0.057993000
4.691577000	0.057909000
4.691631000	0.057956000
4.691647000	0.057969000
4.691657000	0.057950000
4.691687000	0.057977000
4.691700000	0.057987000
4.691743000	0.057983000
4.691756000	0.057993000
4.691766000	0.055247000
4.691776000	0.055249000
4.691855000	0.055324000
4.691869000	0.055303000
4.691909000	0.055338000
4.691921000	0.055347000
4.693496000	0.056876000
4.693517000	0.056892000
4.696474000	0.059845000
4.696568000	0.059891000
4.696596000	0.059915000
4.696604000	0.059919000
4.696612000	0.059881000
4.696616000	0.059115000
4.696619000	0.059114000
4.696714000	0.059206000
4.696746000	0.059181000
4.696757000	0.058320000
4.696767000	0.058328000
4.697508000	0.059059000
4.697531000	0.059044000
4.697547000	0.054003000
4.697553000	0.054004000
4.697638000	0.054079000
4.698554000	0.054969000
4.698583000	0.051049000
4.701642000	0.054102000
4.701672000	0.054122000
4.701681000	0.054113000
4.701688000	0.054117000
4.701693000	0.054119000
4.701696000	0.054073000
4.701800000	0.054174000
4.701816000	0.054187000
4.701892000	0.054220000
4.701909000	0.054234000
4.701914000	0.053422000
4.701918000	0.053422000
4.703483000	0.054980000
4.703498000	0.054963000
4.706553000	0.052956000
4.706571000	0.052970000
4.706577000	0.052964000
4.706582000	0.052912000
4.706587000	0.049043000
4.706591000	0.049042000
4.706659000	0.049100000
4.706666000	0.049078000
4.706748000	0.049157000
4.706757000	0.049162000
4.706763000	0.049122000
4.706769000	0.049125000
4.706853000	0.049207000
4.706862000	0.049169000
4.706870000	0.049174000
4.706875000	0.049176000
4.706909000	0.049164000
4.706916000	0.048402000
4.707500000	0.048978000
4.707517000	0.048980000
4.707522000	0.048967000
4.707526000	0.046008000
4.707559000	0.046036000
4.707566000	0.046032000
4.708485000	0.046928000
4.708499000	0.046939000
4.711493000	0.049930000
4.711508000	0.049860000
4.711542000	0.049889000
4.711546000	0.049889000
4.711608000	0.049877000
4.711614000	0.048153000
4.711660000	0.048192000
4.711665000	0.048193000
4.711714000	0.048207000
4.711719000	0.048207000
4.711767000	0.045237000
4.711771000	0.045236000
4.711819000	0.045275000
4.711824000	0.045258000
4.711872000	0.045303000
4.713476000	0.046904000
4.713494000	0.046873000
4.717589000	0.050965000
4.717606000	0.050934000
4.717610000	0.050935000
4.717614000	0.050861000
4.717617000	0.050860000
4.718497000	0.050964000
4.718514000	0.050976000
4.723520000	0.055938000
4.723538000	0.055953000
4.723543000	0.055921000
4.726564000	0.058939000
4.726583000	0.058909000
4.726589000	0.058911000
4.726595000	0.058869000
4.726603000	0.058874000
4.726612000	0.058076000
4.726680000	0.058131000
4.726686000	0.055150000
4.726738000	0.055184000
4.726745000	0.055156000
4.727474000	0.055881000
4.727485000	0.055837000
4.727491000	0.055839000
4.727496000	0.055796000
4.727584000	0.055880000
4.727592000	0.055837000
4.728480000	0.056722000
4.728492000	0.055013000
4.731531000	0.058039000
4.731549000	0.054991000
4.731553000	0.054979000
4.731586000	0.054982000
4.731593000	0.054986000
4.731671000	0.054934000
4.731689000	0.054948000
4.731695000	0.054919000
4.731700000	0.054921000
4.731784000	0.054885000
4.731795000	0.054890000
4.731802000	0.054785000
4.733546000	0.056523000
4.733563000	0.056420000
4.736498000	0.059349000
4.736514000	0.059305000
4.736518000	0.059001000
4.736521000	0.058990000
4.736600000	0.059048000
4.736604000	0.058992000
4.736653000	0.059031000
4.736657000	0.058996000
4.736706000	0.058166000
4.736710000	0.058157000
4.736713000	0.053196000
4.736719000	0.050185000
4.736812000	0.050231000
4.736821000	0.050184000
4.736825000	0.050138000
4.736830000	0.050072000
4.736920000	0.049925000
4.736924000	0.049922000
4.737531000	0.049780000
4.737581000	0.049771000
4.737652000	0.049834000
4.737657000	0.049799000
4.737704000	0.049792000
4.738459000	0.050539000
4.738466000	0.049902000
4.738512000	0.046967000
4.741524000	0.049940000
4.741538000	0.049895000
4.741644000	0.049981000
4.741660000	0.049953000
4.741665000	0.049903000
4.741671000	0.049867000
4.741675000	0.049810000
4.741680000	0.049763000
4.741810000	0.048298000
4.743478000	0.046986000
4.743497000	0.046895000
4.746459000	0.049826000
4.748526000	0.051887000
4.748543000	0.051790000
4.751615000	0.054827000
4.751632000	0.054093000
4.751637000	0.054066000
4.751641000	0.053978000
4.751646000	0.053058000
4.751650000	0.049972000
4.751654000	0.049944000
4.783470000	0.031528000
