10.912357000	0.032945000
10.957357000	0.034691000
10.957382000	0.034710000
10.962305000	0.039602000
10.962320000	0.039613000
10.967288000	0.044539000
10.967302000	0.044552000
10.970317000	0.047516000
10.970327000	0.047524000
10.970371000	0.047519000
10.970450000	0.047596000
10.992322000	0.034945000
10.992356000	0.031811000
10.997361000	0.036813000
10.997396000	0.033716000
10.998333000	0.034650000
11.002345000	0.035531000
11.002379000	0.035562000
11.007336000	0.037405000
11.007366000	0.037432000
11.008351000	0.035275000
11.008369000	0.035290000
11.012325000	0.036092000
11.012343000	0.036108000
11.017355000	0.037983000
11.017386000	0.038009000
11.021341000	0.038853000
11.021359000	0.038865000
11.021363000	0.038820000
11.021444000	0.035793000
11.021448000	0.035793000
11.027310000	0.034964000
11.027328000	0.034977000
11.032362000	0.038700000
11.032398000	0.038731000
11.032405000	0.035019000
11.032410000	0.035019000
11.032480000	0.033919000
11.037320000	0.038755000
11.037350000	0.036453000
11.042347000	0.041445000
11.042382000	0.039151000
11.043360000	0.040123000
11.043384000	0.037865000
11.043389000	0.037865000
11.043392000	0.035564000
11.043412000	0.035579000
11.043417000	0.033288000
11.047330000	0.037196000
11.047347000	0.034961000
11.052319000	0.039930000
11.052345000	0.037629000
11.054342000	0.039622000
11.054369000	0.039608000
11.054374000	0.037365000
11.054537000	0.037523000
11.054543000	0.035240000
11.054547000	0.035239000
11.057353000	0.035794000
11.057369000	0.035807000
11.062316000	0.038540000
11.062344000	0.038564000
11.064368000	0.038421000
11.064402000	0.038450000
11.072326000	0.044214000
11.072361000	0.043057000
11.074337000	0.043793000
11.074361000	0.042600000
11.074368000	0.040220000
11.074389000	0.039084000
11.074400000	0.039016000
11.077407000	0.040927000
11.077425000	0.039813000
11.080308000	0.040334000
11.082333000	0.039362000
11.082347000	0.038163000
11.084338000	0.039156000
11.084350000	0.038081000
11.084389000	0.037068000
11.092290000	0.043947000
11.092311000	0.043963000
11.094323000	0.044937000
11.094340000	0.044950000
11.094346000	0.043930000
11.094350000	0.043929000
11.094430000	0.042999000
11.097441000	0.046006000
11.097457000	0.045947000
11.100400000	0.047982000
11.100435000	0.048015000
11.100444000	0.047001000
11.100448000	0.047001000
11.100452000	0.045921000
11.100456000	0.045922000
11.100552000	0.045045000
11.100573000	0.045062000
11.100576000	0.044213000
11.100580000	0.044211000
11.100659000	0.043396000
11.100662000	0.043396000
11.100666000	0.042500000
11.100669000	0.042501000
11.100716000	0.041633000
11.100719000	0.041630000
11.100769000	0.040787000
11.100777000	0.040792000
11.100780000	0.039892000
11.100822000	0.039932000
11.104358000	0.042023000
11.104375000	0.042035000
11.104379000	0.041579000
11.104383000	0.041581000
11.107335000	0.042943000
11.107344000	0.042470000
11.112337000	0.047460000
11.112362000	0.046568000
11.114321000	0.041970000
11.114395000	0.041544000
11.114407000	0.041551000
11.114414000	0.040660000
11.114418000	0.040660000
11.115322000	0.040697000
11.115337000	0.040707000
11.115372000	0.040000000
11.115379000	0.040002000
11.117318000	0.041201000
11.117339000	0.041218000
11.120371000	0.043476000
11.120394000	0.043495000
11.120444000	0.042841000
11.120454000	0.042848000
11.120494000	0.042189000
11.120498000	0.042189000
11.120501000	0.041533000
11.120504000	0.041531000
11.120549000	0.040919000
11.120553000	0.040849000
11.120659000	0.040361000
11.120666000	0.039730000
11.122361000	0.040768000
11.122368000	0.040117000
11.124353000	0.041428000
11.124360000	0.040839000
11.124427000	0.040298000
11.124437000	0.039699000
11.124441000	0.039097000
11.127302000	0.041353000
11.127319000	0.040761000
11.127356000	0.040796000
11.132288000	0.045084000
11.132305000	0.045096000
11.132356000	0.045146000
11.134311000	0.046498000
11.134342000	0.046525000
11.134355000	0.045931000
11.134361000	0.045301000
11.134429000	0.044711000
11.137284000	0.047071000
11.137334000	0.046518000
11.142332000	0.050903000
11.142388000	0.050357000
11.144348000	0.051704000
11.144371000	0.051124000
11.144400000	0.050549000
11.144407000	0.049950000
11.144454000	0.049391000
11.144458000	0.048788000
11.147331000	0.051053000
11.147347000	0.050461000
11.150323000	0.052830000
11.150362000	0.052258000
11.150368000	0.049944000
11.152332000	0.051591000
11.152368000	0.051120000
11.154342000	0.052616000
11.154377000	0.052164000
11.154383000	0.051694000
11.154387000	0.051693000
11.154398000	0.051228000
11.154450000	0.050800000
11.157301000	0.053170000
11.157314000	0.052702000
11.160311000	0.055248000
11.160344000	0.054811000
11.160357000	0.054376000
11.162337000	0.055905000
11.162356000	0.055475000
11.162364000	0.055032000
11.164358000	0.056571000
11.164380000	0.056148000
11.164411000	0.055724000
11.164424000	0.055314000
11.164431000	0.054870000
11.197307000	0.087281000
11.197352000	0.086876000
11.202355000	0.091399000
11.202390000	0.090984000
11.204352000	0.091998000
11.204392000	0.091804000
11.204404000	0.090070000
11.204411000	0.089845000
11.204417000	0.089394000
11.207362000	0.092333000
11.207398000	0.091922000
11.207408000	0.091480000
11.210405000	0.092684000
11.210446000	0.088558000
11.210459000	0.085698000
11.210469000	0.083459000
11.212335000	0.081941000
11.212351000	0.080110000
11.214334000	0.080004000
11.214351000	0.078700000
11.214358000	0.076860000
11.214439000	0.076565000
11.217285000	0.074429000
11.217299000	0.072050000
11.222333000	0.076023000
11.222350000	0.074649000
11.224291000	0.073944000
11.224348000	0.071497000
11.224361000	0.070842000
11.224401000	0.069869000
11.224405000	0.069549000
11.227337000	0.071831000
11.227357000	0.071503000
11.232310000	0.075829000
11.232324000	0.074528000
11.232330000	0.071997000
11.234328000	0.073818000
11.234343000	0.071990000
11.234379000	0.070007000
11.237287000	0.072902000
11.237317000	0.072764000
11.242333000	0.077457000
11.242368000	0.077169000
11.244366000	0.078821000
11.244400000	0.047059000
11.244409000	0.046903000
11.244417000	0.042037000
11.244422000	0.041874000
11.247342000	0.042962000
11.247360000	0.042809000
11.250381000	0.045492000
11.250399000	0.045209000
11.250404000	0.044878000
11.250409000	0.043022000
11.250442000	0.042882000
11.250449000	0.042565000
11.250528000	0.042641000
11.250545000	0.040113000
11.250550000	0.040112000
11.250554000	0.039947000
11.252349000	0.041739000
11.252368000	0.041439000
11.254380000	0.043449000
11.254397000	0.043149000
11.254403000	0.043153000
11.254407000	0.042836000
11.254412000	0.042839000
11.254416000	0.042523000
11.255379000	0.043484000
11.255397000	0.043165000
11.255402000	0.043167000
11.255406000	0.042869000
11.255438000	0.042899000
11.257324000	0.044447000
11.257341000	0.044462000
11.257345000	0.044465000
11.260314000	0.047132000
11.260379000	0.047195000
11.260387000	0.046858000
11.260435000	0.046903000
11.260443000	0.046615000
11.260492000	0.046661000
11.260498000	0.046347000
11.260547000	0.046394000
11.260554000	0.046083000
11.260560000	0.046087000
11.260603000	0.045847000
11.260611000	0.045853000
11.260617000	0.045574000
11.260658000	0.045613000
11.260665000	0.045338000
11.260714000	0.045385000
11.260722000	0.045111000
11.260769000	0.045156000
11.262357000	0.046461000
11.262371000	0.046473000
11.264295000	0.048113000
11.264379000	0.048195000
11.264396000	0.047926000
11.264401000	0.047929000
11.264405000	0.047931000
11.265361000	0.048606000
11.267324000	0.050566000
11.267343000	0.050304000
11.270298000	0.053257000
11.270359000	0.053035000
11.270364000	0.053038000
11.270412000	0.052817000
11.270416000	0.052819000
11.270466000	0.052599000
11.270470000	0.052601000
11.270519000	0.052380000
11.270524000	0.052383000
11.270572000	0.052160000
11.270577000	0.052164000
11.270627000	0.051943000
11.270631000	0.051945000
11.270680000	0.051722000
11.270684000	0.051724000
11.272347000	0.053118000
11.272365000	0.053134000
11.274328000	0.054827000
11.274343000	0.054840000
11.274375000	0.054598000
11.274379000	0.054600000
11.274434000	0.054654000
11.275361000	0.055315000
11.275379000	0.055331000
11.275447000	0.055129000
11.275464000	0.055144000
11.275469000	0.054879000
11.275476000	0.054884000
11.275480000	0.054617000
11.275587000	0.054722000
11.275604000	0.054470000
11.275609000	0.054473000
11.277327000	0.055889000
11.277343000	0.055887000
11.280318000	0.058640000
11.280333000	0.058653000
11.280365000	0.058414000
11.280370000	0.058418000
11.280419000	0.058197000
11.280424000	0.058200000
11.280474000	0.057980000
11.280478000	0.057982000
11.280527000	0.057771000
11.280532000	0.057774000
11.280582000	0.057565000
11.280586000	0.057567000
11.280635000	0.057615000
11.280642000	0.057363000
11.280689000	0.057408000
11.280694000	0.057153000
11.280743000	0.057199000
11.280748000	0.056946000
11.282376000	0.058570000
11.282394000	0.058331000
11.284334000	0.060269000
11.284352000	0.060028000
11.284358000	0.060032000
11.284391000	0.059812000
11.284398000	0.059817000
11.284483000	0.059675000
11.285352000	0.060543000
11.285372000	0.060332000
11.285376000	0.060327000
11.285409000	0.060140000
11.285416000	0.060144000
11.285502000	0.060004000
11.285518000	0.060016000
11.285523000	0.059796000
11.285527000	0.059797000
11.285559000	0.059604000
11.285565000	0.059607000
11.285655000	0.059695000
11.285671000	0.059487000
11.285675000	0.059488000
11.285679000	0.059265000
11.285702000	0.059284000
11.285706000	0.059066000
11.285757000	0.059114000
11.287317000	0.060448000
11.287371000	0.060499000
11.290343000	0.063245000
11.290359000	0.063258000
11.290395000	0.063065000
11.290400000	0.063067000
11.290450000	0.062893000
11.290456000	0.062897000
11.290546000	0.062759000
11.290563000	0.062773000
11.290567000	0.062551000
11.290571000	0.062552000
11.322333000	0.094090000
11.327368000	0.089050000
11.352330000	0.107592000
11.392327000	0.034868000
