6.462014000	0.032951000
6.501975000	0.031722000
6.506986000	0.036728000
6.507003000	0.036698000
6.511988000	0.041679000
6.512007000	0.041655000
6.515052000	0.044698000
6.515063000	0.044660000
6.515066000	0.044662000
6.515070000	0.044566000
6.515071000	0.044563000
6.536938000	0.034945000
6.538995000	0.034009000
6.539011000	0.032013000
6.539014000	0.030513000
6.541929000	0.033426000
6.547003000	0.035517000
6.547021000	0.035022000
6.551014000	0.036487000
6.551027000	0.036484000
6.551101000	0.033608000
6.551109000	0.033614000
6.551955000	0.031431000
6.556952000	0.036426000
6.557011000	0.033568000
6.562054000	0.038608000
6.562063000	0.035577000
6.563968000	0.037466000
6.564019000	0.037429000
6.564023000	0.034605000
6.564071000	0.034651000
6.567015000	0.030062000
6.567037000	0.030081000
6.571991000	0.032985000
6.571999000	0.032990000
6.575163000	0.034477000
6.575174000	0.034486000
6.575176000	0.032259000
6.575178000	0.032260000
6.576965000	0.031818000
6.576973000	0.031824000
6.581988000	0.034585000
6.582000000	0.034596000
6.585031000	0.035387000
6.585048000	0.035399000
6.585050000	0.033210000
6.585122000	0.033280000
6.585147000	0.031128000
6.587003000	0.032981000
6.587011000	0.030827000
6.592007000	0.035821000
6.597026000	0.038736000
6.602028000	0.043736000
6.602049000	0.043725000
6.602056000	0.041613000
6.604988000	0.044542000
6.605195000	0.042571000
6.605206000	0.042580000
6.605209000	0.040442000
6.605210000	0.040437000
6.605959000	0.039126000
6.605965000	0.039129000
6.606028000	0.037178000
6.606032000	0.037180000
6.606106000	0.036059000
6.606109000	0.032350000
6.611985000	0.034748000
6.616040000	0.033596000
6.616052000	0.032531000
6.616054000	0.031009000
6.617057000	0.031404000
6.621925000	0.035269000
6.621948000	0.034334000
6.626984000	0.038355000
6.626993000	0.037370000
6.628938000	0.039313000
6.628992000	0.038382000
6.628999000	0.038386000
6.629045000	0.037028000
6.629052000	0.036524000
6.632027000	0.034989000
6.632033000	0.034448000
6.636949000	0.034905000
6.637000000	0.034429000
6.638975000	0.036388000
6.638987000	0.035405000
6.639054000	0.035456000
6.639057000	0.034518000
6.639059000	0.034060000
6.639061000	0.033565000
6.641948000	0.036450000
6.641963000	0.035517000
6.647022000	0.040575000
6.647038000	0.039884000
6.649025000	0.041869000
6.649042000	0.041249000
6.649104000	0.041309000
6.649108000	0.040605000
6.649110000	0.040604000
6.650198000	0.041015000
6.650249000	0.041064000
6.650254000	0.040419000
6.650337000	0.040500000
6.650349000	0.040451000
6.650419000	0.039919000
6.650426000	0.039925000
6.651980000	0.040833000
6.651990000	0.040842000
6.654958000	0.043138000
6.655041000	0.043219000
6.655053000	0.042563000
6.655056000	0.042565000
6.655059000	0.041873000
6.655093000	0.041906000
6.655095000	0.041250000
6.655146000	0.041300000
6.655148000	0.040594000
6.655200000	0.040644000
6.655202000	0.039977000
6.655253000	0.040026000
6.655256000	0.039407000
6.655305000	0.039454000
6.655307000	0.038762000
6.655359000	0.038813000
6.655361000	0.038295000
6.655412000	0.038345000
6.657064000	0.039488000
6.657073000	0.039496000
6.658964000	0.041386000
6.658970000	0.040851000
6.659016000	0.040896000
6.659018000	0.040381000
6.659070000	0.040432000
6.659073000	0.039945000
6.659984000	0.040855000
6.659989000	0.040339000
6.660038000	0.040372000
6.660042000	0.039826000
6.660090000	0.039352000
6.660093000	0.038867000
6.661938000	0.040194000
6.661992000	0.039755000
6.665515000	0.042760000
6.665521000	0.042224000
6.665523000	0.041703000
6.665525000	0.041194000
6.665567000	0.040726000
6.665570000	0.040228000
6.665620000	0.039711000
6.665672000	0.035202000
6.665725000	0.034758000
6.666929000	0.035468000
6.666934000	0.034911000
6.669987000	0.037489000
6.670040000	0.036574000
6.684999000	0.051043000
6.685023000	0.048064000
6.685027000	0.047817000
6.685048000	0.046065000
6.685105000	0.045872000
6.685166000	0.045436000
6.685174000	0.044951000
6.685218000	0.044501000
6.686974000	0.045764000
6.686980000	0.045022000
6.690036000	0.047824000
6.690054000	0.043021000
6.690058000	0.042772000
6.690060000	0.041023000
6.690087000	0.040798000
6.691985000	0.042170000
6.691995000	0.041717000
6.696963000	0.046683000
6.696981000	0.046206000
6.699932000	0.048664000
6.700035000	0.048271000
6.700043000	0.047788000
6.701995000	0.049216000
6.702013000	0.047044000
6.704969000	0.049749000
6.704987000	0.049306000
6.705021000	0.048906000
6.705026000	0.048479000
6.705074000	0.048092000
6.710985000	0.053570000
6.711972000	0.054126000
6.712003000	0.054155000
6.716968000	0.058688000
6.716984000	0.058702000
6.719976000	0.061264000
6.719993000	0.061280000
6.720027000	0.060884000
6.720032000	0.060888000
6.720079000	0.060503000
6.720084000	0.060507000
6.721010000	0.061001000
6.721021000	0.061011000
6.721061000	0.060620000
6.721114000	0.060673000
6.721166000	0.060306000
6.721977000	0.061117000
6.721986000	0.060706000
6.725000000	0.063718000
6.725083000	0.063389000
6.725097000	0.063402000
6.725101000	0.062988000
6.725104000	0.062990000
6.725133000	0.062605000
6.725185000	0.062657000
6.725189000	0.062660000
6.761092000	0.098149000
6.761113000	0.098169000
6.761117000	0.097760000
6.761122000	0.097763000
6.761124000	0.097352000
6.761955000	0.098182000
6.761965000	0.097780000
6.766962000	0.102776000
6.766977000	0.102378000
6.771050000	0.106450000
6.771067000	0.106052000
6.771071000	0.106055000
6.771075000	0.105646000
6.771078000	0.105648000
6.771081000	0.105239000
6.772013000	0.105898000
6.772029000	0.104294000
6.774992000	0.106989000
6.775008000	0.106737000
6.775042000	0.106503000
6.775046000	0.106240000
6.775095000	0.106022000
6.775098000	0.105757000
6.775159000	0.105550000
6.775165000	0.105290000
6.775211000	0.105067000
6.775213000	0.104820000
6.775265000	0.104623000
6.775318000	0.104426000
6.775376000	0.104235000
6.775380000	0.103990000
6.775385000	0.103746000
6.775388000	0.103000000
6.775392000	0.101757000
6.775398000	0.101514000
6.775477000	0.101342000
6.775479000	0.101094000
6.775529000	0.100895000
6.775531000	0.100648000
6.775583000	0.100450000
6.775584000	0.098208000
6.776993000	0.090851000
6.875095000	0.185045000
6.891096000	0.200919000
6.900025000	0.117459000
6.900094000	0.117049000
6.904981000	0.121935000
6.904990000	0.121705000
6.904992000	0.121706000
6.905066000	0.121540000
6.905088000	0.121560000
6.905090000	0.121324000
6.905092000	0.121325000
6.905150000	0.121382000
6.905153000	0.121148000
6.905209000	0.120144000
6.905212000	0.120023000
6.905261000	0.120071000
6.905264000	0.119837000
6.905314000	0.119886000
6.910043000	0.124376000
6.910051000	0.124383000
6.915041000	0.129135000
6.915050000	0.129143000
6.915052000	0.128906000
6.915055000	0.128909000
6.915057000	0.128671000
6.915059000	0.128432000
6.915130000	0.128265000
6.915153000	0.128048000
6.919984000	0.129602000
6.919995000	0.129373000
6.919997000	0.129139000
6.919999000	0.128899000
6.920108000	0.129006000
6.920116000	0.128778000
6.920118000	0.128540000
6.920121000	0.128543000
6.920222000	0.128403000
6.960011000	0.154559000
7.016986000	0.029893000
