6.151975000	0.040009000
6.196988000	0.036598000
6.201879000	0.041475000
6.201908000	0.041444000
6.204902000	0.044430000
6.204940000	0.044393000
6.204948000	0.044396000
6.204963000	0.044332000
6.204985000	0.044348000
6.205062000	0.044349000
6.205082000	0.044364000
6.259937000	0.062939000
6.259976000	0.062975000
6.260035000	0.058136000
6.260068000	0.058164000
6.260074000	0.058142000
6.260176000	0.058241000
6.260194000	0.055267000
6.260200000	0.055266000
6.260204000	0.055235000
6.260209000	0.055236000
6.260300000	0.055227000
6.260321000	0.055243000
6.260326000	0.055203000
6.260331000	0.055204000
6.260359000	0.055154000
6.260372000	0.055164000
6.260405000	0.055165000
6.261869000	0.056625000
6.261891000	0.056598000
6.264939000	0.059642000
6.301902000	0.041939000
6.301942000	0.041972000
6.303896000	0.043854000
6.303942000	0.043894000
6.303950000	0.043764000
6.303955000	0.043765000
6.304079000	0.043844000
6.306899000	0.046660000
6.306932000	0.046623000
6.309972000	0.049659000
6.310003000	0.049638000
6.310009000	0.049640000
6.310012000	0.049583000
6.310015000	0.049583000
6.310019000	0.049538000
6.310022000	0.049537000
6.311883000	0.051362000
6.311915000	0.051391000
6.314879000	0.054261000
6.314940000	0.054316000
6.314968000	0.054258000
6.314972000	0.054257000
6.315003000	0.054228000
6.315015000	0.054237000
6.315094000	0.054269000
6.315136000	0.054308000
6.315140000	0.054261000
6.315143000	0.054261000
6.315245000	0.054312000
6.315273000	0.054337000
6.315277000	0.054288000
6.315279000	0.054287000
6.315289000	0.054249000
6.315405000	0.054362000
6.315896000	0.054010000
6.315914000	0.053987000
6.315949000	0.050993000
6.336917000	0.034979000
6.336950000	0.034982000
6.339950000	0.036028000
6.339983000	0.036054000
6.339992000	0.035902000
6.339996000	0.035902000
6.339999000	0.035825000
6.341914000	0.037735000
6.341946000	0.037711000
6.346887000	0.042649000
6.346926000	0.042593000
6.346946000	0.042607000
6.349925000	0.043003000
6.349957000	0.043030000
6.349965000	0.043005000
6.349969000	0.043006000
6.349972000	0.039978000
6.351855000	0.041857000
6.356883000	0.046833000
6.356921000	0.046868000
6.359961000	0.049822000
6.359993000	0.049850000
6.360002000	0.049790000
6.360006000	0.049789000
6.360009000	0.049740000
6.361902000	0.051629000
6.361933000	0.051608000
6.364985000	0.054656000
6.365018000	0.054635000
6.365027000	0.054640000
6.365031000	0.053126000
6.365111000	0.053201000
6.365127000	0.053184000
6.365131000	0.053185000
6.365134000	0.050235000
6.365163000	0.050259000
6.365174000	0.050225000
6.365216000	0.050264000
6.365233000	0.050224000
6.366864000	0.051852000
6.366886000	0.051774000
6.366960000	0.051843000
6.369889000	0.054625000
6.369992000	0.054724000
6.370004000	0.054594000
6.370045000	0.054632000
6.370058000	0.054568000
6.370097000	0.054604000
6.370110000	0.054523000
6.370113000	0.054520000
6.370149000	0.054521000
6.370202000	0.054571000
6.370215000	0.054534000
6.370254000	0.054570000
6.370270000	0.054535000
6.370275000	0.054537000
6.370283000	0.054494000
6.371882000	0.056091000
6.371904000	0.056061000
6.371915000	0.056069000
6.374876000	0.058968000
6.374977000	0.059067000
6.374987000	0.059034000
6.374997000	0.059041000
6.375000000	0.058989000
6.375031000	0.059017000
6.375044000	0.058772000
6.375059000	0.058731000
6.379975000	0.043035000
6.381885000	0.044940000
6.381916000	0.044961000
6.384913000	0.047934000
6.384941000	0.047956000
6.384958000	0.047926000
6.384965000	0.044987000
6.384980000	0.044967000
6.385005000	0.044988000
6.386896000	0.046876000
6.386935000	0.046818000
6.389976000	0.049853000
6.390008000	0.049882000
6.390019000	0.049802000
6.390027000	0.048091000
6.390031000	0.048090000
6.390034000	0.048057000
6.390144000	0.043225000
6.390181000	0.043044000
6.390187000	0.043040000
6.390190000	0.040237000
6.390194000	0.040208000
6.392108000	0.042115000
6.392139000	0.042049000
6.394905000	0.044730000
6.394934000	0.043047000
6.394944000	0.038029000
6.394949000	0.038001000
6.396900000	0.036911000
6.396928000	0.036904000
6.399978000	0.039941000
6.400016000	0.039939000
6.400030000	0.039901000
6.400035000	0.038107000
6.400038000	0.038079000
6.401913000	0.036900000
6.401949000	0.036903000
6.406877000	0.041825000
6.406917000	0.041795000
6.406931000	0.041764000
6.409949000	0.044777000
6.416937000	0.051715000
6.416975000	0.050099000
6.419972000	0.053089000
6.420011000	0.053027000
6.420028000	0.053010000
6.420032000	0.053008000
6.420036000	0.052963000
6.421927000	0.054804000
6.421965000	0.054836000
6.424907000	0.054999000
6.424953000	0.054952000
6.424970000	0.054917000
6.425020000	0.054919000
6.425078000	0.054971000
6.426894000	0.056738000
6.426935000	0.056729000
6.429989000	0.059777000
6.430026000	0.059765000
6.430038000	0.059759000
6.430042000	0.059730000
6.430045000	0.059728000
6.431930000	0.061563000
6.431967000	0.061595000
6.436865000	0.064969000
6.436910000	0.065001000
6.436928000	0.064977000
6.439909000	0.065012000
6.439946000	0.064964000
6.439957000	0.064965000
6.439961000	0.064927000
6.439967000	0.064928000
6.441895000	0.066629000
6.441931000	0.066649000
6.444891000	0.069542000
6.446910000	0.071552000
6.446939000	0.071562000
6.449931000	0.074453000
6.449962000	0.074478000
6.449973000	0.074452000
6.451896000	0.076368000
6.451931000	0.076357000
6.454932000	0.079352000
6.454986000	0.079361000
6.535175000	0.155174000
6.539930000	0.158024000
6.539971000	0.143050000
6.542957000	0.087962000
6.594976000	0.055015000
6.594982000	0.055018000
6.594986000	0.055019000
6.594990000	0.054943000
6.594994000	0.054944000
6.595057000	0.054921000
6.595062000	0.054920000
6.595112000	0.054889000
6.595116000	0.054888000
6.595165000	0.054861000
6.595220000	0.054910000
6.595236000	0.054891000
6.596898000	0.056550000
6.596904000	0.056506000
6.596951000	0.056550000
6.596956000	0.056504000
6.597005000	0.056550000
6.601914000	0.061408000
6.601933000	0.061424000
6.604871000	0.064311000
6.604887000	0.064324000
6.604924000	0.064310000
6.604931000	0.064315000
6.606930000	0.066263000
6.606947000	0.066277000
6.606958000	0.066237000
6.606962000	0.066238000
6.606984000	0.066209000
6.609930000	0.069152000
6.609947000	0.069118000
6.609952000	0.069120000
6.609956000	0.069074000
6.610047000	0.069162000
6.610056000	0.069120000
6.610061000	0.069121000
6.610067000	0.069077000
6.610103000	0.069110000
6.610110000	0.069066000
6.610162000	0.069115000
6.610169000	0.069072000
6.610219000	0.069119000
6.610227000	0.069076000
6.610273000	0.069118000
6.610280000	0.069075000
6.610330000	0.069122000
6.610338000	0.069079000
6.610384000	0.069122000
6.610392000	0.069069000
6.610439000	0.069112000
6.610446000	0.069065000
6.610451000	0.069065000
6.610457000	0.069036000
6.610551000	0.069128000
6.610560000	0.069086000
6.610639000	0.069162000
6.610646000	0.069118000
6.610654000	0.069123000
6.611862000	0.070280000
6.611872000	0.070288000
6.614895000	0.073259000
6.614944000	0.073305000
6.614949000	0.073260000
6.614997000	0.073305000
6.615002000	0.073256000
6.615051000	0.073300000
6.615056000	0.073259000
6.615104000	0.073304000
6.615108000	0.073257000
6.615157000	0.073303000
6.615161000	0.073227000
6.615211000	0.073274000
6.615214000	0.073255000
6.615264000	0.073302000
6.615267000	0.073254000
6.615317000	0.073301000
6.615321000	0.073255000
6.615371000	0.073302000
6.615375000	0.073255000
6.615425000	0.073302000
6.615428000	0.073254000
6.615495000	0.073318000
6.615498000	0.073270000
6.615548000	0.073317000
6.616919000	0.074636000
6.616931000	0.074645000
6.616971000	0.074636000
6.616977000	0.074639000
6.617026000	0.074637000
6.617029000	0.074638000
6.619965000	0.077523000
6.619982000	0.077537000
6.620060000	0.077564000
6.620076000	0.077577000
6.620081000	0.077531000
6.620085000	0.077532000
6.620088000	0.077484000
6.620093000	0.077486000
6.620193000	0.077535000
6.620199000	0.077538000
6.620226000	0.077177000
6.621941000	0.078889000
6.621957000	0.078871000
6.659921000	0.116188000
6.666925000	0.122345000
6.715924000	0.033884000
