4.399311000	0.042489000
4.467207000	0.051978000
4.467250000	0.052010000
4.467259000	0.051942000
4.467265000	0.051940000
4.469162000	0.053763000
4.492258000	0.076853000
4.492323000	0.076788000
4.520249000	0.053013000
4.527296000	0.060052000
4.527342000	0.059973000
4.527350000	0.055777000
4.527356000	0.055778000
4.528255000	0.048369000
4.528270000	0.048380000
4.528279000	0.035980000
4.528282000	0.035975000
4.543325000	0.048887000
4.543364000	0.048922000
4.543371000	0.044798000
4.543384000	0.044806000
4.544181000	0.041416000
4.552233000	0.049464000
4.559230000	0.052324000
4.559264000	0.052353000
4.560207000	0.039932000
4.560224000	0.039942000
4.587245000	0.059923000
4.587269000	0.059939000
4.587273000	0.058020000
4.587275000	0.058017000
4.587278000	0.056041000
4.587280000	0.056038000
4.587296000	0.054041000
4.587298000	0.054038000
4.587303000	0.052088000
4.587306000	0.052088000
4.588138000	0.050926000
4.588152000	0.050935000
4.588161000	0.048963000
4.588165000	0.048964000
4.588168000	0.046920000
4.589264000	0.048011000
4.589276000	0.046094000
4.590388000	0.047201000
4.597164000	0.053812000
4.597246000	0.052078000
4.597258000	0.052087000
4.597261000	0.050102000
4.597264000	0.050102000
4.597266000	0.048118000
4.597273000	0.048122000
4.598251000	0.047110000
4.598262000	0.047118000
4.598264000	0.045130000
4.598267000	0.045129000
4.599151000	0.044029000
4.607133000	0.047883000
4.607144000	0.046895000
4.607147000	0.046896000
4.614309000	0.052123000
4.614318000	0.052129000
4.614322000	0.050262000
4.614325000	0.050262000
4.615210000	0.049247000
4.631277000	0.044014000
4.632210000	0.042229000
4.640103000	0.048504000
4.647140000	0.053923000
4.647167000	0.052405000
4.647177000	0.050820000
4.648233000	0.048980000
4.649190000	0.048819000
4.657252000	0.055672000
4.657276000	0.054607000
4.657280000	0.053424000
4.657283000	0.052310000
4.658195000	0.052035000
4.666211000	0.058933000
4.673274000	0.064968000
4.673292000	0.063965000
4.673297000	0.063018000
4.673309000	0.062055000
4.673319000	0.061085000
4.674249000	0.061014000
4.700259000	0.086036000
4.700302000	0.085066000
4.707183000	0.089991000
4.707223000	0.089031000
4.707227000	0.087057000
4.707381000	0.086217000
4.707393000	0.085242000
4.707396000	0.084245000
4.708272000	0.084128000
4.708283000	0.083091000
4.716173000	0.084875000
4.723262000	0.088452000
4.723305000	0.083185000
4.723314000	0.083189000
4.723320000	0.082660000
4.723322000	0.082659000
4.738194000	0.091036000
4.738219000	0.091056000
4.738223000	0.090556000
4.738226000	0.090556000
4.738228000	0.089539000
4.738231000	0.089540000
4.738246000	0.088536000
4.739078000	0.089364000
4.739270000	0.088562000
4.739274000	0.088563000
4.739277000	0.088507000
4.748224000	0.096576000
4.756135000	0.104484000
4.763292000	0.110623000
4.763320000	0.110648000
4.763330000	0.109711000
4.763335000	0.109715000
4.763338000	0.106069000
4.763342000	0.106069000
4.763364000	0.105530000
4.763368000	0.105531000
4.764265000	0.105501000
4.764276000	0.105511000
4.764279000	0.104484000
4.764281000	0.104482000
4.764284000	0.103501000
4.764286000	0.103499000
4.765179000	0.098954000
4.765196000	0.098968000
4.773235000	0.099949000
4.773258000	0.099969000
4.773265000	0.099477000
4.773276000	0.099487000
4.773279000	0.098474000
4.773282000	0.098474000
4.773287000	0.097522000
4.773289000	0.097523000
4.774163000	0.097380000
4.774175000	0.097389000
4.774178000	0.096437000
4.774180000	0.096435000
4.781341000	0.081047000
4.781363000	0.081064000
4.800108000	0.099280000
4.800145000	0.099314000
4.807176000	0.099960000
4.807213000	0.099993000
4.807224000	0.099467000
4.807230000	0.099455000
4.807253000	0.099444000
4.807259000	0.098559000
4.807264000	0.098563000
4.808180000	0.098477000
4.808194000	0.098487000
4.808202000	0.097531000
4.808208000	0.097534000
4.808251000	0.096609000
4.809103000	0.097458000
4.809119000	0.096510000
4.809124000	0.096512000
4.809259000	0.095713000
4.817123000	0.103576000
4.824256000	0.109707000
4.824287000	0.109735000
4.824296000	0.108750000
4.824300000	0.108751000
4.824304000	0.107849000
4.824307000	0.107849000
4.824310000	0.106984000
4.824313000	0.106985000
4.824330000	0.106130000
4.824333000	0.106131000
4.825189000	0.101906000
4.825204000	0.101916000
4.825209000	0.101443000
4.825212000	0.101429000
4.825222000	0.100683000
4.825226000	0.100683000
4.825319000	0.099980000
4.833165000	0.107823000
4.833195000	0.107105000
4.840232000	0.114140000
4.840264000	0.113387000
4.840273000	0.112611000
4.840279000	0.112575000
4.840283000	0.111800000
4.840300000	0.111028000
4.841153000	0.111127000
4.841169000	0.110327000
4.856277000	0.118065000
4.856312000	0.117697000
4.856318000	0.116921000
4.857214000	0.116966000
4.857238000	0.116232000
4.857243000	0.115451000
4.872254000	0.129675000
4.872289000	0.116136000
4.872299000	0.108973000
4.881245000	0.117513000
4.888301000	0.123735000
4.888335000	0.123034000
4.888341000	0.122221000
4.888345000	0.121435000
4.888348000	0.120687000
4.888365000	0.119920000
4.889230000	0.115557000
4.889246000	0.114810000
4.889251000	0.114026000
4.889255000	0.113241000
4.889259000	0.112465000
4.889262000	0.111679000
4.897220000	0.115467000
4.927300000	0.127165000
4.927335000	0.126796000
4.927340000	0.119733000
4.927345000	0.118965000
4.927349000	0.118184000
4.927379000	0.117433000
4.928226000	0.117499000
4.928242000	0.116696000
4.928246000	0.115959000
4.928251000	0.115143000
4.928254000	0.103973000
4.928258000	0.103573000
4.929199000	0.103738000
4.944278000	0.118022000
4.944314000	0.117226000
4.944320000	0.116503000
4.944325000	0.115703000
4.944329000	0.114963000
4.944333000	0.114136000
4.953078000	0.119876000
4.953120000	0.112850000
4.953242000	0.112551000
4.960154000	0.118694000
4.960201000	0.117968000
4.960206000	0.117190000
4.960210000	0.116388000
4.960213000	0.115594000
4.980229000	0.123922000
4.995185000	0.138438000
4.995223000	0.137711000
4.995228000	0.136963000
4.995232000	0.136171000
4.995236000	0.135407000
4.995240000	0.122549000
4.995335000	0.121840000
4.995340000	0.121081000
4.995344000	0.113630000
4.995348000	0.106603000
4.995356000	0.105828000
4.995360000	0.105072000
5.003177000	0.112110000
5.010167000	0.118316000
5.010216000	0.117555000
5.010221000	0.116808000
5.010225000	0.115995000
5.010229000	0.115209000
5.010233000	0.114440000
5.010237000	0.113690000
5.010241000	0.113639000
5.011239000	0.113917000
5.027201000	0.099871000
5.027216000	0.099470000
5.035124000	0.106592000
5.042192000	0.112896000
5.042226000	0.112138000
5.042232000	0.111370000
5.042236000	0.110577000
5.042240000	0.109787000
5.043099000	0.109858000
5.043106000	0.109125000
5.051157000	0.116382000
5.058218000	0.122664000
5.058258000	0.121934000
5.058267000	0.113958000
5.059147000	0.114438000
5.059159000	0.113640000
5.059163000	0.112890000
5.059166000	0.112110000
5.065213000	0.117320000
5.065253000	0.111734000
5.065258000	0.110944000
5.065269000	0.110171000
5.073178000	0.112586000
5.088132000	0.126743000
5.088166000	0.126024000
5.088171000	0.125250000
5.088175000	0.124472000
5.088309000	0.107633000
5.103277000	0.107664000
5.103314000	0.106917000
5.103320000	0.106147000
5.103324000	0.105374000
5.103327000	0.104554000
5.103331000	0.103777000
5.103348000	0.103043000
5.104185000	0.103101000
5.104201000	0.103071000
5.104205000	0.102335000
5.105148000	0.102437000
5.105164000	0.101734000
5.110174000	0.105967000
5.110190000	0.099992000
5.110215000	0.099589000
5.118254000	0.106872000
5.125148000	0.112961000
5.125182000	0.112236000
5.133135000	0.119348000
5.140247000	0.125729000
5.140278000	0.124986000
5.140283000	0.124179000
5.141161000	0.113948000
5.141171000	0.113552000
5.160202000	0.125047000
5.167279000	0.125058000
5.167316000	0.124679000
5.167327000	0.123906000
5.167331000	0.123143000
5.167335000	0.122363000
5.167339000	0.121527000
5.167356000	0.120799000
5.167365000	0.115782000
5.168185000	0.109538000
5.168226000	0.108804000
5.176217000	0.116009000
5.176237000	0.115242000
5.183110000	0.121337000
5.183271000	0.120718000
5.183277000	0.119949000
5.183281000	0.117648000
5.183285000	0.116867000
5.184240000	0.117046000
5.184255000	0.116217000
5.199189000	0.125561000
5.199206000	0.111045000
5.199233000	0.110669000
5.199237000	0.109859000
5.199241000	0.109053000
5.200150000	0.109232000
5.215134000	0.111825000
5.215153000	0.111427000
5.215157000	0.110663000
5.215162000	0.109887000
5.215165000	0.109070000
5.238273000	0.131395000
5.238296000	0.130640000
5.238300000	0.129868000
5.238304000	0.129090000
5.238308000	0.128316000
5.238313000	0.127548000
5.238346000	0.126823000
5.238353000	0.126012000
5.246207000	0.133075000
5.253247000	0.139369000
5.253264000	0.134554000
5.253268000	0.127690000
5.253272000	0.126915000
5.253300000	0.119723000
5.253310000	0.112645000
5.254158000	0.112714000
5.254174000	0.111948000
5.254179000	0.111167000
5.254184000	0.110328000
5.263117000	0.102495000
5.271108000	0.103359000
5.278202000	0.109720000
5.279094000	0.104028000
5.294260000	0.112611000
5.294276000	0.106104000
5.294305000	0.099562000
5.294310000	0.092982000
5.294339000	0.086448000
5.295143000	0.087167000
5.295158000	0.080720000
5.327290000	0.106263000
5.327326000	0.099755000
5.327332000	0.093175000
5.327349000	0.086656000
5.327366000	0.080111000
5.327370000	0.073524000
5.328171000	0.067755000
5.328183000	0.065554000
5.328189000	0.063303000
5.328194000	0.061048000
5.328205000	0.058803000
5.336098000	0.064439000
5.343136000	0.069215000
5.343151000	0.066939000
5.343155000	0.064725000
5.366253000	0.085509000
5.367094000	0.084149000
5.368180000	0.082984000
5.369165000	0.081701000
5.369182000	0.079473000
5.370232000	0.078239000
5.371117000	0.076866000
5.372133000	0.075623000
5.373247000	0.074480000
5.374181000	0.073188000
5.374201000	0.070961000
5.374205000	0.068710000
5.375088000	0.067337000
5.375259000	0.065217000
5.390199000	0.077901000
5.390218000	0.075693000
5.390225000	0.073440000
5.390235000	0.071148000
5.391127000	0.069832000
5.399196000	0.075612000
5.406264000	0.077814000
5.406288000	0.077798000
5.406296000	0.075554000
5.406302000	0.073294000
5.406308000	0.071081000
5.407215000	0.069712000
5.422160000	0.082417000
5.422179000	0.080189000
5.422214000	0.077968000
5.423274000	0.076709000
5.440242000	0.091462000
5.440260000	0.089241000
5.447293000	0.094016000
5.447311000	0.091787000
5.447315000	0.089468000
5.447320000	0.081028000
5.448136000	0.080682000
5.456151000	0.086461000
5.463195000	0.091250000
5.463212000	0.088979000
5.463218000	0.087183000
5.463246000	0.085436000
5.463362000	0.083706000
5.471136000	0.089689000
5.478217000	0.094997000
5.478223000	0.093194000
5.478229000	0.091368000
5.479210000	0.090566000
5.479225000	0.088785000
5.540261000	0.036754000
