3.571455000	0.039845000
3.618412000	0.046403000
3.621411000	0.049388000
3.621520000	0.049437000
3.621576000	0.049484000
3.621633000	0.049511000
3.621652000	0.049527000
3.623469000	0.051277000
3.623508000	0.051312000
3.628419000	0.056142000
3.628464000	0.056181000
3.671687000	0.053255000
3.671730000	0.053293000
3.671748000	0.050317000
3.671757000	0.050320000
3.671766000	0.050236000
3.671773000	0.050239000
3.671782000	0.050198000
3.671790000	0.050202000
3.671906000	0.050262000
3.671936000	0.050288000
3.671944000	0.050241000
3.673467000	0.051756000
3.673494000	0.049996000
3.676473000	0.052970000
3.676495000	0.052962000
3.676501000	0.052966000
3.676528000	0.048076000
3.676582000	0.048124000
3.676601000	0.048111000
3.676607000	0.048113000
3.707476000	0.035759000
3.707513000	0.035789000
3.707523000	0.035598000
3.707528000	0.035597000
3.707531000	0.035477000
3.708399000	0.036337000
3.708428000	0.036329000
3.713447000	0.041342000
3.713482000	0.041330000
3.715456000	0.043300000
3.715485000	0.043277000
3.715494000	0.043282000
3.717398000	0.045128000
3.717658000	0.045384000
3.717670000	0.045349000
3.717676000	0.045353000
3.717711000	0.045336000
3.718410000	0.046032000
3.718419000	0.045990000
3.721410000	0.048979000
3.721427000	0.048942000
3.721465000	0.048978000
3.721484000	0.047998000
3.721520000	0.048030000
3.721539000	0.048017000
3.721573000	0.048047000
3.730420000	0.053932000
3.730450000	0.053958000
3.730577000	0.054041000
3.730589000	0.054050000
3.733474000	0.056881000
3.736447000	0.059849000
3.736501000	0.059861000
3.736514000	0.059871000
3.736555000	0.059832000
3.736745000	0.059946000
3.746567000	0.039047000
3.748367000	0.040674000
3.748415000	0.039993000
3.751438000	0.043003000
3.751468000	0.037995000
3.753442000	0.039950000
3.753473000	0.037995000
3.756426000	0.040935000
3.756455000	0.040946000
3.756471000	0.039052000
3.756475000	0.038809000
3.758433000	0.040759000
3.758462000	0.040747000
3.761481000	0.043763000
3.761587000	0.043171000
3.761640000	0.043217000
3.763417000	0.041996000
3.766466000	0.045042000
3.766495000	0.045021000
3.766504000	0.045025000
3.766508000	0.044976000
3.766512000	0.044977000
3.768416000	0.046838000
3.771484000	0.049904000
3.773407000	0.042963000
3.773430000	0.042973000
3.776400000	0.045815000
3.776430000	0.045837000
3.776439000	0.042943000
3.783412000	0.046952000
3.786422000	0.049912000
3.786465000	0.049944000
3.786473000	0.049909000
3.786519000	0.049951000
3.786572000	0.049812000
3.786580000	0.049814000
3.786626000	0.049823000
3.786637000	0.049829000
3.786647000	0.049790000
3.786974000	0.040392000
3.787081000	0.040496000
3.788421000	0.040033000
3.788439000	0.040046000
3.791489000	0.043067000
3.791518000	0.043093000
3.791527000	0.040065000
3.791531000	0.040057000
3.791534000	0.038068000
3.791656000	0.038177000
3.791669000	0.035220000
3.791673000	0.035212000
3.791790000	0.035203000
3.793454000	0.036863000
3.793489000	0.035033000
3.798431000	0.039963000
3.803422000	0.041924000
3.803451000	0.041851000
3.808572000	0.046923000
3.811654000	0.048219000
3.811684000	0.048244000
3.811693000	0.045205000
3.813418000	0.046917000
3.813447000	0.046921000
3.816447000	0.049918000
3.816459000	0.049834000
3.816552000	0.048113000
3.816658000	0.045159000
3.816712000	0.043288000
3.816722000	0.043286000
3.816764000	0.040341000
3.816767000	0.040313000
3.843425000	0.056997000
3.843460000	0.056983000
3.846522000	0.059945000
3.846556000	0.059925000
3.846561000	0.059820000
3.846666000	0.059685000
3.846696000	0.058261000
3.846701000	0.055189000
3.846705000	0.055157000
3.846708000	0.048251000
3.847506000	0.038912000
3.847531000	0.035841000
3.847535000	0.034094000
3.866419000	0.049963000
3.866443000	0.049883000
3.866473000	0.049755000
3.866486000	0.049698000
3.866523000	0.049700000
3.878462000	0.035008000
3.878494000	0.035009000
3.891416000	0.044865000
3.891447000	0.044868000
3.893410000	0.046719000
3.901476000	0.053956000
3.901528000	0.053965000
3.901543000	0.053902000
3.901548000	0.053877000
3.903409000	0.055631000
3.903456000	0.055590000
3.906441000	0.058537000
3.906457000	0.058499000
3.906497000	0.058486000
3.906658000	0.058381000
3.915423000	0.048984000
3.915455000	0.048972000
3.915476000	0.048944000
3.915487000	0.048904000
3.915528000	0.048893000
3.921661000	0.043172000
3.921700000	0.043142000
3.923426000	0.031989000
3.925420000	0.033950000
3.925435000	0.032001000
3.937472000	0.035973000
3.937501000	0.035965000
3.937509000	0.035879000
3.937524000	0.035806000
3.938455000	0.035020000
3.938489000	0.034871000
3.948457000	0.042007000
3.953383000	0.046880000
3.953431000	0.046877000
3.957444000	0.050837000
3.957477000	0.050802000
3.957483000	0.050765000
3.957488000	0.050716000
3.957500000	0.050674000
3.966465000	0.051020000
3.966487000	0.051006000
3.966518000	0.050985000
3.966535000	0.050897000
3.966573000	0.050852000
3.966589000	0.050781000
3.967457000	0.045762000
3.973412000	0.051678000
3.981408000	0.057969000
3.981431000	0.055999000
3.981463000	0.055986000
3.981516000	0.044020000
3.981571000	0.044036000
3.981596000	0.044005000
3.981601000	0.043955000
3.981678000	0.043200000
3.981689000	0.043174000
3.987486000	0.039008000
3.987518000	0.034114000
3.987540000	0.034102000
3.993388000	0.035921000
3.993439000	0.035934000
4.016445000	0.049967000
4.016478000	0.049952000
4.016484000	0.049902000
4.016488000	0.049857000
4.016749000	0.050062000
4.018474000	0.051734000
4.018506000	0.051711000
4.018512000	0.051661000
4.018516000	0.051612000
4.018520000	0.051562000
4.026482000	0.059008000
4.028394000	0.054954000
4.036555000	0.055129000
4.036587000	0.055113000
4.036594000	0.055067000
4.036599000	0.055008000
4.036603000	0.054973000
4.036606000	0.054919000
4.040441000	0.052925000
4.040463000	0.052916000
4.040532000	0.052928000
4.040560000	0.052898000
4.040565000	0.052851000
4.041428000	0.053659000
4.041440000	0.053616000
4.041483000	0.048038000
4.058397000	0.041929000
4.061443000	0.044941000
4.061475000	0.044880000
4.061488000	0.044812000
4.061492000	0.044722000
4.061611000	0.043115000
4.063425000	0.044891000
4.063457000	0.044824000
4.068454000	0.049732000
4.069460000	0.042951000
4.073436000	0.045028000
4.086455000	0.049873000
4.086487000	0.049863000
4.086492000	0.049762000
4.086496000	0.049679000
4.086663000	0.049808000
4.086692000	0.049783000
4.088436000	0.047980000
4.088490000	0.047939000
4.091428000	0.050837000
4.091456000	0.050773000
4.091471000	0.050747000
4.096596000	0.055161000
4.096651000	0.055163000
4.096707000	0.055162000
4.096803000	0.055212000
4.096839000	0.038371000
4.098418000	0.036948000
4.098429000	0.036804000
4.101404000	0.039707000
4.101431000	0.039674000
4.101457000	0.039645000
4.101472000	0.038020000
4.101509000	0.038025000
4.103423000	0.034938000
4.108459000	0.038968000
4.108492000	0.038958000
4.111440000	0.041808000
4.118502000	0.045046000
4.128421000	0.041944000
4.128456000	0.041946000
4.131420000	0.044840000
4.131452000	0.044770000
4.131457000	0.044740000
4.133403000	0.046633000
4.133442000	0.044997000
4.133450000	0.044954000
4.138387000	0.049840000
4.141614000	0.050162000
4.141646000	0.049978000
4.146564000	0.049668000
4.146725000	0.045299000
4.146747000	0.045181000
4.151433000	0.049813000
4.151539000	0.048100000
4.151549000	0.043067000
4.151554000	0.043034000
4.158498000	0.047044000
4.161577000	0.043052000
4.161609000	0.043005000
4.178437000	0.049993000
4.178471000	0.049994000
4.181467000	0.050020000
4.181790000	0.050306000
4.181942000	0.050408000
4.181973000	0.048538000
4.181978000	0.048504000
4.181984000	0.048453000
4.181987000	0.043582000
4.191434000	0.049792000
4.191466000	0.049789000
4.196694000	0.050109000
4.198443000	0.051823000
4.198480000	0.051806000
4.201513000	0.054779000
4.201544000	0.050099000
4.201550000	0.050062000
4.201553000	0.050009000
4.201557000	0.049928000
4.201656000	0.049936000
4.203369000	0.051568000
4.203420000	0.051578000
4.206431000	0.054534000
4.206469000	0.054520000
4.206477000	0.054474000
4.206493000	0.054436000
4.206549000	0.054438000
4.206567000	0.054403000
4.211501000	0.052980000
4.212077000	0.050288000
4.213486000	0.035019000
4.216460000	0.037958000
4.218382000	0.036906000
4.221490000	0.039673000
4.221521000	0.039552000
4.228452000	0.046446000
4.228485000	0.046376000
4.231397000	0.049201000
4.231420000	0.049140000
4.233499000	0.042043000
4.236679000	0.045185000
4.241558000	0.044849000
4.241590000	0.043127000
4.241596000	0.042969000
4.241608000	0.040073000
4.241702000	0.040130000
4.241731000	0.040056000
4.243421000	0.041702000
4.243434000	0.041624000
4.244437000	0.042556000
4.244450000	0.042525000
4.244491000	0.041100000
4.244545000	0.041117000
4.244554000	0.038091000
4.246433000	0.039928000
4.248492000	0.041929000
4.248523000	0.041908000
4.251441000	0.044771000
4.251548000	0.044822000
4.268460000	0.056948000
4.271500000	0.059411000
4.271514000	0.059352000
4.271555000	0.059348000
4.271566000	0.058057000
4.271675000	0.055193000
4.271727000	0.053330000
4.271780000	0.050231000
4.274439000	0.040917000
4.278396000	0.041694000
4.288412000	0.046827000
4.288456000	0.046840000
4.293469000	0.051743000
4.293501000	0.051741000
4.295459000	0.053647000
4.295491000	0.053625000
4.295499000	0.052071000
4.295505000	0.052027000
4.295510000	0.046997000
4.298474000	0.049860000
4.306451000	0.055000000
4.306469000	0.054913000
4.316630000	0.048150000
4.323438000	0.051928000
4.328467000	0.056904000
4.328486000	0.056845000
4.331408000	0.059724000
4.331460000	0.059724000
4.331466000	0.059678000
4.331514000	0.059676000
4.331518000	0.059627000
4.331706000	0.057240000
4.331714000	0.057212000
4.333410000	0.058853000
4.333415000	0.058804000
4.336510000	0.061845000
4.336527000	0.061808000
4.336532000	0.058121000
4.336818000	0.048373000
4.336835000	0.048362000
4.336840000	0.041185000
4.386464000	0.044765000
