14.566096000	0.038086000
14.626172000	0.057771000
14.627875000	0.059460000
14.627909000	0.059476000
14.627920000	0.059482000
14.637903000	0.069393000
14.637943000	0.069429000
14.643005000	0.074421000
14.643044000	0.074457000
14.645913000	0.077251000
14.645959000	0.077294000
14.657936000	0.031748000
14.657976000	0.031782000
14.662880000	0.034981000
14.662918000	0.035014000
14.664937000	0.036945000
14.664974000	0.036978000
14.664982000	0.036931000
14.664988000	0.036934000
14.672925000	0.034995000
14.672974000	0.035037000
14.677901000	0.039934000
14.677946000	0.039976000
14.682880000	0.039846000
14.682916000	0.039877000
14.684929000	0.041801000
14.684963000	0.041831000
14.684978000	0.039032000
14.684991000	0.039038000
14.685030000	0.039043000
14.685058000	0.039067000
14.692943000	0.034977000
14.692980000	0.035009000
14.697946000	0.039941000
14.697986000	0.039977000
14.699943000	0.037035000
14.699982000	0.037069000
14.699991000	0.037046000
14.699997000	0.037049000
14.700002000	0.035037000
14.702893000	0.037923000
14.702937000	0.037919000
14.705908000	0.040887000
14.705943000	0.040825000
14.705952000	0.040828000
14.705965000	0.040760000
14.706091000	0.040881000
14.706113000	0.033153000
14.706121000	0.033153000
14.707892000	0.034897000
14.707925000	0.034927000
14.709928000	0.031995000
14.709955000	0.032015000
14.709981000	0.031994000
14.710002000	0.032011000
14.717903000	0.034997000
14.717934000	0.035023000
14.719922000	0.036982000
14.719966000	0.037023000
14.719982000	0.035028000
14.719989000	0.035030000
14.720003000	0.035018000
14.722885000	0.037897000
14.722923000	0.037875000
14.727911000	0.042858000
14.727949000	0.042860000
14.729925000	0.044784000
14.729964000	0.044771000
14.729970000	0.036995000
14.729976000	0.036875000
14.729983000	0.032004000
14.730067000	0.032058000
14.732911000	0.032934000
14.732957000	0.032934000
14.737968000	0.037845000
14.738005000	0.037794000
14.739948000	0.036982000
14.739993000	0.034056000
14.740000000	0.033892000
14.740006000	0.032091000
14.740011000	0.032091000
14.742888000	0.034928000
14.742923000	0.034959000
14.747891000	0.039879000
14.747936000	0.039919000
14.747955000	0.039888000
14.749930000	0.041859000
14.749966000	0.041844000
14.749979000	0.041850000
14.749985000	0.041810000
14.749989000	0.041809000
14.750923000	0.042692000
14.750965000	0.042730000
14.750979000	0.041032000
14.750984000	0.041033000
14.752911000	0.042950000
14.752947000	0.042960000
14.752960000	0.042968000
14.755939000	0.045943000
14.755976000	0.045940000
14.755989000	0.045950000
14.755995000	0.038070000
14.757935000	0.040005000
14.757972000	0.040030000
14.759930000	0.041966000
14.759974000	0.040021000
14.759994000	0.040034000
14.762928000	0.042950000
14.762966000	0.042815000
14.767883000	0.047728000
14.767925000	0.047766000
14.769908000	0.049690000
14.769952000	0.049730000
14.769971000	0.049745000
14.769981000	0.049664000
14.769999000	0.047086000
14.770951000	0.048033000
14.770986000	0.048052000
14.770999000	0.048041000
14.771005000	0.043027000
14.771072000	0.041116000
14.771177000	0.041176000
14.777963000	0.047959000
14.778001000	0.047924000
14.779968000	0.049885000
14.780017000	0.049893000
14.780034000	0.049859000
14.780044000	0.049810000
14.780055000	0.042057000
14.787873000	0.049845000
14.787912000	0.049878000
14.797921000	0.057943000
14.797961000	0.057975000
14.797970000	0.057942000
14.797974000	0.057937000
14.797996000	0.057862000
14.798010000	0.057873000
14.798039000	0.057821000
14.798052000	0.057828000
14.798146000	0.057919000
14.798166000	0.057937000
14.798172000	0.057860000
14.798177000	0.057860000
14.798881000	0.058561000
14.798931000	0.058608000
14.799992000	0.059587000
14.800021000	0.059610000
14.800030000	0.059616000
14.800037000	0.059620000
14.800042000	0.057128000
14.800942000	0.058023000
14.800971000	0.058041000
14.800980000	0.058047000
14.800988000	0.053065000
14.800993000	0.053063000
14.802886000	0.054939000
14.802912000	0.054961000
14.806945000	0.058967000
14.806993000	0.059011000
14.807001000	0.057044000
14.807045000	0.057083000
14.807052000	0.057079000
14.807097000	0.057121000
14.807104000	0.057098000
14.807111000	0.057102000
14.807149000	0.057137000
14.807156000	0.057141000
14.807163000	0.057079000
14.807254000	0.057160000
14.807266000	0.056316000
14.807278000	0.056323000
14.807285000	0.056312000
14.807307000	0.056331000
14.807317000	0.056164000
14.807360000	0.056203000
14.807369000	0.056209000
14.807876000	0.056713000
14.807894000	0.054957000
14.809896000	0.056953000
14.809946000	0.056992000
14.809959000	0.057002000
14.809999000	0.057023000
14.810014000	0.057034000
14.810051000	0.054085000
14.813050000	0.057079000
14.813079000	0.057096000
14.814956000	0.058970000
14.814985000	0.058973000
14.814994000	0.058979000
14.815002000	0.058985000
14.815006000	0.058986000
14.815110000	0.057148000
14.815138000	0.057171000
14.815147000	0.057168000
14.815155000	0.057173000
14.815159000	0.055197000
14.815170000	0.055202000
14.815264000	0.055278000
14.815292000	0.055302000
14.815301000	0.055283000
14.815309000	0.055287000
14.815313000	0.052357000
14.815324000	0.052363000
14.815420000	0.052447000
14.815450000	0.052474000
14.815459000	0.047546000
14.815464000	0.047545000
14.815467000	0.047530000
14.815477000	0.047537000
14.815571000	0.045633000
14.815601000	0.045655000
14.815610000	0.045646000
14.815615000	0.045647000
14.815618000	0.045608000
14.815629000	0.045615000
14.815722000	0.045704000
14.815752000	0.045731000
14.815761000	0.045703000
14.815767000	0.045704000
14.815770000	0.044788000
14.815782000	0.044786000
14.815834000	0.044808000
14.815847000	0.044815000
14.815890000	0.044807000
14.817905000	0.046816000
14.817930000	0.046799000
14.819957000	0.048821000
14.819979000	0.048756000
14.819987000	0.048758000
14.819991000	0.048657000
14.820059000	0.048718000
14.820072000	0.048725000
14.820883000	0.042887000
14.820895000	0.042882000
14.822882000	0.044853000
14.822906000	0.042902000
14.825892000	0.045880000
14.827912000	0.047820000
14.827942000	0.047842000
14.829930000	0.049822000
14.829963000	0.049813000
14.829971000	0.049813000
14.830196000	0.049994000
14.830213000	0.050003000
14.830217000	0.049999000
14.832869000	0.052608000
14.832918000	0.052649000
14.835928000	0.055611000
14.835960000	0.055636000
14.835969000	0.055600000
14.835973000	0.055596000
14.837987000	0.057602000
14.838020000	0.057594000
14.838029000	0.057596000
14.839935000	0.059456000
14.839974000	0.059487000
14.839987000	0.059458000
14.840005000	0.059468000
14.840033000	0.059449000
14.842931000	0.062339000
14.842964000	0.062365000
14.845994000	0.065352000
14.846026000	0.065377000
14.846035000	0.058132000
14.846039000	0.058131000
14.846042000	0.058110000
14.846047000	0.058112000
14.846050000	0.048102000
14.847933000	0.049978000
14.847962000	0.049995000
14.849930000	0.051929000
14.849959000	0.051955000
14.849973000	0.051966000
14.849985000	0.051942000
14.849989000	0.051942000
14.851005000	0.052956000
14.851037000	0.052943000
14.852904000	0.054807000
14.852934000	0.054834000
14.857899000	0.059745000
14.857929000	0.059770000
14.866970000	0.068808000
14.867001000	0.068801000
14.867010000	0.068807000
14.867018000	0.068813000
14.867022000	0.068769000
14.867025000	0.068763000
14.867133000	0.068229000
14.867161000	0.068222000
14.867171000	0.067157000
14.867179000	0.067152000
14.867187000	0.067152000
14.867190000	0.067134000
14.867194000	0.067135000
14.867298000	0.066333000
14.867328000	0.066351000
14.867337000	0.066351000
14.867341000	0.066333000
14.867345000	0.066334000
14.867447000	0.064541000
14.867479000	0.064562000
14.867483000	0.060517000
14.867486000	0.060488000
14.867489000	0.060483000
14.867493000	0.060444000
14.867624000	0.060568000
14.867656000	0.060597000
14.867661000	0.060559000
14.867664000	0.060555000
14.867667000	0.060551000
14.867671000	0.060517000
14.867674000	0.060514000
14.867953000	0.060786000
14.867985000	0.060723000
14.869929000	0.062656000
14.869939000	0.062656000
14.870006000	0.062694000
14.870018000	0.062703000
14.870026000	0.062704000
14.870033000	0.062667000
14.872896000	0.065524000
14.872931000	0.065042000
14.875894000	0.067996000
14.875947000	0.066034000
14.875960000	0.066005000
14.876002000	0.066036000
14.876014000	0.066008000
14.876058000	0.066047000
14.876069000	0.066048000
14.877925000	0.067868000
14.877958000	0.064886000
14.879961000	0.066876000
14.879989000	0.065010000
14.879998000	0.065007000
14.880005000	0.065006000
14.880111000	0.065090000
14.880915000	0.065891000
14.880944000	0.065812000
14.880952000	0.065808000
14.880960000	0.065808000
14.880964000	0.065790000
14.881072000	0.065895000
14.882912000	0.067732000
14.882940000	0.067654000
14.882948000	0.067650000
14.885940000	0.070634000
14.886021000	0.070693000
14.886034000	0.070703000
14.886041000	0.070707000
14.886049000	0.070609000
14.886053000	0.070609000
14.886056000	0.070600000
14.886060000	0.070579000
14.886128000	0.070643000
14.886138000	0.070651000
14.886181000	0.070591000
14.886191000	0.070596000
14.886234000	0.070627000
14.886242000	0.070610000
14.887908000	0.072273000
14.887925000	0.072287000
14.889936000	0.074194000
14.889965000	0.074219000
14.889974000	0.074216000
14.889978000	0.074192000
14.889982000	0.074193000
14.889993000	0.074202000
14.890927000	0.075088000
14.890962000	0.075120000
14.890972000	0.075127000
14.890976000	0.075079000
14.892911000	0.077009000
14.892941000	0.077036000
14.896031000	0.080083000
14.896067000	0.080116000
14.896079000	0.080124000
14.896085000	0.080084000
14.896091000	0.078169000
14.896096000	0.078170000
14.896104000	0.078170000
14.896109000	0.078151000
14.896182000	0.076210000
14.896198000	0.076222000
14.896203000	0.076218000
14.897880000	0.077871000
14.897906000	0.077894000
14.899977000	0.079962000
14.900012000	0.079948000
14.900024000	0.079957000
14.900028000	0.079959000
14.900032000	0.079919000
14.900035000	0.079919000
14.900956000	0.080837000
14.900985000	0.080819000
14.900998000	0.080108000
14.901004000	0.080112000
14.901009000	0.080109000
14.901024000	0.080085000
14.901075000	0.078178000
14.901091000	0.078189000
14.901129000	0.078218000
14.901143000	0.078198000
14.901182000	0.075267000
14.901199000	0.075280000
14.901236000	0.073303000
14.901252000	0.073314000
14.901287000	0.073339000
14.901298000	0.073312000
14.901340000	0.071387000
14.901351000	0.071393000
14.901393000	0.071425000
14.901403000	0.071199000
14.901445000	0.071238000
14.901455000	0.071245000
14.901498000	0.068608000
14.901509000	0.068614000
14.901551000	0.068653000
14.901565000	0.068641000
14.901604000	0.068677000
14.901617000	0.068687000
14.901621000	0.068628000
14.902924000	0.069928000
14.902954000	0.069955000
14.905934000	0.072898000
14.905968000	0.072928000
14.905981000	0.070031000
14.906001000	0.070046000
14.906012000	0.070046000
14.906056000	0.070068000
14.906072000	0.070080000
14.906111000	0.070116000
14.906124000	0.070035000
14.906168000	0.070072000
14.906183000	0.070084000
14.907920000	0.069910000
14.907948000	0.069933000
14.909995000	0.071969000
14.910025000	0.071982000
14.910037000	0.071991000
14.910042000	0.071993000
14.910045000	0.070084000
14.910963000	0.070996000
14.910997000	0.071014000
14.911010000	0.070998000
14.911022000	0.070997000
14.911028000	0.070999000
14.911043000	0.070984000
14.911134000	0.071071000
14.917882000	0.077771000
14.917901000	0.074942000
14.919937000	0.076942000
14.919954000	0.073938000
14.919990000	0.073958000
14.920000000	0.073932000
14.920047000	0.073879000
14.922950000	0.076776000
14.922967000	0.076760000
14.925964000	0.077996000
14.925982000	0.076015000
14.925989000	0.075985000
14.925994000	0.074966000
14.926077000	0.075034000
14.926087000	0.073147000
14.926093000	0.068158000
14.926099000	0.059092000
14.926131000	0.059091000
14.926138000	0.059092000
14.927949000	0.060781000
14.927966000	0.060758000
14.929943000	0.062729000
14.929961000	0.062639000
14.929967000	0.062500000
14.929971000	0.062496000
14.930000000	0.062489000
14.930070000	0.062426000
14.932923000	0.065271000
14.932940000	0.064962000
14.937901000	0.069848000
14.937917000	0.069857000
14.939936000	0.071843000
14.939954000	0.071811000
14.939986000	0.070042000
14.939994000	0.069979000
14.940042000	0.070012000
14.940888000	0.067965000
14.940946000	0.065031000
14.940954000	0.064987000
14.941004000	0.064984000
14.941014000	0.064939000
14.941061000	0.063094000
14.941069000	0.061074000
14.942916000	0.062896000
14.942929000	0.062791000
14.945965000	0.065016000
14.945983000	0.065004000
14.945988000	0.064894000
14.945993000	0.063047000
14.946023000	0.060060000
14.946030000	0.059992000
14.946099000	0.060022000
14.946106000	0.060023000
14.946153000	0.060017000
14.946158000	0.059973000
14.947930000	0.061734000
14.947947000	0.061700000
14.949977000	0.062045000
14.950029000	0.060058000
14.950037000	0.060037000
14.950085000	0.060034000
14.950092000	0.059123000
14.952919000	0.061925000
14.952936000	0.059989000
14.952942000	0.056866000
14.955969000	0.059832000
14.955988000	0.059793000
14.955993000	0.059747000
14.957904000	0.061603000
14.957921000	0.061564000
14.959931000	0.062018000
14.959948000	0.059927000
14.959953000	0.059900000
14.960083000	0.059929000
14.960099000	0.059104000
14.960930000	0.059887000
14.960947000	0.059859000
14.960952000	0.059812000
14.960956000	0.059761000
14.962905000	0.061655000
14.962921000	0.061626000
14.966066000	0.064717000
14.966289000	0.064888000
14.966294000	0.064841000
14.966341000	0.064834000
14.966345000	0.064788000
14.966349000	0.064787000
14.966366000	0.064754000
14.966372000	0.064712000
14.966376000	0.063429000
14.967941000	0.061981000
14.967957000	0.061969000
14.967962000	0.061944000
14.970959000	0.064880000
14.970976000	0.064845000
14.970982000	0.064792000
14.970987000	0.063032000
14.971020000	0.060989000
14.972919000	0.062859000
14.972935000	0.062869000
14.972940000	0.061934000
14.975938000	0.064890000
14.975955000	0.064904000
15.007908000	0.029859000
