17.993428000	0.053199000
18.073405000	0.072231000
18.073442000	0.072258000
18.080527000	0.079288000
18.080560000	0.079235000
18.080567000	0.079240000
18.080571000	0.079193000
18.080575000	0.079194000
18.151375000	0.077943000
18.151409000	0.077972000
18.151423000	0.077953000
18.151427000	0.077954000
18.151430000	0.070908000
18.151433000	0.070897000
18.166511000	0.085920000
18.166542000	0.085948000
18.166546000	0.085826000
18.166554000	0.085828000
18.166558000	0.085748000
18.166561000	0.085748000
18.166564000	0.085668000
18.167339000	0.086440000
18.167446000	0.086515000
18.167457000	0.086524000
18.231497000	0.080099000
18.246351000	0.094947000
18.246390000	0.094924000
18.246405000	0.094936000
18.246411000	0.094887000
18.246434000	0.094903000
18.247302000	0.095735000
18.273453000	0.121882000
18.273489000	0.121871000
18.273494000	0.121873000
18.280483000	0.128812000
18.280524000	0.128850000
18.280532000	0.114000000
18.280540000	0.114003000
18.280549000	0.113969000
18.280562000	0.113979000
18.280567000	0.113915000
18.280571000	0.113912000
18.281394000	0.114659000
18.281417000	0.114676000
18.281421000	0.114596000
18.281424000	0.114593000
18.281427000	0.114514000
18.281431000	0.114512000
18.281434000	0.114432000
18.281438000	0.114431000
18.281554000	0.114202000
18.282489000	0.115134000
18.282503000	0.115052000
18.282507000	0.115053000
18.282514000	0.115011000
18.282517000	0.115011000
18.337448000	0.105927000
18.337487000	0.105961000
18.338369000	0.091993000
18.338391000	0.092008000
18.338395000	0.091831000
18.338400000	0.091831000
18.339291000	0.092661000
18.346310000	0.099676000
18.346364000	0.099675000
18.346377000	0.099684000
18.346381000	0.099638000
18.346385000	0.099638000
18.373467000	0.126142000
18.373504000	0.126175000
18.380407000	0.106928000
18.380442000	0.106958000
18.380448000	0.106928000
18.380457000	0.106933000
18.380461000	0.106838000
18.380464000	0.106835000
18.380467000	0.099957000
18.380470000	0.099953000
18.381402000	0.100698000
18.381424000	0.100714000
18.381429000	0.100662000
18.381433000	0.100662000
18.381436000	0.100612000
18.381439000	0.100611000
18.381507000	0.100628000
18.381517000	0.100633000
18.381520000	0.100582000
18.382326000	0.101337000
18.382338000	0.101294000
18.382341000	0.100932000
18.382345000	0.100895000
18.382349000	0.100841000
18.390316000	0.108756000
18.397497000	0.115887000
18.397529000	0.115868000
18.405391000	0.123676000
18.412511000	0.130744000
18.412548000	0.130728000
18.412555000	0.130058000
18.412561000	0.129929000
18.412567000	0.129899000
18.433275000	0.150495000
18.448520000	0.165702000
18.473278000	0.135804000
18.480446000	0.142873000
18.480478000	0.142901000
18.511382000	0.172999000
18.511416000	0.173029000
18.511421000	0.172998000
18.511425000	0.172999000
18.511428000	0.172951000
18.526305000	0.187826000
18.526464000	0.187934000
18.526484000	0.187952000
18.526490000	0.187194000
18.526494000	0.187195000
18.526497000	0.180162000
18.526500000	0.180159000
18.527393000	0.181022000
18.542535000	0.196161000
18.542574000	0.196108000
18.542582000	0.196110000
18.542587000	0.196033000
18.542593000	0.196033000
18.542598000	0.195956000
18.543415000	0.196767000
18.543446000	0.169953000
18.551362000	0.177863000
18.558354000	0.184822000
18.558387000	0.184852000
18.558506000	0.178075000
18.558537000	0.178100000
18.558542000	0.177932000
18.558546000	0.177929000
18.559290000	0.178622000
18.567319000	0.186648000
18.574447000	0.193679000
18.574479000	0.193705000
18.574484000	0.193648000
18.574487000	0.193647000
18.574491000	0.193577000
18.582313000	0.201396000
18.589372000	0.208407000
18.589404000	0.208435000
18.589409000	0.208390000
18.589412000	0.208389000
18.589416000	0.207999000
18.589421000	0.208001000
18.590263000	0.208806000
18.591392000	0.209932000
18.599294000	0.217783000
18.606350000	0.224836000
18.606382000	0.224818000
18.607468000	0.225901000
18.607507000	0.225889000
18.607512000	0.225892000
18.607515000	0.225844000
18.622409000	0.240735000
18.622442000	0.240717000
18.622447000	0.240719000
18.622451000	0.240670000
18.622455000	0.240620000
18.623303000	0.240968000
18.638443000	0.256057000
18.638477000	0.256028000
18.646362000	0.263866000
18.653425000	0.270878000
18.653457000	0.270856000
18.653462000	0.270807000
18.661287000	0.278578000
18.668468000	0.285706000
18.668501000	0.285678000
18.668506000	0.278172000
18.669352000	0.278897000
18.677434000	0.279910000
18.684365000	0.286793000
18.684396000	0.286727000
18.684400000	0.286638000
18.684404000	0.278986000
18.684407000	0.278946000
18.684538000	0.271995000
18.699451000	0.286833000
18.700378000	0.287715000
18.700411000	0.287646000
18.708312000	0.295482000
18.715360000	0.302455000
18.715400000	0.302445000
18.715404000	0.302395000
18.716371000	0.303308000
18.716466000	0.303349000
18.716479000	0.283168000
18.731332000	0.297960000
18.731481000	0.282931000
18.739338000	0.290717000
18.773330000	0.300020000
18.795469000	0.322119000
18.795503000	0.315030000
18.796379000	0.315872000
18.804393000	0.323883000
18.804425000	0.323824000
18.811429000	0.330822000
18.834511000	0.323106000
18.835384000	0.323974000
18.841356000	0.329900000
18.841399000	0.329940000
18.841405000	0.329847000
18.841408000	0.329843000
18.841412000	0.329812000
18.841516000	0.329911000
18.842403000	0.330747000
18.842429000	0.330769000
18.857396000	0.331069000
18.857448000	0.331115000
18.857460000	0.330990000
18.857464000	0.330991000
18.857467000	0.330947000
18.857471000	0.330949000
18.857474000	0.330797000
18.857478000	0.330794000
18.858326000	0.331614000
18.865364000	0.338649000
18.865397000	0.338634000
18.873297000	0.346530000
18.880499000	0.353683000
18.880536000	0.353717000
18.880543000	0.353141000
18.880547000	0.353142000
18.881550000	0.338989000
18.881589000	0.339021000
18.889314000	0.346695000
18.889346000	0.346722000
18.896464000	0.353790000
18.896501000	0.353822000
18.896508000	0.353778000
18.896513000	0.353776000
18.897384000	0.354598000
18.897412000	0.354622000
18.897427000	0.354585000
18.897432000	0.354586000
18.898301000	0.354864000
18.906405000	0.362963000
18.913338000	0.369863000
18.913369000	0.369891000
18.913374000	0.361995000
18.913377000	0.361993000
18.913381000	0.355004000
18.913384000	0.355002000
18.913387000	0.354973000
18.914290000	0.355873000
18.914322000	0.355795000
18.914439000	0.355906000
18.933465000	0.374889000
18.933500000	0.374920000
18.940428000	0.381807000
18.940461000	0.381836000
18.940466000	0.381792000
18.940470000	0.381793000
18.940473000	0.381161000
18.940477000	0.381160000
18.940482000	0.373142000
18.940486000	0.373140000
18.940489000	0.366019000
18.940492000	0.366017000
18.941328000	0.366823000
18.941358000	0.366849000
18.941365000	0.366736000
18.941370000	0.366736000
18.941375000	0.366631000
18.941380000	0.366630000
18.942419000	0.367556000
18.950369000	0.375501000
18.957304000	0.374968000
18.957335000	0.374994000
18.957362000	0.367968000
18.957373000	0.367974000
18.957377000	0.367942000
18.958457000	0.369018000
18.958488000	0.368951000
18.966412000	0.376869000
18.973392000	0.383823000
18.973424000	0.383852000
18.973429000	0.383807000
18.973432000	0.383807000
18.973435000	0.383761000
18.973439000	0.383762000
18.974279000	0.383999000
18.982387000	0.392103000
18.989319000	0.397905000
18.989356000	0.397937000
18.989364000	0.390044000
18.989369000	0.390041000
18.998344000	0.391972000
19.005404000	0.399026000
19.005435000	0.399025000
19.005440000	0.399027000
19.005444000	0.397954000
19.005447000	0.397952000
19.005450000	0.397697000
19.005557000	0.397800000
19.005585000	0.397780000
19.005589000	0.397781000
19.013316000	0.405388000
19.020382000	0.412448000
19.020414000	0.397981000
19.020422000	0.397984000
19.020425000	0.397955000
19.020429000	0.397955000
19.020432000	0.397863000
19.020435000	0.397860000
19.020438000	0.397788000
19.020441000	0.397785000
19.020444000	0.397693000
19.021256000	0.398497000
19.029407000	0.406611000
19.036393000	0.413593000
19.036408000	0.413556000
19.036411000	0.413555000
19.036415000	0.413091000
19.052476000	0.429146000
19.059487000	0.436122000
19.059502000	0.436133000
19.059506000	0.421039000
19.059510000	0.421038000
19.059513000	0.420996000
19.059518000	0.420911000
19.060469000	0.421780000
19.060486000	0.414097000
19.066317000	0.419886000
19.066335000	0.412883000
19.066344000	0.412852000
19.066353000	0.412758000
19.093402000	0.439719000
19.093420000	0.439649000
19.093425000	0.439616000
19.093429000	0.432117000
19.100387000	0.439044000
19.100403000	0.431906000
19.100408000	0.431872000
19.100412000	0.431774000
19.108418000	0.439692000
19.115431000	0.446611000
19.115453000	0.446569000
19.123411000	0.454040000
19.123429000	0.454020000
19.130381000	0.452916000
19.130397000	0.452891000
19.138428000	0.454036000
19.145391000	0.460965000
19.145406000	0.460844000
19.161284000	0.476649000
19.161299000	0.476577000
19.168488000	0.483687000
19.175434000	0.490598000
19.175451000	0.490560000
19.175455000	0.490511000
19.183393000	0.498395000
19.190421000	0.505369000
19.190441000	0.505335000
19.190450000	0.490986000
19.198457000	0.498946000
19.198474000	0.498074000
19.213435000	0.513000000
19.213452000	0.512801000
19.221418000	0.520736000
19.221435000	0.513095000
19.221439000	0.513056000
19.228387000	0.512992000
19.228404000	0.512975000
19.228409000	0.512927000
19.236454000	0.520921000
19.243464000	0.527878000
19.243480000	0.527842000
19.243485000	0.527087000
19.251294000	0.534817000
19.258440000	0.541890000
19.258454000	0.541818000
19.258459000	0.541739000
19.266378000	0.549572000
19.273439000	0.542078000
19.273456000	0.542062000
19.273460000	0.541953000
19.293334000	0.561788000
19.300471000	0.561106000
19.300485000	0.561045000
19.360421000	0.587063000
19.360439000	0.587045000
19.373340000	0.599943000
19.403539000	0.608046000
19.403556000	0.608058000
19.403560000	0.608027000
19.403564000	0.608028000
19.404459000	0.608821000
19.404475000	0.608832000
19.823433000	1.027033000
19.823496000	0.981039000
19.860500000	1.002994000
19.860548000	1.002992000
19.860561000	0.995174000
19.860578000	0.995153000
19.860587000	0.987260000
19.860597000	0.980073000
19.861427000	0.980896000
19.861457000	0.979872000
19.861471000	0.972135000
19.861482000	0.964895000
19.861495000	0.964093000
19.861505000	0.963586000
19.873320000	0.975003000
19.873349000	0.959844000
19.880419000	0.966065000
19.888292000	0.954761000
19.895382000	0.954871000
19.895411000	0.954802000
19.895419000	0.954553000
19.895429000	0.954508000
19.895436000	0.954457000
19.895443000	0.953991000
19.896278000	0.954822000
19.896307000	0.954797000
19.911358000	0.969793000
19.911390000	0.954022000
19.911407000	0.953800000
19.911415000	0.952936000
19.912445000	0.946006000
19.920339000	0.946925000
19.927405000	0.953952000
19.927428000	0.953872000
19.927562000	0.953910000
19.927585000	0.953880000
19.927591000	0.938202000
19.927600000	0.922126000
19.927615000	0.921998000
19.927621000	0.921800000
19.928328000	0.922402000
19.928349000	0.922419000
19.928354000	0.915008000
19.944464000	0.923820000
19.951318000	0.930668000
19.951496000	0.930557000
19.951520000	0.930526000
19.973457000	0.952186000
20.025397000	0.044759000
