41.539661000	0.060062000
41.599548000	0.052042000
41.599588000	0.052072000
41.599594000	0.052009000
41.606550000	0.058958000
41.606585000	0.058911000
41.606590000	0.058910000
41.607656000	0.059806000
41.607680000	0.059825000
41.667550000	0.067972000
41.667604000	0.068021000
41.667617000	0.067944000
41.667626000	0.067947000
41.675654000	0.075938000
41.675700000	0.075981000
41.675711000	0.069136000
41.675719000	0.069139000
41.675726000	0.069108000
41.675728000	0.069107000
41.675730000	0.069014000
41.675733000	0.069012000
41.675736000	0.068932000
41.675738000	0.068088000
41.676528000	0.068861000
41.676561000	0.068830000
41.676585000	0.068848000
41.676691000	0.068921000
41.727745000	0.060154000
41.727790000	0.060192000
41.727800000	0.060149000
41.727806000	0.060151000
41.742651000	0.074944000
41.742691000	0.074980000
41.742700000	0.074938000
41.742705000	0.074939000
41.742711000	0.067028000
41.742781000	0.067093000
41.742802000	0.067044000
41.742818000	0.067053000
41.742826000	0.067006000
41.742833000	0.067010000
41.742845000	0.066939000
41.742852000	0.066943000
41.742859000	0.066840000
41.742866000	0.066842000
41.750653000	0.074516000
41.750690000	0.074548000
41.750696000	0.074444000
41.750701000	0.074444000
41.750706000	0.074407000
41.750711000	0.074408000
41.750716000	0.074369000
41.750720000	0.074370000
41.750727000	0.074328000
41.750734000	0.074332000
41.750746000	0.074195000
41.750751000	0.074196000
41.751614000	0.075019000
41.751643000	0.075045000
41.751652000	0.074966000
41.751661000	0.074967000
41.751672000	0.074923000
41.751679000	0.074925000
41.779578000	0.051799000
41.786634000	0.058849000
41.786684000	0.058861000
41.786692000	0.058866000
41.786698000	0.058777000
41.786704000	0.058777000
41.786709000	0.058694000
41.786715000	0.044029000
41.786723000	0.043994000
41.794550000	0.051817000
41.809767000	0.066972000
41.809807000	0.067008000
41.809814000	0.059134000
41.809819000	0.059134000
41.809824000	0.059056000
41.809829000	0.059058000
41.809834000	0.058957000
41.809838000	0.058954000
41.809843000	0.058931000
41.809848000	0.058933000
41.809853000	0.058890000
41.809857000	0.058890000
41.809862000	0.058845000
41.809867000	0.058847000
41.809871000	0.058802000
41.809876000	0.058803000
41.809885000	0.058764000
41.809890000	0.058765000
41.817599000	0.066425000
41.824743000	0.073565000
41.824785000	0.073558000
41.824792000	0.073562000
41.824797000	0.073498000
41.824803000	0.073499000
41.824814000	0.073457000
41.824819000	0.073458000
41.824824000	0.073306000
41.824829000	0.073306000
41.824833000	0.073273000
41.824838000	0.073274000
41.824843000	0.073209000
41.824847000	0.073209000
41.825645000	0.046033000
41.825675000	0.046056000
41.825682000	0.046027000
41.825688000	0.045979000
41.825695000	0.045928000
41.825704000	0.045819000
41.826582000	0.046645000
41.842640000	0.062649000
41.849494000	0.069448000
41.849535000	0.069436000
41.849661000	0.069507000
41.850626000	0.070417000
41.864618000	0.084355000
41.864661000	0.084341000
41.864679000	0.084307000
41.864685000	0.078006000
41.864690000	0.077947000
41.864696000	0.077901000
41.880620000	0.093774000
41.887764000	0.100916000
41.887802000	0.100902000
41.887812000	0.100910000
41.887818000	0.100865000
41.887823000	0.100867000
41.887828000	0.100821000
41.887833000	0.100823000
41.887837000	0.100776000
41.887842000	0.100779000
41.887847000	0.100733000
41.887852000	0.100735000
41.889577000	0.102409000
41.889606000	0.102435000
41.889618000	0.095038000
41.889625000	0.095040000
41.889631000	0.079834000
41.889636000	0.079834000
41.889754000	0.079873000
41.889768000	0.079862000
41.889773000	0.079864000
41.890592000	0.080680000
41.890700000	0.080695000
41.890712000	0.080701000
41.890720000	0.080706000
41.890725000	0.080629000
41.890731000	0.080628000
41.890735000	0.080629000
41.891513000	0.081324000
41.891673000	0.081479000
41.891688000	0.081491000
41.891696000	0.081416000
41.891701000	0.081415000
41.894625000	0.084336000
41.894646000	0.084274000
41.894655000	0.084277000
41.894660000	0.084279000
41.903735000	0.093271000
41.903774000	0.093305000
41.911525000	0.101053000
41.918710000	0.108206000
41.918748000	0.108241000
41.918758000	0.108248000
41.918764000	0.108207000
41.918768000	0.108208000
41.918773000	0.108210000
41.918778000	0.108167000
41.918783000	0.108169000
41.918788000	0.108172000
41.927689000	0.117025000
41.927729000	0.117059000
41.927741000	0.110109000
41.927747000	0.102967000
41.927752000	0.102725000
41.927757000	0.102679000
41.927762000	0.102583000
41.927767000	0.102495000
41.927772000	0.102412000
41.927777000	0.102316000
41.927782000	0.102291000
41.927788000	0.102243000
41.927793000	0.102196000
41.927798000	0.102130000
41.927804000	0.101196000
41.929587000	0.102970000
41.929694000	0.103034000
41.952664000	0.125912000
41.952708000	0.125947000
41.952715000	0.125919000
41.952721000	0.125875000
41.952727000	0.125875000
41.952742000	0.125840000
41.952751000	0.125798000
41.952755000	0.125796000
41.953617000	0.126608000
41.953646000	0.126586000
41.959503000	0.132438000
41.959532000	0.132416000
41.959538000	0.132371000
41.959542000	0.116861000
41.959663000	0.116939000
41.967575000	0.118048000
41.974589000	0.125028000
41.974751000	0.125183000
41.974784000	0.125168000
41.974790000	0.125118000
41.974795000	0.125077000
41.974799000	0.124142000
41.974803000	0.124103000
41.974806000	0.110154000
41.974810000	0.109903000
41.974814000	0.109900000
41.982694000	0.117728000
41.989631000	0.124569000
41.989803000	0.124735000
41.989832000	0.124761000
41.989841000	0.124687000
41.989846000	0.124686000
41.989850000	0.124687000
41.989853000	0.124608000
41.989857000	0.124606000
41.989860000	0.124606000
41.989863000	0.124535000
41.990517000	0.125183000
41.990537000	0.125200000
41.990545000	0.125134000
41.990550000	0.125133000
41.990553000	0.125133000
42.013548000	0.132897000
42.013578000	0.132922000
42.013586000	0.125794000
42.013590000	0.125793000
42.013594000	0.125785000
42.013659000	0.125790000
42.013670000	0.125797000
42.013674000	0.125798000
42.013678000	0.125710000
42.021649000	0.133675000
42.028600000	0.140623000
42.028634000	0.140573000
42.028647000	0.140578000
42.028654000	0.140581000
42.028661000	0.140555000
42.028668000	0.140558000
42.028674000	0.140560000
42.028678000	0.140516000
42.028683000	0.140517000
42.029689000	0.141519000
42.029712000	0.141493000
42.029720000	0.141497000
42.029724000	0.141497000
42.029727000	0.141452000
42.029730000	0.140132000
42.029734000	0.140132000
42.029737000	0.140123000
42.029740000	0.140090000
42.030611000	0.140958000
42.030635000	0.140979000
42.030646000	0.140943000
42.030650000	0.140945000
42.030654000	0.140946000
42.030657000	0.140897000
42.030660000	0.140897000
42.030663000	0.140898000
42.030666000	0.140856000
42.030669000	0.140856000
42.031534000	0.141719000
42.031552000	0.141689000
42.031560000	0.141694000
42.031564000	0.141696000
42.031567000	0.140968000
42.031743000	0.141141000
42.032543000	0.141837000
42.032560000	0.141851000
42.032636000	0.141918000
42.038709000	0.147952000
42.038739000	0.147979000
42.038748000	0.147985000
42.038753000	0.147942000
42.038756000	0.147942000
42.038760000	0.147944000
42.038764000	0.147900000
42.038767000	0.147900000
42.053680000	0.162810000
42.053710000	0.162186000
42.053719000	0.162191000
42.053723000	0.162041000
42.053727000	0.162042000
42.053730000	0.162036000
42.053733000	0.162004000
42.062665000	0.170933000
42.062694000	0.170959000
42.077679000	0.185896000
42.077709000	0.185924000
42.077718000	0.183079000
42.077722000	0.183080000
42.077725000	0.183073000
42.077729000	0.183048000
42.077732000	0.183048000
42.077735000	0.183048000
42.078606000	0.183739000
42.078617000	0.183747000
42.078624000	0.174860000
42.078628000	0.174859000
42.078631000	0.174843000
42.078634000	0.174824000
42.078637000	0.167085000
42.078641000	0.167084000
42.078644000	0.159906000
42.078647000	0.159904000
42.079663000	0.160908000
42.079693000	0.160888000
42.079702000	0.160894000
42.079706000	0.160895000
42.079710000	0.160804000
42.079713000	0.160801000
42.079716000	0.160801000
42.079719000	0.160753000
42.079722000	0.160752000
42.080649000	0.161677000
42.080678000	0.161636000
42.080686000	0.161641000
42.080690000	0.161643000
42.080693000	0.161601000
42.080696000	0.161601000
42.080700000	0.161602000
42.080703000	0.152984000
42.081622000	0.153899000
42.081664000	0.153926000
42.081675000	0.153852000
42.087629000	0.159802000
42.087659000	0.159829000
42.087668000	0.159718000
42.087673000	0.159718000
42.087676000	0.159718000
42.087679000	0.159608000
42.102575000	0.174498000
42.102611000	0.174531000
42.102627000	0.174431000
42.102631000	0.174429000
42.102634000	0.174429000
42.102643000	0.174321000
42.102647000	0.174319000
42.117723000	0.189391000
42.117755000	0.189392000
42.117763000	0.189397000
42.117767000	0.189351000
42.117772000	0.189350000
42.117776000	0.189304000
42.117779000	0.189256000
42.117783000	0.189256000
42.117786000	0.189201000
42.117790000	0.189160000
42.117794000	0.189158000
42.118604000	0.189917000
42.118630000	0.189893000
42.118633000	0.189890000
42.139554000	0.210549000
42.146637000	0.217627000
42.146670000	0.217063000
42.146675000	0.217062000
42.146680000	0.216977000
42.146683000	0.216975000
42.146687000	0.193992000
42.146690000	0.193987000
42.147524000	0.194475000
42.147545000	0.194445000
42.147550000	0.194355000
42.148526000	0.195242000
42.148633000	0.195260000
42.156527000	0.203066000
42.163696000	0.210153000
42.163728000	0.210087000
42.163737000	0.210064000
42.163741000	0.210016000
42.163744000	0.209965000
42.163748000	0.209910000
42.163752000	0.209861000
42.163756000	0.204233000
42.164580000	0.205021000
42.179562000	0.219950000
42.179580000	0.219912000
42.186554000	0.226834000
42.186643000	0.219048000
42.186660000	0.212047000
42.186664000	0.211890000
42.186669000	0.211831000
42.187647000	0.212761000
42.187663000	0.212704000
42.187669000	0.212662000
42.188567000	0.213507000
42.188583000	0.213471000
42.188588000	0.213423000
42.189663000	0.214444000
42.189679000	0.214407000
42.196634000	0.213911000
42.196652000	0.206998000
42.196658000	0.206999000
42.196662000	0.206836000
42.196666000	0.206828000
42.196670000	0.206792000
42.196674000	0.206793000
42.196678000	0.206702000
42.196807000	0.206825000
42.196823000	0.206749000
42.197569000	0.207489000
42.197585000	0.207478000
42.205517000	0.215407000
42.212634000	0.222101000
42.212651000	0.222108000
42.212656000	0.222085000
42.212659000	0.222085000
42.212663000	0.222036000
42.212667000	0.199096000
42.212671000	0.199088000
42.212676000	0.199068000
42.213536000	0.199925000
42.213553000	0.199888000
42.213557000	0.199889000
42.228660000	0.214940000
42.228677000	0.214953000
42.228682000	0.214862000
42.228686000	0.207013000
42.228689000	0.207011000
42.228693000	0.200067000
42.228697000	0.200054000
42.228700000	0.199995000
42.228704000	0.199995000
42.228708000	0.199947000
42.237625000	0.208859000
42.237643000	0.208827000
42.237647000	0.208827000
42.237651000	0.208779000
42.237654000	0.207947000
42.237658000	0.207940000
42.237661000	0.207907000
42.237664000	0.207907000
42.237668000	0.207813000
42.252618000	0.222757000
42.252636000	0.222699000
42.252640000	0.222697000
42.252644000	0.222666000
42.252647000	0.222018000
42.252786000	0.222143000
42.252803000	0.222119000
42.252807000	0.222120000
42.252810000	0.222075000
42.253710000	0.222971000
42.253726000	0.222938000
42.253730000	0.222939000
42.253734000	0.222894000
42.253737000	0.222893000
42.253741000	0.222848000
42.253744000	0.222196000
42.253748000	0.222191000
42.253751000	0.222164000
42.254640000	0.223050000
42.254657000	0.223016000
42.254661000	0.222911000
42.254664000	0.222108000
42.254668000	0.222103000
42.254672000	0.222014000
42.254675000	0.215943000
42.255527000	0.216782000
42.255544000	0.216762000
42.255640000	0.216855000
42.255728000	0.216845000
42.255745000	0.216856000
42.255749000	0.216778000
42.255753000	0.216776000
42.262709000	0.223672000
42.262727000	0.209023000
42.262732000	0.209016000
42.262736000	0.208988000
42.262740000	0.208989000
42.262744000	0.208899000
42.262747000	0.208896000
42.262751000	0.208817000
42.263629000	0.200941000
42.263646000	0.200946000
42.263650000	0.185948000
42.271598000	0.193883000
42.278689000	0.200938000
42.278706000	0.200952000
42.278711000	0.200910000
42.278715000	0.200911000
42.278719000	0.200866000
42.278723000	0.200867000
42.279680000	0.201773000
42.279697000	0.201083000
42.280561000	0.201939000
42.280576000	0.201915000
42.288650000	0.209986000
42.288670000	0.209957000
42.288676000	0.209960000
42.288680000	0.209915000
42.288753000	0.209985000
42.288769000	0.209950000
42.288774000	0.209952000
42.289767000	0.210081000
42.289785000	0.210086000
42.289792000	0.210055000
42.289797000	0.210057000
42.289802000	0.209971000
42.289807000	0.209971000
42.289812000	0.209893000
42.290665000	0.210740000
42.290680000	0.210671000
42.290684000	0.210669000
42.290688000	0.210017000
42.291594000	0.210911000
42.291609000	0.210891000
42.298752000	0.218031000
42.298770000	0.217954000
42.298775000	0.217953000
42.298779000	0.217838000
42.298782000	0.217835000
42.298786000	0.217132000
42.298790000	0.217118000
42.298812000	0.216899000
42.298817000	0.211165000
42.307652000	0.219987000
42.315654000	0.227961000
42.322631000	0.234934000
42.322647000	0.234855000
42.322651000	0.234853000
42.322655000	0.220052000
42.322659000	0.220038000
42.322663000	0.220001000
42.322666000	0.220000000
42.322669000	0.219882000
42.322673000	0.219881000
42.322797000	0.219895000
42.322814000	0.219907000
42.323706000	0.205957000
42.323722000	0.205961000
42.323726000	0.205907000
42.323730000	0.205907000
42.323734000	0.205873000
42.323738000	0.205873000
42.323741000	0.205827000
42.323744000	0.205827000
42.323748000	0.205781000
42.323751000	0.205781000
42.324558000	0.206538000
42.324577000	0.206554000
42.324653000	0.206580000
42.324669000	0.206593000
42.324673000	0.206548000
42.324677000	0.206549000
42.332658000	0.214480000
42.339608000	0.221427000
42.339696000	0.221466000
42.339712000	0.221478000
42.339716000	0.221095000
42.339720000	0.221094000
42.339723000	0.221064000
42.339727000	0.221065000
42.339731000	0.221009000
42.339735000	0.221010000
42.340690000	0.201104000
42.340707000	0.201116000
42.340711000	0.201083000
42.340715000	0.201083000
42.340719000	0.200995000
42.340722000	0.200992000
42.340726000	0.200913000
42.340730000	0.200910000
42.341598000	0.201686000
42.341617000	0.201700000
42.342542000	0.202598000
42.349686000	0.209739000
42.349703000	0.209706000
42.349707000	0.209707000
42.349711000	0.203051000
42.349714000	0.203049000
42.349718000	0.203013000
42.357598000	0.210890000
42.364563000	0.217733000
42.364581000	0.217745000
42.364658000	0.217787000
42.364674000	0.217800000
42.364679000	0.217754000
42.364683000	0.217755000
42.364687000	0.217708000
42.365601000	0.218619000
42.365617000	0.218585000
42.365622000	0.218587000
42.365626000	0.218087000
42.365630000	0.218088000
42.374577000	0.226993000
42.381598000	0.233963000
42.381613000	0.233080000
42.381617000	0.232979000
42.381620000	0.225067000
42.381625000	0.217906000
42.381628000	0.217857000
42.382513000	0.218643000
42.382517000	0.218560000
42.382521000	0.218472000
42.390581000	0.226444000
42.390598000	0.226373000
42.397682000	0.233369000
42.439624000	0.041754000
