11.080040000	0.040223000
11.140138000	0.052341000
11.147054000	0.059248000
11.147078000	0.059249000
11.147086000	0.059254000
11.147089000	0.059202000
11.147151000	0.059259000
11.148078000	0.060083000
11.180109000	0.039948000
11.180151000	0.039985000
11.180160000	0.033090000
11.180167000	0.033093000
11.200034000	0.052905000
11.200130000	0.052999000
11.200162000	0.053006000
11.215158000	0.068000000
11.215198000	0.067991000
11.215207000	0.067998000
11.215212000	0.067915000
11.215218000	0.067917000
11.215227000	0.067848000
11.215232000	0.067168000
11.215243000	0.067141000
11.215246000	0.067142000
11.215249000	0.067098000
11.220037000	0.039897000
11.220073000	0.039927000
11.220082000	0.039897000
11.220088000	0.039901000
11.227018000	0.046778000
11.240134000	0.059890000
11.240170000	0.059881000
11.240181000	0.059889000
11.247041000	0.046978000
11.247070000	0.047003000
11.261969000	0.061820000
11.262007000	0.061854000
11.262015000	0.061831000
11.262021000	0.061834000
11.262026000	0.046839000
11.262147000	0.046954000
11.263058000	0.047743000
11.263080000	0.047763000
11.271165000	0.055813000
11.278184000	0.062830000
11.278213000	0.062768000
11.278223000	0.062773000
11.278227000	0.062518000
11.278230000	0.062515000
11.278234000	0.062487000
11.278967000	0.063216000
11.286976000	0.071175000
11.294010000	0.078206000
11.294042000	0.078186000
11.294050000	0.078192000
11.294055000	0.078111000
11.294060000	0.078112000
11.294065000	0.078076000
11.302073000	0.086081000
11.309079000	0.089015000
11.309107000	0.089039000
11.309113000	0.089007000
11.309117000	0.089008000
11.324022000	0.103864000
11.324059000	0.103898000
11.324065000	0.103855000
11.324070000	0.097026000
11.324074000	0.083912000
11.324079000	0.083912000
11.324083000	0.083816000
11.324087000	0.083817000
11.332062000	0.091757000
11.340144000	0.099836000
11.348180000	0.101117000
11.363216000	0.116149000
11.363248000	0.116145000
11.363253000	0.116148000
11.363257000	0.101260000
11.363260000	0.101258000
11.363264000	0.101221000
11.363267000	0.101220000
11.363271000	0.101172000
11.363274000	0.101172000
11.363277000	0.101120000
11.363280000	0.101120000
11.363284000	0.101081000
11.363292000	0.101086000
11.380030000	0.117773000
11.380060000	0.117801000
11.387181000	0.124109000
11.387208000	0.124132000
11.387213000	0.124095000
11.387216000	0.124094000
11.387220000	0.116034000
11.387223000	0.116034000
11.387226000	0.109021000
11.387230000	0.109021000
11.394984000	0.116597000
11.402093000	0.123665000
11.402119000	0.123598000
11.402124000	0.123521000
11.417070000	0.138385000
11.417104000	0.138114000
11.417108000	0.130106000
11.424956000	0.130918000
11.432096000	0.138011000
11.432134000	0.137997000
11.432141000	0.137950000
11.440090000	0.145846000
11.447062000	0.152746000
11.470079000	0.167970000
11.470119000	0.161016000
11.470127000	0.160994000
11.470135000	0.160910000
11.470144000	0.160841000
11.470150000	0.160842000
11.470157000	0.146111000
11.485048000	0.160998000
11.485080000	0.160879000
11.485086000	0.160882000
11.485091000	0.160852000
11.485096000	0.160855000
11.485098000	0.160768000
11.485101000	0.160767000
11.485103000	0.160691000
11.485106000	0.160690000
11.485108000	0.160614000
11.485111000	0.160613000
11.485952000	0.161376000
11.500998000	0.176417000
11.501022000	0.176396000
11.501029000	0.176400000
11.501032000	0.176352000
11.501034000	0.176351000
11.501037000	0.176306000
11.501102000	0.176369000
11.501112000	0.169027000
11.520075000	0.187986000
11.520100000	0.179932000
11.520106000	0.179933000
11.527038000	0.178834000
11.527059000	0.178850000
11.527065000	0.163825000
11.527068000	0.163824000
11.542125000	0.178716000
11.542156000	0.178745000
11.542163000	0.178715000
11.542166000	0.178715000
11.542169000	0.178672000
11.543057000	0.179557000
11.558023000	0.194474000
11.558046000	0.194494000
11.558053000	0.194451000
11.559111000	0.195507000
11.574132000	0.210478000
11.574167000	0.210511000
11.574175000	0.210469000
11.574185000	0.210477000
11.575059000	0.211298000
11.600117000	0.236304000
11.600145000	0.236280000
11.600149000	0.236223000
11.608082000	0.244056000
11.608104000	0.228047000
11.615997000	0.235902000
11.623146000	0.235942000
11.623169000	0.235924000
11.623173000	0.235802000
11.623176000	0.235701000
11.640112000	0.252537000
11.640142000	0.252481000
11.647100000	0.259349000
11.647123000	0.259338000
11.655056000	0.260049000
11.661957000	0.266838000
11.661980000	0.259864000
11.661983000	0.259835000
11.677001000	0.274801000
11.685116000	0.282862000
11.692076000	0.289492000
11.692100000	0.289461000
11.692170000	0.275070000
11.692191000	0.275050000
11.693003000	0.275773000
11.720056000	0.302744000
11.720086000	0.302692000
11.727028000	0.309552000
11.727052000	0.302072000
11.727056000	0.302003000
11.727059000	0.294935000
11.727062000	0.294757000
11.727064000	0.294717000
11.739972000	0.307569000
11.768095000	0.335639000
11.768125000	0.335615000
11.768129000	0.328011000
11.768132000	0.327980000
11.775022000	0.327937000
11.782050000	0.334892000
11.782079000	0.311964000
11.782085000	0.311905000
11.789948000	0.319718000
11.797001000	0.326604000
11.797023000	0.326621000
11.797029000	0.326591000
11.797032000	0.326591000
11.797034000	0.326532000
11.797036000	0.326531000
11.797039000	0.326487000
11.797154000	0.326599000
11.797940000	0.327333000
11.797963000	0.327353000
11.806044000	0.335383000
11.806075000	0.335411000
11.813005000	0.342290000
11.813027000	0.342308000
11.813033000	0.342265000
11.813036000	0.342265000
11.813039000	0.327967000
11.813041000	0.327965000
11.814080000	0.328950000
11.814104000	0.328972000
11.814112000	0.328937000
11.821988000	0.336810000
11.829106000	0.343879000
11.829126000	0.343896000
11.829132000	0.343852000
11.829135000	0.343853000
11.829138000	0.343799000
11.829140000	0.343798000
11.829142000	0.343713000
11.836011000	0.350577000
11.836033000	0.350064000
11.836039000	0.335021000
11.851144000	0.350117000
11.851168000	0.350116000
11.851174000	0.350119000
11.859028000	0.357921000
11.866120000	0.365010000
11.866141000	0.364982000
11.866147000	0.364984000
11.866150000	0.346055000
11.866152000	0.346048000
11.889153000	0.369025000
11.889180000	0.362125000
11.889188000	0.362125000
11.889192000	0.362102000
11.889194000	0.362101000
11.889197000	0.347046000
11.889199000	0.347038000
11.889202000	0.347016000
11.889204000	0.347016000
11.889206000	0.346968000
11.889209000	0.346137000
11.889211000	0.331169000
11.904109000	0.346058000
11.904138000	0.346033000
11.904144000	0.345016000
11.904148000	0.329989000
11.904150000	0.329977000
11.904153000	0.329723000
11.905075000	0.330640000
11.905097000	0.330018000
11.905108000	0.330025000
11.905113000	0.304975000
11.919962000	0.319820000
11.919985000	0.319807000
11.919991000	0.319811000
11.919994000	0.319728000
11.919997000	0.319727000
11.940005000	0.331908000
11.940036000	0.331935000
11.947024000	0.338850000
11.947050000	0.338872000
11.947058000	0.331044000
11.947062000	0.331045000
11.947066000	0.323904000
11.947070000	0.323904000
11.947074000	0.323876000
11.948066000	0.324865000
11.948086000	0.324790000
11.960051000	0.336751000
11.960072000	0.336739000
11.960078000	0.336743000
11.967138000	0.327005000
11.967159000	0.327021000
11.967165000	0.326995000
11.967168000	0.326994000
11.967170000	0.320054000
11.967173000	0.320053000
11.967175000	0.319978000
11.974095000	0.326894000
11.974119000	0.319047000
11.974128000	0.319052000
11.974133000	0.312160000
11.975021000	0.313045000
11.989988000	0.327977000
11.990014000	0.328001000
11.990023000	0.327961000
11.998125000	0.336060000
12.005198000	0.328173000
12.005227000	0.328197000
12.005237000	0.320100000
12.005242000	0.320101000
12.005245000	0.313152000
12.005945000	0.313848000
12.005968000	0.313784000
12.013955000	0.321767000
12.014005000	0.320988000
12.014013000	0.320993000
12.021107000	0.327983000
12.021128000	0.328000000
12.029011000	0.335778000
12.029142000	0.335905000
12.036078000	0.315999000
12.036099000	0.316016000
12.036106000	0.315990000
12.036109000	0.315988000
12.036111000	0.309066000
12.043996000	0.316947000
12.051145000	0.324061000
12.051167000	0.324080000
12.051173000	0.323995000
12.051177000	0.323995000
12.051179000	0.323908000
12.059046000	0.331771000
12.066157000	0.338803000
12.066180000	0.338821000
12.066186000	0.338786000
12.066189000	0.338786000
12.067122000	0.327132000
12.075004000	0.335010000
12.082037000	0.313920000
12.082058000	0.313936000
12.082065000	0.313916000
12.082997000	0.314846000
12.083018000	0.314816000
12.083024000	0.314820000
12.091062000	0.322810000
12.098093000	0.329838000
12.098114000	0.323073000
12.098120000	0.316050000
12.106077000	0.323967000
12.113103000	0.330938000
12.113125000	0.323156000
12.113129000	0.316111000
12.113131000	0.316079000
12.113134000	0.316030000
12.113137000	0.315978000
12.121015000	0.323058000
12.128088000	0.322024000
12.129106000	0.316084000
12.140157000	0.327096000
12.140182000	0.327032000
12.140186000	0.326088000
12.160044000	0.345907000
12.160075000	0.330953000
12.160079000	0.330921000
12.160081000	0.330873000
12.167088000	0.337827000
12.182049000	0.346012000
12.182074000	0.330911000
12.182078000	0.330881000
12.182081000	0.315944000
12.182083000	0.315910000
12.182086000	0.315861000
12.197089000	0.307903000
12.197117000	0.307891000
12.197144000	0.307822000
12.197154000	0.307746000
12.205011000	0.315520000
12.212148000	0.322565000
12.212172000	0.308030000
12.212176000	0.308000000
12.212179000	0.307881000
12.220036000	0.314931000
12.234998000	0.329832000
12.235030000	0.315041000
12.235045000	0.315030000
12.235053000	0.295027000
12.235056000	0.288012000
12.235059000	0.287970000
12.242970000	0.295826000
12.250101000	0.302860000
12.250131000	0.302041000
12.250137000	0.290061000
12.250141000	0.282986000
12.250145000	0.282951000
12.250149000	0.282863000
12.250153000	0.282787000
12.251060000	0.276935000
12.251082000	0.276930000
12.259037000	0.269029000
12.259065000	0.269023000
12.259069000	0.253847000
12.266104000	0.260844000
12.266128000	0.260813000
12.266132000	0.260158000
12.266134000	0.252124000
12.267101000	0.245977000
12.267124000	0.238096000
12.274982000	0.238888000
12.282155000	0.246021000
12.282178000	0.245990000
12.282182000	0.231019000
12.282185000	0.230945000
12.282188000	0.230853000
12.282190000	0.216015000
12.290039000	0.223830000
12.297113000	0.229975000
12.297145000	0.215092000
12.297151000	0.215061000
12.297154000	0.214132000
12.297157000	0.206079000
12.297160000	0.199042000
12.297164000	0.199016000
12.297911000	0.191813000
12.305997000	0.192875000
12.306019000	0.192862000
12.306023000	0.192815000
12.313059000	0.199799000
12.313087000	0.199775000
12.313092000	0.199727000
12.313095000	0.192061000
12.313099000	0.184990000
12.340037000	0.210915000
12.340069000	0.199894000
12.347037000	0.206820000
12.347060000	0.206717000
12.347063000	0.186996000
12.347066000	0.186973000
12.347069000	0.186881000
12.347071000	0.186802000
12.347074000	0.179970000
12.348056000	0.165988000
12.348078000	0.165976000
12.348081000	0.165928000
12.348084000	0.165878000
12.348087000	0.165827000
12.348089000	0.165775000
12.359960000	0.162850000
12.360035000	0.162886000
12.360045000	0.162810000
12.360050000	0.162733000
12.367044000	0.162016000
12.367056000	0.154891000
12.375022000	0.162822000
12.382012000	0.169760000
12.382139000	0.169835000
12.382143000	0.162090000
12.383094000	0.148076000
12.384033000	0.148984000
12.392089000	0.156937000
12.392102000	0.156921000
12.392105000	0.156872000
12.400151000	0.164865000
12.400164000	0.157174000
12.400167000	0.150049000
12.400170000	0.149996000
12.400174000	0.149953000
12.419997000	0.169684000
12.420132000	0.169790000
12.420141000	0.169746000
12.427045000	0.176598000
12.427061000	0.175986000
12.427065000	0.175913000
12.427068000	0.168010000
12.427130000	0.168040000
12.427141000	0.168000000
12.427145000	0.161024000
12.428037000	0.161882000
12.428051000	0.161843000
12.428055000	0.161794000
12.428060000	0.160943000
12.429015000	0.161802000
12.436092000	0.161091000
12.436104000	0.153933000
12.444102000	0.161894000
12.451008000	0.168748000
12.451022000	0.168643000
12.451025000	0.168609000
12.451162000	0.168657000
12.451174000	0.161115000
12.451177000	0.154045000
12.451180000	0.154005000
12.451183000	0.153913000
12.451186000	0.153835000
12.451189000	0.153756000
12.459076000	0.161570000
12.466107000	0.168527000
12.466121000	0.168198000
12.466125000	0.160113000
12.466128000	0.160079000
12.466131000	0.160031000
12.474042000	0.160964000
12.481074000	0.167960000
12.481085000	0.167917000
12.481088000	0.167867000
12.488977000	0.175700000
12.496019000	0.155959000
12.496031000	0.155934000
12.496034000	0.148981000
12.496037000	0.148943000
12.496040000	0.148856000
12.496099000	0.148833000
12.497054000	0.149706000
12.497069000	0.149631000
12.505022000	0.157546000
12.512084000	0.164013000
12.512099000	0.163979000
12.512109000	0.163986000
12.560001000	0.047769000
