8.776502000	0.045934000
8.820492000	0.043451000
8.820526000	0.043475000
8.820532000	0.043412000
8.820542000	0.043414000
8.820545000	0.043358000
8.821397000	0.044206000
8.821422000	0.044165000
8.823432000	0.046172000
8.823470000	0.046138000
8.823483000	0.046148000
8.860598000	0.040082000
8.863415000	0.042894000
8.863451000	0.042868000
8.866524000	0.045934000
8.866546000	0.045886000
8.866561000	0.045894000
8.866567000	0.045868000
8.866658000	0.045956000
8.866666000	0.045873000
8.866672000	0.045871000
8.866677000	0.045262000
8.866682000	0.045264000
8.866687000	0.045237000
8.866763000	0.045311000
8.866766000	0.043306000
8.866841000	0.043376000
8.866856000	0.043356000
8.866860000	0.043356000
8.866865000	0.043272000
8.866869000	0.043271000
8.901597000	0.040953000
8.901635000	0.040984000
8.903411000	0.039970000
8.903456000	0.040010000
8.906493000	0.043010000
8.906538000	0.043051000
8.911458000	0.044919000
8.911496000	0.044954000
8.913433000	0.046782000
8.913470000	0.046816000
8.916468000	0.049762000
8.916513000	0.049804000
8.916522000	0.049734000
8.916526000	0.049731000
8.916633000	0.049783000
8.916666000	0.049813000
8.916672000	0.049746000
8.916683000	0.049753000
8.916689000	0.049712000
8.916696000	0.049717000
8.916701000	0.049671000
8.916708000	0.049675000
8.916813000	0.049729000
8.916821000	0.049735000
8.916824000	0.049686000
8.918419000	0.051279000
8.918451000	0.051259000
8.921472000	0.054278000
8.921489000	0.054244000
8.921496000	0.054248000
8.921501000	0.054200000
8.921571000	0.054266000
8.921582000	0.054228000
8.921668000	0.054261000
8.921701000	0.054161000
8.943460000	0.041830000
8.946540000	0.043097000
8.946648000	0.043159000
8.946650000	0.040126000
8.946652000	0.040083000
8.948432000	0.036941000
8.951475000	0.039945000
8.951516000	0.038056000
8.951525000	0.038060000
8.953460000	0.039966000
8.953496000	0.039998000
8.961497000	0.044998000
8.961534000	0.045028000
8.961544000	0.045000000
8.961550000	0.045003000
8.961563000	0.044907000
8.963426000	0.046765000
8.963471000	0.046656000
8.968416000	0.051593000
8.968450000	0.051538000
8.969487000	0.052570000
8.969524000	0.052525000
8.969534000	0.052529000
8.969540000	0.052454000
8.971436000	0.054344000
8.971474000	0.054296000
8.971493000	0.054309000
8.971508000	0.054289000
8.971560000	0.054339000
8.971576000	0.054303000
8.973410000	0.056134000
8.973459000	0.056133000
8.976485000	0.059156000
8.976507000	0.059126000
8.976547000	0.059163000
8.976565000	0.059127000
8.976570000	0.059128000
8.976576000	0.059085000
8.976652000	0.059157000
8.976666000	0.059119000
8.976671000	0.059121000
8.976676000	0.058234000
8.976706000	0.058260000
8.976719000	0.058242000
8.976759000	0.058280000
8.976918000	0.055435000
8.976937000	0.055451000
8.976942000	0.055425000
8.976971000	0.055452000
8.977023000	0.055446000
8.977054000	0.055474000
8.978441000	0.056749000
8.981509000	0.059812000
9.048483000	0.104997000
9.051443000	0.107952000
9.051479000	0.107947000
9.051490000	0.107951000
9.051504000	0.107879000
9.051512000	0.107881000
9.053472000	0.109753000
9.053515000	0.109708000
9.056465000	0.112367000
9.056503000	0.112351000
9.056586000	0.110029000
9.056606000	0.110007000
9.056613000	0.109931000
9.056618000	0.109856000
9.056694000	0.109926000
9.056710000	0.109907000
9.063460000	0.086901000
9.068429000	0.086889000
9.083460000	0.034945000
9.086484000	0.035010000
9.086515000	0.034807000
9.086521000	0.034722000
9.086528000	0.032991000
9.088412000	0.034764000
9.096508000	0.040014000
9.096536000	0.039999000
9.096544000	0.040003000
9.098434000	0.041836000
9.098445000	0.041843000
9.103469000	0.046826000
9.103498000	0.046851000
9.106493000	0.049791000
9.106521000	0.049815000
9.106529000	0.049774000
9.106535000	0.049776000
9.106539000	0.049731000
9.106543000	0.049731000
9.106605000	0.049746000
9.106660000	0.049798000
9.106669000	0.049757000
9.106679000	0.049764000
9.106763000	0.049796000
9.106771000	0.049801000
9.106778000	0.049758000
9.106785000	0.049762000
9.106788000	0.049715000
9.106792000	0.049716000
9.106869000	0.049741000
9.106879000	0.049749000
9.108448000	0.051266000
9.108477000	0.051293000
9.108486000	0.051251000
9.111578000	0.054340000
9.111608000	0.054319000
9.111618000	0.054326000
9.111626000	0.054283000
9.111816000	0.048296000
9.111845000	0.048320000
9.113471000	0.049917000
9.113500000	0.049943000
9.116450000	0.052728000
9.116478000	0.052752000
9.116486000	0.052721000
9.116493000	0.052725000
9.116773000	0.052952000
9.116802000	0.052978000
9.116811000	0.052899000
9.116819000	0.052901000
9.116824000	0.052831000
9.116833000	0.052834000
9.116837000	0.052762000
9.117082000	0.053002000
9.117114000	0.052999000
9.117120000	0.053002000
9.118460000	0.054291000
9.118492000	0.054320000
9.121479000	0.057257000
9.121505000	0.057280000
9.121517000	0.057241000
9.121527000	0.057247000
9.121597000	0.057267000
9.121610000	0.057277000
9.121620000	0.057236000
9.121654000	0.057268000
9.121667000	0.057229000
9.121677000	0.057237000
9.121803000	0.057312000
9.121817000	0.057323000
9.121828000	0.057283000
9.121838000	0.057290000
9.121844000	0.057245000
9.121849000	0.057247000
9.121862000	0.057209000
9.121914000	0.057258000
9.121926000	0.057219000
9.121967000	0.057258000
9.121974000	0.057213000
9.123450000	0.058686000
9.123461000	0.058647000
9.123469000	0.058652000
9.126449000	0.061581000
9.126543000	0.061672000
9.126571000	0.061649000
9.126580000	0.061656000
9.126587000	0.061607000
9.126592000	0.061606000
9.126597000	0.061568000
9.126600000	0.061568000
9.126686000	0.061603000
9.126699000	0.061613000
9.126707000	0.061570000
9.126711000	0.061571000
9.126763000	0.061572000
9.128464000	0.063270000
9.128519000	0.063274000
9.131482000	0.066234000
9.131501000	0.066202000
9.131507000	0.066205000
9.131511000	0.066158000
9.131533000	0.066178000
9.131544000	0.066138000
9.131586000	0.066177000
9.131639000	0.066179000
9.131650000	0.066187000
9.131692000	0.066179000
9.131703000	0.066187000
9.131706000	0.066138000
9.131745000	0.066175000
9.198433000	0.132758000
9.201586000	0.105022000
9.218474000	0.046455000
9.221475000	0.049389000
9.221492000	0.049360000
9.221500000	0.049360000
9.221504000	0.049270000
9.221526000	0.049283000
9.221579000	0.049328000
9.221632000	0.049349000
9.221741000	0.049449000
9.221753000	0.049409000
9.221795000	0.049347000
9.221802000	0.049340000
9.221809000	0.048331000
9.221813000	0.045337000
9.221817000	0.045321000
9.221849000	0.040229000
9.221903000	0.039594000
9.223428000	0.036221000
9.228434000	0.039975000
9.230476000	0.038559000
9.240541000	0.038826000
9.240560000	0.038756000
9.240566000	0.037042000
9.250556000	0.043790000
9.250610000	0.043779000
9.253463000	0.046316000
9.266449000	0.054749000
9.266530000	0.054714000
9.266547000	0.047979000
9.266558000	0.047914000
9.266633000	0.047832000
9.266651000	0.047587000
9.268510000	0.049389000
9.273419000	0.051459000
9.285411000	0.063449000
9.328418000	0.034854000
