6.245057000	0.032865000
6.285042000	0.034501000
6.285088000	0.034537000
6.290157000	0.039527000
6.290185000	0.039547000
6.293069000	0.042318000
6.293156000	0.042392000
6.293171000	0.042381000
6.293175000	0.042381000
6.293178000	0.042334000
6.293189000	0.042342000
6.320102000	0.035026000
6.320148000	0.032293000
6.325100000	0.037240000
6.325141000	0.034483000
6.325148000	0.034486000
6.330111000	0.036717000
6.330137000	0.036739000
6.335078000	0.038912000
6.335101000	0.038930000
6.336116000	0.037174000
6.336134000	0.037186000
6.336210000	0.034467000
6.336226000	0.034479000
6.340370000	0.035835000
6.340388000	0.035848000
6.345044000	0.037794000
6.345074000	0.037820000
6.348072000	0.040770000
6.348094000	0.038033000
6.349102000	0.039035000
6.355102000	0.034968000
6.355120000	0.034978000
6.360116000	0.038684000
6.360142000	0.038706000
6.360147000	0.035020000
6.360150000	0.035015000
6.360153000	0.033848000
6.365031000	0.038722000
6.365062000	0.036396000
6.370123000	0.041453000
6.370159000	0.039204000
6.371318000	0.040358000
6.371346000	0.038144000
6.371351000	0.038145000
6.371354000	0.035906000
6.371358000	0.035906000
6.371362000	0.033606000
6.375087000	0.037326000
6.375104000	0.035125000
6.380093000	0.040109000
6.380130000	0.037936000
6.382088000	0.039888000
6.382124000	0.039875000
6.382131000	0.037688000
6.382152000	0.037705000
6.382161000	0.035447000
6.382256000	0.035537000
6.385075000	0.036082000
6.385096000	0.036098000
6.390049000	0.038915000
6.390100000	0.038962000
6.392145000	0.038988000
6.392170000	0.039009000
6.392175000	0.036963000
6.392178000	0.035712000
6.392182000	0.034532000
6.392187000	0.033288000
6.395080000	0.034972000
6.395100000	0.033768000
6.400090000	0.037611000
6.400115000	0.037546000
6.402146000	0.038526000
6.402164000	0.038538000
6.402167000	0.037389000
6.402176000	0.037394000
6.402180000	0.036245000
6.405105000	0.038011000
6.405127000	0.034979000
6.405132000	0.034330000
6.410158000	0.038220000
6.410199000	0.037178000
6.412042000	0.037970000
6.412100000	0.036953000
6.412107000	0.035869000
6.412154000	0.034862000
6.412158000	0.033845000
6.415112000	0.036714000
6.415128000	0.035010000
6.420054000	0.039392000
6.420089000	0.037975000
6.422082000	0.039321000
6.422121000	0.038388000
6.422129000	0.037422000
6.422135000	0.036447000
6.422431000	0.035788000
6.422451000	0.034817000
6.425098000	0.036504000
6.425113000	0.035026000
6.432077000	0.041397000
6.432111000	0.039949000
6.432117000	0.039404000
6.432121000	0.038711000
6.435026000	0.034010000
6.435081000	0.033339000
6.440064000	0.038317000
6.440098000	0.037713000
6.442125000	0.039737000
6.442157000	0.039065000
6.442233000	0.039136000
6.442242000	0.038494000
6.442247000	0.038495000
6.445086000	0.040718000
6.445122000	0.040750000
6.445127000	0.040159000
6.450036000	0.045066000
6.450076000	0.044421000
6.452107000	0.046447000
6.452210000	0.045983000
6.452218000	0.045986000
6.452222000	0.045357000
6.480360000	0.073490000
6.480382000	0.072938000
6.482138000	0.074691000
6.482154000	0.074705000
6.482157000	0.074104000
6.482158000	0.074102000
6.482187000	0.073523000
6.485103000	0.076437000
6.485118000	0.075804000
6.488062000	0.077876000
6.488076000	0.077550000
6.488114000	0.076964000
6.488118000	0.076392000
6.488167000	0.075835000
6.488169000	0.075287000
6.488220000	0.065395000
6.490030000	0.056394000
6.490046000	0.049075000
6.495024000	0.040984000
6.515055000	0.034502000
6.520046000	0.037373000
6.520067000	0.036644000
6.521069000	0.036630000
6.521078000	0.035438000
6.521123000	0.033052000
6.525093000	0.036494000
6.525112000	0.035818000
6.530042000	0.040024000
6.530068000	0.038995000
6.540037000	0.048718000
6.540057000	0.048737000
6.541211000	0.049648000
6.541216000	0.049652000
6.541263000	0.049699000
6.541266000	0.049457000
6.541268000	0.049458000
6.545101000	0.053046000
6.545117000	0.053061000
6.548108000	0.055807000
6.548128000	0.055826000
6.548158000	0.055612000
6.548165000	0.055618000
6.548167000	0.055375000
6.548265000	0.055472000
6.548271000	0.055232000
6.548331000	0.055291000
6.548334000	0.055050000
6.548384000	0.055099000
6.550026000	0.056495000
6.550079000	0.056546000
6.551038000	0.057262000
6.551091000	0.057313000
6.551093000	0.057072000
6.551143000	0.057121000
6.551146000	0.056879000
6.551205000	0.056938000
6.553160000	0.058648000
6.553172000	0.058659000
6.553176000	0.058662000
6.553178000	0.058420000
6.553222000	0.058463000
6.553275000	0.058271000
6.553327000	0.058323000
6.553329000	0.058079000
6.553330000	0.058079000
6.555055000	0.059614000
6.555060000	0.059618000
6.558116000	0.062483000
6.558134000	0.062500000
6.558149000	0.062324000
6.558153000	0.062328000
6.558200000	0.062183000
6.558202000	0.062185000
6.558253000	0.062041000
6.558256000	0.062042000
6.558317000	0.061915000
6.558318000	0.061915000
6.558370000	0.061776000
6.558372000	0.061777000
6.558423000	0.061638000
6.558424000	0.061637000
6.558476000	0.061500000
6.558478000	0.061502000
6.558528000	0.061551000
6.558529000	0.061362000
6.558580000	0.061412000
6.558582000	0.061223000
6.558634000	0.061275000
6.558637000	0.061086000
6.558638000	0.061087000
6.558640000	0.060897000
6.558704000	0.060961000
6.558705000	0.060771000
6.558772000	0.060837000
6.558774000	0.060647000
6.558825000	0.060697000
6.558828000	0.060508000
6.558829000	0.060508000
6.560032000	0.061522000
6.560085000	0.061574000
6.561081000	0.062380000
6.561134000	0.062432000
6.561139000	0.062246000
6.561142000	0.062248000
6.561186000	0.062101000
6.563075000	0.063989000
6.563084000	0.063807000
6.563180000	0.063903000
6.563234000	0.063956000
6.563294000	0.063826000
6.563297000	0.048228000
6.563348000	0.048181000
6.563351000	0.048183000
6.563401000	0.048042000
6.563404000	0.048045000
6.563454000	0.047904000
6.563457000	0.047906000
6.563634000	0.047892000
6.563640000	0.047897000
6.563687000	0.047753000
6.563690000	0.047755000
6.563693000	0.047568000
6.563739000	0.047613000
6.565086000	0.048770000
6.565172000	0.048855000
6.568191000	0.051683000
6.568200000	0.051691000
6.568203000	0.051500000
6.568206000	0.051502000
6.568208000	0.051316000
6.568212000	0.051319000
6.568243000	0.051158000
6.568247000	0.051161000
6.568298000	0.051211000
6.568302000	0.051026000
6.568352000	0.051075000
6.568357000	0.050889000
6.568408000	0.050939000
6.568412000	0.050753000
6.568462000	0.050802000
6.568466000	0.050615000
6.568514000	0.050662000
6.568517000	0.050474000
6.568567000	0.050523000
6.570055000	0.051821000
6.575094000	0.056859000
6.575102000	0.055042000
6.576044000	0.055982000
6.576096000	0.055935000
6.576150000	0.055988000
6.576154000	0.055801000
6.576156000	0.055799000
6.580062000	0.059518000
6.580070000	0.059525000
6.583151000	0.062415000
6.583159000	0.062422000
6.583161000	0.062235000
6.583162000	0.062235000
6.583250000	0.062131000
6.583273000	0.062152000
6.583276000	0.062154000
6.583277000	0.061967000
6.583369000	0.062058000
6.583376000	0.061874000
6.583378000	0.061876000
6.583380000	0.061686000
6.583451000	0.061757000
6.583459000	0.061574000
6.583462000	0.061576000
6.583464000	0.061386000
6.583534000	0.061456000
6.583542000	0.061273000
6.583617000	0.061347000
6.583625000	0.061164000
6.583627000	0.061166000
6.583629000	0.058524000
6.583631000	0.058524000
6.583699000	0.058493000
6.583707000	0.058500000
6.583709000	0.058313000
6.583751000	0.058354000
6.583753000	0.058165000
6.583820000	0.058231000
6.583822000	0.058042000
6.583873000	0.058093000
6.583876000	0.053817000
6.583925000	0.053767000
6.585040000	0.054880000
6.585045000	0.054696000
6.586063000	0.055713000
6.586065000	0.055523000
6.586155000	0.055611000
6.586162000	0.055429000
6.586164000	0.055429000
6.586166000	0.055242000
6.588141000	0.057216000
6.588165000	0.048116000
6.588167000	0.048115000
6.588169000	0.048019000
6.588377000	0.048226000
6.590104000	0.049763000
6.590111000	0.049769000
6.595066000	0.054533000
6.595074000	0.054541000
6.596043000	0.055317000
6.596093000	0.055366000
6.596096000	0.055179000
6.596155000	0.055236000
6.596157000	0.055047000
6.598057000	0.056946000
6.598065000	0.056953000
6.598137000	0.056836000
6.598147000	0.056845000
6.598149000	0.056657000
6.600045000	0.058553000
6.600052000	0.058369000
6.603119000	0.061435000
6.603128000	0.061253000
6.603203000	0.061327000
6.603212000	0.061144000
6.603215000	0.061145000
6.603217000	0.060958000
6.603288000	0.061028000
6.603297000	0.055073000
6.603311000	0.054322000
6.603316000	0.054136000
6.603376000	0.053812000
6.605074000	0.054551000
6.610066000	0.059542000
6.610076000	0.059361000
6.615070000	0.064354000
6.615081000	0.064173000
6.616091000	0.064411000
6.616107000	0.063855000
6.616143000	0.063701000
6.616150000	0.063325000
6.660091000	0.104773000
6.665070000	0.109561000
6.670151000	0.108471000
6.715082000	0.034927000
