36.173232000	0.060323000
36.241149000	0.067460000
36.241174000	0.067479000
36.241177000	0.067452000
36.249261000	0.075374000
36.249266000	0.075376000
36.250132000	0.076166000
36.250152000	0.076183000
36.301196000	0.060028000
36.301225000	0.060054000
36.301230000	0.060032000
36.309225000	0.068025000
36.309252000	0.068001000
36.309257000	0.068004000
36.309260000	0.067958000
36.309263000	0.060011000
36.309269000	0.059993000
36.309272000	0.059994000
36.309275000	0.059874000
36.309278000	0.059874000
36.309281000	0.059816000
36.309284000	0.059140000
36.310109000	0.059963000
36.310125000	0.059938000
36.310132000	0.059944000
36.361153000	0.059934000
36.361182000	0.059960000
36.361187000	0.059902000
36.361190000	0.059903000
36.368200000	0.066830000
36.368224000	0.066851000
36.368228000	0.058985000
36.368232000	0.058986000
36.368235000	0.058891000
36.368241000	0.058894000
36.368244000	0.058872000
36.368247000	0.058873000
36.368249000	0.058791000
36.368252000	0.058791000
36.369112000	0.059570000
36.369126000	0.059581000
36.369129000	0.059501000
36.369132000	0.059501000
36.369135000	0.059421000
36.369138000	0.059421000
36.369140000	0.059343000
36.369217000	0.059417000
36.369224000	0.059338000
36.370115000	0.060226000
36.375197000	0.065270000
36.375217000	0.065288000
36.375221000	0.065242000
36.375224000	0.065243000
36.375227000	0.065107000
36.375230000	0.065108000
36.375233000	0.065070000
36.375235000	0.065070000
36.375238000	0.065023000
36.376115000	0.065898000
36.413087000	0.051911000
36.413115000	0.051936000
36.420238000	0.059030000
36.420260000	0.059050000
36.420265000	0.058973000
36.420268000	0.058972000
36.420275000	0.058899000
36.420278000	0.052060000
36.421136000	0.052824000
36.421151000	0.052803000
36.421155000	0.052754000
36.421158000	0.052754000
36.421161000	0.052708000
36.437261000	0.068806000
36.444233000	0.075684000
36.444254000	0.075702000
36.444258000	0.075625000
36.444261000	0.075625000
36.444264000	0.075547000
36.444266000	0.075546000
36.444269000	0.075506000
36.444271000	0.075506000
36.444274000	0.075459000
36.444336000	0.075519000
36.444359000	0.075237000
36.444365000	0.075241000
36.445190000	0.076023000
36.445208000	0.076040000
36.445211000	0.075990000
36.445214000	0.075992000
36.445217000	0.075945000
36.445219000	0.075946000
36.445222000	0.075897000
36.445282000	0.075956000
36.445291000	0.075914000
36.445294000	0.075915000
36.446141000	0.076711000
36.446153000	0.076721000
36.446156000	0.076673000
36.446158000	0.076674000
36.447025000	0.077490000
36.451172000	0.081635000
36.451190000	0.081070000
36.451194000	0.075982000
36.451198000	0.075949000
36.451200000	0.075817000
36.451204000	0.075791000
36.459062000	0.083583000
36.466216000	0.090653000
36.466240000	0.090630000
36.466244000	0.090581000
36.475192000	0.099476000
36.475219000	0.099087000
36.483175000	0.070063000
36.490222000	0.077082000
36.490251000	0.069994000
36.490258000	0.069905000
36.490263000	0.069864000
36.490268000	0.069778000
36.490273000	0.069699000
36.490277000	0.069619000
36.490282000	0.069540000
36.490287000	0.069138000
36.491146000	0.069956000
36.491162000	0.069970000
36.491168000	0.069925000
36.491171000	0.069926000
36.491174000	0.069876000
36.498125000	0.076823000
36.498151000	0.076803000
36.498160000	0.076810000
36.498164000	0.076763000
36.498173000	0.076770000
36.498178000	0.076724000
36.498182000	0.076727000
36.498185000	0.076679000
36.498189000	0.076681000
36.506228000	0.068949000
36.506308000	0.069026000
36.513195000	0.068947000
36.513216000	0.068965000
36.513222000	0.068937000
36.513225000	0.068938000
36.513228000	0.068887000
36.513230000	0.068873000
36.513233000	0.068030000
36.513238000	0.068032000
36.514122000	0.068890000
36.514141000	0.068907000
36.514148000	0.068861000
36.514152000	0.068862000
36.515182000	0.069845000
36.515223000	0.069884000
36.516107000	0.070715000
36.523135000	0.077740000
36.523173000	0.077725000
36.523189000	0.077735000
36.523195000	0.077694000
36.523200000	0.077697000
36.523205000	0.077649000
36.532194000	0.086636000
36.532233000	0.086624000
36.532247000	0.086636000
36.532253000	0.086591000
36.540097000	0.094433000
36.540134000	0.094419000
36.547162000	0.101445000
36.547286000	0.101519000
36.547331000	0.101561000
36.547344000	0.101523000
36.547352000	0.101528000
36.547358000	0.101483000
36.547367000	0.101490000
36.547374000	0.101445000
36.547380000	0.101448000
36.547385000	0.101400000
36.547390000	0.101402000
36.548135000	0.102099000
36.548245000	0.102207000
36.548259000	0.102169000
36.548269000	0.102177000
36.548274000	0.102125000
36.548286000	0.102135000
36.548291000	0.102096000
36.548296000	0.102099000
36.548300000	0.102053000
36.548305000	0.102005000
36.549061000	0.102708000
36.549093000	0.102054000
36.549102000	0.097917000
36.549109000	0.097884000
36.573215000	0.121938000
36.573258000	0.121928000
36.573265000	0.121882000
36.573270000	0.121835000
36.580185000	0.128697000
36.580224000	0.128684000
36.580230000	0.128639000
36.580236000	0.128552000
36.580241000	0.121163000
36.580247000	0.121133000
36.580252000	0.114020000
36.580257000	0.113989000
36.580262000	0.113913000
36.580267000	0.113849000
36.580272000	0.113775000
36.580277000	0.113697000
36.581106000	0.105894000
36.581309000	0.106063000
36.581331000	0.106022000
36.581336000	0.105978000
36.593105000	0.117692000
36.593145000	0.109954000
36.600097000	0.116870000
36.600159000	0.109917000
36.600183000	0.109935000
36.600625000	0.110320000
36.600660000	0.110305000
36.600671000	0.110311000
36.601119000	0.110652000
36.609161000	0.118601000
36.616178000	0.125615000
36.616216000	0.125651000
36.616226000	0.125622000
36.616231000	0.125625000
36.616234000	0.125627000
36.616237000	0.125582000
36.616241000	0.125584000
36.616244000	0.125585000
36.616248000	0.125541000
36.616251000	0.125542000
36.616254000	0.125544000
36.625351000	0.134592000
36.625381000	0.134620000
36.625391000	0.134629000
36.625396000	0.134585000
36.625399000	0.134586000
36.625402000	0.134586000
36.625406000	0.134544000
36.625409000	0.134545000
36.625412000	0.134546000
36.633062000	0.142148000
36.640214000	0.149298000
36.640248000	0.149331000
36.640261000	0.149103000
36.640268000	0.149109000
36.640272000	0.149106000
36.640277000	0.149077000
36.640283000	0.149082000
36.640287000	0.149084000
36.640291000	0.149039000
36.640295000	0.149041000
36.641208000	0.149953000
36.641236000	0.149907000
36.641252000	0.143109000
36.641256000	0.143109000
36.641260000	0.143102000
36.641263000	0.143059000
36.641266000	0.143059000
36.641269000	0.143060000
36.641272000	0.142949000
36.642128000	0.143802000
36.650122000	0.151794000
36.657176000	0.158816000
36.657207000	0.158844000
36.657216000	0.158851000
36.657220000	0.158809000
36.657223000	0.158810000
36.657226000	0.158810000
36.657231000	0.158769000
36.657235000	0.158770000
36.657342000	0.158875000
36.657371000	0.151127000
36.657375000	0.151128000
36.658299000	0.151978000
36.658328000	0.152004000
36.658337000	0.145127000
36.658342000	0.145129000
36.658345000	0.145125000
36.658348000	0.145112000
36.658351000	0.145103000
36.659155000	0.145905000
36.659173000	0.145921000
36.659182000	0.145929000
36.659186000	0.145850000
36.659190000	0.145851000
36.659193000	0.145852000
36.667161000	0.153818000
36.674161000	0.160747000
36.674188000	0.160771000
36.674196000	0.160777000
36.674200000	0.160779000
36.674203000	0.160067000
36.674207000	0.160069000
36.674210000	0.160065000
36.674279000	0.160132000
36.674296000	0.160083000
36.674303000	0.160087000
36.675073000	0.160855000
36.675103000	0.160884000
36.675112000	0.159896000
36.675116000	0.159897000
36.691078000	0.175847000
36.698169000	0.182935000
36.698206000	0.182082000
36.698219000	0.182091000
36.698225000	0.175062000
36.698230000	0.175062000
36.698235000	0.175052000
36.698239000	0.175053000
36.698244000	0.175023000
36.698248000	0.175024000
36.698253000	0.175026000
36.698257000	0.175028000
36.698262000	0.174990000
36.699256000	0.175981000
36.699289000	0.176011000
36.699302000	0.176021000
36.699309000	0.167086000
36.699314000	0.167086000
36.699319000	0.167078000
36.699325000	0.167081000
36.699330000	0.167060000
36.699335000	0.167062000
36.699339000	0.167063000
36.713124000	0.180757000
36.713153000	0.173029000
36.713162000	0.173033000
36.713166000	0.173025000
36.713169000	0.173002000
36.713172000	0.165981000
36.713175000	0.165979000
36.713179000	0.165858000
36.713182000	0.165856000
36.728193000	0.180852000
36.728224000	0.180782000
36.728232000	0.180787000
36.728236000	0.180788000
36.728239000	0.180758000
36.728244000	0.180713000
36.728247000	0.180711000
36.728251000	0.180652000
36.728254000	0.180560000
36.729086000	0.181383000
36.729119000	0.181329000
36.729124000	0.180957000
36.729128000	0.180872000
36.729131000	0.180560000
36.730173000	0.181596000
36.730184000	0.181558000
36.730189000	0.181513000
36.730192000	0.181511000
36.730196000	0.181464000
36.730200000	0.181416000
36.736146000	0.187355000
36.736164000	0.187321000
36.753081000	0.203997000
36.753118000	0.203989000
36.760094000	0.210957000
36.760125000	0.210929000
36.760131000	0.210894000
36.760135000	0.210890000
36.760138000	0.210843000
36.761199000	0.211857000
36.761225000	0.187974000
36.761230000	0.187939000
36.784138000	0.210838000
36.784169000	0.210774000
36.784174000	0.210740000
36.784178000	0.210736000
36.784181000	0.210689000
36.784185000	0.210641000
36.784188000	0.203971000
36.784192000	0.203897000
36.784300000	0.203999000
36.785056000	0.204658000
36.785065000	0.204578000
36.791154000	0.210658000
36.791171000	0.210588000
36.791202000	0.210534000
36.791206000	0.210530000
36.791211000	0.210443000
36.791215000	0.210362000
36.791219000	0.210358000
36.792163000	0.211266000
36.800163000	0.219217000
36.800182000	0.219230000
36.807202000	0.226199000
36.807219000	0.226165000
36.807223000	0.226164000
36.807233000	0.226106000
36.807237000	0.225915000
36.807241000	0.225913000
36.833086000	0.251724000
36.833106000	0.251694000
36.840235000	0.258817000
36.840251000	0.258783000
36.840256000	0.258737000
36.840259000	0.258735000
36.840264000	0.258689000
36.840268000	0.258642000
36.840272000	0.258640000
36.840276000	0.258594000
36.840280000	0.258544000
36.840284000	0.247146000
36.840288000	0.247117000
36.841124000	0.247947000
36.841142000	0.247883000
36.841146000	0.241007000
36.841150000	0.240979000
36.841154000	0.240975000
36.841158000	0.240506000
36.841162000	0.240481000
36.842049000	0.241346000
36.842069000	0.241363000
36.850237000	0.249527000
36.857220000	0.256453000
36.857237000	0.256466000
36.857241000	0.256466000
36.857245000	0.256466000
36.857249000	0.256425000
36.857253000	0.256425000
36.857256000	0.256424000
36.857260000	0.256424000
36.858143000	0.257263000
36.858159000	0.257275000
36.858163000	0.257017000
36.858169000	0.257018000
36.858259000	0.257105000
36.858267000	0.257110000
36.858272000	0.249076000
36.859205000	0.250002000
36.873099000	0.263893000
36.873262000	0.264052000
36.880210000	0.264001000
36.880229000	0.264006000
36.880234000	0.263964000
36.880239000	0.263966000
36.880244000	0.263877000
36.880249000	0.263876000
36.880253000	0.263798000
36.880258000	0.263797000
36.880265000	0.263723000
36.881135000	0.264587000
36.881149000	0.264519000
36.881154000	0.255779000
36.881159000	0.255771000
36.881165000	0.255738000
36.881170000	0.255740000
36.881178000	0.255627000
36.881183000	0.255626000
36.881188000	0.255549000
36.882164000	0.256519000
36.882180000	0.256454000
36.882185000	0.249099000
36.882190000	0.241951000
36.882193000	0.241936000
36.882197000	0.241879000
36.882201000	0.241878000
36.883101000	0.242732000
36.883117000	0.242744000
36.913161000	0.272740000
36.913185000	0.272760000
36.920180000	0.279707000
36.920198000	0.279722000
36.920203000	0.278973000
36.920207000	0.278959000
36.920326000	0.279031000
36.920342000	0.279044000
36.920346000	0.279007000
36.920350000	0.279008000
36.920354000	0.278962000
36.920358000	0.278963000
36.920362000	0.278917000
36.921222000	0.279073000
36.921241000	0.271096000
36.921248000	0.264049000
36.921253000	0.264041000
36.921258000	0.264009000
36.921264000	0.264012000
36.921268000	0.263907000
36.921274000	0.263908000
36.921279000	0.263879000
36.921285000	0.263882000
36.921290000	0.263792000
36.922262000	0.264758000
36.922279000	0.264694000
36.922284000	0.263963000
36.922288000	0.263954000
36.922292000	0.263927000
36.922296000	0.263927000
36.922300000	0.263808000
36.922304000	0.263807000
36.922308000	0.263776000
36.922311000	0.263142000
36.922315000	0.263136000
36.923171000	0.263959000
36.923186000	0.263971000
36.923189000	0.263924000
36.923193000	0.263925000
36.923196000	0.256014000
36.923200000	0.249018000
36.923203000	0.249010000
36.923207000	0.248982000
36.924081000	0.249853000
36.924096000	0.249811000
36.924103000	0.249814000
36.930132000	0.255717000
36.930152000	0.255731000
36.938154000	0.263685000
36.938171000	0.263699000
36.945294000	0.270199000
36.945312000	0.270203000
36.945316000	0.270185000
36.945320000	0.270186000
36.945324000	0.254222000
36.945327000	0.247130000
36.945331000	0.247116000
36.945334000	0.247051000
36.946167000	0.247880000
36.946175000	0.247836000
36.946187000	0.247844000
36.946190000	0.247796000
36.946194000	0.247795000
36.946197000	0.247745000
36.946200000	0.247744000
36.973120000	0.274614000
36.973143000	0.274633000
36.980253000	0.280972000
36.980273000	0.280975000
36.980279000	0.280906000
36.980284000	0.280904000
36.980288000	0.280878000
36.980293000	0.280878000
36.980304000	0.280791000
36.980309000	0.280791000
36.980314000	0.280749000
36.981240000	0.281671000
36.981254000	0.268107000
36.981260000	0.268101000
36.981299000	0.268099000
36.981305000	0.268102000
36.981310000	0.267977000
36.981315000	0.267976000
36.981319000	0.267899000
36.981325000	0.267899000
36.981330000	0.267823000
36.982184000	0.253967000
36.982200000	0.253971000
36.982205000	0.253936000
36.982280000	0.254008000
36.982297000	0.253935000
36.982302000	0.253935000
36.982306000	0.253863000
36.982309000	0.253861000
36.982313000	0.253789000
36.983192000	0.254662000
36.983209000	0.254603000
36.983213000	0.254601000
36.983241000	0.254554000
36.983245000	0.254552000
36.983248000	0.254139000
36.983252000	0.254138000
36.983256000	0.254111000
36.983260000	0.254112000
36.984126000	0.254929000
36.984143000	0.254943000
36.984147000	0.254896000
36.984282000	0.255028000
36.984299000	0.254994000
36.984303000	0.254995000
36.985181000	0.255002000
36.985199000	0.255017000
36.986142000	0.255912000
36.986159000	0.255926000
36.993250000	0.262966000
37.000253000	0.269966000
37.000270000	0.269932000
37.000274000	0.269933000
37.000278000	0.269887000
37.000282000	0.269888000
37.000285000	0.269840000
37.000289000	0.269841000
37.000292000	0.264134000
37.001184000	0.265023000
37.007233000	0.270984000
37.007249000	0.270994000
37.007258000	0.254151000
37.007262000	0.254150000
37.007265000	0.254120000
37.007269000	0.254120000
37.007273000	0.247157000
37.007277000	0.247156000
37.007281000	0.247127000
37.022160000	0.262003000
37.022181000	0.261976000
37.022187000	0.261979000
37.022192000	0.261935000
37.022197000	0.261937000
37.022202000	0.261892000
37.022208000	0.261895000
37.022213000	0.260996000
37.022218000	0.260996000
37.022223000	0.260957000
37.023211000	0.261942000
37.023227000	0.261864000
37.023231000	0.261863000
37.023235000	0.239072000
37.073135000	0.049711000
