13.501395000	0.030011000
13.551351000	0.036576000
13.554315000	0.039536000
13.556364000	0.041495000
13.556385000	0.041513000
13.559389000	0.044431000
13.559413000	0.044454000
13.559417000	0.044423000
13.559420000	0.044425000
13.559439000	0.044391000
13.559448000	0.044398000
13.594381000	0.043018000
13.594404000	0.043038000
13.594409000	0.040081000
13.594413000	0.040082000
13.594483000	0.038105000
13.594492000	0.038111000
13.596338000	0.039912000
13.596357000	0.039929000
13.599335000	0.039931000
13.599354000	0.039946000
13.601347000	0.041904000
13.601367000	0.041921000
13.604391000	0.044898000
13.604411000	0.044916000
13.604414000	0.044834000
13.604474000	0.044891000
13.604557000	0.044895000
13.604574000	0.044907000
13.604577000	0.044867000
13.604642000	0.044929000
13.631299000	0.036903000
13.631313000	0.036912000
13.634407000	0.039972000
13.634422000	0.039984000
13.634425000	0.039937000
13.634465000	0.039974000
13.636333000	0.041760000
13.636350000	0.041774000
13.639392000	0.044739000
13.639412000	0.044755000
13.639415000	0.044695000
13.639417000	0.044695000
13.639475000	0.043125000
13.639493000	0.043139000
13.639561000	0.043168000
13.639570000	0.043175000
13.639572000	0.040224000
13.639574000	0.040223000
13.639664000	0.040242000
13.639682000	0.040256000
13.641330000	0.039969000
13.641348000	0.039984000
13.644285000	0.042872000
13.644453000	0.043038000
13.644472000	0.040067000
13.646352000	0.041944000
13.646370000	0.041885000
13.649390000	0.044902000
13.649409000	0.044840000
13.649412000	0.044840000
13.649424000	0.044770000
13.649431000	0.044773000
13.649509000	0.044781000
13.649545000	0.044813000
13.649665000	0.044853000
13.649685000	0.044830000
13.649689000	0.044782000
13.666341000	0.035030000
13.666363000	0.034982000
13.670395000	0.035975000
13.670420000	0.035948000
13.670425000	0.035827000
13.670433000	0.034089000
13.671297000	0.034950000
13.671307000	0.034921000
13.676347000	0.039959000
13.686336000	0.046930000
13.686356000	0.046947000
13.691380000	0.051893000
13.691399000	0.051909000
13.691469000	0.051903000
13.691494000	0.051926000
13.691499000	0.051823000
13.694403000	0.054724000
13.694422000	0.054671000
13.694427000	0.054673000
13.694479000	0.054683000
13.694489000	0.054691000
13.694492000	0.054644000
13.694654000	0.054804000
13.694661000	0.054760000
13.694666000	0.054763000
13.694668000	0.054714000
13.694670000	0.054714000
13.694672000	0.054665000
13.694706000	0.054697000
13.694714000	0.054652000
13.694716000	0.054648000
13.694759000	0.054646000
13.694780000	0.054665000
13.694784000	0.053444000
13.694786000	0.053441000
13.694902000	0.053518000
13.694916000	0.053530000
13.696284000	0.051989000
13.696336000	0.052038000
13.696388000	0.051921000
13.699356000	0.054886000
13.699369000	0.054825000
13.699476000	0.054929000
13.699496000	0.053132000
13.699499000	0.053132000
13.699502000	0.053076000
13.699510000	0.053082000
13.699518000	0.050115000
13.699634000	0.050228000
13.699655000	0.050140000
13.699659000	0.050111000
13.699661000	0.049984000
13.701336000	0.051654000
13.701351000	0.051627000
13.701388000	0.051585000
13.701398000	0.051575000
13.706335000	0.056427000
13.706359000	0.056362000
13.709496000	0.059495000
13.709676000	0.059573000
13.714487000	0.048129000
13.721388000	0.045024000
13.721425000	0.035072000
13.726324000	0.039895000
13.726346000	0.034950000
13.728408000	0.036925000
13.728431000	0.036908000
13.728445000	0.036917000
13.766367000	0.071951000
13.768410000	0.073985000
13.768434000	0.073949000
13.768439000	0.073886000
13.768441000	0.073884000
13.768444000	0.073840000
13.771394000	0.076736000
13.771417000	0.076753000
13.774287000	0.079574000
13.776348000	0.081585000
13.776369000	0.081461000
13.778318000	0.083404000
13.778392000	0.083409000
13.778401000	0.083367000
13.778406000	0.083367000
13.778409000	0.083320000
13.778496000	0.078984000
13.781340000	0.079947000
13.845250000	0.118914000
13.849659000	0.068084000
13.886421000	0.041133000
13.889368000	0.044077000
13.889381000	0.044063000
13.889469000	0.044149000
13.896315000	0.050945000
13.896332000	0.050961000
13.899361000	0.053939000
13.899378000	0.053954000
13.899384000	0.053898000
13.899386000	0.053898000
13.899414000	0.053886000
13.901305000	0.055775000
13.904401000	0.058815000
13.904418000	0.058831000
13.904424000	0.058788000
13.904486000	0.058848000
13.904505000	0.058812000
13.904568000	0.058873000
13.904587000	0.058847000
13.904651000	0.058910000
13.904671000	0.058866000
13.904674000	0.058866000
13.904736000	0.058864000
13.904816000	0.058941000
13.904835000	0.058935000
13.904838000	0.058936000
13.906298000	0.060346000
13.906350000	0.060396000
13.906356000	0.060350000
13.909439000	0.059733000
13.909456000	0.059747000
13.909461000	0.059726000
13.909464000	0.059727000
13.909522000	0.059734000
13.909591000	0.059801000
13.909601000	0.059761000
13.909666000	0.059824000
13.909678000	0.059784000
13.909681000	0.059786000
13.909740000	0.059782000
13.909793000	0.059785000
13.909845000	0.059764000
13.909857000	0.059746000
13.909898000	0.059732000
13.909950000	0.059732000
13.910004000	0.059742000
13.910010000	0.059695000
13.910056000	0.059687000
13.910062000	0.059641000
13.910119000	0.059646000
13.910125000	0.059599000
13.910127000	0.059548000
13.910163000	0.059582000
13.961356000	0.109291000
13.976332000	0.052955000
13.976373000	0.051990000
13.976387000	0.051912000
13.978341000	0.053831000
13.978352000	0.053757000
13.978433000	0.052077000
13.978452000	0.049029000
13.978454000	0.049019000
13.979412000	0.049842000
13.979423000	0.049838000
13.979426000	0.049829000
13.979429000	0.049686000
13.979493000	0.048144000
13.979503000	0.045075000
13.979506000	0.045067000
13.979509000	0.043154000
13.979573000	0.040187000
13.979583000	0.038229000
13.979586000	0.035156000
13.979653000	0.035140000
13.979663000	0.033229000
13.988419000	0.038978000
13.988429000	0.038841000
13.988503000	0.038902000
13.988513000	0.038903000
13.991353000	0.039953000
13.991363000	0.036955000
13.994758000	0.040338000
13.994843000	0.040389000
13.994847000	0.040299000
13.994850000	0.040190000
13.996359000	0.041693000
13.996369000	0.041697000
13.999402000	0.044724000
13.999412000	0.044679000
13.999415000	0.043036000
13.999481000	0.040060000
14.001311000	0.041875000
14.001362000	0.041905000
14.004422000	0.044959000
14.004432000	0.044963000
14.004436000	0.044926000
14.004502000	0.044985000
14.004511000	0.044905000
14.004582000	0.044966000
14.004592000	0.043206000
14.036363000	0.031562000
