33.300233000	1408
33.300244000	2816
33.300268000	4224
33.300272000	5632
33.300325000	7040
33.300328000	8448
33.300375000	9856
33.300377000	11264
33.300427000	12672
33.300430000	14080
33.359694000	14080
33.359700000	15488
33.359795000	12672
33.359799000	14080
33.359845000	15488
33.359848000	16896
33.359946000	18304
33.359952000	19712
33.367570000	19712
33.367575000	21120
33.367631000	15488
33.367634000	16896
33.367694000	18304
33.367702000	19712
33.367735000	21120
33.367738000	22528
33.367786000	23936
33.367789000	25344
33.367839000	26752
33.367842000	28160
33.399481000	29568
33.399498000	29568
33.399508000	29568
33.406506000	28160
33.406520000	28160
33.406667000	21120
33.406671000	22528
33.406714000	23936
33.406718000	25344
33.406773000	26752
33.406778000	28160
33.406830000	29568
33.406835000	30976
33.406887000	32384
33.406892000	33792
33.406939000	35200
33.407518000	35200
33.407523000	36608
33.415443000	36608
33.415448000	38016
33.422501000	38016
33.422507000	39424
33.422579000	29568
33.422582000	30976
33.422652000	32384
33.422655000	33792
33.422685000	35200
33.422689000	36608
33.422736000	38016
33.422740000	39424
33.422791000	40832
33.422794000	42240
33.422844000	43648
33.422848000	45056
33.422898000	46464
33.422900000	47872
33.422952000	49280
33.422954000	50688
33.439597000	50688
33.439603000	52096
33.446588000	52096
33.446593000	53504
33.446643000	49280
33.446646000	50688
33.446733000	52096
33.446740000	53504
33.446770000	54912
33.446774000	56320
33.446821000	57728
33.446824000	59136
33.454558000	59136
33.454563000	60544
33.461516000	60544
33.461521000	61952
33.461571000	54912
33.461574000	56320
33.461668000	57728
33.461674000	59136
33.461766000	60544
33.461772000	61952
33.461867000	63360
33.461872000	64768
33.461963000	66176
33.461969000	67584
33.462052000	68992
33.462059000	70400
33.484640000	70400
33.484646000	71808
33.484750000	47872
33.484759000	49280
33.484792000	50688
33.484796000	52096
33.484883000	53504
33.484888000	54912
33.484945000	56320
33.484951000	57728
33.485004000	59136
33.485009000	60544
33.485055000	61952
33.485059000	63360
33.485108000	64768
33.485112000	66176
33.485161000	67584
33.485165000	68992
33.485215000	70400
33.485219000	71808
33.485268000	73216
33.485272000	74624
33.485321000	76032
33.485326000	77440
33.485373000	78848
33.485376000	80256
33.485425000	81664
33.485428000	83072
33.485477000	84480
33.485480000	85888
33.485530000	87296
33.485533000	88704
33.485582000	90112
33.485585000	91520
33.485635000	92928
33.485638000	94336
33.485688000	95744
33.485691000	97152
33.499644000	97152
33.499649000	98560
33.499682000	95744
33.499685000	97152
33.499780000	98560
33.499786000	99968
33.499868000	101376
33.499873000	102784
33.506593000	102784
33.506598000	104192
33.506813000	83072
33.506818000	84480
33.506844000	85888
33.506848000	87296
33.506897000	88704
33.506900000	90112
33.506950000	91520
33.506952000	92928
33.507003000	94336
33.507006000	95744
33.507055000	97152
33.507059000	98560
33.507108000	99968
33.507111000	101376
33.507160000	102784
33.507163000	104192
33.507213000	105600
33.507216000	107008
33.507266000	108416
33.507269000	109824
33.507321000	111232
33.507326000	112640
33.507371000	114048
33.507374000	115456
33.507427000	116864
33.507431000	118272
33.507490000	118272
33.507494000	119680
33.507529000	115456
33.507532000	116864
33.507587000	116864
33.507589000	118272
33.507636000	118272
33.507639000	119680
33.507692000	119680
33.507695000	121088
33.507741000	122496
33.507744000	123904
33.507794000	125312
33.507797000	126720
33.507846000	128128
33.515473000	128128
33.522501000	128128
33.530456000	128128
33.537494000	128128
33.537507000	128128
33.537549000	118272
33.537552000	119680
33.537647000	121088
33.537653000	122496
33.537739000	123904
33.537745000	125312
33.537828000	126720
33.537834000	128128
33.538438000	128128
33.538449000	128128
33.561573000	128128
33.561586000	128128
33.561633000	119680
33.561637000	121088
33.561770000	122496
33.561777000	123904
33.561806000	125312
33.561809000	126720
33.561856000	128128
33.562515000	128128
33.562525000	126720
33.562554000	128128
33.568592000	126720
33.568597000	128128
33.568642000	109824
33.568645000	111232
33.568717000	112640
33.568720000	114048
33.568792000	115456
33.568796000	116864
33.568843000	118272
33.568846000	119680
33.568897000	121088
33.568900000	122496
33.569003000	123904
33.569007000	125312
33.569041000	126720
33.569045000	128128
33.569467000	126720
33.569470000	128128
33.599562000	126720
33.599567000	128128
33.599597000	121088
33.599600000	122496
33.599695000	123904
33.599701000	125312
33.599783000	126720
33.599789000	128128
33.606509000	126720
33.606514000	128128
33.606576000	111232
33.606579000	112640
33.606674000	114048
33.606680000	115456
33.606765000	116864
33.606771000	118272
33.606853000	119680
33.606859000	121088
33.606940000	122496
33.606946000	123904
33.607028000	125312
33.607033000	126720
33.607108000	128128
33.607503000	128128
33.607521000	128128
33.607571000	116864
33.607574000	118272
33.607616000	119680
33.607619000	121088
33.607668000	122496
33.607672000	123904
33.607721000	125312
33.607725000	126720
33.607774000	128128
33.622564000	128128
33.622577000	128128
33.622599000	126720
33.622602000	128128
33.622735000	128128
33.622748000	128128
33.622901000	125312
33.622904000	126720
33.622949000	128128
33.623660000	128128
33.623672000	128128
33.639569000	128128
33.639587000	128128
33.639611000	128128
33.646547000	128128
33.646560000	128128
33.646601000	116864
33.646604000	118272
33.646699000	119680
33.646705000	121088
33.646792000	122496
33.646798000	123904
33.646880000	125312
33.646886000	126720
33.646973000	128128
33.647506000	126720
33.647512000	128128
33.647548000	123904
33.647552000	125312
33.647600000	126720
33.647603000	128128
33.655618000	126720
33.655623000	128128
33.662542000	126720
33.662548000	128128
33.662598000	115456
33.662601000	116864
33.662652000	118272
33.662656000	119680
33.662707000	121088
33.662712000	122496
33.662763000	123904
33.662767000	125312
33.662819000	126720
33.662822000	128128
33.670466000	126720
33.670472000	128128
33.670507000	123904
33.670511000	125312
33.670562000	126720
33.670566000	128128
33.677450000	126720
33.677455000	128128
33.677483000	123904
33.677486000	125312
33.677610000	126720
33.677616000	128128
33.685452000	126720
33.685457000	128128
33.692475000	126720
33.692482000	128128
33.692746000	105600
33.692752000	107008
33.692781000	108416
33.692786000	109824
33.692834000	111232
33.692838000	112640
33.692887000	114048
33.692892000	115456
33.692980000	116864
33.692985000	118272
33.693013000	119680
33.693017000	121088
33.693066000	122496
33.693070000	123904
33.693119000	125312
33.693123000	126720
33.693172000	128128
33.700564000	126720
33.700570000	128128
33.708490000	126720
33.708495000	128128
33.716493000	126720
33.716500000	128128
33.723541000	126720
33.723548000	128128
33.723635000	98560
33.723640000	99968
33.723689000	101376
33.723693000	102784
33.723748000	104192
33.723752000	105600
33.723801000	107008
33.723805000	108416
33.723858000	109824
33.723862000	111232
33.723911000	112640
33.723915000	114048
33.723965000	115456
33.723969000	116864
33.724020000	118272
33.724024000	119680
33.724074000	121088
33.724077000	122496
33.724128000	123904
33.724132000	125312
33.724184000	126720
33.724188000	128128
33.739487000	126720
33.739495000	128128
33.739534000	121088
33.739538000	122496
33.739588000	123904
33.739592000	125312
33.739643000	126720
33.739646000	128128
33.739698000	129536
33.746443000	128128
33.746450000	129536
33.746485000	125312
33.746489000	126720
33.746540000	128128
33.746544000	129536
33.754481000	128128
33.754486000	129536
33.754516000	122496
33.754519000	123904
33.754614000	125312
33.754621000	126720
33.754703000	128128
33.754713000	129536
33.761523000	128128
33.761528000	129536
33.761559000	128128
33.761562000	129536
33.769501000	128128
33.769508000	129536
33.776548000	128128
33.776555000	129536
33.776778000	116864
33.776784000	118272
33.776843000	119680
33.776847000	121088
33.776898000	122496
33.776902000	123904
33.776954000	125312
33.776958000	126720
33.777011000	128128
33.777022000	129536
33.777486000	128128
33.777491000	129536
33.777525000	128128
33.777529000	129536
33.793556000	128128
33.793561000	129536
33.800601000	128128
33.800606000	129536
33.800646000	114048
33.800649000	115456
33.800730000	116864
33.800734000	118272
33.800772000	119680
33.800775000	121088
33.800824000	122496
33.800827000	123904
33.800877000	125312
33.800880000	126720
33.800973000	128128
33.800977000	129536
33.807472000	128128
33.807477000	129536
33.807518000	114048
33.807521000	115456
33.807616000	116864
33.807622000	118272
33.807708000	119680
33.807714000	121088
33.807828000	122496
33.807833000	123904
33.807946000	125312
33.807951000	126720
33.808069000	128128
33.808075000	129536
33.822523000	128128
33.822530000	129536
33.822556000	128128
33.822560000	129536
33.822613000	122496
33.822617000	123904
33.822710000	125312
33.822716000	126720
33.822799000	128128
33.822805000	129536
33.839566000	128128
33.839571000	129536
33.839601000	122496
33.839604000	123904
33.839652000	125312
33.839655000	126720
33.839705000	128128
33.839708000	129536
33.846433000	128128
33.846439000	129536
33.846466000	128128
33.846469000	129536
33.846519000	128128
33.846523000	129536
33.846571000	128128
33.846574000	129536
33.846622000	119680
33.846626000	121088
33.846747000	122496
33.846754000	123904
33.846781000	125312
33.846784000	126720
33.846832000	128128
33.846835000	129536
33.847637000	128128
33.847641000	129536
33.855445000	128128
33.855450000	129536
33.862543000	128128
33.862547000	129536
33.862576000	125312
33.862579000	126720
33.862628000	128128
33.862632000	129536
33.863497000	128128
33.863504000	129536
33.871413000	128128
33.871418000	129536
33.878558000	128128
33.878566000	129536
33.878633000	111232
33.878637000	112640
33.878681000	114048
33.878685000	115456
33.878929000	116864
33.878933000	118272
33.878979000	119680
33.878983000	121088
33.879030000	122496
33.879033000	123904
33.879082000	125312
33.879085000	126720
33.879135000	128128
33.879138000	129536
33.886599000	128128
33.886604000	129536
33.886638000	125312
33.886642000	126720
33.886690000	128128
33.886693000	129536
33.901569000	128128
33.901574000	129536
33.917589000	128128
33.917594000	129536
33.917788000	99968
33.917792000	101376
33.917828000	102784
33.917832000	104192
33.917927000	105600
33.917932000	107008
33.918014000	108416
33.918020000	109824
33.918080000	111232
33.918084000	112640
33.918131000	114048
33.918134000	115456
33.918185000	116864
33.918188000	118272
33.918239000	119680
33.918242000	121088
33.918292000	122496
33.918295000	123904
33.918346000	125312
33.918349000	126720
33.918400000	128128
33.918403000	129536
33.918520000	128128
33.918523000	129536
33.926534000	128128
33.926539000	129536
33.933460000	128128
33.933466000	129536
33.933496000	122496
33.933500000	123904
33.933547000	125312
33.933549000	126720
33.933602000	125312
33.933606000	126720
33.933652000	125312
33.933655000	126720
33.933705000	128128
33.933708000	129536
33.941424000	128128
33.941429000	129536
33.948431000	128128
33.948436000	129536
33.948473000	116864
33.948476000	118272
33.948529000	119680
33.948533000	121088
33.948631000	122496
33.948637000	123904
33.948698000	125312
33.948701000	126720
33.948773000	128128
33.948784000	129536
33.956480000	128128
33.956486000	129536
33.956514000	122496
33.956518000	123904
33.956591000	125312
33.956594000	126720
33.956666000	128128
33.956669000	129536
33.956717000	130944
33.963531000	129536
33.963538000	130944
33.963570000	126720
33.963575000	128128
33.963625000	129536
33.963630000	130944
33.986594000	129536
33.986602000	130944
33.986664000	115456
33.986669000	116864
33.986718000	118272
33.986722000	119680
33.986773000	121088
33.986777000	122496
33.986829000	123904
33.986833000	125312
33.986884000	126720
33.986888000	128128
33.986940000	129536
33.986944000	130944
33.993519000	129536
33.993526000	130944
33.993742000	123904
33.993747000	125312
33.993800000	126720
33.993804000	128128
33.993854000	129536
33.993857000	130944
34.001568000	129536
34.001573000	130944
34.001607000	129536
34.001610000	130944
34.001699000	129536
34.001707000	130944
34.008602000	129536
34.008607000	130944
34.008640000	121088
34.008649000	122496
34.008691000	123904
34.008694000	125312
34.008744000	126720
34.008747000	128128
34.008798000	129536
34.008801000	130944
34.031469000	129536
34.031474000	130944
34.031503000	129536
34.031506000	130944
34.031558000	129536
34.031561000	130944
34.031606000	112640
34.031609000	114048
34.031659000	115456
34.031662000	116864
34.031711000	118272
34.031714000	119680
34.031765000	121088
34.031768000	122496
34.031817000	123904
34.031820000	125312
34.031869000	126720
34.031872000	128128
34.031922000	129536
34.031924000	130944
34.038550000	129536
34.038555000	130944
34.038597000	115456
34.038601000	116864
34.038695000	118272
34.038701000	119680
34.038787000	121088
34.038793000	122496
34.038875000	123904
34.038881000	125312
34.038963000	126720
34.038969000	128128
34.039101000	129536
34.039106000	130944
34.055532000	129536
34.055537000	130944
34.062540000	129536
34.062546000	130944
34.062586000	121088
34.062590000	122496
34.062657000	118272
34.062664000	119680
34.062722000	121088
34.062725000	122496
34.062755000	123904
34.062758000	125312
34.062806000	126720
34.062809000	128128
34.062857000	129536
34.062860000	130944
34.063615000	129536
34.063620000	130944
34.069536000	129536
34.069541000	130944
34.069571000	123904
34.069574000	125312
34.069670000	126720
34.069675000	128128
34.069760000	129536
34.069767000	130944
34.084515000	129536
34.084520000	130944
34.084570000	112640
34.084574000	114048
34.084640000	115456
34.084644000	116864
34.084691000	118272
34.084694000	119680
34.084745000	121088
34.084748000	122496
34.084799000	123904
34.084801000	125312
34.084852000	126720
34.084855000	128128
34.084906000	129536
34.084909000	130944
34.092431000	129536
34.092435000	130944
34.099460000	129536
34.099465000	130944
34.099503000	118272
34.099506000	119680
34.099594000	121088
34.099600000	122496
34.099675000	123904
34.099681000	125312
34.099757000	126720
34.099763000	128128
34.099854000	129536
34.099860000	130944
34.099914000	132352
34.107568000	130944
34.107573000	132352
34.107609000	128128
34.107612000	129536
34.107707000	130944
34.107712000	132352
34.114446000	130944
34.114451000	132352
34.114486000	128128
34.114490000	129536
34.114585000	130944
34.114591000	132352
34.122432000	130944
34.122439000	132352
34.129469000	130944
34.129484000	132352
34.129522000	130944
34.129526000	132352
34.137413000	130944
34.137419000	132352
34.144562000	130944
34.144567000	132352
34.144618000	108416
34.144621000	109824
34.144697000	111232
34.144700000	112640
34.144748000	114048
34.144751000	115456
34.144801000	116864
34.144804000	118155
