9.210360000	1388
9.210367000	2776
9.210431000	4164
9.210437000	5552
9.210512000	6940
9.210516000	8328
9.210594000	9716
9.210598000	11104
9.210675000	12492
9.210679000	13880
9.245050000	13880
9.247844000	13880
9.247847000	15268
9.250589000	13880
9.250592000	15268
9.253353000	8328
9.253355000	9716
9.256151000	11104
9.256154000	12492
9.258909000	13880
9.258913000	15268
9.261653000	16656
9.261656000	18044
9.264419000	19432
9.264422000	20820
9.267215000	22208
9.267218000	23596
9.267289000	24984
9.269955000	26372
9.269959000	27760
9.288071000	27760
9.288075000	29148
9.289495000	23596
9.289498000	24984
9.291895000	26372
9.291898000	27760
9.294297000	29148
9.294300000	30536
9.296673000	31924
9.296677000	33312
9.299074000	24984
9.299078000	26372
9.301502000	27760
9.301505000	29148
9.303932000	30536
9.303935000	31924
9.306279000	33312
9.306283000	34700
9.308679000	33312
9.308683000	34700
9.311076000	36088
9.311079000	37476
9.311184000	38864
9.313497000	37476
9.313500000	38864
9.315881000	40252
9.315884000	41640
9.318275000	40252
9.318278000	41640
9.320702000	43028
9.320706000	44416
9.323079000	43028
9.323083000	44416
9.324677000	45804
9.324681000	47192
9.326213000	47192
9.326217000	48580
9.327734000	43028
9.327737000	44416
9.329126000	45804
9.329129000	47192
9.330547000	48580
9.330550000	49968
9.331998000	51356
9.332001000	52744
9.333417000	54132
9.333420000	55520
9.333495000	56908
9.338038000	56908
9.338042000	58296
9.338759000	58296
9.338763000	59684
9.343038000	59684
9.343042000	61072
9.343818000	52744
9.343821000	54132
9.345130000	55520
9.345133000	56908
9.346501000	58296
9.346505000	59684
9.347869000	61072
9.347872000	62460
9.349236000	63848
9.349240000	65236
9.350638000	66624
9.350641000	68012
9.352035000	69400
9.352039000	70788
9.353340000	61072
9.353342000	62460
9.354546000	63848
9.354549000	65236
9.355751000	66624
9.355754000	68012
9.355818000	69400
9.356977000	70788
9.356980000	72176
9.358159000	70788
9.358162000	72176
9.359413000	73564
9.359416000	74952
9.360574000	76340
9.360577000	77728
9.361766000	79116
9.361769000	80504
9.362930000	81892
9.362933000	83280
9.364151000	76340
9.364155000	77728
9.365297000	79116
9.365300000	80504
9.366413000	81892
9.366416000	83280
9.367618000	84668
9.367621000	86056
9.368706000	83280
9.368709000	84668
9.369638000	86056
9.369640000	87444
9.369669000	88832
9.370578000	90220
9.370581000	91608
9.371519000	92996
9.371522000	94384
9.372455000	95772
9.372458000	97160
9.373393000	81892
9.373396000	83280
9.374248000	84668
9.374251000	86056
9.375047000	87444
9.375050000	88832
9.375899000	90220
9.375902000	91608
9.376673000	92996
9.376677000	94384
9.377502000	95772
9.377505000	97160
9.378310000	94384
9.378313000	95772
9.379052000	97160
9.379055000	98548
9.379805000	92996
9.379807000	94384
9.379840000	95772
9.380578000	92996
9.380581000	94384
9.381292000	95772
9.381296000	97160
9.381986000	98548
9.381988000	99936
9.382723000	101324
9.382726000	102712
9.383416000	104100
9.383419000	105488
9.384150000	106876
9.384153000	108264
9.384801000	109652
9.384804000	111040
9.385540000	112428
9.385544000	113816
9.386248000	115204
9.386252000	116592
9.386961000	117980
9.386964000	119368
9.387638000	120756
9.387641000	122144
9.388375000	123532
9.388378000	124920
9.388436000	126308
9.389083000	127696
9.389086000	129084
9.393043000	129084
9.393047000	130472
9.393429000	123532
9.393432000	124920
9.394147000	126308
9.394150000	127696
9.394856000	129084
9.394859000	130472
9.395533000	129084
9.395537000	130472
9.396242000	131860
9.396245000	133248
9.396973000	134636
9.396976000	136024
9.397689000	137412
9.397693000	138800
9.398368000	126308
9.398370000	127696
9.399046000	129084
9.399049000	130472
9.399688000	131860
9.399691000	133248
9.399692000	134636
9.400315000	136024
9.400318000	137412
9.400882000	138800
9.400883000	140188
9.401540000	141576
9.401543000	142964
9.402143000	144352
9.402146000	145740
9.402771000	147128
9.402773000	148516
9.403405000	149904
9.403410000	151292
9.404032000	152680
9.404035000	154068
9.404675000	155456
9.408057000	155456
9.408375000	137412
9.408376000	138800
9.408944000	140188
9.408946000	141576
9.409471000	126308
9.409473000	127696
9.409999000	129084
9.410002000	130472
9.410003000	131860
9.410471000	127696
9.410473000	129084
9.410999000	130472
9.411002000	131860
9.411482000	133248
9.411486000	134636
9.411981000	136024
9.411984000	137412
9.412500000	138800
9.412502000	140188
9.413001000	141576
9.413002000	142964
9.413505000	144352
9.413508000	145740
9.414007000	147128
9.414010000	148516
9.414490000	149904
9.414493000	151292
9.415008000	152680
9.415010000	154068
9.415511000	155456
9.415514000	156844
9.416043000	158232
9.416046000	159620
9.416047000	161008
9.416523000	162396
9.416525000	163784
9.417011000	165172
9.417013000	166560
9.417513000	167948
9.417514000	169336
9.418014000	170724
9.418016000	172112
9.418515000	173500
9.418517000	174888
9.418999000	176276
9.419001000	177664
9.419518000	179052
9.419520000	180440
9.420019000	181828
9.420020000	183216
9.420521000	184604
9.420523000	185992
9.421027000	187380
9.421028000	188768
9.421523000	190156
9.421525000	191544
9.422024000	192932
9.422026000	194320
9.422027000	195708
9.422505000	197096
9.422507000	198484
9.423027000	197096
9.423031000	198484
9.423508000	174888
9.423509000	176276
9.423961000	177664
9.423962000	179052
9.424412000	180440
9.424414000	181828
9.424864000	183216
9.424865000	184604
9.425338000	185992
9.425340000	187380
9.425814000	188768
9.425816000	190156
9.426243000	191544
9.426244000	192932
9.426706000	194320
9.426707000	195708
9.427125000	197096
9.427127000	198484
9.427579000	199872
9.427581000	201260
9.427582000	202648
9.428031000	204036
9.428032000	205424
9.428505000	206812
9.428507000	208200
9.428956000	209588
9.428958000	210976
9.429409000	212364
9.429410000	213752
9.429861000	215140
9.429863000	216528
9.430292000	217916
9.430293000	219304
9.430747000	220692
9.433444000	220692
9.433676000	198484
9.433677000	199872
9.434117000	190156
9.434119000	191544
9.434483000	192932
9.434486000	194320
9.434845000	195708
9.434846000	197096
9.435213000	198484
9.435215000	199872
9.435583000	201260
9.435586000	202648
9.435587000	204036
9.435944000	205424
9.435946000	206812
9.436311000	208200
9.436314000	209588
9.436673000	210976
9.436676000	212364
9.437037000	213752
9.437040000	215140
9.437406000	216528
9.437409000	217916
9.437769000	219304
9.437772000	220692
9.438131000	209588
9.438133000	210976
9.438472000	206812
9.438474000	208200
9.438807000	209588
9.438809000	210976
9.439147000	212364
9.439152000	213752
9.439482000	215140
9.439484000	216528
9.439820000	217916
9.439821000	219304
9.439822000	220692
9.440157000	222080
9.440159000	223468
9.440495000	224856
9.440496000	226244
9.440832000	227632
9.440834000	229020
9.441170000	230408
9.441171000	231796
9.441507000	233184
9.441508000	234572
9.441845000	235960
9.441846000	237348
9.442182000	238736
9.442188000	240124
9.442519000	241512
9.442520000	242900
9.442857000	244288
9.442858000	245676
9.443197000	247064
9.443198000	248452
9.443530000	249840
9.443531000	251228
9.443869000	238736
9.443870000	240124
9.443871000	241512
9.444201000	220692
9.444203000	222080
9.444502000	223468
9.444503000	224856
9.444804000	226244
9.444806000	227632
9.445107000	229020
9.445108000	230408
9.445408000	229020
9.445409000	230408
9.445710000	231796
9.445711000	233184
9.446011000	234572
9.446012000	235960
9.446313000	237348
9.446315000	238736
9.446615000	240124
9.446616000	241512
9.446917000	242900
9.446918000	244288
9.447219000	245676
9.447220000	247064
9.447519000	248452
9.447521000	249840
9.447522000	251228
9.447821000	252616
9.447823000	254004
9.448124000	255392
9.448125000	256780
9.448426000	258168
9.448427000	259556
9.448727000	260944
9.448728000	262332
9.449051000	263720
9.449053000	265108
9.449331000	266496
9.449333000	267884
9.449689000	269272
9.449690000	270660
9.449935000	272048
9.449936000	273436
9.450237000	269272
9.450238000	270660
9.450561000	272048
9.450563000	273436
9.450840000	274824
9.450842000	276212
9.451144000	277600
9.451145000	278988
9.451146000	280376
9.451443000	269272
9.451445000	270660
9.451744000	272048
9.451745000	273436
9.452044000	274824
9.452046000	276212
9.452368000	277600
9.452369000	278988
9.452660000	280376
9.452662000	281764
9.452948000	283152
9.452950000	284540
9.453249000	278988
9.453250000	280376
9.453569000	281764
9.453571000	283152
9.453846000	284540
9.453848000	285928
9.454166000	287316
9.454168000	288704
9.454444000	290092
9.454445000	291480
9.454766000	292868
9.454768000	294256
9.454769000	295644
9.455042000	297032
9.455043000	298420
9.455340000	294256
9.455341000	295644
9.455660000	297032
9.455662000	298420
9.455938000	299808
9.455939000	301196
9.456237000	302584
9.456238000	303972
9.456535000	305360
9.456536000	306748
9.456833000	308136
9.456834000	309524
9.457155000	310912
9.457157000	312300
9.457453000	313688
9.457455000	315076
9.457778000	316464
9.457779000	317852
9.458028000	316464
9.458029000	317852
9.458327000	297032
9.458328000	298420
9.458329000	299808
9.458603000	298420
9.458607000	299808
9.458877000	301196
9.458879000	302584
9.459150000	303972
9.459152000	305360
9.459424000	306748
9.459425000	308136
9.459696000	309524
9.459697000	310912
9.459977000	306748
9.459979000	308136
9.460242000	309524
9.460243000	310912
9.460536000	312300
9.460538000	313688
9.460787000	315076
9.460788000	316464
9.461082000	317852
9.461084000	319240
9.461333000	320628
9.461334000	322016
9.461628000	323404
9.461630000	324792
9.461631000	326180
9.461879000	327568
9.461880000	328956
9.462151000	330344
9.462153000	331732
9.462424000	333120
9.462426000	334508
9.462697000	335896
9.462699000	337284
9.462993000	338672
9.462994000	340060
9.463243000	341448
9.463244000	342836
9.463538000	344224
9.463540000	345612
9.463788000	347000
9.463790000	348388
9.464061000	349776
9.464063000	351164
9.464334000	352552
9.464336000	353940
9.464607000	355328
9.464608000	356716
9.464879000	358104
9.464881000	359492
9.465153000	360880
9.465154000	362268
9.465155000	363656
9.478079000	301196
9.478083000	302584
9.478212000	303972
9.478213000	305360
9.478461000	306748
9.478462000	308136
9.478711000	309524
9.478712000	310912
9.478961000	312300
9.478962000	313688
9.479211000	315076
9.479212000	316464
9.479461000	317852
9.479463000	319240
9.479711000	320628
9.479713000	322016
9.479961000	323404
9.479963000	324792
9.480211000	326180
9.480212000	327568
9.480461000	328956
9.480463000	330344
9.480712000	331732
9.480713000	333120
9.480714000	334508
9.480961000	335896
9.480963000	337284
9.481212000	338672
9.481213000	340060
9.481462000	341448
9.481463000	342836
9.481715000	344224
9.481717000	345612
9.481964000	347000
9.481967000	348388
9.482219000	349776
9.482222000	351164
9.482464000	352552
9.482466000	353940
9.482712000	355328
9.482714000	356716
9.482962000	358104
9.482963000	359492
9.483213000	360880
9.483214000	362268
9.483466000	363656
9.483468000	365044
9.483714000	366432
9.483716000	367820
9.483717000	369208
9.483963000	370596
9.483964000	371984
9.484213000	373372
9.484214000	374760
9.484462000	376148
9.484464000	377536
9.484713000	378924
9.484714000	380312
9.484975000	295644
9.484976000	297032
9.485150000	298420
9.485151000	299808
9.485336000	301196
9.485337000	302584
9.485523000	303972
9.485525000	305360
9.485711000	306748
9.485712000	308136
9.485898000	309524
9.485899000	310912
9.486085000	312300
9.486086000	313688
9.486273000	315076
9.486274000	316464
9.486275000	317852
9.486460000	319240
9.486461000	320628
9.486647000	322016
9.486648000	323404
9.486835000	324792
9.486836000	326180
9.487022000	327568
9.487023000	328956
9.487211000	330344
9.487212000	331732
9.487396000	333120
9.487398000	334508
9.487586000	335896
9.487588000	337284
9.487771000	338672
9.487772000	340060
9.487958000	341448
9.487959000	342836
9.488145000	344224
9.488146000	345612
9.488332000	347000
9.488333000	348388
9.488519000	349776
9.488521000	351164
9.488522000	352552
9.488707000	353940
9.488708000	355328
9.502125000	198484
9.502132000	199872
9.502205000	201260
9.502207000	202648
9.502345000	204036
9.502346000	205424
9.502486000	206812
9.502487000	208200
9.502626000	209588
9.502627000	210976
9.502767000	212364
9.502768000	213752
9.502908000	215140
9.502909000	216528
9.503050000	217916
9.503052000	219304
9.503195000	220692
9.503196000	222080
9.503332000	223468
9.503334000	224856
9.503473000	226244
9.503474000	227632
9.503476000	229020
9.503617000	230408
9.503619000	231796
9.503758000	233184
9.503760000	234572
9.503898000	235960
9.503900000	237348
9.504038000	238736
9.504040000	240124
9.504179000	241512
9.504180000	242900
9.504318000	244288
9.504319000	245676
9.504459000	247064
9.504460000	248452
9.504599000	249840
9.504600000	251228
9.504741000	252616
9.504742000	254004
9.504882000	255392
9.504883000	256780
9.505022000	258168
9.505023000	259556
9.505164000	260944
9.505165000	262332
9.505166000	263720
9.505306000	265108
9.505308000	266496
9.505446000	267884
9.505448000	269272
9.505588000	270660
9.510055000	219304
9.510128000	216528
9.510130000	217916
9.510267000	219304
9.510268000	220692
9.510412000	222080
9.510414000	223468
9.510548000	224856
9.510549000	226244
9.510687000	227632
9.510688000	229020
9.510829000	230408
9.510830000	231796
9.510968000	233184
9.510969000	234572
9.511109000	235960
9.511110000	237348
9.511250000	238736
9.511252000	240124
9.511253000	241512
9.511388000	242900
9.511389000	244288
9.511528000	245676
9.511529000	247064
9.511669000	248452
9.511670000	249840
9.511809000	251228
9.511810000	252616
9.520236000	251228
9.520240000	252616
9.520314000	254004
9.520315000	255392
9.520452000	256780
9.520453000	258168
9.525027000	197096
9.525031000	198484
9.525105000	199872
9.525106000	201260
9.525244000	202648
9.525245000	204036
9.525384000	205424
9.525385000	206812
9.525524000	208200
9.525525000	209588
9.525526000	210976
9.525664000	212364
9.525665000	213752
9.525805000	215140
9.525806000	216528
9.525945000	217916
9.525946000	219304
9.526085000	220692
9.526086000	222080
9.526225000	223468
9.526226000	224856
9.526366000	226244
9.526367000	227632
9.526506000	229020
9.526507000	230408
9.526645000	231796
9.537996000	230408
9.538069000	179052
9.538071000	180440
9.538207000	181828
9.538209000	183216
9.538347000	184604
9.538348000	185507
