7.207585000	1408
7.207599000	2816
7.207654000	4224
7.207659000	5632
7.207757000	7040
7.207763000	8448
7.207819000	9856
7.207823000	11264
7.207894000	12672
7.207898000	14080
7.259651000	14080
7.259657000	15488
7.259692000	12672
7.262957000	14080
7.262962000	15488
7.266235000	16896
7.266240000	18304
7.269457000	11264
7.269463000	12672
7.272733000	21120
7.272738000	22528
7.275982000	23936
7.275987000	25344
7.279200000	26752
7.279205000	28160
7.282471000	29568
7.282475000	30976
7.285727000	32384
7.299637000	23936
7.301270000	23936
7.301308000	25344
7.304512000	26752
7.306578000	26752
7.308222000	25344
7.308228000	26752
7.311500000	28160
7.311504000	29568
7.314768000	30976
7.322624000	30976
7.324257000	32384
7.329684000	32384
7.331351000	23936
7.331356000	25344
7.334377000	25344
7.334382000	26752
7.337311000	25344
7.337314000	26752
7.340087000	28160
7.340093000	29568
7.340146000	30976
7.342869000	32384
7.342872000	33792
7.345661000	33792
7.345664000	35200
7.347496000	36608
7.347501000	38016
7.349322000	39424
7.349325000	40832
7.351190000	42240
7.351194000	43648
7.353007000	38016
7.353011000	39424
7.354624000	39424
7.354629000	40832
7.356195000	42240
7.356200000	43648
7.357826000	45056
7.357831000	46464
7.359437000	47872
7.359442000	49280
7.361009000	50688
7.361013000	52096
7.362640000	52096
7.362645000	53504
7.364217000	54912
7.364221000	56320
7.365855000	57728
7.368703000	57728
7.369554000	54912
7.369558000	56320
7.371124000	54912
7.371130000	56320
7.372748000	57728
7.372750000	59136
7.374355000	60544
7.374360000	61952
7.374436000	63360
7.375932000	64768
7.375936000	66176
7.385561000	66176
7.385566000	67584
7.386414000	63360
7.386418000	64768
7.388019000	64768
7.388024000	66176
7.389590000	67584
7.389594000	68992
7.391249000	70400
7.391254000	71808
7.392832000	73216
7.392836000	74624
7.394488000	74624
7.394498000	76032
7.401593000	76032
7.401599000	77440
7.402459000	74624
7.402463000	76032
7.404019000	73216
7.404023000	74624
7.405565000	76032
7.405572000	77440
7.407059000	78848
7.407065000	80256
7.419679000	80256
7.419684000	81664
7.420449000	81664
7.426544000	81664
7.427317000	73216
7.427322000	74624
7.428833000	66176
7.428837000	67584
7.430237000	68992
7.430241000	70400
7.431638000	71808
7.431642000	73216
7.431683000	74624
7.433046000	76032
7.433050000	77440
7.434496000	78848
7.434501000	80256
7.435840000	80256
7.435844000	81664
7.437274000	83072
7.437279000	84480
7.438646000	85888
7.438652000	87296
7.442669000	87296
7.442677000	88704
7.443394000	85888
7.443399000	87296
7.444682000	88704
7.444684000	90112
7.446038000	91520
7.450544000	91520
7.451200000	92928
7.457525000	92928
7.458187000	87296
7.458191000	88704
7.459515000	87296
7.459519000	88704
7.460777000	90112
7.460782000	91520
7.462066000	92928
7.462067000	94336
7.463362000	95744
7.466579000	94336
7.467293000	95744
7.481567000	94336
7.482241000	87296
7.482244000	88704
7.483556000	90112
7.483560000	91520
7.483662000	92928
7.484854000	94336
7.484859000	95744
7.489591000	94336
7.489597000	95744
7.490258000	94336
7.490263000	95744
7.496592000	94336
7.496599000	95744
7.497258000	88704
7.497261000	90112
7.498478000	91520
7.498483000	92928
7.499689000	94336
7.499690000	95744
7.500966000	97152
7.500970000	98560
7.502140000	99968
7.502146000	101376
7.511700000	99968
7.511704000	101376
7.512323000	97152
7.512326000	98560
7.513460000	99968
7.513463000	101376
7.514621000	102784
7.514625000	104192
7.539503000	102784
7.539506000	104192
7.540085000	104192
7.540088000	105600
7.541223000	107008
7.546550000	107008
7.547129000	90112
7.547132000	91520
7.548274000	84480
7.548279000	85888
7.549407000	87296
7.549409000	88704
7.549443000	90112
7.550548000	91520
7.550550000	92928
7.551689000	94336
7.551692000	95744
7.552827000	97152
7.552829000	98560
7.554017000	99968
7.554022000	101376
7.555110000	102784
7.555113000	104192
7.556256000	104192
7.556260000	105600
7.557396000	107008
7.562543000	107008
7.563119000	101376
7.563121000	102784
7.564260000	102784
7.564263000	104192
7.565399000	105600
7.565401000	107008
7.571537000	107008
7.578597000	107008
7.579210000	99968
7.579213000	101376
7.580313000	97152
7.580316000	98560
7.581365000	99968
7.581367000	101376
7.582416000	102784
7.582418000	104192
7.583492000	105600
7.583495000	107008
7.584539000	108416
7.584542000	109824
7.587629000	108416
7.587632000	109824
7.587704000	111232
7.588232000	112640
7.594513000	111232
7.595043000	107008
7.595044000	108416
7.596104000	109824
7.596107000	111232
7.597143000	112640
7.597144000	114048
7.598193000	115456
7.619615000	114048
7.620145000	112640
7.620147000	114048
7.621225000	115456
7.626626000	114048
7.627210000	101376
7.627212000	102784
7.628207000	101376
7.628210000	102784
7.629258000	104192
7.629260000	105600
7.630308000	107008
7.630310000	108416
7.631393000	109824
7.631396000	111232
7.632457000	112640
7.632474000	114048
7.633490000	115456
7.643487000	114048
7.644015000	115456
7.650648000	114048
7.651204000	115456
7.657737000	114048
7.658320000	109824
7.658337000	111232
7.659323000	108416
7.659326000	109824
7.659367000	111232
7.660369000	112640
7.660371000	114048
7.661419000	115456
7.673608000	114048
7.674138000	101376
7.674140000	102784
7.675215000	104192
7.675218000	105600
7.676238000	107008
7.676240000	108416
7.677342000	109824
7.677360000	111232
7.678345000	112640
7.678348000	114048
7.679424000	115456
7.688723000	114048
7.689253000	107008
7.689255000	108416
7.690306000	107008
7.690308000	108416
7.691409000	109824
7.691427000	111232
7.692429000	112640
7.692431000	114048
7.693458000	115456
7.712521000	114048
7.713053000	104192
7.713055000	105600
7.714134000	104192
7.714137000	105600
7.715185000	107008
7.715188000	108416
7.716204000	109824
7.716206000	111232
7.717305000	112640
7.717308000	114048
7.718333000	115456
7.719664000	114048
7.719667000	115456
7.720197000	108416
7.720199000	109824
7.721276000	111232
7.721278000	112640
7.722300000	114048
7.722303000	115456
7.727576000	114048
7.727580000	115456
7.734603000	114048
7.734605000	115456
7.735135000	111232
7.735136000	112640
7.736187000	114048
7.736189000	115456
7.749575000	114048
7.749577000	115456
7.750151000	108416
7.750153000	109824
7.751159000	108416
7.751161000	109824
7.752212000	111232
7.752215000	112640
7.753261000	114048
7.753264000	115456
7.773534000	114048
7.773537000	115456
7.774071000	108416
7.774073000	109824
7.775120000	111232
7.775122000	112640
7.776192000	114048
7.776194000	115456
7.780473000	114048
7.780475000	115456
7.781005000	114048
7.781006000	115456
7.788543000	114048
7.789098000	115456
7.795673000	114048
7.796207000	107008
7.796209000	108416
7.797256000	109824
7.797258000	111232
7.798337000	112640
7.798340000	114048
7.799357000	115456
7.810520000	114048
7.811050000	101376
7.811052000	102784
7.812110000	104192
7.812113000	105600
7.813187000	107008
7.813189000	108416
7.814204000	109824
7.814206000	111232
7.815306000	112640
7.815309000	114048
7.816305000	115456
7.834541000	114048
7.835123000	104192
7.835140000	105600
7.836146000	107008
7.836149000	108416
7.837202000	109824
7.837205000	111232
7.838225000	112640
7.838228000	114048
7.839308000	115456
7.841549000	114048
7.842130000	112640
7.842148000	114048
7.843162000	115456
7.849530000	114048
7.850088000	112640
7.850091000	114048
7.850153000	115456
7.856563000	114048
7.856566000	115456
7.857097000	108416
7.857099000	109824
7.858146000	111232
7.858148000	112640
7.859197000	114048
7.859199000	115456
7.864550000	114048
7.864551000	115456
7.871537000	114048
7.871540000	115456
7.872104000	114048
7.872107000	115456
7.879545000	114048
7.879548000	115456
7.886622000	114048
7.886624000	115456
7.887198000	114048
7.887200000	115456
7.888205000	111232
7.888208000	112640
7.889288000	114048
7.889292000	115456
7.895559000	114048
7.895563000	115456
7.902518000	114048
7.902520000	115456
7.903077000	114048
7.903079000	115456
7.918503000	114048
7.918506000	115456
7.919036000	102784
7.919037000	104192
7.920089000	105600
7.920091000	107008
7.920138000	108416
7.921199000	109824
7.921201000	111232
7.922192000	112640
7.922194000	114048
7.923244000	115456
7.939489000	114048
7.940020000	115456
7.946658000	114048
7.947232000	107008
7.947234000	108416
7.948240000	104192
7.948243000	105600
7.949291000	107008
7.949293000	108416
7.950344000	109824
7.950347000	111232
7.951392000	112640
7.951394000	114048
7.952443000	115456
7.955586000	114048
7.956140000	115456
7.962600000	114048
7.963133000	109824
7.963136000	111232
7.964181000	112640
7.964183000	114048
7.965237000	115456
7.979559000	114048
7.980120000	115456
7.986508000	114048
7.987054000	101376
7.987056000	102784
7.995866000	104192
7.995869000	105600
8.004692000	92928
8.004694000	94336
8.013567000	92928
8.013584000	94336
8.013676000	95744
8.022342000	97152
8.022344000	98560
8.031172000	88704
8.031175000	90112
8.040044000	77440
8.040048000	78848
8.048821000	71808
8.048824000	73216
8.057642000	71808
8.057643000	73216
8.066522000	68992
8.066525000	70400
8.075297000	63360
8.075299000	64768
8.084142000	63360
8.084144000	64768
8.093019000	60544
8.093021000	61952
8.101775000	60544
8.101778000	61952
8.110596000	54912
8.110598000	56320
8.119491000	43648
8.119494000	45056
8.121856000	46464
8.121860000	47872
8.124278000	49280
8.124280000	50688
8.126705000	52096
8.126706000	53504
8.129136000	54912
8.129138000	56320
8.131562000	54912
8.131564000	56320
8.134019000	57728
8.134021000	59136
8.134088000	60544
8.136417000	61952
8.136420000	63360
8.138841000	64768
8.138842000	66176
8.141272000	67584
8.141275000	68992
8.143697000	70400
8.143700000	71808
8.146125000	56320
8.146127000	57728
8.148554000	59136
8.148557000	60544
8.150979000	61952
8.150983000	63360
8.153405000	64768
8.153407000	66176
8.155863000	67584
8.155866000	68992
8.158329000	70400
8.158332000	71808
8.160718000	70400
8.160721000	71808
8.164783000	73216
8.164786000	74624
8.168801000	70400
8.168803000	71808
8.172825000	73216
8.172828000	74624
8.176866000	76032
8.176868000	77440
8.180934000	78848
8.180937000	80256
8.185001000	78848
8.185004000	80256
8.189036000	81664
8.192613000	80256
8.192615000	81664
8.194645000	74624
8.194647000	76032
8.198741000	77440
8.198758000	78848
8.202766000	77440
8.202769000	78848
8.205768000	80256
8.205771000	81664
8.208800000	77440
8.208802000	78848
8.211903000	80256
8.211905000	81664
8.215497000	80256
8.215501000	81664
8.217904000	80256
8.217906000	81664
8.223591000	80256
8.223594000	81664
8.230518000	80256
8.230522000	81664
8.232115000	71808
8.232118000	73216
8.235079000	74624
8.235081000	76032
8.238165000	77440
8.238168000	78848
8.241146000	77440
8.241149000	78848
8.244180000	80256
8.244183000	81664
8.247218000	71808
8.247221000	73216
8.250248000	74624
8.250251000	76032
8.253283000	77440
8.253285000	78848
8.256315000	80256
8.256317000	81664
8.261629000	80256
8.263152000	78848
8.263154000	80256
8.266186000	81664
8.284655000	80256
8.286182000	70400
8.286250000	71808
8.289211000	73216
8.289214000	74624
8.292246000	76032
8.292249000	77440
8.295310000	78848
8.295313000	80256
8.298313000	81664
8.299577000	80256
8.301352000	76032
8.301355000	77440
8.304381000	78848
8.304383000	80256
8.307445000	67584
8.307448000	68992
8.310514000	70400
8.310517000	71808
8.313484000	73216
8.313487000	74624
8.316520000	73216
8.316523000	74624
8.319551000	76032
8.319554000	77440
8.322585000	73216
8.322588000	74624
8.325619000	76032
8.325621000	77440
8.328688000	78848
8.328690000	80256
8.331717000	81664
8.339589000	80256
8.339592000	81664
8.341146000	77440
8.341148000	78848
8.344195000	80256
8.344198000	81664
8.347216000	71808
8.347219000	73216
8.350267000	71808
8.350284000	73216
8.353250000	74624
8.353252000	76032
8.356286000	77440
8.356289000	78848
8.359322000	80256
8.359325000	81664
8.379561000	80256
8.379565000	81664
8.386596000	80256
8.386598000	81664
8.388150000	66176
8.388153000	67584
8.391187000	68992
8.391189000	70400
8.394188000	71808
8.394195000	73216
8.397249000	71808
8.397251000	73216
8.400256000	74624
8.400258000	76032
8.403323000	77440
8.403326000	78848
8.406327000	80256
8.406331000	81664
8.419515000	80256
8.419519000	81664
8.421042000	80256
8.421044000	81664
8.426542000	80256
8.426544000	81664
8.426568000	74624
8.428091000	61952
8.428094000	63360
8.431156000	64768
8.431159000	66176
8.434160000	67584
8.434162000	68992
8.437247000	70400
8.437250000	71808
8.440226000	73216
8.440229000	74624
8.443276000	76032
8.443279000	77440
8.446322000	76032
8.446324000	77440
8.449393000	78848
8.449396000	80256
8.452388000	78848
8.452391000	80256
8.455462000	81664
8.457648000	80256
8.459198000	67584
8.459200000	68992
8.462270000	70400
8.462273000	71808
8.465242000	70400
8.465245000	71808
8.467662000	73216
8.467663000	74624
8.470124000	76032
8.470127000	77440
8.472517000	76032
8.472518000	77440
8.474999000	78848
8.475003000	80256
8.477370000	81664
8.479565000	80256
8.479567000	81664
8.480812000	77440
8.480829000	78848
8.483269000	80256
8.483271000	81664
8.499584000	80256
8.499587000	81664
8.506517000	80256
8.506522000	81664
8.508593000	71808
8.508596000	73216
8.512598000	74624
8.512601000	76032
8.516671000	74624
8.516673000	76032
8.520717000	77440
8.520719000	78848
8.524734000	71808
8.524738000	73216
8.528842000	74624
8.528845000	76032
8.532850000	74624
8.532853000	76032
8.536899000	77440
8.536901000	78848
8.540973000	71808
8.540974000	73216
8.544957000	74624
8.544960000	76032
8.549034000	74624
8.549036000	76032
8.552032000	77440
8.552033000	78848
8.555135000	71808
8.555137000	73216
8.558103000	74624
8.558105000	76032
8.561182000	74624
8.561185000	76032
8.561289000	77440
8.564172000	78848
8.564175000	80256
8.567232000	76032
8.567234000	77440
8.570267000	78848
8.570270000	80256
8.573272000	81664
8.581706000	80256
8.583233000	67584
8.583236000	68992
8.586296000	70400
8.586299000	71808
8.589338000	73216
8.589340000	74507
