10.878430000	1388
10.878439000	2776
10.878517000	4164
10.878525000	5552
10.878659000	6940
10.878664000	8328
10.878751000	9716
10.878756000	11104
10.878792000	12492
10.878795000	13880
10.912945000	13880
10.912951000	15268
10.912983000	15268
10.912987000	16656
10.917893000	16656
10.917899000	18044
10.917982000	18044
10.917987000	19432
10.920953000	19432
10.920959000	20820
10.921079000	20820
10.921083000	22208
10.921214000	18044
10.921219000	19432
10.921281000	20820
10.921285000	22208
10.921338000	23596
10.921343000	24984
10.921396000	26372
10.921400000	27760
10.942988000	27760
10.942994000	29148
10.943029000	29148
10.943032000	30536
10.947943000	30536
10.947947000	31924
10.948052000	31924
10.948056000	33312
10.949015000	33312
10.949020000	34700
10.949070000	30536
10.949073000	31924
10.949111000	33312
10.949114000	34700
10.949163000	36088
10.949166000	37476
10.949216000	38864
10.949219000	40252
10.952888000	40252
10.952892000	41640
10.952923000	41640
10.952925000	43028
10.958068000	43028
10.958072000	44416
10.958105000	44416
10.958108000	45804
10.960918000	45804
10.960923000	47192
10.960956000	47192
10.960959000	48580
10.961008000	48580
10.961011000	49968
10.961062000	49968
10.961065000	51356
10.961112000	48580
10.961115000	49968
10.961162000	51356
10.961164000	52744
10.961215000	54132
10.961217000	55520
10.978045000	55520
10.978050000	56908
10.978121000	56908
10.978124000	58296
10.982893000	58296
10.982898000	59684
10.982928000	59684
10.982931000	61072
10.984976000	61072
10.984981000	62460
10.985021000	58296
10.985024000	59684
10.985113000	61072
10.985118000	62460
10.985194000	63848
10.985200000	65236
10.985275000	66624
10.985280000	68012
10.988230000	68012
10.988235000	69400
10.988261000	68012
10.988264000	69400
10.988313000	70788
10.988316000	72176
10.991080000	72176
10.991084000	73564
10.991228000	68012
10.991232000	69400
10.991266000	63848
10.991269000	65236
10.991322000	65236
10.991325000	66624
10.991411000	68012
10.991416000	69400
10.991492000	70788
10.991497000	72176
10.991574000	73564
10.991580000	74952
10.991655000	76340
10.991660000	77728
10.991695000	79116
10.991698000	80504
10.991749000	81892
10.991752000	83280
10.991803000	84668
10.991806000	86056
10.991857000	87444
10.991860000	88832
10.992892000	88832
10.992894000	90220
10.992906000	90220
10.992931000	91608
10.997892000	91608
10.997895000	92996
10.997906000	92996
10.997970000	94384
11.000929000	94384
11.000933000	95772
11.000971000	95772
11.000974000	97160
11.000983000	97160
11.001023000	97160
11.001026000	98548
11.001028000	99936
11.001085000	90220
11.001088000	91608
11.001091000	92996
11.001175000	94384
11.001178000	95772
11.001181000	97160
11.001229000	98548
11.001232000	99936
11.001235000	101324
11.001282000	102712
11.001285000	104100
11.001287000	105488
11.001335000	106876
11.001338000	108264
11.001340000	109652
11.001388000	111040
11.007973000	109652
11.007978000	111040
11.007981000	112428
11.008020000	113816
11.013013000	112428
11.013018000	113816
11.013021000	115204
11.013055000	113816
11.013058000	115204
11.013061000	116592
11.013147000	117980
11.013153000	119368
11.014980000	117980
11.014985000	119368
11.014988000	120756
11.015009000	119368
11.015032000	120756
11.015035000	122144
11.015039000	123532
11.015041000	124920
11.018130000	124920
11.018137000	126308
11.018156000	126308
11.018159000	127696
11.022983000	127696
11.022988000	129084
11.023008000	129084
11.023011000	130472
11.025994000	130472
11.026001000	131860
11.026019000	131860
11.026023000	133248
11.026216000	129084
11.026224000	130472
11.026227000	131860
11.026230000	133248
11.026270000	134636
11.026275000	136024
11.026279000	137412
11.026283000	138800
11.026924000	138800
11.026929000	140188
11.026941000	140188
11.026944000	141576
11.026974000	138800
11.026977000	140188
11.026980000	141576
11.026983000	142964
11.027026000	144352
11.027029000	145740
11.027875000	145740
11.027879000	147128
11.027916000	147128
11.027920000	148516
11.032026000	148516
11.032031000	149904
11.032260000	149904
11.032265000	151292
11.032396000	151292
11.032401000	152680
11.032412000	152680
11.032415000	154068
11.032441000	154068
11.032444000	155456
11.032568000	155456
11.032571000	156844
11.032680000	156844
11.032683000	158232
11.032947000	156844
11.032952000	158232
11.032955000	159620
11.032958000	161008
11.032987000	156844
11.032990000	158232
11.032993000	159620
11.032996000	161008
11.033080000	162396
11.033087000	163784
11.033090000	165172
11.033093000	166560
11.033759000	165172
11.033763000	166560
11.033766000	167948
11.033769000	169336
11.033798000	167948
11.033802000	169336
11.033804000	170724
11.033807000	172112
11.037936000	170724
11.037943000	172112
11.037947000	173500
11.037951000	174888
11.038196000	173500
11.038200000	174888
11.038203000	176276
11.038205000	177664
11.040010000	176276
11.040015000	177664
11.040018000	179052
11.040021000	180440
11.040051000	147128
11.040081000	136024
11.040084000	137412
11.040087000	138800
11.040090000	140188
11.040093000	141576
11.040173000	142964
11.040179000	144352
11.040182000	145740
11.040185000	147128
11.040187000	148516
11.040221000	149904
11.040224000	151292
11.040227000	152680
11.040230000	154068
11.040313000	155456
11.040319000	156844
11.040322000	158232
11.040324000	159620
11.040327000	161008
11.040358000	162396
11.040361000	163784
11.040363000	165172
11.040366000	166560
11.040369000	167948
11.040410000	169336
11.040413000	170724
11.040416000	172112
11.040418000	173500
11.040464000	174888
11.040466000	176276
11.040469000	177664
11.040471000	179052
11.040474000	180440
11.040517000	181828
11.040519000	183216
11.040522000	184604
11.040525000	185992
11.040570000	187380
11.040573000	188768
11.040575000	190156
11.040578000	191544
11.040580000	192932
11.040624000	194320
11.040626000	195708
11.040629000	197096
11.040631000	198484
11.040677000	199872
11.040680000	201260
11.040682000	202648
11.040685000	204036
11.040687000	205424
11.040730000	206812
11.040733000	208200
11.040735000	209588
11.040738000	210976
11.040784000	212364
11.040786000	213752
11.040789000	215140
11.040791000	216528
11.040794000	217916
11.040838000	219304
11.040840000	220692
11.040843000	222080
11.040845000	223468
11.040891000	224856
11.040893000	226244
11.040896000	227632
11.047969000	226244
11.047973000	227632
11.047976000	229020
11.047979000	230408
11.048001000	229020
11.048205000	230408
11.048208000	231796
11.048211000	233184
11.050079000	231796
11.050085000	233184
11.050089000	234572
11.050093000	235960
11.050112000	234572
11.050115000	235960
11.050163000	229020
11.050168000	230408
11.050171000	231796
11.050175000	233184
11.050179000	234572
11.050182000	235960
11.050234000	237348
11.050238000	238736
11.050241000	240124
11.050251000	241512
11.050255000	242900
11.050259000	244288
11.050284000	245676
11.050288000	247064
11.052926000	245676
11.052932000	247064
11.052936000	248452
11.052939000	249840
11.057970000	249840
11.057977000	251228
11.057992000	251228
11.057995000	252616
11.060055000	252616
11.060060000	254004
11.060209000	254004
11.060216000	255392
11.060232000	255392
11.060236000	256780
11.060249000	256780
11.060253000	258168
11.060279000	258168
11.060283000	259556
11.062973000	259556
11.062979000	260944
11.062995000	260944
11.062999000	262332
11.066081000	262332
11.066086000	263720
11.066212000	263720
11.066216000	265108
11.066231000	265108
11.066235000	266496
11.066248000	266496
11.066252000	267884
11.066281000	266496
11.066285000	267884
11.066289000	269272
11.066293000	270660
11.066306000	270660
11.066310000	272048
11.066347000	272048
11.066351000	273436
11.066403000	273436
11.066407000	274824
11.066420000	274824
11.066424000	276212
11.066440000	276212
11.066446000	277600
11.066471000	277600
11.066476000	278988
11.068006000	278988
11.068011000	280376
11.068023000	280376
11.068026000	281764
11.070034000	281764
11.070039000	283152
11.070051000	283152
11.070054000	284540
11.070063000	284540
11.070065000	285928
11.070199000	285928
11.070204000	287316
11.070215000	287316
11.070218000	288704
11.070228000	288704
11.070231000	290092
11.070907000	290092
11.070912000	291480
11.070924000	291480
11.070927000	292868
11.070936000	292868
11.070939000	294256
11.071062000	294256
11.071067000	295644
11.071080000	295644
11.071083000	297032
11.071093000	297032
11.071097000	298420
11.071108000	298420
11.071395000	294256
11.071399000	295644
11.071402000	297032
11.071405000	298420
11.071408000	299808
11.071410000	301196
11.071413000	302584
11.071768000	294256
11.071773000	295644
11.071776000	297032
11.071779000	298420
11.071782000	299808
11.071786000	301196
11.071788000	302584
11.072063000	303972
11.072069000	305360
11.072072000	306748
11.072075000	308136
11.072078000	309524
11.072081000	310912
11.072083000	312300
11.072213000	313688
11.072219000	315076
11.072961000	315076
11.072966000	316464
11.072979000	316464
11.072986000	317852
11.076092000	317852
11.076097000	319240
11.076108000	319240
11.076111000	320628
11.076120000	320628
11.076123000	322016
11.076140000	322016
11.076142000	323404
11.076246000	323404
11.076251000	324792
11.076263000	324792
11.076266000	326180
11.076275000	326180
11.076278000	327568
11.076286000	327568
11.076311000	326180
11.076314000	327568
11.076317000	328956
11.076320000	330344
11.076323000	331732
11.077967000	331732
11.077974000	333120
11.077987000	333120
11.077991000	334508
11.079950000	334508
11.079955000	335896
11.079967000	335896
11.079970000	337284
11.080094000	337284
11.080099000	338672
11.080110000	338672
11.080113000	340060
11.080122000	340060
11.080125000	341448
11.082951000	341448
11.082956000	342836
11.082968000	342836
11.082971000	344224
11.086078000	344224
11.086083000	345612
11.086094000	345612
11.086097000	347000
11.086106000	347000
11.086108000	348388
11.086116000	348388
11.086154000	344224
11.086157000	345612
11.086159000	347000
11.086162000	348388
11.086165000	349776
11.086167000	351164
11.086169000	352552
11.086208000	352552
11.086211000	353940
11.086214000	355328
11.086222000	356716
11.086232000	356716
11.086516000	355328
11.086522000	356716
11.086525000	358104
11.086527000	359492
11.086530000	360880
11.087970000	360880
11.087977000	362268
11.087994000	362268
11.087999000	363656
11.088013000	363656
11.088018000	365044
11.090115000	365044
11.090120000	366432
11.090133000	366432
11.090136000	367820
11.090145000	367820
11.090148000	369208
11.090157000	369208
11.090321000	369208
11.090326000	370596
11.090331000	371984
11.090941000	371984
11.090946000	373372
11.091086000	373372
11.091091000	374760
11.091104000	374760
11.091107000	376148
11.091117000	376148
11.091120000	377536
11.091129000	377536
11.091526000	353940
11.091533000	355328
11.091537000	356716
11.091540000	358104
11.091543000	359492
11.091546000	360880
11.091549000	362268
11.091887000	351164
11.091893000	352552
11.091896000	353940
11.091898000	355328
11.091901000	356716
11.091904000	358104
11.091907000	359492
11.092175000	360880
11.092180000	362268
11.092183000	363656
11.092186000	365044
11.092189000	366432
11.092192000	367820
11.092195000	369208
11.092317000	370596
11.092323000	371984
11.092326000	373372
11.092329000	374760
11.092332000	376148
11.092335000	377536
11.092338000	378924
11.092607000	380312
11.092612000	381700
11.092615000	383088
11.092618000	384476
11.092621000	385864
11.092623000	387252
11.092626000	388640
11.092875000	390028
11.092879000	391416
11.092881000	392804
11.092884000	394192
11.092887000	395580
11.092889000	396968
11.092892000	398356
11.093167000	396968
11.093171000	398356
11.093174000	399744
11.093177000	401132
11.093179000	402520
11.093182000	403908
11.093185000	405296
11.093429000	403908
11.093436000	405296
11.093440000	406684
11.093444000	408072
11.093448000	409460
11.093451000	410848
11.093455000	412236
11.093683000	413624
11.093688000	415012
11.093691000	416400
11.093695000	417788
11.093699000	419176
11.093703000	420564
11.093707000	421952
11.095921000	420564
11.095926000	421952
11.095929000	423340
11.095932000	424728
11.098048000	423340
11.098053000	424728
11.098056000	426116
11.098058000	427504
11.098070000	426116
11.098073000	427504
11.098076000	428892
11.098100000	430280
11.099997000	428892
11.100002000	430280
11.100005000	431668
11.100007000	433056
11.100020000	431668
11.100023000	433056
11.100026000	434444
11.100046000	433056
11.100048000	434444
11.100052000	435832
11.100055000	437220
11.100057000	438608
11.100155000	437220
11.100160000	438608
11.100162000	439996
11.100165000	441384
11.100179000	439996
11.100182000	441384
11.100185000	442772
11.100205000	441384
11.100208000	442772
11.100211000	444160
11.100213000	445548
11.100216000	446936
11.100930000	439996
11.100935000	441384
11.100938000	442772
11.100941000	444160
11.100944000	445548
11.100947000	446936
11.100949000	448324
11.101215000	446936
11.101221000	448324
11.101224000	449712
11.101227000	451100
11.101229000	452488
11.101232000	453876
11.101235000	455264
11.101517000	456652
11.101523000	458040
11.102977000	456652
11.102982000	458040
11.102985000	459428
11.102988000	460816
11.103000000	459428
11.103002000	460816
11.103005000	462204
11.103008000	463592
11.106201000	462204
11.106208000	463592
11.106212000	464980
11.106216000	466368
11.106447000	466368
11.106451000	467756
11.106466000	467756
11.106470000	469144
11.106482000	469144
11.106487000	470532
11.106507000	470532
11.106510000	471920
11.106693000	470532
11.106698000	471920
11.106702000	473308
11.106705000	474696
11.107978000	474696
11.107983000	476084
11.107995000	476084
11.107998000	477472
11.110143000	477472
11.110148000	478860
11.110159000	478860
11.110162000	480248
11.110170000	480248
11.110173000	481636
11.110182000	481636
11.110184000	483024
11.110307000	483024
11.110314000	484412
11.110939000	484412
11.110944000	485800
11.110956000	485800
11.110959000	487188
11.110968000	487188
11.110971000	488576
11.111100000	488576
11.111105000	489964
11.111117000	489964
11.111120000	491352
11.111130000	491352
11.111133000	492740
11.111142000	492740
11.111145000	494128
11.111166000	494128
11.111168000	495516
11.111276000	495516
11.111281000	496904
11.111293000	496904
11.111296000	498292
11.111305000	498292
11.111308000	499680
11.111317000	499680
11.111320000	501068
11.111365000	494128
11.111368000	495516
11.111371000	496904
11.111374000	498292
11.111377000	499680
11.111380000	501068
11.111383000	502456
11.111385000	503844
11.111461000	505232
11.111466000	506620
11.111470000	508008
11.111473000	509396
11.112987000	509396
11.112992000	510784
11.113005000	510784
11.113008000	512172
11.113017000	512172
11.113020000	513560
11.115997000	513560
11.116005000	514948
11.116023000	514948
11.116027000	516336
11.116041000	516336
11.116045000	517724
11.116059000	517724
11.116063000	519112
11.116076000	519112
11.116104000	519112
11.116109000	520500
11.116112000	521888
11.116167000	521888
11.116172000	523276
11.116185000	523276
11.116189000	524664
11.116202000	524664
11.116206000	526052
11.116219000	526052
11.116223000	527440
11.116236000	527440
11.116476000	523276
11.116485000	524664
11.116488000	526052
11.116491000	527440
11.116494000	528343
