1.744473000	1388
1.744484000	2776
1.744560000	4164
1.744568000	5552
1.744643000	6940
1.744648000	8328
1.744724000	9716
1.744729000	11104
1.744816000	12492
1.744822000	13880
1.822215000	13880
1.822218000	15268
1.822323000	13880
1.822328000	15268
1.822379000	6940
1.822382000	8328
1.822428000	9716
1.822431000	11104
1.822490000	12492
1.822493000	13880
1.822545000	15268
1.822548000	16656
1.822654000	18044
1.822657000	19432
1.822731000	20820
1.822737000	22208
1.822778000	23596
1.822781000	24984
1.822824000	26372
1.822827000	27760
1.862131000	27760
1.862134000	29148
1.862240000	29148
1.862244000	30536
1.863020000	30536
1.863025000	31924
1.863060000	31924
1.863062000	33312
1.866044000	33312
1.866051000	34700
1.866228000	31924
1.866232000	33312
1.866269000	34700
1.866272000	36088
1.866354000	37476
1.866360000	38864
1.868022000	38864
1.868028000	40252
1.868139000	40252
1.868144000	41640
1.872079000	41640
1.872083000	43028
1.872115000	43028
1.872118000	44416
1.872347000	44416
1.872350000	45804
1.872993000	45804
1.872996000	47192
1.874134000	47192
1.874139000	48580
1.874266000	43028
1.874268000	44416
1.874371000	45804
1.874373000	47192
1.874402000	48580
1.874475000	49968
1.874478000	51356
1.874523000	52744
1.874525000	54132
1.874585000	55520
1.911251000	55520
1.911254000	56908
1.911298000	54132
1.911301000	55520
1.911423000	56908
1.911429000	58296
1.911455000	59684
1.911459000	61072
1.912016000	61072
1.912020000	62460
1.912046000	61072
1.912049000	62460
1.912102000	62460
1.912105000	63848
1.912152000	65236
1.912154000	66624
1.914150000	66624
1.914156000	68012
1.914274000	54132
1.914278000	55520
1.914319000	52744
1.914322000	54132
1.914374000	55520
1.914377000	56908
1.914426000	56908
1.914429000	58296
1.914528000	55520
1.914530000	56908
1.914598000	56908
1.914601000	58296
1.914701000	54132
1.914706000	55520
1.914742000	45804
1.914747000	47192
1.914766000	48580
1.914815000	49968
1.914820000	51356
1.914824000	52744
1.914856000	54132
1.914860000	55520
1.914863000	56908
1.914907000	58296
1.914910000	59684
1.914913000	61072
1.914959000	62460
1.914961000	63848
1.914964000	65236
1.915014000	66624
1.915017000	68012
1.915021000	69400
1.915067000	70788
1.915072000	72176
1.915075000	73564
1.915120000	74952
1.915124000	76340
1.915127000	77728
1.915172000	79116
1.915176000	80504
1.915179000	81892
1.915226000	83280
1.915230000	84668
1.915234000	86056
1.915275000	87444
1.915278000	88832
1.915280000	90220
1.915328000	91608
1.915330000	92996
1.915333000	94384
1.915380000	95772
1.915383000	97160
1.915385000	98548
1.915433000	99936
1.915435000	101324
1.915438000	102712
1.915485000	104100
1.915488000	105488
1.915490000	106876
1.915537000	108264
1.915540000	109652
1.915542000	111040
1.963098000	111040
1.963102000	112428
1.966060000	112428
1.966067000	113816
1.966093000	112428
1.966202000	105488
1.966205000	106876
1.966207000	108264
1.966232000	109652
1.966322000	111040
1.966325000	112428
1.966328000	113816
1.966439000	115204
1.966444000	116592
1.966448000	117980
1.966488000	119368
1.966491000	120756
1.966493000	122144
1.966614000	123532
1.966620000	124920
1.972989000	117980
1.972992000	119368
1.972995000	120756
1.973017000	122144
1.973020000	123532
1.973069000	124920
1.973072000	126308
1.973075000	127696
1.973120000	129084
1.973123000	130472
1.973126000	131860
1.973173000	133248
1.987965000	131860
1.987968000	133248
1.987971000	134636
1.988009000	136024
1.988973000	136024
1.988976000	137412
1.988986000	137412
1.989019000	137412
1.989022000	138800
1.989071000	137412
1.989074000	138800
1.989245000	138800
1.989252000	140188
1.989281000	141576
1.989286000	142964
1.989333000	144352
1.993023000	144352
1.993030000	145740
1.993063000	144352
1.993067000	145740
1.993118000	147128
1.993123000	148516
1.995031000	147128
1.995035000	148516
1.995069000	144352
1.995073000	145740
1.995132000	141576
1.995137000	142964
1.995244000	133248
1.995249000	134636
1.995292000	136024
1.995297000	137412
1.995348000	138800
1.995352000	140188
1.995399000	141576
1.995403000	142964
1.995454000	144352
1.995458000	145740
1.995508000	147128
1.995512000	148516
1.995563000	149904
1.995568000	151292
1.995619000	152680
1.995623000	154068
1.995671000	155456
1.995676000	156844
1.995727000	158232
1.995731000	159620
1.995789000	161008
1.995794000	162396
1.995835000	163784
1.995839000	165172
1.995889000	166560
1.995893000	167948
1.995941000	169336
1.995945000	170724
1.995995000	172112
1.995999000	173500
1.997937000	172112
1.997940000	173500
1.997958000	174888
1.997961000	176276
1.998995000	174888
1.998998000	176276
1.999023000	174888
1.999025000	176276
1.999200000	174888
1.999206000	176276
1.999236000	177664
1.999240000	179052
1.999287000	180440
1.999290000	181828
1.999338000	183216
1.999341000	184604
2.001022000	183216
2.001026000	184604
2.001043000	180440
2.001073000	173500
2.001076000	174888
2.001079000	176276
2.001165000	177664
2.001171000	179052
2.001174000	180440
2.001248000	181828
2.001253000	183216
2.001256000	184604
2.001331000	185992
2.001336000	187380
2.001339000	188768
2.001389000	190156
2.001393000	191544
2.001396000	192932
2.001460000	194320
2.001464000	195708
2.001466000	197096
2.001509000	198484
2.001512000	199872
2.001514000	201260
2.002982000	199872
2.002985000	201260
2.002988000	202648
2.003030000	201260
2.003033000	202648
2.003036000	204036
2.003121000	205424
2.007054000	204036
2.007059000	205424
2.007070000	204036
2.007120000	202648
2.007123000	204036
2.007126000	205424
2.008972000	199872
2.008975000	201260
2.008978000	202648
2.009010000	204036
2.009013000	205424
2.039056000	204036
2.039059000	205424
2.043033000	204036
2.043038000	205424
2.043050000	204036
2.043076000	205424
2.044108000	198484
2.044113000	199872
2.044116000	201260
2.044153000	202648
2.044156000	204036
2.044269000	195708
2.044274000	197096
2.044278000	198484
2.044368000	199872
2.044371000	201260
2.044373000	202648
2.049027000	201260
2.049030000	202648
2.049033000	204036
2.049084000	197096
2.049087000	198484
2.049090000	199872
2.049182000	201260
2.049188000	202648
2.049191000	204036
2.049223000	205424
2.059050000	204036
2.059055000	205424
2.059107000	204036
2.059111000	205424
2.074652000	204036
2.074657000	205424
2.074704000	197096
2.074706000	198484
2.074755000	198484
2.074758000	199872
2.074809000	201260
2.074812000	202648
2.074856000	204036
2.074859000	205424
2.074913000	206812
2.074916000	208200
2.074959000	209588
2.074962000	210976
2.075019000	212364
2.075022000	213752
2.075065000	215140
2.075069000	216528
2.075123000	217916
2.075125000	219304
2.075169000	220692
2.075172000	222080
2.075221000	223468
2.075224000	224856
2.077966000	224856
2.077971000	226244
2.078057000	226244
2.078061000	227632
2.078087000	227632
2.078090000	229020
2.078142000	230408
2.078145000	231796
2.078195000	233184
2.079000000	233184
2.079004000	234572
2.079044000	233184
2.079046000	234572
2.079096000	233184
2.079099000	234572
2.079149000	235960
2.079151000	237348
2.079202000	238736
2.079205000	240124
2.079256000	241512
2.079259000	242900
2.079310000	244288
2.079313000	245676
2.079364000	247064
2.079367000	248452
2.081016000	248452
2.081021000	249840
2.081063000	248452
2.081065000	249840
2.081113000	249840
2.081116000	251228
2.081169000	251228
2.081172000	252616
2.081223000	247064
2.081225000	248452
2.081276000	248452
2.081279000	249840
2.081330000	248452
2.081333000	249840
2.081384000	248452
2.081387000	249840
2.081438000	249840
2.081440000	251228
2.081492000	248452
2.081494000	249840
2.081550000	248452
2.081553000	249840
2.081599000	247064
2.081601000	248452
2.081652000	249840
2.081654000	251228
2.081707000	251228
2.081710000	252616
2.081760000	248452
2.081763000	249840
2.081813000	251228
2.081816000	252616
2.081866000	254004
2.081869000	255392
2.081920000	256780
2.081923000	258168
2.081974000	259556
2.082985000	259556
2.083036000	259556
2.086969000	259556
2.087073000	259556
2.087083000	259556
2.087111000	255392
2.087114000	256780
2.087215000	256780
2.087220000	258168
2.087371000	251228
2.087375000	252616
2.087400000	251228
2.087403000	252616
2.087493000	254004
2.087499000	255392
2.087532000	256780
2.087535000	258168
2.087586000	259556
2.087983000	259556
2.087993000	259556
2.088011000	259556
2.088014000	260944
2.088979000	260944
2.088988000	260944
2.089032000	260944
2.089040000	260944
2.089086000	260944
2.093200000	260944
2.093211000	260944
2.095081000	260944
2.095088000	260944
2.095107000	260944
2.095217000	260944
2.095228000	260944
2.095274000	256780
2.095278000	258168
2.095343000	258168
2.095347000	259556
2.095485000	260944
2.098031000	260944
2.098049000	260944
2.098132000	262332
2.099051000	262332
2.099064000	262332
2.099089000	259556
2.099092000	260944
2.099188000	262332
2.100987000	262332
2.100999000	262332
2.101021000	260944
2.101024000	262332
2.101075000	262332
2.101082000	262332
2.101129000	262332
2.101136000	262332
2.101180000	262332
2.101187000	262332
2.101233000	262332
2.101239000	262332
2.101287000	262332
2.101293000	262332
2.101338000	262332
2.101341000	263720
2.101391000	262332
2.101394000	263720
2.101443000	263720
2.103002000	263720
2.103018000	263720
2.106201000	263720
2.106307000	263720
2.108085000	263720
2.108100000	263720
2.108992000	263720
2.129085000	263720
2.133984000	263720
2.135019000	263720
2.138087000	263720
2.138104000	263720
2.138998000	263720
2.139010000	263720
2.139030000	262332
2.139033000	263720
2.139133000	263720
2.139138000	265108
2.139170000	265108
2.142090000	265108
2.142104000	265108
2.142174000	260944
2.142177000	262332
2.142232000	263720
2.142235000	265108
2.142419000	265108
2.142430000	263720
2.142459000	265108
2.147978000	263720
2.147984000	265108
2.148022000	263720
2.148027000	265108
2.149013000	263720
2.149017000	265108
2.149061000	260944
2.149065000	262332
2.149103000	263720
2.149108000	265108
2.149155000	266496
2.158030000	265108
2.158035000	266496
2.158071000	265108
2.158074000	266496
2.159034000	265108
2.159038000	266496
2.159069000	262332
2.159073000	263720
2.159131000	262332
2.159135000	263720
2.159181000	265108
2.159185000	266496
2.162986000	265108
2.162989000	266496
2.168043000	265108
2.168046000	266496
2.169040000	265108
2.169043000	266496
2.169075000	259556
2.169078000	260944
2.169167000	262332
2.169173000	263720
2.169248000	265108
2.169254000	266496
2.169329000	267884
2.177081000	266496
2.177084000	267884
2.177156000	267884
2.177245000	267884
2.177257000	267884
2.177289000	262332
2.177292000	263720
2.177340000	265108
2.177343000	266496
2.177394000	267884
2.177973000	267884
2.177980000	267884
2.178063000	267884
2.179236000	267884
2.179242000	267884
2.179289000	267884
2.179292000	269272
2.179341000	267884
2.179344000	269272
2.182965000	269272
2.182979000	269272
2.185021000	269272
2.185066000	269272
2.185077000	269272
2.185123000	269272
2.185133000	269272
2.185176000	267884
2.185180000	269272
2.185235000	269272
2.185246000	269272
2.185285000	267884
2.185289000	269272
2.185344000	269272
2.185358000	269272
2.185389000	267884
2.185392000	269272
2.185453000	266496
2.185456000	267884
2.185503000	265108
2.185506000	266496
2.185554000	265108
2.185558000	266496
2.185606000	265108
2.185609000	266496
2.185654000	266496
2.185657000	267884
2.185705000	266496
2.185708000	267884
2.185759000	267884
2.185762000	269272
2.185812000	266496
2.185816000	267884
2.185865000	266496
2.185868000	267884
2.185919000	266496
2.185922000	267884
2.185971000	266496
2.185974000	267884
2.186053000	266496
2.186056000	267884
2.186098000	269272
2.186101000	270660
2.186153000	272048
2.187957000	272048
2.187967000	272048
2.187983000	272048
2.188994000	272048
2.189003000	272048
2.189042000	272048
2.189049000	272048
2.189095000	272048
2.193031000	272048
2.193043000	272048
2.193065000	270660
2.193068000	272048
2.193118000	272048
2.193125000	272048
2.193170000	272048
2.193177000	272048
2.193223000	272048
2.193226000	273436
2.193283000	272048
2.193286000	273436
2.193337000	272048
2.193341000	273436
2.193380000	273436
2.193432000	273436
2.193438000	273436
2.193485000	272048
2.193487000	273436
2.193537000	273436
2.193544000	273436
2.193590000	272048
2.193593000	273436
2.193642000	273436
2.193649000	273436
2.193747000	273436
2.227977000	242900
2.227983000	244288
2.228012000	245676
2.228015000	247064
2.228065000	248452
2.228068000	249840
2.228115000	251228
2.228118000	252616
2.228167000	254004
2.228170000	255392
2.228221000	256780
2.228224000	258168
2.228274000	259556
2.228277000	260944
2.228326000	262332
2.228329000	263720
2.228378000	265108
2.228381000	266496
2.228431000	267884
2.228434000	269272
2.228484000	270660
2.228487000	272048
2.228536000	273436
2.228539000	274824
2.228589000	276212
2.228986000	276212
2.228998000	276212
2.229031000	276212
2.229038000	276212
2.229083000	276212
2.233026000	276212
2.233038000	276212
2.237981000	276212
2.238003000	276212
2.239001000	276212
2.239013000	276212
2.239031000	276212
2.239038000	276212
2.239134000	276212
2.239147000	274824
2.239161000	276212
2.246314000	274824
2.246319000	276212
2.246371000	274824
2.246374000	276212
2.246495000	277600
2.248997000	276212
2.249000000	277600
2.249095000	276212
2.249098000	277600
2.252985000	276212
2.252989000	277600
2.253025000	276212
2.253028000	277600
2.254068000	276212
2.254073000	277600
2.254148000	273436
2.254151000	274824
2.254314000	276212
2.254317000	277600
2.261090000	219304
2.261094000	220692
2.261658000	222080
2.261661000	223468
2.261713000	224856
2.261716000	226244
2.261766000	227632
2.261769000	229020
2.261819000	230408
2.261822000	231796
2.261873000	233184
2.261876000	234572
2.261927000	235960
2.261929000	237348
2.261981000	238736
2.261983000	240124
2.262037000	241512
2.262041000	242900
2.262088000	244288
2.262091000	245676
2.262142000	247064
2.262145000	248452
2.262196000	249840
2.262199000	251228
2.262249000	252616
2.262252000	254004
2.262303000	255392
2.262307000	256780
2.262357000	258168
2.262360000	259556
2.262411000	260944
2.262414000	262332
2.262465000	263720
2.262468000	265108
2.262519000	266496
2.262521000	267884
2.262572000	269272
2.262575000	270660
2.262626000	272048
2.262628000	273436
2.262680000	274824
2.262683000	276212
2.262733000	277600
2.262736000	278988
2.262790000	280376
2.269334000	219304
2.269338000	220692
2.269366000	222080
2.269369000	223468
2.269418000	224856
2.269421000	226244
2.269471000	227632
2.269474000	229020
2.269524000	229923
