9.139592000	1408
9.139602000	2816
9.139677000	4224
9.139685000	5632
9.139766000	7040
9.139772000	8448
9.139855000	9856
9.139860000	11264
9.139946000	12672
9.139951000	14080
9.191692000	14080
9.191697000	15488
9.191717000	15488
9.198655000	15488
9.198662000	16896
9.198684000	16896
9.198800000	8448
9.198805000	9856
9.198860000	11264
9.198864000	12672
9.198917000	14080
9.198921000	15488
9.198972000	16896
9.198976000	18304
9.199027000	19712
9.199031000	21120
9.206575000	21120
9.206582000	22528
9.231642000	22528
9.231648000	23936
9.231683000	23936
9.231686000	25344
9.238604000	25344
9.238611000	26752
9.238652000	26752
9.238657000	28160
9.246650000	28160
9.246657000	29568
9.246694000	29568
9.246699000	30976
9.253658000	30976
9.253665000	32384
9.253792000	28160
9.253797000	29568
9.253856000	30976
9.253859000	32384
9.253909000	33792
9.253913000	35200
9.253965000	36608
9.253969000	38016
9.261606000	38016
9.261611000	39424
9.268665000	39424
9.268671000	40832
9.268770000	33792
9.268777000	35200
9.268806000	36608
9.268809000	38016
9.268871000	39424
9.268875000	40832
9.268933000	42240
9.268938000	43648
9.268991000	45056
9.268996000	46464
9.269049000	47872
9.269055000	49280
9.276554000	49280
9.276562000	50688
9.276602000	50688
9.276606000	52096
9.276650000	52096
9.276655000	53504
9.283708000	53504
9.283713000	54912
9.283744000	54912
9.283747000	56320
9.311641000	56320
9.311657000	57728
9.311694000	56320
9.311699000	57728
9.311745000	59136
9.311749000	60544
9.318758000	60544
9.318763000	61952
9.318846000	39424
9.318855000	40832
9.318950000	42240
9.318954000	43648
9.318991000	45056
9.318997000	46464
9.319037000	47872
9.319042000	49280
9.319091000	50688
9.319097000	52096
9.319143000	53504
9.319147000	54912
9.319197000	56320
9.319202000	57728
9.319250000	59136
9.319254000	60544
9.319302000	61952
9.319306000	63360
9.319406000	64768
9.319410000	66176
9.319438000	67584
9.319442000	68992
9.319492000	70400
9.319496000	71808
9.319546000	73216
9.319550000	74624
9.319609000	74624
9.319613000	76032
9.319753000	64768
9.319759000	66176
9.319792000	67584
9.319796000	68992
9.319841000	70400
9.319844000	71808
9.319893000	73216
9.319897000	74624
9.319946000	76032
9.319949000	77440
9.319999000	78848
9.320003000	80256
9.320058000	81664
9.320062000	83072
9.320113000	84480
9.320117000	85888
9.320169000	87296
9.320173000	88704
9.320225000	90112
9.320229000	91520
9.320280000	92928
9.320285000	94336
9.320335000	95744
9.320339000	97152
9.320388000	98560
9.320393000	99968
9.320645000	99968
9.320649000	101376
9.320692000	97152
9.320696000	98560
9.320746000	99968
9.320750000	101376
9.320801000	102784
9.320804000	104192
9.320856000	105600
9.320859000	107008
9.351662000	105600
9.351667000	107008
9.351694000	105600
9.351698000	107008
9.351746000	108416
9.351750000	109824
9.351799000	111232
9.351802000	112640
9.371621000	111232
9.371626000	112640
9.371779000	109824
9.371783000	111232
9.371828000	112640
9.371831000	114048
9.371927000	115456
9.371937000	116864
9.372023000	118272
9.372028000	119680
9.378682000	119680
9.378687000	121088
9.378739000	119680
9.378759000	121088
9.378870000	122496
9.378876000	123904
9.386545000	123904
9.386550000	125312
9.393625000	125312
9.393630000	126720
9.393680000	115456
9.393683000	116864
9.393736000	118272
9.393740000	119680
9.393791000	121088
9.393795000	122496
9.393848000	123904
9.393852000	125312
9.393901000	126720
9.393905000	128128
9.393951000	129536
9.393954000	130944
9.394003000	132352
9.394006000	133760
9.394056000	135168
9.394059000	136576
9.394109000	137984
9.394112000	139392
9.394549000	139392
9.394553000	140800
9.394591000	140800
9.394594000	142208
9.402603000	142208
9.402607000	143616
9.409700000	143616
9.409705000	145024
9.409742000	137984
9.409745000	139392
9.409881000	140800
9.409887000	142208
9.409974000	143616
9.409980000	145024
9.410097000	146432
9.410102000	147840
9.410184000	149248
9.410190000	150656
9.410272000	152064
9.410278000	153472
9.410570000	153472
9.410575000	154880
9.410607000	154880
9.410610000	156288
9.410670000	150656
9.410673000	152064
9.410776000	153472
9.410779000	154880
9.410807000	156288
9.410810000	157696
9.410860000	159104
9.410863000	160512
9.410914000	161920
9.410917000	163328
9.411686000	161920
9.411692000	163328
9.411809000	164736
9.411815000	166144
9.426609000	164736
9.426614000	166144
9.426649000	153472
9.426653000	154880
9.426741000	156288
9.426754000	157696
9.426782000	159104
9.426785000	160512
9.426837000	161920
9.426841000	163328
9.426891000	164736
9.426896000	166144
9.426941000	167552
9.426944000	168960
9.426994000	170368
9.426997000	171776
9.427047000	173184
9.427050000	174592
9.427100000	176000
9.427103000	177408
9.427152000	178816
9.427155000	180224
9.427205000	181632
9.427208000	183040
9.449565000	181632
9.449571000	183040
9.449599000	184448
9.449602000	185856
9.449712000	184448
9.449716000	185856
9.449757000	178816
9.449760000	180224
9.449810000	181632
9.449813000	183040
9.449863000	184448
9.449866000	185856
9.449915000	187264
9.449918000	188672
9.449968000	190080
9.449971000	191488
9.450020000	192896
9.450023000	194304
9.450074000	195712
9.450077000	197120
9.456736000	195712
9.456741000	197120
9.456976000	178816
9.456980000	180224
9.457028000	181632
9.457031000	183040
9.457126000	184448
9.457132000	185856
9.457219000	187264
9.457224000	188672
9.457305000	190080
9.457311000	191488
9.457397000	192896
9.457402000	194304
9.457492000	195712
9.457497000	197120
9.457582000	198528
9.457587000	199936
9.457623000	201344
9.457626000	202752
9.457676000	204160
9.457679000	205568
9.457730000	206976
9.457733000	208384
9.457784000	209792
9.457787000	211200
9.457838000	212608
9.457841000	214016
9.457891000	215424
9.457895000	216832
9.457945000	218240
9.457948000	219648
9.471591000	218240
9.471598000	219648
9.471630000	215424
9.471634000	216832
9.471685000	218240
9.471689000	219648
9.471739000	221056
9.471743000	222464
9.471796000	223872
9.471800000	225280
9.471851000	226688
9.471856000	228096
9.478661000	226688
9.478666000	228096
9.478705000	216832
9.478708000	218240
9.478803000	219648
9.478808000	221056
9.478843000	222464
9.478847000	223872
9.478897000	225280
9.478900000	226688
9.478951000	228096
9.478954000	229504
9.479004000	230912
9.479007000	232320
9.479058000	233728
9.479061000	235136
9.479112000	236544
9.479115000	237952
9.479166000	239360
9.479169000	240768
9.479220000	242176
9.479222000	243584
9.486685000	243584
9.486690000	244992
9.501646000	244992
9.501651000	246400
9.501695000	236544
9.501698000	237952
9.501807000	237952
9.501814000	239360
9.501824000	239360
9.511648000	233728
9.511653000	235136
9.511656000	236544
9.511879000	235136
9.511882000	236544
9.511885000	237952
9.518708000	237952
9.518713000	239360
9.518717000	240768
9.518774000	225280
9.518777000	226688
9.518780000	228096
9.518851000	229504
9.518854000	230912
9.518857000	232320
9.518925000	233728
9.518929000	235136
9.518932000	236544
9.519000000	237952
9.519003000	239360
9.519006000	240768
9.519051000	242176
9.519054000	243584
9.519057000	244992
9.519105000	246400
9.519108000	247808
9.519111000	249216
9.519158000	250624
9.519161000	252032
9.519164000	253440
9.519211000	254848
9.519214000	256256
9.519217000	257664
9.519265000	259072
9.519267000	260480
9.519270000	261888
9.519321000	263296
9.519324000	264704
9.519327000	266112
9.519417000	267520
9.519420000	268928
9.519423000	270336
9.519453000	271744
9.519456000	273152
9.519459000	274560
9.519506000	275968
9.519509000	277376
9.519512000	278784
9.519565000	280192
9.519568000	281600
9.519570000	283008
9.519620000	283008
9.519622000	284416
9.519625000	285824
9.519673000	284416
9.519677000	285824
9.519680000	287232
9.519720000	281600
9.519723000	283008
9.519725000	284416
9.519773000	285824
9.519776000	287232
9.519779000	288640
9.519825000	290048
9.519828000	291456
9.519831000	292864
9.519877000	294272
9.519880000	295680
9.519882000	297088
9.519930000	298496
9.519933000	299904
9.520581000	299904
9.520584000	301312
9.520592000	301312
9.520622000	302720
9.528591000	302720
9.528596000	304128
9.535674000	304128
9.535679000	305536
9.535690000	305536
9.535738000	292864
9.535741000	294272
9.535744000	295680
9.535801000	295680
9.535805000	297088
9.535809000	298496
9.535848000	298496
9.535852000	299904
9.535856000	301312
9.535898000	302720
9.535901000	304128
9.535904000	305536
9.535951000	306944
9.535954000	308352
9.535957000	309760
9.536003000	311168
9.536006000	312576
9.536009000	313984
9.536056000	315392
9.536059000	316800
9.536061000	318208
9.536108000	319616
9.536111000	321024
9.536114000	322432
9.536218000	323840
9.536591000	323840
9.536596000	325248
9.536608000	325248
9.536648000	319616
9.536652000	321024
9.536656000	322432
9.536705000	323840
9.536709000	325248
9.536713000	326656
9.536761000	328064
9.536766000	329472
9.536770000	330880
9.536817000	332288
9.536821000	333696
9.537637000	333696
9.537643000	335104
9.551605000	335104
9.551609000	336512
9.551620000	336512
9.551637000	336512
9.551641000	337920
9.551644000	339328
9.558704000	339328
9.558709000	340736
9.558718000	340736
9.558778000	325248
9.558782000	326656
9.558785000	328064
9.559017000	329472
9.559024000	330880
9.559027000	332288
9.559060000	333696
9.559064000	335104
9.559066000	336512
9.559108000	337920
9.559111000	339328
9.559114000	340736
9.559160000	342144
9.559163000	343552
9.559166000	344960
9.559212000	346368
9.559216000	347776
9.559218000	349184
9.559265000	350592
9.559268000	352000
9.559271000	353408
9.559318000	354816
9.559321000	356224
9.559324000	357632
9.559407000	359040
9.567737000	359040
9.567744000	360448
9.567758000	360448
9.567821000	333696
9.567826000	335104
9.567829000	336512
9.567876000	337920
9.567880000	339328
9.567883000	340736
9.567979000	342144
9.567985000	343552
9.567988000	344960
9.568069000	346368
9.568075000	347776
9.568078000	349184
9.568160000	350592
9.568165000	352000
9.568168000	353408
9.568252000	354816
9.568258000	356224
9.568261000	357632
9.568343000	359040
9.568350000	360448
9.568357000	361856
9.568385000	363264
9.568388000	364672
9.568391000	366080
9.568438000	367488
9.568441000	368896
9.568444000	370304
9.568492000	371712
9.568494000	373120
9.568497000	374528
9.568545000	375936
9.568548000	377344
9.568551000	378752
9.568598000	380160
9.568601000	381568
9.568604000	382976
9.568655000	384384
9.568658000	385792
9.568661000	387200
9.568706000	388608
9.568709000	390016
9.591695000	388608
9.591700000	390016
9.591703000	391424
9.591736000	384384
9.591739000	385792
9.591742000	387200
9.591786000	388608
9.591788000	390016
9.591792000	391424
9.591839000	392832
9.591850000	394240
9.591853000	395648
9.591891000	397056
9.591894000	398464
9.591897000	399872
9.591944000	401280
9.598709000	399872
9.598713000	401280
9.598716000	402688
9.598785000	395648
9.598789000	397056
9.598792000	398464
9.598875000	399872
9.598878000	401280
9.598881000	402688
9.598914000	404096
9.598917000	405504
9.598920000	406912
9.598964000	408320
9.598967000	409728
9.598970000	411136
9.599018000	412544
9.619707000	364672
9.619713000	366080
9.619715000	367488
9.619751000	352000
9.619754000	353408
9.619757000	354816
9.619849000	356224
9.619854000	357632
9.619857000	359040
9.619939000	360448
9.619945000	361856
9.619948000	363264
9.620062000	364672
9.620067000	366080
9.620070000	367488
9.620182000	368896
9.620188000	370304
9.620191000	371712
9.620295000	373120
9.620301000	374528
9.620304000	375936
9.620336000	377344
9.620339000	378752
9.620341000	380160
9.620388000	381568
9.620391000	382976
9.620394000	384384
9.620444000	385792
9.620448000	387200
9.620452000	388608
9.620500000	390016
9.620504000	391424
9.620508000	392832
9.620554000	394240
9.620558000	395648
9.620561000	397056
9.620607000	398464
9.620611000	399872
9.620615000	401280
9.620661000	402688
9.620665000	404096
9.620669000	405504
9.620716000	406912
9.620720000	408320
9.620723000	409728
9.620766000	411136
9.620769000	412544
9.620772000	413952
9.620818000	415360
9.620821000	416768
9.620824000	418176
9.620870000	419584
9.620873000	420992
9.620876000	422400
9.620923000	423808
9.620926000	425216
9.620928000	426624
9.620976000	428032
9.620979000	429440
9.620981000	430848
9.621028000	432256
9.621031000	433664
9.621034000	435072
9.621081000	436480
9.621084000	437888
9.621087000	439296
9.621134000	440704
9.621137000	442112
9.621139000	443520
9.621190000	444928
9.621195000	446336
9.621199000	447744
9.621237000	449152
9.621240000	450560
9.621243000	451968
9.621291000	453376
9.621293000	454784
9.621296000	456192
9.621343000	457600
9.621346000	459008
9.621348000	460416
9.621395000	461824
9.621398000	463232
9.621400000	464640
9.621448000	466048
9.621451000	467456
9.621454000	468864
9.621500000	470272
9.621503000	471680
9.621506000	473088
9.621554000	474496
9.621557000	475904
9.621559000	477312
9.621607000	478720
9.639568000	477312
9.639573000	478720
9.639576000	480128
9.639614000	463232
9.639617000	464640
9.639620000	466048
9.639629000	459008
9.639658000	460416
9.639661000	461824
9.639664000	463232
9.639667000	464640
9.639710000	466048
9.639713000	467456
9.639715000	468864
9.639718000	470272
9.639765000	471680
9.639769000	473088
9.639773000	474496
9.639777000	475904
9.639816000	477312
9.639819000	478720
9.639822000	480128
9.639824000	481536
9.639867000	482944
9.639870000	484352
9.639872000	485760
9.639875000	487168
9.639919000	488576
9.639921000	489984
9.639924000	491392
9.639926000	492800
9.639972000	494208
9.639975000	495616
9.639978000	497024
9.639981000	498432
9.640026000	499840
9.640029000	501248
9.640032000	502656
9.640035000	504064
9.640076000	505472
9.640079000	506880
9.640082000	508288
9.646731000	506880
9.646736000	508288
9.646739000	509696
9.646741000	511104
9.646770000	505472
9.646773000	506880
9.646776000	508288
9.646779000	509696
9.646870000	511104
9.646877000	512512
9.646880000	513920
9.646883000	515328
9.646908000	516736
9.646911000	518144
9.653747000	511104
9.653754000	512512
9.653758000	513920
9.653762000	515328
9.653796000	516736
9.653801000	518144
9.653805000	519552
9.653809000	520960
9.669624000	502656
9.669629000	504064
9.669632000	505472
9.669635000	506880
9.669675000	508288
9.669679000	509696
9.669682000	510987
