7.097248000	1408
7.097255000	2816
7.097282000	4224
7.097284000	5632
7.097351000	7040
7.097354000	8448
7.097394000	9856
7.097397000	11264
7.097447000	12672
7.097449000	14080
7.240711000	14080
7.240714000	15488
7.241692000	15488
7.241695000	16896
7.241734000	15488
7.241737000	16896
7.241791000	18304
7.241794000	19712
7.242626000	19712
7.242629000	21120
7.250464000	21120
7.250469000	22528
7.250508000	21120
7.250511000	22528
7.250578000	23936
7.250585000	25344
7.257614000	25344
7.257619000	26752
7.257698000	26752
7.257701000	28160
7.404524000	29568
7.404541000	28160
7.404597000	29568
7.419620000	29568
7.419625000	30976
7.426498000	30976
7.426503000	32384
7.426536000	32384
7.426539000	33792
7.435645000	33792
7.435657000	35200
7.442613000	35200
7.442618000	36608
7.442747000	26752
7.442751000	28160
7.442799000	29568
7.442802000	30976
7.442876000	32384
7.442879000	33792
7.442955000	35200
7.442958000	36608
7.443030000	38016
7.443034000	39424
7.443082000	40832
7.443495000	40832
7.443502000	40832
7.443547000	39424
7.443549000	40832
7.444541000	40832
7.708729000	40832
7.708737000	40832
7.717614000	40832
7.746514000	40832
7.746526000	40832
7.819519000	40832
7.819532000	40832
7.826654000	40832
7.826672000	40832
7.826885000	22528
7.826891000	23936
7.826954000	25344
7.826958000	26752
7.827010000	28160
7.827014000	29568
7.827063000	30976
7.827067000	32384
7.827117000	33792
7.827121000	35200
7.827172000	36608
7.827176000	38016
7.827226000	39424
7.827231000	40832
7.827280000	42240
7.827498000	42240
7.827599000	42240
7.827610000	42240
7.827744000	39424
7.827748000	40832
7.827779000	42240
7.943725000	42240
7.943730000	43648
7.943809000	43648
7.958588000	43648
7.958597000	43648
7.958631000	43648
7.979525000	43648
7.979541000	43648
7.986633000	43648
7.986645000	43648
7.986808000	23936
7.986812000	25344
7.986869000	26752
7.986872000	28160
7.986922000	29568
7.986925000	30976
7.986976000	32384
7.986979000	33792
7.987029000	35200
7.987033000	36608
7.987083000	38016
7.987085000	39424
7.987137000	40832
7.987139000	42240
7.987191000	43648
7.987193000	45056
7.987480000	45056
7.987491000	45056
7.987527000	45056
7.987636000	45056
7.987644000	45056
7.987694000	45056
8.142596000	45056
8.142665000	45056
8.149637000	43648
8.149641000	45056
8.149692000	43648
8.149695000	45056
8.156609000	43648
8.156616000	45056
8.156690000	43648
8.156694000	45056
8.179583000	43648
8.179588000	45056
8.179626000	38016
8.179635000	39424
8.179694000	40832
8.179702000	42240
8.179736000	43648
8.179742000	45056
8.179793000	46464
8.186547000	45056
8.186554000	46464
8.186592000	42240
8.186595000	43648
8.466523000	30976
8.466529000	32384
8.466578000	33792
8.466581000	35200
8.466644000	36608
8.466646000	38016
8.466674000	39424
8.466677000	40832
8.466732000	42240
8.466735000	43648
8.466778000	45056
8.466780000	46464
8.466836000	47872
8.498480000	46464
8.498488000	47872
8.505636000	46464
8.505641000	47872
8.512484000	46464
8.512488000	47872
8.512636000	46464
8.512639000	47872
8.535670000	46464
8.535676000	47872
8.535743000	35200
8.535746000	36608
8.535834000	38016
8.535840000	39424
8.535929000	40832
8.535935000	42240
8.536016000	43648
8.536022000	45056
8.536109000	46464
8.536114000	47872
8.536205000	49280
8.558650000	49280
8.684503000	47872
8.684505000	49280
8.684565000	47872
8.684567000	49280
8.692441000	47872
8.692443000	49280
8.699491000	47872
8.699494000	49280
8.699537000	45056
8.699539000	46464
8.699587000	47872
8.699589000	49280
8.714582000	47872
8.714584000	49280
8.714662000	47872
8.714663000	49280
8.714738000	50688
8.746506000	49280
8.746509000	50688
8.746595000	49280
8.746597000	50688
8.746648000	49280
8.746649000	50688
8.747526000	49280
8.747528000	50688
8.747576000	38016
8.747577000	39424
8.747626000	40832
8.747627000	42240
8.747681000	43648
8.747682000	45056
8.747729000	46464
8.747731000	47872
8.747781000	49280
8.747782000	50688
8.839609000	50688
8.929569000	49280
8.929572000	50688
8.929613000	52096
8.936611000	50688
8.936613000	52096
8.936654000	47872
8.936655000	49280
8.936745000	50688
8.936748000	52096
8.937482000	50688
8.937485000	52096
8.937557000	50688
8.937560000	52096
8.937642000	50688
8.937644000	52096
8.952543000	50688
8.952546000	52096
8.976532000	50688
8.976535000	52096
8.976568000	50688
8.976569000	52096
8.977629000	50688
8.977632000	52096
8.977670000	53504
8.983527000	52096
8.983529000	53504
8.983601000	52096
8.983604000	53504
9.006594000	52096
9.006597000	53504
9.006627000	46464
9.006629000	47872
9.006711000	49280
9.006715000	50688
9.006790000	52096
9.006793000	53504
9.045589000	53504
9.121632000	52096
9.121637000	53504
9.121679000	52096
9.121681000	53504
9.145560000	52096
9.145563000	53504
9.145593000	46464
9.145595000	47872
9.145648000	46464
9.145650000	47872
9.145697000	49280
9.145699000	50688
9.145750000	52096
9.145752000	53504
9.145836000	54912
9.146544000	53504
9.146547000	54912
9.146586000	53504
9.146589000	54912
9.152600000	53504
9.152603000	54912
9.152639000	36608
9.152641000	38016
9.152691000	39424
9.152693000	40832
9.152743000	42240
9.152745000	43648
9.152795000	45056
9.152797000	46464
9.152848000	47872
9.152849000	49280
9.152899000	50688
9.152901000	52096
9.152951000	53504
9.152952000	54912
9.153003000	56320
9.153513000	54912
9.153516000	56320
9.153551000	52096
9.153553000	53504
9.153605000	54912
9.153607000	56320
9.179597000	54912
9.179601000	56320
9.179639000	52096
9.179642000	53504
9.179692000	54912
9.179695000	56320
9.179746000	57728
9.186474000	56320
9.186477000	57728
9.194591000	56320
9.194594000	57728
9.201625000	56320
9.201628000	57728
9.201672000	45056
9.201674000	46464
9.201757000	47872
9.201767000	49280
9.201834000	50688
9.201838000	52096
9.201916000	53504
9.201919000	54912
9.201962000	56320
9.201964000	57728
9.202471000	56320
9.202473000	57728
9.210538000	56320
9.210541000	57728
9.210567000	53504
9.210569000	54912
9.210656000	56320
9.210658000	57728
9.210759000	59136
9.217686000	57728
9.217689000	59136
9.217754000	49280
9.217756000	50688
9.217852000	52096
9.217856000	53504
9.217943000	54912
9.217946000	56320
9.218035000	57728
9.218038000	59136
9.225557000	57728
9.225560000	59136
9.225586000	57728
9.225588000	59136
9.233477000	57728
9.233481000	59136
9.233517000	57728
9.233520000	59136
9.233570000	60544
9.240519000	59136
9.240523000	60544
9.240563000	56320
9.240566000	57728
9.240611000	59136
9.240613000	60544
9.248461000	59136
9.248463000	60544
9.255585000	59136
9.255588000	60544
9.255657000	50688
9.255659000	52096
9.255691000	53504
9.255692000	54912
9.255775000	56320
9.255778000	57728
9.255854000	59136
9.255857000	60544
9.255933000	61952
9.256523000	60544
9.256527000	61952
9.256570000	52096
9.256572000	53504
9.256684000	54912
9.256687000	56320
9.256734000	57728
9.256736000	59136
9.256783000	60544
9.256784000	61952
9.257567000	60544
9.257569000	61952
9.265500000	60544
9.265504000	61952
9.265542000	57728
9.265545000	59136
9.265595000	60544
9.265597000	61952
9.272566000	60544
9.272569000	61952
9.272606000	57728
9.272608000	59136
9.272658000	60544
9.272659000	61952
9.272745000	63360
9.280459000	61952
9.280463000	63360
9.280498000	59136
9.280501000	60544
9.280550000	61952
9.280553000	63360
9.287516000	61952
9.287520000	63360
9.295455000	61952
9.295460000	63360
9.302488000	61952
9.302492000	63360
9.302526000	47872
9.302528000	49280
9.302579000	50688
9.302582000	52096
9.302634000	53504
9.302636000	54912
9.302687000	56320
9.302689000	57728
9.302741000	59136
9.302744000	60544
9.302796000	61952
9.302798000	63360
9.302849000	64768
9.303518000	63360
9.303520000	64768
9.309482000	63360
9.309486000	64768
9.309518000	63360
9.309521000	64768
9.309631000	63360
9.309636000	64768
9.309767000	57728
9.309770000	59136
9.309829000	60544
9.309833000	61952
9.309929000	63360
9.309935000	64768
9.310017000	66176
9.332559000	64768
9.332564000	66176
9.332593000	59136
9.332597000	60544
9.332691000	61952
9.332696000	63360
9.332783000	64768
9.332789000	66176
9.339582000	64768
9.339589000	66176
9.339627000	59136
9.339631000	60544
9.339683000	61952
9.339687000	63360
9.339738000	64768
9.339742000	66176
9.347536000	64768
9.347541000	66176
9.347575000	67584
9.354573000	66176
9.354578000	67584
9.354703000	54912
9.354706000	56320
9.354755000	57728
9.354758000	59136
9.354835000	60544
9.354839000	61952
9.354911000	63360
9.354914000	64768
9.354986000	66176
9.354989000	67584
9.362585000	66176
9.362590000	67584
9.362627000	63360
9.362630000	64768
9.362702000	66176
9.362705000	67584
9.369628000	66176
9.369633000	67584
9.369665000	54912
9.369668000	56320
9.369764000	57728
9.369770000	59136
9.369856000	60544
9.369862000	61952
9.369946000	63360
9.369952000	64768
9.370036000	66176
9.370044000	67584
9.370080000	68992
9.377563000	67584
9.377569000	68992
9.377604000	64768
9.377607000	66176
9.377702000	67584
9.377708000	68992
9.384600000	67584
9.384605000	68992
9.392488000	67584
9.392493000	68992
9.392521000	70400
9.399533000	68992
9.399538000	70400
9.399585000	57728
9.399588000	59136
9.399679000	60544
9.399686000	61952
9.399715000	63360
9.399719000	64768
9.399766000	66176
9.399769000	67584
9.399819000	68992
9.399822000	70400
9.407541000	68992
9.407546000	70400
9.414546000	68992
9.414551000	70400
9.414580000	63360
9.414590000	64768
9.414633000	66176
9.414636000	67584
9.414692000	63360
9.414694000	64768
9.414738000	54912
9.414742000	56320
9.414790000	57728
9.414793000	59136
9.414843000	60544
9.414846000	61952
9.414895000	63360
9.414899000	64768
9.414949000	66176
9.414951000	67584
9.415005000	68992
9.415008000	70400
9.415055000	71808
9.439578000	70400
9.439583000	71808
9.439612000	67584
9.439615000	68992
9.439664000	70400
9.439667000	71808
9.439790000	73216
9.446654000	71808
9.446659000	73216
9.446813000	57728
9.446818000	59136
9.446865000	60544
9.446868000	61952
9.446965000	63360
9.446971000	64768
9.447035000	66176
9.447038000	67584
9.447110000	68992
9.447113000	70400
9.447161000	71808
9.447164000	73216
9.447527000	71808
9.447532000	73216
9.455596000	71808
9.455603000	73216
9.455633000	71808
9.455637000	73216
9.455692000	74624
9.479531000	73216
9.479536000	74624
9.479564000	70400
9.479567000	71808
9.479615000	73216
9.479618000	74624
9.486514000	73216
9.486519000	74624
9.486573000	56320
9.486576000	57728
9.486614000	59136
9.486617000	60544
9.486667000	61952
9.486670000	63360
9.486720000	64768
9.486723000	66176
9.486772000	67584
9.486776000	68992
9.486825000	70400
9.486828000	71808
9.486878000	73216
9.486881000	74624
9.486931000	76032
9.487439000	74624
9.487442000	76032
9.487537000	74624
9.487540000	76032
9.487587000	74624
9.487590000	76032
9.495648000	74624
9.495652000	76032
9.519514000	74624
9.519519000	76032
9.519547000	71808
9.519550000	73216
9.519645000	74624
9.519651000	76032
9.526554000	74624
9.526559000	76032
9.526601000	60544
9.526604000	61952
9.526699000	63360
9.526705000	64768
9.526790000	66176
9.526796000	67584
9.526857000	68992
9.526860000	70400
9.526932000	71808
9.526936000	73216
9.526983000	74624
9.526986000	76032
9.527037000	77440
9.527545000	76032
9.527549000	77440
9.527587000	70400
9.527590000	71808
9.527641000	73216
9.527643000	74624
9.527695000	76032
9.527698000	77440
9.539499000	76032
9.539506000	77440
9.539548000	76032
9.539553000	77440
9.546471000	70400
9.546476000	71808
9.546520000	70400
9.546523000	71808
9.546617000	73216
9.546623000	74624
9.546704000	76032
9.546708000	77440
9.546779000	78848
9.569525000	77440
9.569531000	78848
9.569559000	77440
9.569562000	78848
9.576576000	77440
9.576583000	78848
9.576648000	60544
9.576653000	61952
9.576703000	63360
9.576708000	64768
9.576759000	66176
9.576763000	67584
9.576815000	68992
9.576820000	70400
9.576912000	71808
9.576918000	73216
9.576999000	74624
9.577005000	76032
9.577087000	77440
9.577093000	78848
9.577130000	80256
9.577612000	78848
9.577615000	80256
9.577644000	78848
9.577646000	80256
9.599676000	78848
9.599681000	80256
9.599817000	73216
9.599821000	74624
9.599865000	76032
9.599869000	77440
9.599964000	78848
9.599970000	80256
9.600052000	81664
9.606537000	80256
9.606542000	81664
9.606571000	74624
9.606574000	76032
9.606669000	77440
9.606674000	78848
9.606760000	80256
9.606773000	81664
9.619505000	80256
9.619510000	81664
9.619542000	80256
9.619545000	81664
9.626526000	80256
9.626531000	81664
9.626559000	80256
9.626563000	81664
9.634607000	80256
9.634611000	81664
9.634644000	83072
9.641528000	81664
9.641533000	83072
9.641567000	73216
9.641570000	74624
9.641676000	73216
9.641681000	74624
9.641716000	70400
9.641719000	71808
9.641815000	73216
9.641821000	74624
9.641909000	76032
9.641915000	77440
9.641996000	78848
9.642002000	80256
9.642089000	81664
9.642095000	83072
9.649584000	81664
9.649588000	83072
9.649624000	78848
9.649627000	80256
9.649715000	81664
9.649722000	83072
9.649750000	84480
9.656497000	83072
9.656502000	84480
9.656530000	80256
9.656534000	81664
9.656629000	83072
9.656635000	84480
9.679557000	83072
9.679560000	84480
9.679599000	77440
9.679602000	78848
9.679687000	80256
9.679691000	81664
9.679769000	83072
9.679773000	84480
9.686501000	83072
9.686503000	84480
9.686598000	66176
9.686600000	67584
9.686680000	68992
9.686683000	70400
9.686762000	71808
9.686764000	73216
9.686844000	74624
9.686846000	76032
9.686919000	77440
9.686921000	78848
9.686996000	80256
9.686998000	81664
9.687047000	83072
9.687049000	84480
9.687100000	85888
9.687528000	84480
9.687529000	85888
9.703575000	84480
9.703577000	85888
9.710583000	84480
9.710585000	85888
9.710625000	84480
9.710627000	85888
9.710676000	87296
9.717666000	85888
9.717668000	87296
9.717745000	68875
