2.113460000	1388
2.113474000	2776
2.113534000	4164
2.113543000	5552
2.113617000	6940
2.113623000	8328
2.113705000	9716
2.113710000	11104
2.113794000	12492
2.113800000	13880
2.153090000	13880
2.153095000	15268
2.153140000	15268
2.153143000	16656
2.158006000	16656
2.158011000	18044
2.158090000	18044
2.158093000	19432
2.159980000	19432
2.159985000	20820
2.160011000	18044
2.160014000	19432
2.160097000	18044
2.160101000	19432
2.160145000	20820
2.160148000	22208
2.160245000	23596
2.160251000	24984
2.160337000	26372
2.160343000	27760
2.187985000	27760
2.187992000	29148
2.188022000	29148
2.188026000	30536
2.191005000	30536
2.191010000	31924
2.191126000	27760
2.191130000	29148
2.191181000	30536
2.191184000	31924
2.191281000	33312
2.191287000	34700
2.191369000	36088
2.191374000	37476
2.192958000	37476
2.192963000	38864
2.192995000	38864
2.192998000	40252
2.198016000	40252
2.198020000	41640
2.198053000	41640
2.198056000	43028
2.200948000	43028
2.200953000	44416
2.200983000	44416
2.200986000	45804
2.201046000	43028
2.201049000	44416
2.201138000	45804
2.201143000	47192
2.201224000	48580
2.201230000	49968
2.203026000	49968
2.203031000	51356
2.206044000	51356
2.206047000	52744
2.206075000	52744
2.206077000	54132
2.206179000	54132
2.206184000	55520
2.221063000	55520
2.221067000	56908
2.221323000	56908
2.221326000	58296
2.221422000	58296
2.221428000	59684
2.222917000	59684
2.222920000	61072
2.227959000	61072
2.227966000	62460
2.228003000	62460
2.228008000	63848
2.230924000	63848
2.230929000	65236
2.230966000	65236
2.230970000	66624
2.231020000	65236
2.231024000	66624
2.231073000	66624
2.231077000	68012
2.231127000	69400
2.231140000	70788
2.232940000	70788
2.232945000	72176
2.232982000	72176
2.232985000	73564
2.235967000	73564
2.235972000	74952
2.235998000	72176
2.236001000	73564
2.236099000	73564
2.236103000	74952
2.236233000	73564
2.236240000	74952
2.236269000	76340
2.236272000	77728
2.236320000	79116
2.236323000	80504
2.236420000	81892
2.236426000	83280
2.237974000	83280
2.237979000	84668
2.238023000	84668
2.238026000	86056
2.241000000	86056
2.241007000	87444
2.241049000	83280
2.241053000	84668
2.241108000	84668
2.241112000	86056
2.241159000	87444
2.241162000	88832
2.241256000	90220
2.241262000	91608
2.241343000	92996
2.241349000	94384
2.242902000	94384
2.242905000	95772
2.242915000	95772
2.242988000	97160
2.247983000	97160
2.247988000	98548
2.248176000	98548
2.248179000	99936
2.249000000	99936
2.249002000	101324
2.249010000	101324
2.249024000	102712
2.249170000	101324
2.249173000	102712
2.249176000	104100
2.249643000	102712
2.249647000	104100
2.249650000	105488
2.249717000	106876
2.249725000	108264
2.253085000	106876
2.253088000	108264
2.253091000	109652
2.253185000	111040
2.265969000	109652
2.265975000	111040
2.265978000	112428
2.266003000	105488
2.266006000	106876
2.266009000	108264
2.266107000	109652
2.266113000	111040
2.266116000	112428
2.266201000	113816
2.266207000	115204
2.266210000	116592
2.266297000	117980
2.266304000	119368
2.266307000	120756
2.266388000	122144
2.273008000	122144
2.273012000	123532
2.273023000	123532
2.273048000	124920
2.275992000	124920
2.275999000	126308
2.276014000	126308
2.276057000	123532
2.276062000	124920
2.276066000	126308
2.276109000	127696
2.276114000	129084
2.276118000	130472
2.276163000	131860
2.277938000	131860
2.277943000	133248
2.277954000	133248
2.277983000	134636
2.280972000	134636
2.280977000	136024
2.280987000	136024
2.281006000	134636
2.281009000	136024
2.281012000	137412
2.281063000	137412
2.281068000	138800
2.281072000	140188
2.281140000	137412
2.281149000	138800
2.281153000	140188
2.281221000	137412
2.281224000	138800
2.281227000	140188
2.281303000	140188
2.281308000	141576
2.281311000	142964
2.281397000	136024
2.281401000	137412
2.281405000	138800
2.281421000	134636
2.281452000	126308
2.281456000	127696
2.281460000	129084
2.281463000	130472
2.281509000	129084
2.281513000	130472
2.281517000	131860
2.281529000	133248
2.282901000	126308
2.282905000	127696
2.282907000	129084
2.282910000	130472
2.282944000	126308
2.282947000	127696
2.282950000	129084
2.282953000	130472
2.283120000	131860
2.283128000	133248
2.283131000	134636
2.283134000	136024
2.283161000	137412
2.283164000	138800
2.283166000	140188
2.283168000	141576
2.283213000	142964
2.283215000	144352
2.283218000	145740
2.283220000	147128
2.283266000	148516
2.283269000	149904
2.283271000	151292
2.283273000	152680
2.283320000	154068
2.283322000	155456
2.283324000	156844
2.283327000	158232
2.283373000	159620
2.283375000	161008
2.283378000	162396
2.283380000	163784
2.283427000	165172
2.283429000	166560
2.283431000	167948
2.283434000	169336
2.283480000	170724
2.283482000	172112
2.283484000	173500
2.283487000	174888
2.283533000	176276
2.283535000	177664
2.283538000	179052
2.283540000	180440
2.283586000	181828
2.283589000	183216
2.283591000	184604
2.283593000	185992
2.283640000	187380
2.283642000	188768
2.283644000	190156
2.283647000	191544
2.285940000	190156
2.285944000	191544
2.285946000	192932
2.285948000	194320
2.285962000	190156
2.285993000	191544
2.285995000	192932
2.285998000	194320
2.286000000	195708
2.286044000	197096
2.286046000	198484
2.286048000	199872
2.287947000	198484
2.287951000	199872
2.287954000	201260
2.287957000	202648
2.292944000	201260
2.292948000	202648
2.292951000	204036
2.292954000	205424
2.292963000	204036
2.292982000	205424
2.292985000	206812
2.292987000	208200
2.293994000	206812
2.293999000	208200
2.294002000	209588
2.294005000	210976
2.297967000	209588
2.297972000	210976
2.297975000	212364
2.297978000	213752
2.306001000	212364
2.306004000	213752
2.306007000	215140
2.306010000	216528
2.306018000	215140
2.306045000	213752
2.306049000	215140
2.306051000	216528
2.306205000	217916
2.306207000	219304
2.306210000	220692
2.306213000	222080
2.306538000	220692
2.306541000	222080
2.306544000	223468
2.306547000	224856
2.307890000	223468
2.307893000	224856
2.307896000	226244
2.307898000	227632
2.313054000	226244
2.313059000	227632
2.313062000	229020
2.313065000	230408
2.313077000	229020
2.313101000	230408
2.313104000	231796
2.313107000	233184
2.315998000	231796
2.316003000	233184
2.316006000	234572
2.316009000	235960
2.316020000	234572
2.316075000	224856
2.316080000	226244
2.316084000	227632
2.316087000	229020
2.316092000	230408
2.316113000	231796
2.316116000	233184
2.316119000	234572
2.316129000	235960
2.316272000	237348
2.316275000	238736
2.316278000	240124
2.316280000	241512
2.316283000	242900
2.316339000	244288
2.316342000	245676
2.316345000	247064
2.316359000	248452
2.316362000	249840
2.322955000	249840
2.322962000	251228
2.322980000	251228
2.322985000	252616
2.326012000	252616
2.326018000	254004
2.326032000	254004
2.326036000	255392
2.326047000	255392
2.326075000	254004
2.326079000	255392
2.326082000	256780
2.326087000	258168
2.326090000	259556
2.327926000	259556
2.327932000	260944
2.327968000	260944
2.327972000	262332
2.331063000	262332
2.331068000	263720
2.331078000	263720
2.331081000	265108
2.331089000	265108
2.331120000	259556
2.331123000	260944
2.331126000	262332
2.331129000	263720
2.331132000	265108
2.331254000	265108
2.331258000	266496
2.331261000	267884
2.331264000	269272
2.331267000	270660
2.331439000	260944
2.331443000	262332
2.331446000	263720
2.331449000	265108
2.331452000	266496
2.331485000	260944
2.331488000	262332
2.331490000	263720
2.331493000	265108
2.331496000	266496
2.331592000	266496
2.331595000	267884
2.331598000	269272
2.331601000	270660
2.331604000	272048
2.331619000	270660
2.331697000	266496
2.331700000	267884
2.331703000	269272
2.331705000	270660
2.331708000	272048
2.331711000	273436
2.331753000	269272
2.331756000	270660
2.331759000	272048
2.331761000	273436
2.331764000	274824
2.331803000	274824
2.331806000	276212
2.331808000	277600
2.331811000	278988
2.331858000	278988
2.331861000	280376
2.331863000	281764
2.331866000	283152
2.331868000	284540
2.331910000	285928
2.331912000	287316
2.331915000	288704
2.331917000	290092
2.331963000	291480
2.331967000	292868
2.331969000	294256
2.331972000	295644
2.331975000	297032
2.332017000	298420
2.332019000	299808
2.332022000	301196
2.332025000	302584
2.332130000	303972
2.332133000	305360
2.332136000	306748
2.332139000	308136
2.332141000	309524
2.332144000	310912
2.332940000	310912
2.332945000	312300
2.332957000	312300
2.332960000	313688
2.335961000	313688
2.335965000	315076
2.336005000	315076
2.336008000	316464
2.336102000	316464
2.336105000	317852
2.336113000	317852
2.336115000	319240
2.336122000	319240
2.336125000	320628
2.337938000	320628
2.337942000	322016
2.338032000	322016
2.338036000	323404
2.338985000	323404
2.338990000	324792
2.339000000	324792
2.339003000	326180
2.339011000	326180
2.339013000	327568
2.339313000	323404
2.339316000	324792
2.339319000	326180
2.339322000	327568
2.339325000	328956
2.339328000	330344
2.339405000	331732
2.339409000	333120
2.342984000	333120
2.342989000	334508
2.343000000	334508
2.343002000	335896
2.346054000	335896
2.346059000	337284
2.346069000	337284
2.346072000	338672
2.346080000	338672
2.346104000	335896
2.346107000	337284
2.346110000	338672
2.346113000	340060
2.346115000	341448
2.346222000	341448
2.346226000	342836
2.346229000	344224
2.346232000	345612
2.346244000	345612
2.346373000	342836
2.346377000	344224
2.346380000	345612
2.346383000	347000
2.346386000	348388
2.346426000	338672
2.346429000	340060
2.346432000	341448
2.346435000	342836
2.346437000	344224
2.346536000	340060
2.346549000	341448
2.346552000	342836
2.346555000	344224
2.346558000	345612
2.346567000	344224
2.346659000	334508
2.346663000	335896
2.346666000	337284
2.346669000	338672
2.346671000	340060
2.346674000	341448
2.346922000	342836
2.346927000	344224
2.346931000	345612
2.346935000	347000
2.346939000	348388
2.346943000	349776
2.347036000	351164
2.347040000	352552
2.347044000	353940
2.347048000	355328
2.347052000	356716
2.347056000	358104
2.347109000	359492
2.347113000	360880
2.347117000	362268
2.347123000	363656
2.347130000	365044
2.347135000	366432
2.347163000	367820
2.347168000	369208
2.347171000	370596
2.347175000	371984
2.347179000	373372
2.347217000	374760
2.347221000	376148
2.347225000	377536
2.347229000	378924
2.347233000	380312
2.347269000	381700
2.352978000	380312
2.352985000	381700
2.352988000	383088
2.352990000	384476
2.353002000	383088
2.353005000	384476
2.353020000	385864
2.353022000	387252
2.358229000	385864
2.358232000	387252
2.358235000	388640
2.358238000	390028
2.358245000	388640
2.358248000	390028
2.358275000	385864
2.358278000	387252
2.358280000	388640
2.358283000	390028
2.358412000	391416
2.358418000	392804
2.358421000	394192
2.358424000	395580
2.358426000	396968
2.358432000	398356
2.361016000	396968
2.361021000	398356
2.361024000	399744
2.361027000	401132
2.361039000	399744
2.361050000	395580
2.361068000	394192
2.361071000	395580
2.361074000	396968
2.361077000	398356
2.361079000	399744
2.361179000	398356
2.361183000	399744
2.361186000	401132
2.361189000	402520
2.361192000	403908
2.361195000	405296
2.362969000	405296
2.368027000	406684
2.368072000	408072
2.376051000	409460
2.376068000	410848
2.376094000	412236
2.376177000	413624
2.376292000	415012
2.376303000	416400
2.378057000	417788
2.381137000	419176
2.381414000	420564
2.381426000	421952
2.381445000	423340
2.381559000	424728
2.381573000	426116
2.381590000	427504
2.381697000	428892
2.381707000	430280
2.381809000	431668
2.381863000	433056
2.381916000	434444
2.381927000	435832
2.381971000	437220
2.382021000	438608
2.382079000	439996
2.382090000	441384
2.382187000	442772
2.382245000	442772
2.382296000	442772
2.382942000	444160
2.387985000	445548
2.388001000	446936
2.391055000	448324
2.391070000	449712
2.391090000	451100
2.391144000	452488
2.391197000	453876
2.391246000	455264
2.391358000	456652
2.391371000	458040
2.391390000	459428
2.391470000	460816
2.391516000	462204
2.391579000	463592
2.391946000	464980
2.393017000	466368
2.397998000	467756
2.398134000	469144
2.399071000	470532
2.399088000	471920
2.399276000	473308
2.399296000	474696
2.399602000	476084
2.399616000	477472
2.399631000	478860
2.399645000	480248
2.399693000	481636
2.399696000	483024
2.399698000	484412
2.399755000	485800
2.399769000	487188
2.399784000	488576
2.399799000	489964
2.400057000	491352
2.400130000	492740
2.400146000	494128
2.400162000	495516
2.408035000	495516
2.449320000	417788
2.449410000	419176
2.449425000	420564
2.449447000	421952
2.449687000	423340
2.449706000	424728
2.449720000	426116
2.449734000	427504
2.449747000	428892
2.449761000	430280
2.449824000	431668
2.449838000	433056
2.449947000	434444
2.449967000	435832
2.449982000	437220
2.449996000	438608
2.450009000	439996
2.450022000	441384
2.450142000	256780
2.450152000	258168
2.450162000	259556
2.450171000	260944
2.450202000	262332
2.452996000	263720
2.454203000	265108
2.454217000	266496
2.454228000	267884
2.454237000	269272
2.454258000	270660
2.456135000	272048
2.456151000	273436
2.456161000	274824
2.456172000	276212
2.456211000	277600
2.456221000	278988
2.456330000	280376
2.456346000	281764
2.456356000	283152
2.456366000	284540
2.456376000	285928
2.456397000	287316
2.456519000	288704
2.456535000	290092
2.456545000	291480
2.456555000	292868
2.456565000	294256
2.456605000	295644
2.456719000	297032
2.456812000	68012
2.456825000	69400
2.456925000	70788
2.456931000	72176
2.456966000	73564
2.456969000	74952
2.457019000	76340
2.457022000	77728
2.457073000	79116
2.457076000	80504
2.457127000	81892
2.457129000	83280
2.457180000	84668
2.457183000	86056
2.457235000	87444
2.457238000	88832
2.457288000	90220
2.457291000	91608
2.457343000	92996
2.457348000	94384
2.457396000	95772
2.457398000	97160
2.457449000	98548
2.457452000	99936
2.457503000	101324
2.457506000	102712
2.457557000	104100
2.457559000	105488
2.457611000	106876
2.457614000	108264
2.457665000	109652
2.457667000	111040
2.457718000	112428
2.457721000	113816
2.457772000	115204
2.457774000	116592
2.457826000	117980
2.457829000	119368
2.457887000	120756
2.457892000	122144
2.457934000	123532
2.457937000	124920
2.457986000	126308
2.457989000	127696
2.458039000	129084
2.458042000	130472
2.458091000	131860
2.458094000	133248
2.458146000	134636
2.458149000	136024
2.458197000	137412
2.458200000	138800
2.458249000	140188
2.458252000	141576
2.458302000	142964
2.458305000	144352
2.458355000	145740
2.458358000	147128
2.458408000	148516
2.458411000	149904
2.458461000	151292
2.458463000	152195
