5.658361000	1408
5.658368000	2816
5.658395000	4224
5.658398000	5632
5.658448000	7040
5.658452000	8448
5.658498000	9856
5.658501000	11264
5.658549000	12672
5.658551000	14080
5.710504000	14080
5.710508000	15488
5.717494000	15488
5.720282000	5632
5.720286000	7040
5.723008000	8448
5.723012000	9856
5.725785000	11264
5.725789000	12672
5.728512000	14080
5.728516000	15488
5.731264000	16896
5.731268000	18304
5.734011000	19712
5.734013000	21120
5.736763000	22528
5.736765000	23936
5.739511000	25344
5.739513000	26752
5.742297000	28160
5.799414000	29568
5.799418000	30976
5.799512000	29568
5.800895000	30976
5.821397000	30976
5.822782000	29568
5.822785000	30976
5.836484000	30976
5.836493000	30976
5.844486000	30976
5.851570000	30976
5.852982000	28160
5.852985000	29568
5.855734000	30976
5.866457000	30976
5.867840000	29568
5.867843000	30976
5.881372000	30976
5.881384000	30976
5.889379000	30976
5.896448000	30976
5.897832000	30976
5.926522000	30976
5.927900000	28160
5.927903000	29568
5.930648000	30976
5.930649000	32384
5.967382000	32384
5.967386000	33792
5.968798000	32384
5.968802000	33792
5.974528000	33792
5.974535000	33792
5.975922000	28160
5.975926000	29568
5.978705000	30976
5.978708000	32384
5.981421000	30976
5.981423000	32384
5.981490000	33792
5.989372000	33792
5.996535000	33792
5.997952000	29568
5.997955000	30976
6.000675000	32384
6.000679000	33792
6.026387000	33792
6.041409000	33792
6.042793000	30976
6.042799000	32384
6.045579000	33792
6.056527000	33792
6.057911000	30976
6.057914000	32384
6.060664000	33792
6.072510000	33792
6.073892000	28160
6.073894000	29568
6.076674000	30976
6.076677000	32384
6.079410000	33792
6.099425000	33792
6.100844000	32384
6.100849000	33792
6.103568000	35200
6.103574000	36608
6.106433000	35200
6.106439000	36608
6.109103000	32384
6.109107000	33792
6.111851000	35200
6.111856000	36608
6.114565000	38016
6.114567000	39424
6.152417000	38016
6.152420000	39424
6.152446000	35200
6.153841000	36608
6.153844000	38016
6.156619000	39424
6.156624000	40832
6.159357000	42240
6.179413000	40832
6.180799000	42240
6.180803000	43648
6.183606000	45056
6.186474000	43648
6.187861000	39424
6.187865000	40832
6.190615000	42240
6.190619000	43648
6.193365000	45056
6.219445000	43648
6.220830000	39424
6.220867000	40832
6.223581000	42240
6.223585000	43648
6.226340000	45056
6.226372000	43648
6.229146000	42240
6.229152000	43648
6.231870000	45056
6.239358000	43648
6.240744000	42240
6.240750000	43648
6.243500000	45056
6.275468000	43648
6.276849000	45056
6.290402000	43648
6.291790000	45056
6.298458000	43648
6.299880000	45056
6.305432000	43648
6.306851000	36608
6.306856000	38016
6.306897000	39424
6.309493000	40832
6.309499000	42240
6.312162000	43648
6.312167000	45056
6.314852000	46464
6.314858000	47872
6.339377000	46464
6.339386000	47872
6.354410000	36608
6.354418000	38016
6.355758000	39424
6.355760000	40832
6.358471000	42240
6.358475000	43648
6.361110000	45056
6.361128000	46464
6.363779000	45056
6.363783000	46464
6.366450000	47872
6.369461000	46464
6.370803000	47872
6.376453000	45056
6.377826000	46464
6.377829000	47872
6.406430000	46464
6.406435000	47872
6.407776000	38016
6.407778000	39424
6.410452000	40832
6.410455000	42240
6.413157000	43648
6.413161000	45056
6.415805000	46464
6.415809000	47872
6.419333000	46464
6.419337000	47872
6.439539000	46464
6.440912000	45056
6.440915000	46464
6.443585000	47872
6.446521000	46464
6.447869000	47872
6.461479000	46464
6.462852000	47872
6.476369000	43648
6.477736000	42240
6.477740000	43648
6.480412000	45056
6.480415000	46464
6.483059000	47872
6.491418000	46464
6.492790000	39424
6.492793000	40832
6.495494000	42240
6.495497000	43648
6.498108000	45056
6.498112000	46464
6.500812000	47872
6.522404000	46464
6.533652000	45056
6.533656000	46464
6.556073000	39424
6.556078000	40832
6.578538000	28160
6.578542000	29568
6.597514000	11264
6.597519000	12672
6.604043000	14080
6.604047000	15488
6.610577000	11264
6.610580000	12672
6.617140000	14080
6.617144000	15488
6.623639000	16896
6.623643000	18304
6.623680000	19712
6.630175000	21120
6.630179000	22528
6.636703000	21120
6.636706000	22528
6.643230000	23936
6.643232000	25344
6.649765000	23936
6.649768000	25344
6.656326000	26752
6.656330000	28160
6.662859000	18304
6.662862000	19712
6.669362000	21120
6.669365000	22528
6.675923000	23936
6.675926000	25344
6.682455000	21120
6.682459000	22528
6.688987000	23936
6.688990000	25344
6.695494000	23936
6.695497000	25344
6.702062000	18304
6.702087000	19712
6.708550000	21120
6.708552000	22528
6.715087000	23936
6.715091000	25344
6.721617000	18304
6.721620000	19712
6.728178000	21120
6.728181000	22528
6.734684000	21120
6.734688000	22528
6.741215000	23936
6.741220000	25344
6.741263000	26752
6.747744000	22528
6.747747000	23936
6.754312000	22528
6.754315000	23936
6.760855000	22528
6.760874000	23936
6.767341000	25344
6.767342000	26752
6.773908000	28160
6.773911000	29568
6.780409000	19712
6.780413000	21120
6.786937000	22528
6.786941000	23936
6.793471000	25344
6.793475000	26752
6.799998000	25344
6.800000000	26752
6.806536000	22528
6.806539000	23936
6.813064000	25344
6.813067000	26752
6.819625000	28160
6.819628000	29568
6.826158000	25344
6.826162000	26752
6.831356000	28160
6.831359000	29568
6.836608000	30976
6.836612000	32384
6.841836000	30976
6.841840000	32384
6.847029000	30976
6.847032000	32384
6.852284000	33792
6.852287000	35200
6.852347000	36608
6.857484000	38016
6.857488000	39424
6.862710000	38016
6.862715000	39424
6.881489000	38016
6.881495000	39424
6.885855000	38016
6.885858000	39424
6.899432000	38016
6.899434000	39424
6.906493000	38016
6.906495000	39424
6.921371000	38016
6.921375000	39424
6.936430000	38016
6.936432000	39424
6.939738000	38016
6.939741000	39424
6.959487000	38016
6.959492000	39424
6.962772000	38016
6.962776000	39424
6.974480000	38016
6.974483000	39424
6.977761000	35200
6.977765000	36608
6.984288000	38016
6.984290000	39424
6.999425000	38016
6.999431000	39424
7.002699000	38016
7.002701000	39424
7.009236000	35200
7.009239000	36608
7.015797000	38016
7.015800000	39424
7.047412000	38016
7.047415000	39424
7.054445000	38016
7.057722000	39424
7.061394000	38016
7.064696000	36608
7.064700000	38016
7.071197000	39424
7.079502000	38016
7.082805000	39424
7.086407000	38016
7.089685000	36608
7.089688000	38016
7.096210000	39424
7.119364000	38016
7.122665000	36608
7.122668000	38016
7.129173000	39424
7.134494000	38016
7.137770000	36608
7.137774000	38016
7.144298000	33792
7.144301000	35200
7.150827000	36608
7.150828000	38016
7.157380000	36608
7.157382000	38016
7.163927000	39424
7.164470000	38016
7.170427000	39424
7.187424000	38016
7.190695000	39424
7.199465000	38016
7.202768000	39424
7.206515000	38016
7.209849000	36608
7.209852000	38016
7.216325000	39424
7.221356000	38016
7.221359000	39424
7.236444000	38016
7.236448000	39424
7.239067000	35200
7.239069000	36608
7.244290000	38016
7.244291000	39424
7.258496000	38016
7.258498000	39424
7.265408000	38016
7.265411000	39424
7.279522000	38016
7.279525000	39424
7.283916000	38016
7.283920000	39424
7.292630000	38016
7.292633000	39424
7.301454000	38016
7.301457000	39424
7.319470000	38016
7.319473000	39424
7.326439000	38016
7.326442000	39424
7.329745000	38016
7.329748000	39424
7.341471000	38016
7.341473000	39424
7.359427000	38016
7.359433000	39424
7.366424000	38016
7.366428000	39424
7.369697000	38016
7.369698000	39424
7.439409000	39424
7.446600000	19712
7.446603000	21120
7.449878000	16896
7.449881000	18304
7.456405000	19712
7.456406000	21120
7.462964000	19712
7.462968000	21120
7.469496000	22528
7.469500000	23936
7.476005000	25344
7.476008000	26752
7.482541000	25344
7.482545000	26752
7.489099000	25344
7.489102000	26752
7.495655000	25344
7.495658000	26752
7.502180000	25344
7.502182000	26752
7.508692000	28160
7.508694000	29568
7.515190000	30976
7.515191000	32384
7.521753000	33792
7.521755000	35200
7.528259000	36608
7.528261000	38016
7.534791000	28160
7.534793000	29568
7.541321000	22528
7.541326000	23936
7.547855000	25344
7.547858000	26752
7.554414000	28160
7.554415000	29568
7.560917000	30976
7.560919000	32384
7.560955000	33792
7.567449000	35200
7.567451000	36608
7.573979000	26752
7.573980000	28160
7.580421000	26752
7.580423000	28160
7.586834000	16896
7.586835000	18304
7.593221000	19712
7.593223000	21120
7.599637000	22528
7.599640000	23936
7.606047000	19712
7.606048000	21120
7.612488000	22528
7.612491000	23936
7.618881000	18304
7.618884000	19712
7.624684000	21120
7.624685000	22528
7.630498000	23936
7.630500000	25344
7.636306000	26752
7.636309000	28160
7.642116000	26752
7.642119000	28160
7.646786000	18304
7.646788000	19712
7.651405000	21120
7.651406000	22528
7.656058000	23936
7.656060000	25344
7.660733000	26752
7.660736000	28160
7.665349000	29568
7.665351000	30976
7.665382000	32384
7.669999000	33792
7.670000000	35200
7.674703000	36608
7.674706000	38016
7.679292000	39424
7.679294000	40832
7.683968000	36608
7.683970000	38016
7.691745000	25344
7.691748000	26752
7.699425000	28160
7.699426000	29568
7.707174000	30976
7.707176000	32384
7.714941000	33792
7.714942000	35200
7.722665000	33792
7.722668000	35200
7.728472000	18304
7.728473000	19712
7.734271000	21120
7.734273000	22528
7.740063000	23936
7.740065000	25344
7.745891000	18304
7.745893000	19712
7.750970000	18304
7.750972000	19712
7.756115000	21120
7.756117000	22528
7.761197000	23936
7.761198000	25344
7.766342000	26752
7.766345000	28160
7.771429000	29568
7.771432000	30976
7.776598000	32384
7.776601000	33792
7.776703000	35200
7.781690000	33792
7.781693000	35200
7.786769000	28160
7.786771000	29568
7.791916000	25344
7.791918000	26752
7.797093000	28160
7.797095000	29568
7.802112000	30976
7.802115000	32384
7.807226000	30976
7.807229000	32384
7.812400000	30976
7.812416000	32384
7.817452000	33792
7.817454000	35200
7.822606000	25344
7.822615000	26752
7.827711000	28160
7.827713000	29568
7.832823000	30976
7.832826000	32384
7.837940000	33792
7.837943000	35200
7.843027000	33792
7.843032000	35200
7.848166000	23936
7.848168000	25344
7.853252000	26752
7.853254000	28160
7.858416000	29568
7.858418000	30976
7.863529000	23936
7.863545000	25344
7.868568000	23936
7.868571000	25344
7.868607000	26752
7.873653000	28160
7.873654000	29568
7.878741000	25344
7.878742000	26752
7.883831000	25344
7.883832000	26752
7.888921000	28160
7.888922000	29568
7.894042000	30976
7.894047000	32384
7.899151000	25344
7.899153000	26752
7.904186000	28160
7.904187000	29568
7.909275000	30976
7.909276000	32384
7.914361000	33792
7.914362000	35200
7.919451000	33792
7.919452000	35200
7.924543000	36608
7.924546000	38016
7.929631000	21120
7.929634000	22528
7.934668000	23936
7.934671000	25344
7.939699000	26752
7.939700000	28160
7.944775000	29568
7.944781000	30976
7.949773000	32384
7.949775000	33792
7.954838000	35200
7.954840000	36608
7.959844000	23936
7.959847000	25344
7.964878000	26752
7.964881000	28160
7.964914000	29568
7.969926000	30976
7.969930000	32384
7.974951000	33792
7.974954000	35200
7.979988000	33792
7.979990000	35200
7.985051000	36608
7.985053000	38016
7.990061000	25344
7.990065000	26752
7.995095000	28160
7.995099000	29568
8.000124000	30976
8.000126000	32384
8.005159000	30976
8.005161000	32384
8.009189000	33792
8.009190000	35200
8.013217000	33792
8.013218000	35200
8.017247000	36608
8.017249000	38016
8.021273000	28160
8.021275000	29568
8.025306000	30976
8.025310000	32384
8.029333000	33792
8.029335000	35200
8.033360000	36608
8.033362000	38016
8.037414000	39424
8.037416000	40832
8.041441000	42240
8.041442000	43648
8.045448000	45056
8.045451000	46464
8.045486000	47872
8.049505000	33792
8.049511000	35200
8.056195000	36608
8.056199000	38016
8.062944000	36608
8.062949000	38016
8.069622000	28160
8.069624000	29568
8.076094000	30976
8.076100000	32384
8.082489000	33792
8.082494000	35200
8.088914000	36608
8.088917000	38016
8.095410000	33792
8.095414000	35200
8.100179000	22528
8.100185000	23936
8.104954000	25344
8.104960000	26752
8.109755000	28160
8.109760000	29568
8.114484000	30976
8.114485000	32384
8.119262000	33792
8.119266000	35200
8.124057000	29568
8.124062000	30976
8.128841000	26752
8.128845000	28160
8.133581000	29568
8.133585000	30976
8.138383000	32384
8.138388000	33792
8.143193000	26752
8.143197000	28160
8.143239000	29568
8.147927000	30976
8.147932000	32384
8.152664000	30976
8.152668000	32384
8.157439000	33792
8.157445000	35200
8.162202000	33792
8.162205000	35200
8.166977000	33792
8.166980000	35200
8.171774000	36608
8.171779000	38016
8.176584000	33792
8.176589000	35200
8.181295000	36608
8.181300000	38016
8.186101000	39424
8.186106000	40832
8.190845000	33792
8.190851000	35200
8.195605000	36608
8.195607000	38016
8.200416000	39424
8.200421000	40832
8.205150000	39424
8.205153000	40832
8.209924000	42240
8.209925000	43648
8.214693000	42240
8.214695000	43648
8.219478000	39424
8.219485000	40832
8.224238000	42240
8.224240000	43648
8.229046000	45056
8.229051000	46464
8.233797000	47872
8.233802000	49280
8.233883000	50688
8.238563000	52096
8.238569000	53504
8.243345000	46464
8.243348000	47872
8.248100000	49280
8.248104000	50688
8.252872000	52096
8.252876000	53504
8.257641000	40832
8.257644000	42240
8.262413000	43648
8.262416000	45056
8.267189000	46464
8.267194000	47872
8.271991000	49280
8.271996000	50688
8.276768000	43648
8.276773000	45056
8.281495000	46464
8.281497000	47872
8.286271000	49280
8.286274000	50688
8.291044000	52096
8.291049000	53504
8.306451000	52096
8.306457000	53504
8.308851000	30976
8.308854000	32384
8.313625000	33792
8.313630000	35200
8.318401000	33792
8.318405000	35200
8.323237000	36608
8.323242000	38016
8.327945000	39424
8.327951000	40715
