20.107369000	1408
20.107375000	2816
20.107411000	4224
20.107416000	5632
20.107459000	7040
20.107461000	8448
20.107512000	9856
20.107515000	11264
20.107567000	12672
20.107570000	14080
20.159579000	14080
20.159584000	15488
20.159614000	14080
20.159616000	15488
20.159667000	16896
20.159670000	18304
20.166626000	18304
20.166629000	19712
20.166699000	12672
20.166701000	14080
20.166727000	15488
20.166729000	16896
20.166823000	18304
20.166827000	19712
20.166874000	21120
20.166877000	22528
20.166928000	23936
20.166930000	25344
20.199531000	25344
20.199535000	26752
20.199564000	23936
20.199567000	25344
20.199618000	26752
20.199620000	28160
20.199670000	29568
20.199673000	30976
20.206651000	30976
20.206655000	32384
20.206753000	25344
20.206756000	26752
20.206784000	28160
20.206785000	29568
20.206858000	30976
20.206859000	32384
20.206937000	33792
20.206939000	35200
20.207003000	36608
20.207006000	38016
20.207055000	39424
20.207056000	40832
20.222608000	40832
20.222611000	42240
20.229555000	42240
20.229560000	43648
20.229599000	36608
20.229601000	38016
20.229651000	39424
20.229655000	40832
20.229700000	42240
20.229702000	43648
20.229751000	45056
20.229753000	46464
20.229803000	47872
20.229805000	49280
20.229855000	50688
20.229857000	52096
20.252657000	52096
20.252661000	53504
20.252747000	45056
20.252749000	46464
20.252775000	47872
20.252776000	49280
20.252861000	50688
20.252864000	52096
20.252939000	53504
20.252942000	54912
20.253018000	56320
20.253022000	57728
20.253100000	59136
20.253103000	60544
20.253162000	61952
20.253166000	63360
20.253471000	63360
20.253473000	64768
20.253512000	64768
20.253513000	66176
20.253630000	66176
20.253632000	67584
20.259660000	67584
20.259664000	68992
20.259707000	60544
20.259709000	61952
20.259762000	63360
20.259764000	64768
20.259813000	66176
20.259815000	67584
20.259867000	68992
20.259869000	70400
20.259918000	71808
20.259919000	73216
20.259971000	74624
20.259973000	76032
20.260023000	77440
20.260025000	78848
20.260513000	78848
20.260515000	80256
20.260557000	76032
20.260558000	77440
20.260610000	78848
20.260612000	80256
20.260662000	81664
20.260664000	83072
20.260714000	84480
20.260715000	85888
20.269615000	85888
20.269618000	87296
20.276649000	87296
20.276652000	88704
20.276686000	80256
20.276688000	81664
20.276771000	83072
20.276774000	84480
20.276851000	85888
20.276856000	87296
20.276969000	88704
20.276972000	90112
20.277051000	91520
20.277060000	92928
20.277092000	94336
20.277095000	95744
20.277145000	97152
20.277147000	98560
20.277489000	98560
20.277491000	99968
20.277531000	98560
20.277533000	99968
20.277656000	99968
20.299546000	99968
20.299553000	99968
20.306563000	99968
20.306571000	99968
20.306606000	92928
20.306608000	94336
20.306684000	95744
20.306689000	97152
20.306718000	98560
20.306721000	99968
20.307641000	90112
20.307644000	91520
20.307753000	84480
20.307757000	85888
20.307848000	87296
20.307851000	88704
20.307879000	90112
20.307881000	91520
20.307932000	92928
20.307934000	94336
20.307985000	95744
20.307986000	97152
20.308037000	98560
20.308039000	99968
20.308091000	101376
20.315532000	99968
20.315536000	101376
20.322521000	99968
20.322523000	101376
20.322599000	97152
20.322602000	98560
20.322690000	99968
20.322693000	101376
20.330589000	99968
20.330592000	101376
20.337664000	98560
20.337666000	99968
20.337752000	74624
20.337755000	76032
20.337852000	74624
20.337856000	76032
20.337923000	77440
20.337926000	78848
20.338006000	80256
20.338009000	81664
20.338092000	83072
20.338095000	84480
20.338176000	85888
20.338180000	87296
20.338222000	88704
20.338224000	90112
20.338274000	91520
20.338276000	92928
20.338327000	94336
20.338329000	95744
20.338380000	97152
20.338382000	98560
20.338432000	99968
20.338434000	101376
20.338485000	102784
20.338487000	104192
20.338598000	102784
20.338599000	104192
20.338645000	94336
20.338646000	95744
20.338697000	97152
20.338699000	98560
20.338750000	99968
20.338752000	101376
20.338803000	102784
20.338804000	104192
20.339532000	102784
20.339534000	104192
20.347555000	102784
20.347558000	104192
20.347589000	99968
20.347591000	101376
20.347641000	102784
20.347643000	104192
20.354673000	97152
20.354676000	98560
20.354742000	99968
20.354745000	101376
20.354821000	102784
20.354824000	104192
20.354899000	105600
20.355555000	105600
20.362629000	105600
20.362636000	105600
20.362690000	101376
20.362692000	102784
20.362762000	104192
20.362764000	105600
20.370618000	105600
20.370628000	105600
20.370659000	105600
20.385714000	105600
20.385720000	105600
20.385776000	76032
20.385778000	77440
20.385861000	78848
20.385865000	80256
20.385959000	81664
20.385963000	83072
20.386049000	84480
20.386052000	85888
20.386101000	87296
20.386103000	88704
20.386150000	90112
20.386152000	91520
20.386260000	92928
20.386263000	94336
20.386347000	95744
20.386350000	97152
20.386434000	98560
20.386438000	99968
20.386480000	101376
20.386482000	102784
20.386532000	104192
20.386534000	105600
20.386585000	107008
20.400583000	107008
20.400590000	108416
20.400621000	108416
20.400684000	108416
20.400695000	108416
20.400742000	101376
20.400746000	102784
20.400800000	104192
20.400805000	105600
20.400856000	107008
20.400860000	108416
20.401562000	108416
20.401574000	108416
20.401607000	102784
20.401609000	104192
20.401697000	105600
20.401702000	107008
20.401780000	108416
20.410502000	108416
20.417676000	108416
20.417687000	108416
20.417730000	98560
20.417733000	99968
20.417828000	101376
20.417834000	102784
20.417916000	104192
20.417922000	105600
20.418006000	107008
20.418012000	108416
20.418039000	109824
20.418491000	109824
20.426632000	109824
20.433675000	109824
20.433687000	109824
20.433726000	101376
20.433729000	102784
20.433824000	104192
20.433830000	105600
20.433914000	107008
20.433920000	108416
20.434002000	109824
20.434643000	109824
20.434655000	109824
20.434679000	107008
20.434682000	108416
20.434779000	109824
20.434785000	111232
20.459622000	111232
20.459634000	111232
20.459658000	111232
20.466636000	111232
20.466647000	111232
20.466709000	97152
20.466712000	98560
20.466762000	99968
20.466765000	101376
20.466814000	102784
20.466818000	104192
20.466867000	105600
20.466870000	107008
20.466919000	108416
20.466923000	109824
20.466972000	111232
20.467581000	111232
20.467584000	112640
20.467621000	112640
20.467676000	112640
20.467683000	112640
20.467727000	107008
20.467730000	108416
20.467781000	109824
20.467784000	111232
20.467834000	112640
20.468542000	111232
20.468547000	112640
20.468575000	108416
20.468578000	109824
20.468627000	111232
20.468630000	112640
20.479616000	111232
20.479623000	112640
20.479653000	111232
20.479657000	112640
20.486553000	111232
20.486558000	112640
20.486591000	102784
20.486594000	104192
20.486642000	105600
20.486645000	107008
20.486706000	108416
20.486710000	109824
20.486778000	111232
20.486782000	112640
20.486822000	114048
20.494581000	112640
20.494586000	114048
20.501615000	112640
20.501620000	114048
20.501652000	109824
20.501655000	111232
20.501776000	112640
20.501783000	114048
20.517674000	112640
20.517679000	114048
20.524519000	112640
20.524524000	114048
20.524552000	115456
20.524671000	114048
20.524674000	115456
20.524716000	108416
20.524719000	109824
20.524769000	111232
20.524772000	112640
20.524822000	114048
20.524825000	115456
20.525625000	114048
20.525629000	115456
20.525666000	111232
20.525669000	112640
20.525718000	114048
20.525721000	115456
20.531623000	114048
20.531628000	115456
20.531663000	105600
20.531666000	107008
20.531789000	108416
20.531795000	109824
20.531909000	111232
20.531915000	112640
20.532027000	114048
20.532033000	115456
20.532142000	116864
20.539582000	115456
20.539587000	116864
20.539632000	115456
20.539636000	116864
20.546550000	115456
20.546555000	116864
20.546585000	112640
20.546589000	114048
20.546637000	115456
20.546641000	116864
20.559538000	115456
20.559543000	116864
20.559704000	115456
20.559708000	116864
20.559744000	112640
20.559747000	114048
20.559842000	115456
20.559848000	116864
20.559937000	118272
20.566569000	116864
20.566574000	118272
20.566620000	102784
20.566624000	104192
20.566749000	105600
20.566756000	107008
20.566873000	108416
20.566879000	109824
20.566926000	111232
20.566930000	112640
20.566977000	114048
20.566980000	115456
20.567031000	116864
20.567033000	118272
20.574672000	116864
20.574676000	118272
20.581532000	116864
20.581539000	118272
20.581579000	116864
20.581583000	118272
20.581626000	111232
20.581630000	112640
20.581684000	114048
20.581687000	115456
20.581780000	116864
20.581786000	118272
20.581872000	119680
20.599664000	118272
20.599669000	119680
20.599706000	115456
20.599710000	116864
20.599804000	118272
20.599810000	119680
20.606616000	118272
20.606629000	119680
20.606665000	118272
20.606668000	119680
20.606766000	118272
20.606769000	119680
20.606814000	109824
20.606817000	111232
20.606867000	112640
20.606870000	114048
20.606923000	115456
20.606926000	116864
20.606974000	118272
20.606977000	119680
20.607026000	121088
20.614606000	119680
20.614613000	121088
20.614653000	119680
20.614657000	121088
20.621655000	115456
20.621660000	116864
20.621689000	118272
20.621693000	119680
20.621741000	121088
20.637508000	118272
20.637516000	119680
20.637550000	121088
20.637554000	122496
20.637674000	121088
20.637678000	122496
20.637723000	121088
20.637726000	122496
20.644573000	121088
20.644578000	122496
20.651614000	121088
20.651619000	122496
20.651663000	109824
20.651666000	111232
20.651772000	109824
20.651778000	111232
20.651853000	112640
20.651859000	114048
20.651943000	115456
20.651949000	116864
20.652031000	118272
20.652036000	119680
20.652123000	121088
20.652129000	122496
20.652210000	123904
20.652628000	122496
20.652633000	123904
20.660584000	122496
20.660588000	123904
20.660617000	119680
20.660620000	121088
20.660716000	122496
20.660722000	123904
20.667630000	122496
20.667635000	123904
20.667664000	119680
20.667667000	121088
20.667767000	122496
20.667773000	123904
20.675552000	122496
20.675557000	123904
20.675585000	119680
20.675589000	121088
20.675684000	122496
20.675690000	123904
20.675775000	125312
20.682578000	123904
20.682585000	125312
20.682634000	112640
20.682637000	114048
20.682689000	115456
20.682693000	116864
20.682744000	118272
20.682748000	119680
20.682799000	121088
20.682803000	122496
20.682854000	123904
20.682858000	125312
20.690528000	123904
20.690533000	125312
20.697575000	123904
20.697580000	125312
20.697615000	123904
20.697619000	125312
20.697725000	123904
20.697730000	125312
20.697765000	112640
20.697768000	114048
20.697864000	115456
20.697870000	116864
20.697952000	118272
20.697957000	119680
20.698039000	121088
20.698044000	122496
20.698080000	123904
20.698083000	125312
20.698133000	126720
20.719571000	125312
20.719579000	126720
20.726641000	125312
20.726646000	126720
20.726700000	109824
20.726703000	111232
20.726813000	112640
20.726819000	114048
20.726873000	115456
20.726879000	116864
20.726941000	118272
20.726944000	119680
20.726992000	121088
20.726995000	122496
20.727045000	123904
20.727049000	125312
20.727100000	126720
20.727103000	128128
20.727635000	128128
20.727644000	128128
20.727678000	116864
20.727681000	118272
20.727732000	119680
20.727734000	121088
20.727785000	122496
20.727788000	123904
20.727839000	125312
20.727842000	126720
20.727893000	128128
20.728661000	126720
20.728663000	128128
20.728712000	112640
20.728715000	114048
20.728766000	115456
20.728768000	116864
20.728819000	118272
20.728822000	119680
20.728873000	121088
20.728876000	122496
20.728927000	123904
20.728929000	125312
20.728981000	126720
20.728983000	128128
20.729034000	129536
20.729455000	128128
20.729457000	129536
20.729634000	128128
20.729637000	129536
20.736620000	128128
20.736627000	129536
20.736658000	128128
20.736662000	129536
20.736714000	130944
20.744659000	129536
20.744664000	130944
20.751528000	129536
20.751533000	130944
20.751577000	129536
20.751580000	130944
20.751663000	129536
20.751675000	130944
20.752561000	129536
20.752566000	130944
20.752602000	123904
20.752606000	125312
20.752645000	126720
20.752649000	128128
20.752698000	129536
20.752701000	130944
20.767632000	129536
20.767637000	130944
20.767836000	109824
20.767840000	111232
20.767886000	112640
20.767889000	114048
20.767987000	115456
20.767993000	116864
20.768075000	118272
20.768080000	119680
20.768166000	121088
20.768172000	122496
20.768255000	123904
20.768260000	125312
20.768338000	126720
20.768344000	128128
20.768430000	129536
20.768436000	130944
20.768471000	132352
20.768622000	130944
20.768626000	132352
20.768682000	114048
20.768686000	115456
20.768736000	116864
20.768740000	118272
20.768791000	119680
20.768795000	121088
20.768845000	122496
20.768849000	123904
20.768900000	125312
20.768904000	126720
20.768954000	128128
20.768959000	129536
20.769009000	130944
20.769013000	132352
20.769066000	133760
20.769499000	132352
20.769503000	133760
20.777560000	132352
20.777564000	133760
20.784686000	132352
20.784691000	133760
20.784734000	115456
20.784738000	116864
20.784832000	118272
20.784838000	119680
20.784915000	121088
20.784921000	122496
20.785005000	123904
20.785011000	125312
20.785037000	126720
20.785040000	128128
20.785102000	129536
20.785106000	130944
20.785203000	132352
20.785209000	133760
20.785242000	135168
20.799661000	133760
20.799666000	135168
20.799702000	130944
20.799705000	132352
20.799812000	133760
20.799818000	135168
20.806700000	133760
20.806707000	135168
20.807083000	108416
20.807089000	109824
20.807143000	111232
20.807148000	112640
20.807211000	114048
20.807215000	115456
20.807311000	116864
20.807317000	118272
20.807402000	119680
20.807407000	121088
20.807494000	122496
20.807502000	123904
20.807534000	125312
20.807538000	126720
20.807588000	128128
20.807591000	129536
20.807651000	128128
20.807655000	129536
20.807693000	116864
20.807696000	118272
20.807746000	119680
20.807749000	121088
20.807799000	122496
20.807802000	123904
20.807851000	125312
20.807854000	126720
20.807904000	128128
20.807907000	129536
20.807957000	130944
20.807960000	132352
20.808009000	133760
20.808012000	135168
20.808062000	136576
20.808066000	137984
20.808492000	136576
20.808495000	137984
20.823670000	136576
20.823678000	137984
20.823708000	136576
20.823712000	137984
20.831631000	136576
20.831636000	137984
20.838648000	136576
20.838653000	137984
20.838708000	111232
20.838711000	112640
20.838806000	114048
20.838811000	115456
20.838871000	116864
20.838875000	118272
20.838953000	119680
20.838956000	121088
20.839004000	122496
20.839007000	123904
20.839057000	125312
20.839060000	126720
20.839111000	128128
20.839114000	129536
20.839174000	130944
20.839178000	132352
20.839236000	133760
20.839239000	135168
20.839273000	136576
20.839276000	137984
20.839326000	139392
20.839329000	140800
20.846546000	139392
20.846553000	140683
