11.419724000	1408
11.419734000	2816
11.419809000	4224
11.419816000	5632
11.419929000	7040
11.419934000	8448
11.420046000	9856
11.420051000	11264
11.420173000	12672
11.420179000	14080
11.471730000	14080
11.471738000	15488
11.471787000	12672
11.471791000	14080
11.471848000	15488
11.471855000	16896
11.471899000	18304
11.471903000	19712
11.478784000	19712
11.478790000	21120
11.478840000	15488
11.478844000	16896
11.478892000	18304
11.478899000	19712
11.478937000	21120
11.478941000	22528
11.478989000	23936
11.478992000	25344
11.479042000	26752
11.531624000	26752
11.531630000	28160
11.531661000	26752
11.531665000	28160
11.531713000	29568
11.531717000	30976
11.538702000	30976
11.538707000	32384
11.538756000	23936
11.538759000	25344
11.538849000	26752
11.538857000	28160
11.538968000	29568
11.538974000	30976
11.539085000	32384
11.539091000	33792
11.539201000	35200
11.539207000	36608
11.539319000	38016
11.539325000	39424
11.539436000	40832
11.539442000	42240
11.539584000	42240
11.539587000	43648
11.539626000	40832
11.539629000	42240
11.539685000	43648
11.539688000	45056
11.539733000	46464
11.539735000	47872
11.540707000	47872
11.540713000	49280
11.540746000	47872
11.540750000	49280
11.540800000	50688
11.540804000	52096
11.548765000	52096
11.548770000	53504
11.571661000	53504
11.571667000	54912
11.571694000	53504
11.571697000	54912
11.571785000	56320
11.571791000	57728
11.578654000	57728
11.578659000	59136
11.578800000	54912
11.578804000	56320
11.578860000	57728
11.578863000	59136
11.578961000	60544
11.578967000	61952
11.579049000	63360
11.579054000	64768
11.593735000	64768
11.593740000	66176
11.593781000	57728
11.593784000	59136
11.593832000	60544
11.593834000	61952
11.593884000	63360
11.593887000	64768
11.593938000	66176
11.593941000	67584
11.593990000	68992
11.593993000	70400
11.594041000	71808
11.594044000	73216
11.594094000	74624
11.594096000	76032
11.594622000	76032
11.594625000	77440
11.594671000	77440
11.594674000	78848
11.602778000	78848
11.602784000	80256
11.609727000	80256
11.609732000	81664
11.609919000	64768
11.609922000	66176
11.609971000	67584
11.609974000	68992
11.610072000	70400
11.610078000	71808
11.610105000	73216
11.610108000	74624
11.610158000	76032
11.610161000	77440
11.610215000	78848
11.610218000	80256
11.610269000	81664
11.610272000	83072
11.610320000	84480
11.610323000	85888
11.610373000	87296
11.610375000	88704
11.610425000	90112
11.610428000	91520
11.610478000	92928
11.610481000	94336
11.610540000	95744
11.610543000	97152
11.610638000	98560
11.610644000	99968
11.610829000	99968
11.610834000	101376
11.610866000	97152
11.610869000	98560
11.610917000	99968
11.610920000	101376
11.610971000	102784
11.610974000	104192
11.611025000	105600
11.611027000	107008
11.631745000	107008
11.631750000	108416
11.631913000	101376
11.631917000	102784
11.631965000	104192
11.631968000	105600
11.632064000	107008
11.632070000	108416
11.632151000	109824
11.632157000	111232
11.632216000	112640
11.632220000	114048
11.632292000	115456
11.632295000	116864
11.638725000	111232
11.638729000	112640
11.638761000	98560
11.638775000	99968
11.638777000	101376
11.638874000	102784
11.638880000	104192
11.638882000	105600
11.638968000	107008
11.638974000	108416
11.638977000	109824
11.639061000	111232
11.639067000	112640
11.639070000	114048
11.639151000	115456
11.639157000	116864
11.639160000	118272
11.639240000	119680
11.639246000	121088
11.639249000	122496
11.639331000	123904
11.639345000	125312
11.639349000	126720
11.639370000	128128
11.639373000	129536
11.639376000	130944
11.639423000	132352
11.639426000	133760
11.639429000	135168
11.639475000	136576
11.639478000	137984
11.639480000	139392
11.661750000	137984
11.661755000	139392
11.661758000	140800
11.661824000	136576
11.661828000	137984
11.661831000	139392
11.661910000	140800
11.661916000	142208
11.661919000	143616
11.662002000	145024
11.662008000	146432
11.662011000	147840
11.669670000	146432
11.669676000	147840
11.669679000	149248
11.669712000	150656
11.676708000	149248
11.676714000	150656
11.676717000	152064
11.676776000	118272
11.676780000	119680
11.676782000	121088
11.676828000	122496
11.676831000	123904
11.676834000	125312
11.676880000	126720
11.676884000	128128
11.676886000	129536
11.676933000	130944
11.676936000	132352
11.676938000	133760
11.676986000	135168
11.676989000	136576
11.676992000	137984
11.677037000	139392
11.677040000	140800
11.677042000	142208
11.677090000	143616
11.677093000	145024
11.677096000	146432
11.677142000	147840
11.677145000	149248
11.677148000	150656
11.677195000	152064
11.677197000	153472
11.677200000	154880
11.677247000	156288
11.677250000	157696
11.677252000	159104
11.677299000	160512
11.677302000	161920
11.677305000	163328
11.677352000	164736
11.677355000	166144
11.677358000	167552
11.677456000	168960
11.677462000	170368
11.677465000	171776
11.677547000	173184
11.677552000	174592
11.677555000	176000
11.677629000	177408
11.677635000	178816
11.677638000	180224
11.677722000	178816
11.677726000	180224
11.677729000	181632
11.678631000	177408
11.678636000	178816
11.678639000	180224
11.678682000	178816
11.678686000	180224
11.678688000	181632
11.678772000	183040
11.678778000	184448
11.678781000	185856
11.678812000	187264
11.678816000	188672
11.678820000	190080
11.686627000	188672
11.686632000	190080
11.693693000	188672
11.693698000	190080
11.693740000	188672
11.693743000	190080
11.693752000	184448
11.693834000	185856
11.693840000	187264
11.693843000	188672
11.693925000	190080
11.701757000	188672
11.701762000	190080
11.708753000	188672
11.708758000	190080
11.708768000	188672
11.708802000	181632
11.708805000	183040
11.708808000	184448
11.708900000	185856
11.708906000	187264
11.708908000	188672
11.708993000	190080
11.709788000	188672
11.709794000	190080
11.709805000	188672
11.709826000	187264
11.709829000	188672
11.709831000	190080
11.709877000	191488
11.709880000	192896
11.709883000	194304
11.709929000	195712
11.709932000	197120
11.709934000	198528
11.717721000	198528
11.717726000	199936
11.717730000	201344
11.732820000	201344
11.732825000	202752
11.732828000	204160
11.732897000	187264
11.732900000	188672
11.732903000	190080
11.733047000	191488
11.733055000	192896
11.733058000	194304
11.733114000	195712
11.733118000	197120
11.733121000	198528
11.733160000	199936
11.733164000	201344
11.733167000	202752
11.733255000	204160
11.733261000	205568
11.733264000	206976
11.733338000	208384
11.733344000	209792
11.733347000	211200
11.733428000	212608
11.733434000	214016
11.733437000	215424
11.733519000	216832
11.733525000	218240
11.733528000	219648
11.733612000	221056
11.733618000	222464
11.733621000	223872
11.733653000	225280
11.733656000	226688
11.733659000	228096
11.733706000	229504
11.733709000	230912
11.733720000	232320
11.733759000	233728
11.733763000	235136
11.733765000	236544
11.733812000	237952
11.733815000	239360
11.733818000	240768
11.733864000	242176
11.751767000	242176
11.751772000	243584
11.751775000	244992
11.751814000	242176
11.751818000	243584
11.751821000	244992
11.751906000	246400
11.751912000	247808
11.751915000	249216
11.751989000	250624
11.751995000	252032
11.751998000	253440
11.752081000	254848
11.758741000	254848
11.758747000	256256
11.758750000	257664
11.758778000	257664
11.758782000	259072
11.758785000	260480
11.758836000	247808
11.758839000	249216
11.758842000	250624
11.758930000	252032
11.758936000	253440
11.758939000	254848
11.759015000	256256
11.759021000	257664
11.759024000	259072
11.759098000	260480
11.759104000	261888
11.759107000	263296
11.759181000	264704
11.759187000	266112
11.759190000	267520
11.759264000	268928
11.759270000	270336
11.759273000	271744
11.759306000	273152
11.759309000	274560
11.759312000	275968
11.759358000	277376
11.759361000	278784
11.759364000	280192
11.759413000	281600
11.759418000	283008
11.759423000	284416
11.759616000	284416
11.759620000	285824
11.759629000	285824
11.759660000	287232
11.759786000	287232
11.759789000	288640
11.759796000	288640
11.759838000	280192
11.759841000	281600
11.759844000	283008
11.759892000	284416
11.759895000	285824
11.759897000	287232
11.759945000	288640
11.759948000	290048
11.759951000	291456
11.759998000	292864
11.760001000	294272
11.760004000	295680
11.760052000	297088
11.760055000	298496
11.760058000	299904
11.760706000	299904
11.760709000	301312
11.760717000	301312
11.760743000	292864
11.760758000	292864
11.760760000	294272
11.760763000	295680
11.760766000	297088
11.760810000	298496
11.760813000	299904
11.760815000	301312
11.760818000	302720
11.760864000	304128
11.760867000	305536
11.760870000	306944
11.760872000	308352
11.760917000	309760
11.760920000	311168
11.760923000	312576
11.760926000	313984
11.761716000	313984
11.761719000	315392
11.761726000	315392
11.761729000	316800
11.761770000	315392
11.761773000	316800
11.761775000	318208
11.761778000	319616
11.791701000	319616
11.791707000	321024
11.791717000	321024
11.791760000	321024
11.791763000	322432
11.791766000	323840
11.798826000	323840
11.798831000	325248
11.798843000	325248
11.798898000	312576
11.798901000	313984
11.798904000	315392
11.799110000	316800
11.799117000	318208
11.799120000	319616
11.799193000	321024
11.799199000	322432
11.799202000	323840
11.799284000	325248
11.799289000	326656
11.799292000	328064
11.799375000	329472
11.799380000	330880
11.799384000	332288
11.799469000	333696
11.799476000	335104
11.799479000	336512
11.799552000	337920
11.799558000	339328
11.799562000	340736
11.799716000	340736
11.799721000	342144
11.799732000	342144
11.799776000	330880
11.799779000	332288
11.799782000	333696
11.799828000	335104
11.799830000	336512
11.799833000	337920
11.799881000	339328
11.799884000	340736
11.799887000	342144
11.799935000	343552
11.799938000	344960
11.799940000	346368
11.799988000	347776
11.799991000	349184
11.799993000	350592
11.800042000	352000
11.800044000	353408
11.800047000	354816
11.800096000	356224
11.800614000	356224
11.800617000	357632
11.800636000	357632
11.800668000	357632
11.800672000	359040
11.800685000	360448
11.800723000	360448
11.800726000	361856
11.800733000	361856
11.800774000	361856
11.800777000	363264
11.800779000	364672
11.800824000	360448
11.800827000	361856
11.800830000	363264
11.800875000	364672
11.800878000	366080
11.800881000	367488
11.800929000	368896
11.800932000	370304
11.801644000	370304
11.801648000	371712
11.801655000	371712
11.801687000	370304
11.801690000	371712
11.801693000	373120
11.801740000	374528
11.801743000	375936
11.808722000	375936
11.808728000	377344
11.808738000	377344
11.808767000	375936
11.808770000	377344
11.808773000	378752
11.808809000	380160
11.808812000	381568
11.809621000	381568
11.809625000	382976
11.809632000	382976
11.809668000	381568
11.809670000	382976
11.809673000	384384
11.809720000	385792
11.809723000	387200
11.817612000	387200
11.817617000	388608
11.824750000	388608
11.824755000	390016
11.824766000	390016
11.824807000	380160
11.824810000	381568
11.824813000	382976
11.824899000	384384
11.824905000	385792
11.824909000	387200
11.824984000	388608
11.824990000	390016
11.824993000	391424
11.825077000	392832
11.825082000	394240
11.825086000	395648
11.825167000	397056
11.825173000	398464
11.825176000	399872
11.825260000	401280
11.825266000	402688
11.825609000	401280
11.825614000	402688
11.825617000	404096
11.825646000	402688
11.825649000	404096
11.825652000	405504
11.825698000	406912
11.825701000	408320
11.833682000	406912
11.833689000	408320
11.833693000	409728
11.833730000	411136
11.840758000	409728
11.840762000	411136
11.840765000	412544
11.840820000	398464
11.840823000	399872
11.840826000	401280
11.840924000	402688
11.840930000	404096
11.840933000	405504
11.841019000	406912
11.841025000	408320
11.841028000	409728
11.841058000	411136
11.841061000	412544
11.841064000	413952
11.841110000	415360
11.841113000	416768
11.841116000	418176
11.841162000	419584
11.841165000	420992
11.841167000	422400
11.841214000	423808
11.841217000	425216
11.841220000	426624
11.841268000	428032
11.841271000	429440
11.841740000	429440
11.841744000	430848
11.841753000	430848
11.841777000	428032
11.841780000	429440
11.841783000	430848
11.841830000	432256
11.841834000	433664
11.841836000	435072
11.841884000	436480
11.849591000	436480
11.849596000	437888
11.856762000	437888
11.856767000	439296
11.856778000	439296
11.856817000	426624
11.856835000	426624
11.856838000	428032
11.856841000	429440
11.856844000	430848
11.856934000	432256
11.856940000	433664
11.856943000	435072
11.856946000	436480
11.857029000	437888
11.857034000	439296
11.857037000	440704
11.857040000	442112
11.857122000	443520
11.857128000	444928
11.857130000	446336
11.857133000	447744
11.857215000	449152
11.857221000	450560
11.857224000	451968
11.857227000	453376
11.857309000	454784
11.857315000	456192
11.865697000	456192
11.865702000	457600
11.865712000	457600
11.865715000	459008
11.865743000	454784
11.865746000	456192
11.865748000	457600
11.865751000	459008
11.865835000	460416
11.865840000	461824
11.865843000	463232
11.865846000	464640
11.871701000	464640
11.871706000	466048
11.871717000	466048
11.871742000	467456
11.886751000	467456
11.886756000	468864
11.886767000	468864
11.886813000	456192
11.886816000	457600
11.886819000	459008
11.886937000	460416
11.886951000	461824
11.886955000	463232
11.886978000	464640
11.886981000	466048
11.886984000	467456
11.887031000	468864
11.887034000	470272
11.887037000	471680
11.887083000	473088
11.887086000	474496
11.887088000	475904
11.887135000	477312
11.887138000	478720
11.887141000	480128
11.887187000	481536
11.887190000	482944
11.887193000	484352
11.887679000	484352
11.887683000	485760
11.887693000	485760
11.887761000	482944
11.887764000	484352
11.887767000	485760
11.887873000	487168
11.887878000	488576
11.887882000	489984
11.887956000	491392
11.895733000	491392
11.895737000	492800
11.902709000	492800
11.902714000	494208
11.902745000	494208
11.902748000	495616
11.902756000	495616
11.902801000	484352
11.902804000	485760
11.902807000	487168
11.902893000	488576
11.902899000	489984
11.902902000	491392
11.902977000	492800
11.902985000	494208
11.902994000	495616
11.903027000	497024
11.903030000	498432
11.903033000	499840
11.903125000	501248
11.903131000	502656
11.903133000	504064
11.903215000	505472
11.903221000	506880
11.903224000	508288
11.903256000	509696
11.903748000	508288
11.903751000	509696
11.903755000	511104
11.903806000	498432
11.903808000	499840
11.903811000	501248
11.903858000	502656
11.903861000	504064
11.903864000	505472
11.903911000	506880
11.903914000	508288
11.903917000	509696
11.903965000	511104
11.903968000	512512
11.903971000	513920
11.904018000	515328
11.904021000	516736
11.904024000	518144
11.904072000	519552
11.904074000	520960
11.904076000	522368
11.904125000	523776
11.904128000	525184
11.904131000	526592
11.904695000	526592
11.904698000	528000
11.904707000	528000
11.904714000	528000
11.904739000	523776
11.904742000	525067
