33.707678000	1408
33.707688000	2816
33.707757000	4224
33.707765000	5632
33.707846000	7040
33.707852000	8448
33.707933000	9856
33.707938000	11264
33.708025000	12672
33.708031000	14080
33.759944000	14080
33.759949000	15488
33.759975000	14080
33.759979000	15488
33.760026000	16896
33.760029000	18304
33.760082000	18304
33.760085000	19712
33.775067000	19712
33.775074000	21120
33.775167000	15488
33.775172000	16896
33.775222000	18304
33.775227000	19712
33.775267000	21120
33.775270000	22528
33.775319000	23936
33.775323000	25344
33.799936000	25344
33.799942000	26752
33.799973000	25344
33.799976000	26752
33.800024000	28160
33.800027000	29568
33.807038000	29568
33.807043000	30976
33.815118000	30976
33.815123000	32384
33.815241000	30976
33.815244000	32384
33.815291000	33792
33.815294000	35200
33.822160000	35200
33.822165000	36608
33.822201000	36608
33.822203000	38016
33.829962000	38016
33.829967000	39424
33.837018000	39424
33.837025000	40832
33.837224000	30976
33.837230000	32384
33.837286000	33792
33.837290000	35200
33.837343000	36608
33.837348000	38016
33.837398000	39424
33.837403000	40832
33.837455000	42240
33.837460000	43648
33.837510000	45056
33.837514000	46464
33.837567000	47872
33.837571000	49280
33.837621000	50688
33.837624000	52096
33.844981000	52096
33.844985000	53504
33.852079000	53504
33.852083000	54912
33.852148000	49280
33.852151000	50688
33.852214000	52096
33.852217000	53504
33.852286000	54912
33.852289000	56320
33.852386000	57728
33.852392000	59136
33.852474000	60544
33.852480000	61952
33.853023000	61952
33.853026000	63360
33.868028000	63360
33.868036000	64768
33.868080000	63360
33.868084000	64768
33.868141000	64768
33.868145000	66176
33.868189000	66176
33.868193000	67584
33.868243000	68992
33.868247000	70400
33.876006000	70400
33.876011000	71808
33.883098000	71808
33.883103000	73216
33.883279000	63360
33.883282000	64768
33.883331000	66176
33.883334000	67584
33.883431000	68992
33.883437000	70400
33.883549000	71808
33.883555000	73216
33.883667000	74624
33.883673000	76032
33.883783000	77440
33.883789000	78848
33.883904000	80256
33.883909000	81664
33.884022000	83072
33.884028000	84480
33.899976000	84480
33.899984000	85888
33.900037000	83072
33.900041000	84480
33.900088000	85888
33.900091000	87296
33.900140000	88704
33.900145000	90112
33.915106000	90112
33.915117000	91520
33.915183000	78848
33.915186000	80256
33.915280000	81664
33.915286000	83072
33.915368000	84480
33.915374000	85888
33.915455000	87296
33.915461000	88704
33.915496000	90112
33.915499000	91520
33.915549000	92928
33.915552000	94336
33.923059000	94336
33.930231000	94336
33.930246000	94336
33.930420000	83072
33.930425000	84480
33.930501000	85888
33.930505000	87296
33.930605000	88704
33.930612000	90112
33.930696000	91520
33.930702000	92928
33.930785000	94336
33.930791000	95744
33.930988000	95744
33.931002000	95744
33.931021000	95744
33.932059000	95744
33.932076000	95744
33.940150000	95744
33.940163000	95744
33.940203000	87296
33.940207000	88704
33.940295000	90112
33.940302000	91520
33.940376000	92928
33.940382000	94336
33.940458000	95744
33.941051000	95744
33.941059000	95744
33.941079000	94336
33.941082000	95744
33.949050000	94336
33.949056000	95744
33.949094000	97152
33.956033000	95744
33.956038000	97152
33.956076000	92928
33.956079000	94336
33.956176000	95744
33.956184000	97152
33.971891000	95744
33.971897000	97152
33.978964000	95744
33.978971000	97152
33.979012000	90112
33.979017000	91520
33.979076000	92928
33.979082000	94336
33.979125000	92928
33.979128000	94336
33.979169000	90112
33.979173000	91520
33.979276000	92928
33.979284000	94336
33.979311000	95744
33.979314000	97152
33.979363000	98560
33.986125000	97152
33.986130000	98560
33.986172000	83072
33.986175000	84480
33.986270000	85888
33.986276000	87296
33.986358000	88704
33.986364000	90112
33.986445000	91520
33.986452000	92928
33.986535000	94336
33.986541000	95744
33.986575000	97152
33.986579000	98560
33.987020000	98560
33.987029000	98560
33.995069000	98560
34.002024000	98560
34.002029000	99968
34.002063000	95744
34.002066000	97152
34.002163000	98560
34.002169000	99968
34.017139000	99968
34.017151000	99968
34.017213000	84480
34.017216000	85888
34.017311000	87296
34.017317000	88704
34.017399000	90112
34.017406000	91520
34.017487000	92928
34.017493000	94336
34.017575000	95744
34.017581000	97152
34.017663000	98560
34.017669000	99968
34.019120000	99968
34.019132000	99968
34.019285000	90112
34.019289000	91520
34.019336000	92928
34.019339000	94336
34.019389000	95744
34.019392000	97152
34.019443000	98560
34.019446000	99968
34.019497000	101376
34.040095000	101376
34.040108000	101376
34.040130000	99968
34.040133000	101376
34.047065000	101376
34.047078000	101376
34.047110000	95744
34.047113000	97152
34.047219000	97152
34.047224000	98560
34.048145000	88704
34.048150000	90112
34.048191000	74624
34.048194000	76032
34.048283000	77440
34.048289000	78848
34.048365000	80256
34.048371000	81664
34.048424000	83072
34.048427000	84480
34.048492000	85888
34.048496000	87296
34.048562000	88704
34.048565000	90112
34.048612000	91520
34.048615000	92928
34.048666000	94336
34.048669000	95744
34.048721000	97152
34.048724000	98560
34.048774000	99968
34.048776000	101376
34.048827000	102784
34.048830000	104192
34.080102000	102784
34.080107000	104192
34.080145000	99968
34.080148000	101376
34.080242000	102784
34.080248000	104192
34.095064000	102784
34.095069000	104192
34.095220000	94336
34.095223000	95744
34.103038000	60544
34.103042000	61952
34.103082000	63360
34.103085000	64768
34.103178000	66176
34.103184000	67584
34.103260000	68992
34.103266000	70400
34.103340000	71808
34.103346000	73216
34.103422000	74624
34.103428000	76032
34.103462000	77440
34.103465000	78848
34.103516000	80256
34.103518000	81664
34.103569000	83072
34.103572000	84480
34.103623000	85888
34.103626000	87296
34.103677000	88704
34.103680000	90112
34.103731000	91520
34.103733000	92928
34.103784000	94336
34.103787000	95744
34.103838000	97152
34.103842000	98560
34.103892000	99968
34.103894000	101376
34.103945000	102784
34.103948000	104192
34.103999000	105600
34.104002000	107008
34.109976000	105600
34.109981000	107008
34.110026000	97152
34.110029000	98560
34.110082000	99968
34.110087000	101376
34.110137000	102784
34.110142000	104192
34.110193000	105600
34.110197000	107008
34.140114000	105600
34.140120000	107008
34.140273000	99968
34.140277000	101376
34.140325000	102784
34.140328000	104192
34.140425000	105600
34.140431000	107008
34.140490000	108416
34.155127000	107008
34.155134000	108416
34.155270000	64768
34.155274000	66176
34.155312000	67584
34.155317000	68992
34.155364000	70400
34.155369000	71808
34.155417000	73216
34.155421000	74624
34.155471000	76032
34.155475000	77440
34.155523000	78848
34.155526000	80256
34.155574000	81664
34.155577000	83072
34.155627000	84480
34.155630000	85888
34.155680000	87296
34.155683000	88704
34.155733000	90112
34.155736000	91520
34.155785000	92928
34.155788000	94336
34.155838000	95744
34.155840000	97152
34.155890000	98560
34.155893000	99968
34.155943000	101376
34.155946000	102784
34.155995000	104192
34.155998000	105600
34.156122000	107008
34.156128000	108416
34.156241000	109824
34.163049000	108416
34.163054000	109824
34.163088000	108416
34.163092000	109824
34.170025000	108416
34.170030000	109824
34.170060000	102784
34.170063000	104192
34.170158000	105600
34.170163000	107008
34.170255000	108416
34.170262000	109824
34.170288000	111232
34.185038000	109824
34.185043000	111232
34.185220000	95744
34.185224000	97152
34.185257000	98560
34.185260000	99968
34.185361000	101376
34.185368000	102784
34.185449000	104192
34.185455000	105600
34.185538000	107008
34.185544000	108416
34.185632000	109824
34.185638000	111232
34.185720000	112640
34.186030000	111232
34.186033000	112640
34.201099000	111232
34.201104000	112640
34.201145000	97152
34.201148000	98560
34.201243000	99968
34.201249000	101376
34.201342000	102784
34.201348000	104192
34.201374000	105600
34.201377000	107008
34.201428000	108416
34.201431000	109824
34.201480000	111232
34.201483000	112640
34.202041000	111232
34.202046000	112640
34.202083000	108416
34.202086000	109824
34.202185000	111232
34.202191000	112640
34.202272000	114048
34.219956000	112640
34.219961000	114048
34.219987000	109824
34.219990000	111232
34.220085000	112640
34.220091000	114048
34.227085000	112640
34.227090000	114048
34.227140000	92928
34.227143000	94336
34.227232000	95744
34.227238000	97152
34.227313000	98560
34.227319000	99968
34.227395000	101376
34.227401000	102784
34.227476000	104192
34.227481000	105600
34.227557000	107008
34.227563000	108416
34.227598000	109824
34.227601000	111232
34.227652000	112640
34.227655000	114048
34.227705000	115456
34.227957000	114048
34.227960000	115456
34.227999000	114048
34.228002000	115456
34.236008000	114048
34.236013000	115456
34.242977000	114048
34.242983000	115456
34.243016000	114048
34.243019000	115456
34.251056000	114048
34.251062000	115456
34.266090000	114048
34.266095000	115456
34.266157000	91520
34.266160000	92928
34.266199000	94336
34.266202000	95744
34.266302000	97152
34.266312000	98560
34.266398000	99968
34.266404000	101376
34.266438000	102784
34.266441000	104192
34.266491000	105600
34.266495000	107008
34.266543000	108416
34.266546000	109824
34.266596000	111232
34.266599000	112640
34.266650000	114048
34.266653000	115456
34.266701000	116864
34.279981000	115456
34.279987000	116864
34.280017000	112640
34.280021000	114048
34.280080000	112640
34.280085000	114048
34.280128000	115456
34.280133000	116864
34.280189000	118272
34.287019000	116864
34.287024000	118272
34.287197000	99968
34.287201000	101376
34.287249000	102784
34.287252000	104192
34.287349000	105600
34.287355000	107008
34.287436000	108416
34.287449000	109824
34.287477000	111232
34.287480000	112640
34.287530000	114048
34.287533000	115456
34.287582000	116864
34.287585000	118272
34.287635000	119680
34.288057000	118272
34.288061000	119680
34.288100000	104192
34.288103000	105600
34.288201000	107008
34.288207000	108416
34.288293000	109824
34.288301000	111232
34.288336000	112640
34.288340000	114048
34.288389000	115456
34.288392000	116864
34.288443000	118272
34.288447000	119680
34.295994000	118272
34.295999000	119680
34.303013000	118272
34.303017000	119680
34.303042000	115456
34.303045000	116864
34.303140000	118272
34.303146000	119680
34.303271000	121088
34.328112000	119680
34.328119000	121088
34.328157000	116864
34.328161000	118272
34.328211000	119680
34.328215000	121088
34.335136000	119680
34.335141000	121088
34.335203000	91520
34.335206000	92928
34.335255000	94336
34.335259000	95744
34.335306000	97152
34.335309000	98560
34.335363000	99968
34.335367000	101376
34.335421000	102784
34.335425000	104192
34.335478000	105600
34.335483000	107008
34.335533000	108416
34.335538000	109824
34.335590000	111232
34.335594000	112640
34.335646000	114048
34.335650000	115456
34.335702000	116864
34.335706000	118272
34.335756000	119680
34.335761000	121088
34.335811000	122496
34.335876000	121088
34.335881000	122496
34.335984000	121088
34.335988000	122496
34.341978000	121088
34.341983000	122496
34.342015000	121088
34.342018000	122496
34.342107000	123904
34.349922000	122496
34.349927000	123904
34.357111000	122496
34.357116000	123904
34.357165000	102784
34.357168000	104192
34.357275000	105600
34.357281000	107008
34.357307000	108416
34.357311000	109824
34.357381000	111232
34.357384000	112640
34.357480000	114048
34.357486000	115456
34.357601000	116864
34.357607000	118272
34.357699000	119680
34.357706000	121088
34.357732000	122496
34.357735000	123904
34.357786000	125312
34.357988000	123904
34.357992000	125312
34.358024000	123904
34.358027000	125312
34.366025000	123904
34.366030000	125312
34.373030000	123904
34.373035000	125312
34.373065000	118272
34.373068000	119680
34.373164000	121088
34.373172000	122496
34.373204000	123904
34.373207000	125312
34.388122000	123904
34.388127000	125312
34.388305000	104192
34.388309000	105600
34.388358000	107008
34.388360000	108416
34.388451000	109824
34.388457000	111232
34.388533000	112640
34.388539000	114048
34.388599000	115456
34.388602000	116864
34.388675000	118272
34.388680000	119680
34.388726000	121088
34.388729000	122496
34.388778000	123904
34.388781000	125312
34.388832000	126720
34.400021000	125312
34.400025000	126720
34.400069000	125312
34.400072000	126720
34.407027000	125312
34.407031000	126720
34.407064000	116864
34.407068000	118272
34.407163000	119680
34.407169000	121088
34.407251000	122496
34.407257000	123904
34.407338000	125312
34.407345000	126720
34.407426000	128128
34.407948000	126720
34.407952000	128128
34.407990000	123904
34.407994000	125312
34.408041000	126720
34.408044000	128128
34.416073000	126720
34.416078000	128128
34.423086000	126720
34.423091000	128128
34.423128000	115456
34.423131000	116864
34.423226000	118272
34.423232000	119680
34.423313000	121088
34.423319000	122496
34.423400000	123904
34.423406000	125312
34.423487000	126720
34.423493000	128128
34.423583000	129536
34.439985000	128128
34.439990000	129536
34.440015000	125312
34.440018000	126720
34.440113000	128128
34.440119000	129536
34.447022000	128128
34.447030000	129536
34.447076000	119680
34.447080000	121088
34.447130000	122496
34.447134000	123904
34.447194000	122496
34.447198000	123904
34.447952000	108416
34.447958000	109824
34.447997000	111232
34.448001000	112640
34.448097000	114048
34.448105000	115456
34.448141000	116864
34.448145000	118272
34.448195000	119680
34.448199000	121088
34.448249000	122496
34.448254000	123904
34.448305000	125312
34.448309000	126720
34.448359000	128128
34.448363000	129536
34.448411000	130944
34.456000000	129536
34.456004000	130944
34.456088000	132352
34.463088000	130944
34.463093000	132352
34.463129000	128128
34.463132000	129536
34.463226000	130944
34.463232000	132352
34.469980000	130944
34.469986000	132352
34.470020000	128128
34.470025000	129536
34.470116000	130944
34.470122000	132352
34.478052000	130944
34.478057000	132352
34.484993000	130944
34.484999000	132352
34.485043000	119680
34.485045000	121088
34.485094000	122496
34.485097000	123904
34.485145000	125312
34.485148000	126720
34.485200000	128128
34.485203000	129536
34.485251000	130944
34.485253000	132352
34.485302000	133760
34.485957000	132352
34.485962000	133760
34.493935000	132352
34.493940000	133760
34.493966000	129536
34.493969000	130944
34.494064000	132352
34.494070000	133760
34.501043000	132352
34.501048000	133760
34.501089000	118272
34.501092000	119680
34.501186000	121088
34.501193000	122496
34.501275000	123904
34.501281000	125312
34.501365000	126720
34.501371000	128128
34.501405000	129536
34.501408000	130944
34.501458000	132352
34.501461000	133760
34.501513000	135168
34.520055000	133760
34.520063000	135051
