31.181635000	1408
31.181649000	2816
31.181691000	4224
31.181696000	5632
31.181802000	7040
31.181806000	8448
31.181889000	9856
31.181895000	11264
31.181976000	12672
31.181982000	14080
31.240764000	14080
31.240770000	15488
31.240805000	15488
31.240819000	16896
31.247732000	16896
31.247737000	18304
31.247847000	14080
31.247850000	15488
31.247902000	16896
31.247908000	18304
31.247998000	19712
31.248004000	21120
31.248090000	22528
31.248095000	23936
31.248181000	25344
31.248740000	26752
31.248755000	23936
31.248781000	25344
31.280798000	25344
31.280804000	26752
31.280907000	25344
31.280911000	26752
31.280968000	28160
31.280971000	29568
31.287729000	29568
31.287734000	30976
31.287848000	25344
31.287851000	26752
31.287911000	28160
31.287914000	29568
31.288016000	30976
31.288021000	32384
31.288107000	33792
31.288113000	35200
31.288199000	36608
31.288204000	38016
31.295783000	38016
31.295790000	39424
31.302779000	39424
31.302784000	40832
31.302899000	36608
31.302902000	38016
31.302951000	39424
31.302954000	40832
31.303066000	42240
31.303072000	43648
31.303183000	45056
31.303189000	46464
31.303806000	46464
31.303811000	47872
31.303879000	46464
31.303882000	47872
31.303989000	49280
31.303995000	50688
31.320770000	50688
31.320775000	52096
31.320804000	49280
31.320807000	50688
31.320902000	52096
31.320908000	53504
31.320997000	54912
31.321002000	56320
31.327743000	56320
31.327747000	57728
31.327870000	52096
31.327873000	53504
31.327924000	54912
31.327927000	56320
31.328024000	57728
31.328030000	59136
31.328116000	60544
31.328122000	61952
31.328205000	63360
31.328211000	64768
31.335705000	64768
31.335712000	66176
31.342743000	66176
31.342748000	67584
31.342776000	67584
31.342779000	68992
31.342832000	68992
31.342835000	70400
31.342880000	66176
31.342883000	67584
31.342932000	68992
31.342935000	70400
31.342985000	71808
31.342988000	73216
31.343038000	74624
31.343040000	76032
31.350795000	76032
31.350800000	77440
31.365843000	77440
31.365847000	78848
31.366056000	61952
31.366061000	63360
31.366108000	64768
31.366113000	66176
31.366166000	67584
31.366171000	68992
31.366222000	70400
31.366227000	71808
31.366278000	73216
31.366283000	74624
31.366335000	76032
31.366340000	77440
31.366391000	78848
31.366396000	80256
31.366449000	81664
31.366453000	83072
31.366502000	84480
31.366506000	85888
31.366557000	87296
31.366562000	88704
31.366611000	90112
31.366615000	91520
31.366666000	92928
31.366670000	94336
31.366720000	95744
31.366723000	97152
31.373704000	97152
31.373708000	98560
31.380781000	98560
31.380786000	99968
31.380963000	88704
31.380967000	90112
31.381015000	91520
31.381018000	92928
31.381114000	94336
31.381120000	95744
31.381206000	97152
31.381211000	98560
31.381297000	99968
31.381304000	101376
31.381364000	102784
31.381368000	104192
31.381439000	105600
31.381442000	107008
31.381490000	108416
31.381492000	109824
31.381543000	111232
31.381546000	112640
31.381664000	111232
31.381667000	112640
31.381706000	107008
31.381709000	108416
31.381793000	109824
31.381796000	111232
31.381826000	112640
31.381829000	114048
31.381880000	115456
31.381883000	116864
31.381934000	118272
31.381936000	119680
31.381988000	121088
31.381990000	122496
31.389729000	122496
31.389736000	123904
31.389798000	123904
31.389801000	125312
31.396765000	123904
31.396770000	125312
31.396801000	115456
31.396811000	116864
31.396852000	118272
31.396856000	119680
31.396906000	121088
31.396910000	122496
31.396963000	123904
31.396967000	125312
31.397013000	126720
31.397017000	128128
31.397067000	129536
31.397071000	130944
31.397120000	132352
31.397124000	133760
31.397174000	135168
31.397177000	136576
31.397224000	137984
31.397227000	139392
31.397620000	137984
31.397623000	139392
31.397626000	140800
31.397664000	142208
31.405856000	140800
31.405861000	142208
31.405864000	143616
31.405895000	145024
31.412784000	143616
31.412788000	145024
31.412791000	146432
31.412849000	122496
31.412852000	123904
31.412855000	125312
31.412940000	126720
31.412946000	128128
31.412949000	129536
31.413002000	130944
31.413005000	132352
31.413008000	133760
31.413075000	135168
31.413078000	136576
31.413081000	137984
31.413144000	139392
31.413147000	140800
31.413150000	142208
31.413194000	143616
31.413197000	145024
31.413200000	146432
31.413248000	147840
31.413251000	149248
31.413253000	150656
31.413301000	152064
31.413304000	153472
31.413307000	154880
31.413355000	156288
31.413357000	157696
31.413360000	159104
31.413408000	160512
31.413411000	161920
31.413413000	163328
31.413462000	164736
31.413464000	166144
31.413467000	167552
31.413515000	168960
31.413518000	170368
31.413521000	171776
31.413569000	173184
31.420736000	171776
31.420741000	173184
31.420744000	174592
31.420804000	176000
31.427627000	174592
31.427632000	176000
31.427635000	177408
31.427670000	178816
31.435812000	177408
31.435817000	178816
31.435820000	180224
31.435859000	181632
31.442716000	180224
31.442721000	181632
31.442725000	183040
31.442758000	177408
31.442762000	178816
31.442765000	180224
31.442972000	176000
31.442975000	177408
31.442978000	178816
31.443010000	166144
31.443013000	167552
31.443016000	168960
31.443064000	170368
31.443067000	171776
31.443070000	173184
31.443163000	174592
31.443170000	176000
31.443173000	177408
31.443286000	178816
31.443292000	180224
31.443295000	181632
31.443409000	183040
31.443415000	184448
31.443418000	185856
31.443530000	187264
31.443536000	188672
31.443539000	190080
31.450762000	188672
31.450769000	190080
31.450783000	188672
31.450800000	190080
31.457762000	188672
31.457767000	190080
31.457776000	188672
31.457827000	173184
31.457830000	174592
31.457833000	176000
31.457917000	177408
31.457923000	178816
31.457926000	180224
31.458008000	181632
31.458014000	183040
31.458017000	184448
31.458099000	185856
31.458105000	187264
31.458108000	188672
31.458189000	190080
31.458195000	191488
31.458198000	192896
31.458279000	194304
31.458285000	195712
31.480708000	195712
31.480713000	197120
31.480716000	198528
31.480761000	198528
31.480764000	199936
31.480767000	201344
31.495794000	201344
31.495800000	202752
31.495803000	204160
31.496016000	184448
31.496023000	185856
31.496026000	187264
31.496085000	188672
31.496089000	190080
31.496092000	191488
31.496125000	192896
31.496129000	194304
31.496132000	195712
31.496174000	197120
31.496177000	198528
31.496180000	199936
31.496230000	201344
31.496234000	202752
31.496240000	204160
31.496278000	205568
31.496281000	206976
31.496284000	208384
31.496343000	209792
31.496346000	211200
31.496349000	212608
31.496445000	214016
31.496451000	215424
31.496454000	216832
31.496536000	218240
31.496542000	219648
31.496552000	221056
31.496576000	222464
31.496579000	223872
31.496582000	225280
31.496629000	226688
31.496632000	228096
31.496635000	229504
31.496681000	230912
31.496684000	232320
31.496687000	233728
31.496733000	235136
31.496736000	236544
31.496739000	237952
31.496798000	237952
31.496801000	239360
31.496804000	240768
31.496838000	233728
31.496841000	235136
31.496844000	236544
31.496894000	236544
31.496896000	237952
31.496900000	239360
31.496943000	235136
31.496946000	236544
31.496949000	237952
31.496996000	239360
31.496999000	240768
31.497002000	242176
31.497048000	243584
31.497051000	244992
31.497054000	246400
31.497100000	247808
31.497103000	249216
31.497106000	250624
31.497153000	252032
31.497156000	253440
31.497161000	254848
31.497206000	256256
31.497209000	257664
31.497211000	259072
31.497258000	260480
31.497262000	261888
31.497265000	263296
31.497312000	264704
31.497315000	266112
31.497318000	267520
31.497369000	268928
31.497372000	270336
31.497375000	271744
31.497446000	273152
31.497449000	274560
31.497452000	275968
31.497520000	277376
31.497524000	278784
31.497527000	280192
31.497571000	281600
31.497716000	281600
31.497720000	283008
31.497741000	283008
31.497844000	270336
31.497847000	271744
31.497850000	273152
31.497881000	274560
31.497884000	275968
31.497887000	277376
31.497934000	278784
31.497936000	280192
31.497939000	281600
31.497987000	283008
31.497990000	284416
31.497992000	285824
31.498041000	287232
31.498043000	288640
31.498046000	290048
31.498095000	291456
31.498102000	292864
31.498106000	294272
31.498148000	295680
31.498150000	297088
31.498153000	298496
31.505804000	298496
31.505810000	299904
31.505822000	299904
31.505839000	301312
31.512869000	301312
31.512874000	302720
31.512883000	302720
31.512916000	297088
31.512922000	298496
31.512924000	299904
31.512972000	301312
31.512975000	302720
31.512978000	304128
31.513097000	305536
31.513103000	306944
31.513106000	308352
31.513194000	309760
31.513198000	311168
31.513750000	311168
31.513755000	312576
31.513769000	312576
31.513840000	312576
31.513846000	313984
31.513850000	315392
31.514645000	315392
31.514652000	316800
31.522719000	316800
31.522724000	318208
31.529843000	318208
31.529848000	319616
31.529858000	319616
31.529909000	309760
31.529912000	311168
31.529915000	312576
31.530159000	313984
31.530168000	315392
31.530172000	316800
31.530209000	318208
31.530213000	319616
31.530217000	321024
31.530256000	322432
31.530260000	323840
31.530263000	325248
31.530305000	326656
31.530308000	328064
31.530311000	329472
31.530357000	330880
31.530360000	332288
31.530744000	332288
31.530747000	333696
31.530755000	333696
31.530786000	328064
31.530789000	329472
31.530792000	330880
31.530841000	332288
31.530844000	333696
31.530847000	335104
31.530891000	336512
31.530894000	337920
31.530896000	339328
31.530944000	340736
31.530946000	342144
31.545849000	342144
31.545854000	343552
31.545865000	343552
31.545919000	328064
31.545922000	329472
31.545925000	330880
31.546018000	332288
31.546024000	333696
31.546027000	335104
31.546119000	336512
31.546124000	337920
31.546127000	339328
31.546156000	340736
31.546159000	342144
31.546162000	343552
31.546209000	344960
31.546212000	346368
31.546215000	347776
31.546263000	349184
31.546280000	350592
31.546284000	352000
31.546314000	353408
31.546317000	354816
31.546320000	356224
31.546366000	357632
31.546369000	359040
31.546372000	360448
31.546418000	361856
31.554825000	361856
31.554830000	363264
31.554841000	363264
31.554899000	340736
31.554903000	342144
31.554906000	343552
31.554997000	344960
31.555003000	346368
31.555006000	347776
31.555087000	349184
31.555094000	350592
31.555096000	352000
31.555178000	353408
31.555184000	354816
31.555187000	356224
31.555271000	357632
31.555277000	359040
31.555280000	360448
31.555362000	361856
31.555368000	363264
31.555371000	364672
31.555452000	366080
31.555458000	367488
31.555461000	368896
31.555493000	370304
31.555496000	371712
31.555499000	373120
31.555546000	374528
31.555549000	375936
31.555552000	377344
31.555599000	378752
31.555602000	380160
31.555607000	381568
31.555653000	382976
31.555655000	384384
31.555658000	385792
31.555707000	387200
31.555710000	388608
31.562792000	387200
31.562799000	388608
31.562803000	390016
31.562833000	391424
31.569771000	390016
31.569778000	391424
31.569783000	392832
31.569852000	378752
31.569856000	380160
31.569860000	381568
31.569899000	382976
31.569903000	384384
31.569907000	385792
31.569954000	387200
31.569958000	388608
31.569962000	390016
31.570010000	391424
31.570014000	392832
31.570018000	394240
31.570066000	395648
31.570070000	397056
31.570074000	398464
31.570122000	399872
31.570127000	401280
31.570131000	402688
31.570179000	404096
31.570183000	405504
31.570187000	406912
31.570231000	408320
31.570236000	409728
31.577699000	409728
31.577704000	411136
31.584767000	411136
31.584771000	412544
31.584781000	412544
31.585104000	401280
31.585108000	402688
31.585111000	404096
31.585186000	404096
31.585189000	405504
31.585192000	406912
31.585284000	408320
31.585291000	409728
31.585294000	411136
31.585353000	412544
31.585357000	413952
31.585360000	415360
31.585429000	416768
31.585433000	418176
31.585436000	419584
31.585480000	420992
31.585483000	422400
31.585486000	423808
31.585534000	425216
31.585537000	426624
31.585539000	428032
31.585732000	428032
31.585736000	429440
31.585751000	429440
31.585782000	423808
31.585854000	422400
31.585857000	423808
31.585860000	425216
31.585862000	426624
31.585892000	428032
31.585894000	429440
31.585897000	430848
31.585900000	432256
31.585944000	433664
31.585947000	435072
31.585950000	436480
31.585953000	437888
31.585998000	439296
31.586001000	440704
31.586663000	440704
31.586668000	442112
31.586680000	442112
31.586684000	443520
31.586711000	443520
31.586715000	444928
31.601871000	444928
31.601876000	446336
31.601888000	446336
31.601891000	447744
31.601948000	436480
31.601951000	437888
31.601954000	439296
31.601957000	440704
31.602045000	442112
31.602051000	443520
31.602054000	444928
31.602057000	446336
31.602139000	447744
31.602144000	449152
31.602147000	450560
31.602150000	451968
31.602231000	453376
31.602237000	454784
31.602240000	456192
31.602243000	457600
31.602325000	459008
31.602331000	460416
31.602742000	460416
31.602747000	461824
31.602758000	461824
31.602761000	463232
31.610701000	463232
31.610708000	464640
31.617869000	464640
31.617874000	466048
31.617884000	466048
31.617887000	467456
31.617930000	457600
31.617933000	459008
31.617943000	460416
31.617946000	461824
31.617982000	463232
31.617984000	464640
31.617987000	466048
31.617990000	467456
31.618034000	468864
31.618037000	470272
31.618040000	471680
31.618042000	473088
31.618085000	474496
31.618088000	475904
31.618091000	477312
31.618093000	478720
31.618710000	478720
31.618714000	480128
31.618724000	480128
31.618727000	481536
31.618756000	481536
31.618759000	482944
31.618866000	482944
31.618871000	484352
31.618880000	484352
31.618883000	485760
31.618912000	485760
31.618916000	487168
31.619797000	487168
31.619802000	488576
31.619817000	488576
31.619820000	489984
31.619843000	488576
31.619846000	489984
31.619849000	491392
31.619851000	492800
31.627805000	492800
31.627810000	494208
31.634739000	494208
31.634746000	495616
31.634760000	495616
31.634764000	497024
31.634822000	487168
31.634826000	488576
31.634830000	489984
31.634833000	491392
31.634873000	492800
31.634877000	494208
31.634880000	495616
31.634884000	497024
31.634929000	498432
31.634933000	499840
31.634937000	501248
31.634941000	502656
31.634984000	504064
31.634988000	505472
31.634992000	506880
31.634996000	508288
31.635662000	508288
31.635666000	509696
31.635677000	509696
31.635681000	511104
31.635807000	511104
31.635811000	512512
31.635823000	512512
31.635826000	513920
31.635860000	513920
31.635864000	515328
31.643773000	515328
31.643778000	516736
31.650815000	516736
31.650821000	518144
31.650831000	518144
31.650834000	519552
31.650875000	509696
31.650878000	511104
31.650881000	512512
31.650884000	513920
31.650973000	515328
31.650980000	516736
31.650983000	518144
31.650986000	519552
31.651070000	520960
31.651076000	522368
31.651080000	523776
31.651083000	525184
31.651164000	526592
31.651170000	528000
31.651174000	529291
31.674769000	496907
