7.476418000	1388
7.476429000	2776
7.476483000	4164
7.476488000	5552
7.476531000	6940
7.476533000	8328
7.476584000	9716
7.476587000	11104
7.476638000	12492
7.476641000	13880
7.554029000	13880
7.554032000	15268
7.554143000	15268
7.557802000	5552
7.557804000	6940
7.561478000	8328
7.561479000	9716
7.565143000	11104
7.565145000	12492
7.568811000	13880
7.568816000	15268
7.572438000	16656
7.572444000	18044
7.576083000	19432
7.576084000	20820
7.579764000	22208
7.579767000	23596
7.583392000	24984
7.583394000	26372
7.587061000	27760
7.609426000	27760
7.611261000	23596
7.611264000	24984
7.614913000	23596
7.614914000	24984
7.618570000	26372
7.618572000	27760
7.618604000	29148
7.622227000	19432
7.622230000	20820
7.625879000	15268
7.625881000	16656
7.629536000	18044
7.629538000	19432
7.633205000	20820
7.633210000	22208
7.636853000	23596
7.636856000	24984
7.640502000	26372
7.640504000	27760
7.644201000	29148
7.644206000	30536
7.647818000	31924
7.647820000	33312
7.651495000	34700
7.651497000	36088
7.655129000	37476
7.655130000	38864
7.679060000	38864
7.679065000	40252
7.680343000	31924
7.680347000	33312
7.680428000	34700
7.682617000	33312
7.682622000	34700
7.684702000	36088
7.684704000	37476
7.686816000	38864
7.686818000	40252
7.688929000	41640
7.688931000	43028
7.691043000	44416
7.691046000	45804
7.693156000	47192
7.693158000	48580
7.695299000	47192
7.695303000	48580
7.697426000	49968
7.697431000	51356
7.699504000	52744
7.699509000	54132
7.701617000	55520
7.707276000	55520
7.708340000	49968
7.708343000	51356
7.710452000	49968
7.710454000	51356
7.710489000	52744
7.712587000	54132
7.712589000	55520
7.714676000	56908
7.714678000	58296
7.716788000	59684
7.716790000	61072
7.719290000	61072
7.719300000	61072
7.724184000	61072
7.724194000	61072
7.734100000	61072
7.734186000	61072
7.735249000	59684
7.735252000	61072
7.760174000	61072
7.760189000	61072
7.761213000	47192
7.761214000	48580
7.763094000	49968
7.763096000	51356
7.764990000	52744
7.764992000	54132
7.766893000	55520
7.766898000	56908
7.766988000	58296
7.768773000	59684
7.768778000	61072
7.770621000	62460
7.770625000	63848
7.772495000	65236
7.772497000	66624
7.774376000	65236
7.774377000	66624
7.776284000	55520
7.776287000	56908
7.777732000	58296
7.777735000	59684
7.779205000	61072
7.779207000	62460
7.780673000	63848
7.780676000	65236
7.782175000	66624
7.782178000	68012
7.783615000	69400
7.783617000	70788
7.785087000	68012
7.785089000	69400
7.786532000	70788
7.786534000	72176
7.786554000	73564
7.787978000	74952
7.787980000	76340
7.789457000	77728
7.789462000	79116
7.790908000	80504
7.797285000	80504
7.798013000	73564
7.798015000	74952
7.799453000	76340
7.799454000	77728
7.800903000	79116
7.800906000	80504
7.802351000	79116
7.802355000	80504
7.803789000	81892
7.803791000	83280
7.805236000	84668
7.805238000	86056
7.806720000	87444
7.806725000	88832
7.809445000	88832
7.809454000	88832
7.810184000	87444
7.810187000	88832
7.814207000	87444
7.814919000	86056
7.814920000	87444
7.816298000	88832
7.816299000	90220
7.817681000	91608
7.819070000	90220
7.819746000	88832
7.819773000	90220
7.821061000	91608
7.821063000	92996
7.822375000	88832
7.822377000	90220
7.823686000	91608
7.823688000	92996
7.825002000	94384
7.825004000	95772
7.826315000	94384
7.826317000	95772
7.827629000	97160
7.831081000	95772
7.831740000	94384
7.831742000	95772
7.833038000	97160
7.835987000	95772
7.835991000	97160
7.836629000	95772
7.836631000	97160
7.837875000	98548
7.837876000	99936
7.839120000	101324
7.839121000	102712
7.840935000	99936
7.840938000	101324
7.841613000	94384
7.841615000	95772
7.842848000	97160
7.842850000	98548
7.844080000	99936
7.844081000	101324
7.845316000	102712
7.845905000	101324
7.846521000	102712
7.846522000	104100
7.847728000	105488
7.848856000	104100
7.849449000	105488
7.849450000	106876
7.850630000	108264
7.850995000	95772
7.850999000	97160
7.851607000	98548
7.851607000	99936
7.852584000	101324
7.852585000	102712
7.853583000	104100
7.853584000	105488
7.854538000	106876
7.854539000	108264
7.855516000	109652
7.855517000	111040
7.856494000	112428
7.856496000	113816
7.857469000	115204
7.857470000	116592
7.858449000	117980
7.858450000	119368
7.859424000	120756
7.859425000	122144
7.860994000	120756
7.860996000	122144
7.861487000	120756
7.861488000	122144
7.862508000	123532
7.862509000	124920
7.863474000	126308
7.863477000	127696
7.865901000	126308
7.866416000	124920
7.866418000	126308
7.867368000	127696
7.871270000	115204
7.871782000	116592
7.871784000	117980
7.872737000	119368
7.872739000	120756
7.873716000	122144
7.873717000	123532
7.874691000	124920
7.874692000	126308
7.875671000	127696
7.885938000	126308
7.886422000	124920
7.886424000	126308
7.887324000	127696
7.887329000	129084
7.888240000	130472
7.888242000	131860
7.889157000	130472
7.889159000	131860
7.890052000	133248
7.890053000	134636
7.890093000	136024
7.890999000	134636
7.891003000	136024
7.891778000	130472
7.891780000	131860
7.892528000	133248
7.892530000	134636
7.893298000	136024
7.893299000	137412
7.894070000	138800
7.894072000	140188
7.894844000	141576
7.894846000	142964
7.895643000	144352
7.895648000	145740
7.896389000	144352
7.896394000	145740
7.897196000	147128
7.897201000	148516
7.901132000	147128
7.901138000	148516
7.901553000	149904
7.901556000	151292
7.905992000	149904
7.905998000	151292
7.906027000	152680
7.906417000	154068
7.911060000	152680
7.911449000	151292
7.911451000	152680
7.912220000	154068
7.912221000	155456
7.912992000	156844
7.912993000	158232
7.913765000	159620
7.914509000	156844
7.914897000	158232
7.914898000	159620
7.915668000	161008
7.915670000	162396
7.916442000	163784
7.921032000	163784
7.928935000	163784
7.929098000	163784
7.929485000	159620
7.929486000	161008
7.930257000	162396
7.930259000	163784
7.934025000	163784
7.934041000	163784
7.934071000	162396
7.934464000	161008
7.934467000	162396
7.935237000	163784
7.962130000	163784
7.962510000	163784
7.962608000	163784
7.963279000	158232
7.963281000	159620
7.964051000	147128
7.964053000	148516
7.964822000	149904
7.964824000	151292
7.965595000	152680
7.965597000	154068
7.966371000	155456
7.966372000	156844
7.967139000	158232
7.967141000	159620
7.967909000	161008
7.967910000	162396
7.968688000	163784
7.969083000	162396
7.969474000	163784
7.969477000	165172
7.969511000	166560
7.970906000	166560
7.970919000	167948
7.971308000	169336
7.971310000	170724
7.972080000	172112
7.972082000	173500
7.972851000	174888
7.974023000	176276
7.974412000	177664
7.974414000	179052
7.975185000	180440
7.975187000	181828
7.975955000	183216
7.975956000	184604
7.976730000	185992
7.976731000	187380
7.977499000	188768
7.977501000	190156
7.978270000	191544
7.978272000	192932
7.979051000	194320
7.979053000	195708
7.979824000	197096
7.984109000	198484
7.984121000	199872
7.984512000	201260
7.984514000	202648
7.985282000	204036
7.985283000	205424
7.989155000	206812
7.989831000	208200
7.990222000	209588
7.990233000	210976
7.990994000	212364
7.990996000	213752
7.991765000	215140
7.991767000	216528
7.999056000	217916
7.999065000	219304
7.999453000	220692
8.000924000	222080
8.001314000	223468
8.004211000	224856
8.004601000	226244
8.004602000	227632
8.005373000	229020
8.005374000	230408
8.006146000	231796
8.006148000	233184
8.006185000	234572
8.006939000	235960
8.006941000	237348
8.007701000	238736
8.007703000	240124
8.009099000	241512
8.009114000	242900
8.009502000	244288
8.009504000	245676
8.010251000	247064
8.010253000	248452
8.010938000	249840
8.010940000	251228
8.011609000	252616
8.011610000	254004
8.012253000	255392
8.012255000	256780
8.012907000	258168
8.012909000	259556
8.013561000	260944
8.013563000	262332
8.014217000	263720
8.017104000	265108
8.017433000	266496
8.017435000	267884
8.017471000	269272
8.018089000	270660
8.018090000	272048
8.018755000	273436
8.018758000	274824
8.019373000	276212
8.019375000	277600
8.020016000	278988
8.021095000	280376
8.024426000	281764
8.024437000	283152
8.024742000	284540
8.024744000	285928
8.025337000	287316
8.025340000	288704
8.031012000	290092
8.031025000	291480
8.031326000	292868
8.031328000	294256
8.033975000	295644
8.033986000	297032
8.047387000	298420
8.047398000	299808
8.047699000	301196
8.047700000	302584
8.047702000	303972
8.048291000	305360
8.056005000	140188
8.056318000	140188
8.056319000	141576
8.056896000	142964
8.056898000	144352
8.057490000	145740
8.057492000	147128
8.058083000	148516
8.058085000	149904
8.058680000	151292
8.058683000	152680
8.059272000	151292
8.059275000	152680
8.059862000	145740
8.059864000	147128
8.060456000	148516
8.060458000	149904
8.061049000	151292
8.061050000	152680
8.061643000	154068
8.061645000	155456
8.062237000	156844
8.062240000	158232
8.062829000	159620
8.062830000	161008
8.062832000	162396
8.063425000	163784
8.063427000	165172
8.064017000	166560
8.064019000	167948
8.064608000	169336
8.064609000	170724
8.065202000	166560
8.065203000	167948
8.065794000	169336
8.065795000	170724
8.066390000	172112
8.066391000	172112
8.068966000	172112
8.068974000	173500
8.069273000	174888
8.069275000	176276
8.069867000	177664
8.087336000	179052
8.087636000	180440
8.087638000	181828
8.088228000	183216
8.088230000	184604
8.088823000	185992
8.088825000	187380
8.088826000	188768
8.089416000	190156
8.089418000	191544
8.090009000	192932
8.090010000	194320
8.090602000	195708
8.090603000	197096
8.091200000	198484
8.091202000	199872
8.091793000	201260
8.091796000	202648
8.092429000	204036
8.092431000	205424
8.092978000	206812
8.092979000	208200
8.093570000	209588
8.093573000	210976
8.094169000	212364
8.094172000	213752
8.094757000	215140
8.094792000	216528
8.095352000	217916
8.095355000	219304
8.095941000	220692
8.099063000	222080
8.099072000	223468
8.099372000	224856
8.100959000	226244
8.101263000	227632
8.103947000	229020
8.104248000	230408
8.104256000	231796
8.105870000	233184
8.105909000	234572
8.117032000	235960
8.117041000	237348
8.117343000	238736
8.117345000	240124
8.117935000	241512
8.117937000	242900
8.118528000	244288
8.118530000	245676
8.119119000	247064
8.119121000	248452
8.119712000	249840
8.119714000	251228
8.120305000	252616
8.120307000	254004
8.120899000	255392
8.120900000	256780
8.120902000	258168
8.121491000	259556
8.121493000	260944
8.122085000	262332
8.122086000	263720
8.122681000	265108
8.122683000	266496
8.123272000	267884
8.124166000	269272
8.136008000	270660
8.141132000	272048
8.141480000	273436
8.141482000	274824
8.149298000	276212
8.149343000	277600
8.149707000	278988
8.149757000	280376
8.150237000	281764
8.150238000	283152
8.150829000	284540
8.150830000	285928
8.155084000	287316
8.155094000	288704
8.155396000	290092
8.155397000	291480
8.155399000	292868
8.155988000	294256
8.155989000	295644
8.156582000	297032
8.156584000	298420
8.159057000	299808
8.159071000	301196
8.159371000	302584
8.159373000	303972
8.159964000	305360
8.174258000	305360
8.174584000	305360
8.179815000	141576
8.180118000	142964
8.180121000	144352
8.180713000	145740
8.180716000	147128
8.181302000	148516
8.181304000	149904
8.181900000	151292
8.181901000	152680
8.182488000	154068
8.182489000	155456
8.183091000	156844
8.183093000	158232
8.183095000	159620
8.183674000	161008
8.183676000	162396
8.184267000	163784
8.184268000	165172
8.184886000	166560
8.184888000	167948
8.185454000	169336
8.185455000	170724
8.186046000	172112
8.186048000	173500
8.186640000	174888
8.186642000	176276
8.187241000	177664
8.187245000	179052
8.187840000	180440
8.187846000	181828
8.188423000	183216
8.188427000	184604
8.189016000	185992
8.189019000	187380
8.189660000	188768
8.189665000	190156
8.190204000	191544
8.190208000	192932
8.190210000	194320
8.190833000	195708
8.190838000	197096
8.191396000	198484
8.191401000	199872
8.192022000	201260
8.192027000	202648
8.192584000	204036
8.192589000	205424
8.193169000	206812
8.193174000	208200
8.193761000	209588
8.193764000	210976
8.194353000	212364
8.194356000	213752
8.194946000	215140
8.194949000	216528
8.195536000	217916
8.195538000	219304
8.196132000	220692
8.196135000	222080
8.201127000	223468
8.201133000	224856
8.201435000	226244
8.201437000	227632
8.209476000	229020
8.209779000	230408
8.209781000	231796
8.210369000	233184
8.210371000	234572
8.210987000	235960
8.210993000	237348
8.211562000	238736
8.211565000	240124
8.212183000	241512
8.212213000	242900
8.212793000	244288
8.212797000	245676
8.213388000	247064
8.213393000	248452
8.213936000	249840
8.221997000	251228
8.222304000	252616
8.222306000	254004
8.222890000	255392
8.222892000	256780
8.223489000	258168
8.223493000	259556
8.224077000	260944
8.224078000	262332
8.224670000	263720
8.226075000	265108
8.237056000	266496
8.237356000	267884
8.237357000	269272
8.237950000	270660
8.237953000	272048
8.238546000	273436
8.238549000	274824
8.239137000	276212
8.239139000	277600
8.239731000	278988
8.239733000	280376
8.240321000	281764
8.240323000	283152
8.240918000	284540
8.240920000	285928
8.241510000	287316
8.241512000	288704
8.242100000	290092
8.242102000	291480
8.242694000	292868
8.242695000	294256
8.243287000	295644
8.243288000	297032
8.243880000	298420
8.243882000	299808
8.243883000	301196
8.244474000	302584
8.244475000	303972
8.245094000	305360
8.245095000	306748
8.245673000	308136
8.245675000	309524
8.247228000	310912
8.247302000	312300
8.247607000	313688
8.247610000	315076
8.248199000	316464
8.248202000	317852
8.248790000	319240
8.248791000	320628
8.249382000	322016
8.249384000	323404
8.251073000	324792
8.251087000	326180
8.261020000	327568
8.261034000	328956
8.261386000	330344
8.261389000	331732
8.266077000	333120
8.281168000	334508
8.281183000	335896
8.284558000	337284
8.284569000	338672
8.285094000	340060
8.285104000	341448
8.285462000	342836
8.285464000	344224
8.288972000	345612
8.295221000	345612
8.295520000	208200
8.299660000	208200
8.299963000	204036
8.299965000	205424
8.300551000	191544
8.300553000	192932
8.301144000	188768
8.301146000	190156
8.301737000	191544
8.301738000	192932
8.302330000	194320
8.302332000	195708
8.302924000	197096
8.302925000	198484
8.303515000	194320
8.303517000	195708
8.303518000	197096
8.304108000	198484
8.304110000	199872
8.304701000	201260
8.304703000	202648
8.305295000	204036
8.305296000	205424
8.305887000	206812
8.305889000	208200
8.306483000	206812
8.306485000	208200
8.307944000	208200
8.307956000	208200
8.308257000	206812
8.308260000	208200
8.310985000	208200
8.310998000	208200
8.311298000	203551
