12.784462000	1388
12.784472000	2776
12.784503000	4164
12.784506000	5552
12.784567000	6940
12.784573000	8328
12.784649000	9716
12.784654000	11104
12.784732000	12492
12.784736000	13880
12.824171000	13880
12.827347000	13880
12.827351000	15268
12.830457000	13880
12.830461000	15268
12.833600000	8328
12.833603000	9716
12.836739000	11104
12.836743000	12492
12.839878000	13880
12.839882000	15268
12.843047000	16656
12.843051000	18044
12.846187000	19432
12.846191000	20820
12.849327000	22208
12.849331000	23596
12.849403000	24984
12.852467000	26372
12.852471000	27760
12.859031000	27760
12.859037000	29148
12.864243000	29148
12.864247000	30536
12.865639000	27760
12.865643000	29148
12.868193000	30536
12.868197000	31924
12.870826000	30536
12.870830000	31924
12.873408000	33312
12.873412000	34700
12.875986000	33312
12.875989000	34700
12.878537000	36088
12.878542000	37476
12.881145000	38864
12.881151000	40252
12.884054000	40252
12.884058000	41640
12.886272000	41640
12.886276000	43028
12.889107000	43028
12.890401000	36088
12.890404000	37476
12.893040000	38864
12.893043000	40252
12.895563000	38864
12.895566000	40252
12.897950000	41640
12.897954000	43028
12.900284000	44416
12.900288000	45804
12.902682000	47192
12.929047000	47192
12.930255000	47192
12.930259000	48580
12.932590000	49968
12.934070000	49968
12.935286000	49968
12.937090000	49968
12.938251000	13880
12.938254000	15268
12.939332000	15268
12.939333000	16656
12.940438000	18044
12.940442000	19432
12.940517000	20820
12.941484000	22208
12.941488000	23596
12.942550000	24984
12.942553000	26372
12.943653000	27760
12.943657000	29148
12.944724000	29148
12.944728000	30536
12.945767000	31924
12.945770000	33312
12.946898000	34700
12.946902000	36088
12.947958000	37476
12.947962000	38864
12.949014000	40252
12.949018000	41640
12.950085000	43028
12.950089000	44416
12.951154000	45804
12.951158000	47192
12.952226000	48580
12.952230000	49968
12.953302000	51356
12.953305000	52744
12.954374000	54132
12.954379000	55520
12.954416000	56908
12.955442000	58296
12.955446000	59684
12.956540000	61072
12.956550000	62460
12.957588000	63848
12.957592000	65236
12.958626000	66624
12.958629000	68012
12.959727000	69400
12.959731000	70788
12.960799000	72176
12.960803000	73564
12.961871000	74952
12.961874000	76340
12.962942000	77728
12.962946000	79116
12.964014000	80504
12.964018000	81892
12.965075000	83280
12.965079000	84668
12.966131000	86056
12.969072000	84668
12.969645000	83280
12.969649000	84668
12.969720000	86056
12.970707000	84668
12.970710000	86056
12.971789000	87444
12.971792000	88832
12.972860000	90220
12.972864000	91608
12.973932000	92996
12.973936000	94384
12.975029000	91608
12.975033000	92996
12.976045000	94384
12.976049000	95772
12.977146000	97160
12.977150000	98548
12.979011000	98548
12.979016000	99936
12.979588000	99936
12.980056000	99936
12.980661000	95772
12.980665000	97160
12.981732000	98548
12.981736000	99936
12.984118000	99936
12.984128000	99936
12.987048000	99936
12.987612000	95772
12.987615000	97160
12.988691000	98548
12.988696000	99936
12.989763000	98548
12.989767000	99936
12.991089000	98548
12.991093000	99936
12.991908000	87444
12.991912000	88832
12.992936000	90220
12.992940000	91608
12.993893000	92996
12.993896000	94384
12.994883000	90220
12.994887000	91608
12.995857000	92996
12.995861000	94384
12.996800000	95772
12.996804000	97160
12.997741000	95772
12.997745000	97160
12.998648000	98548
12.998652000	99936
12.998727000	101324
12.999574000	97160
12.999577000	98548
13.000445000	99936
13.000449000	101324
13.001288000	88832
13.001292000	90220
13.002135000	91608
13.002139000	92996
13.002921000	94384
13.002925000	95772
13.003681000	97160
13.003685000	98548
13.004458000	94384
13.004461000	95772
13.005229000	97160
13.005233000	98548
13.005961000	99936
13.005964000	101324
13.006719000	102712
13.006722000	104100
13.007513000	105488
13.007517000	106876
13.008277000	108264
13.008280000	109652
13.008317000	111040
13.009014000	109652
13.009017000	111040
13.009500000	106876
13.009504000	108264
13.009952000	109652
13.009955000	111040
13.010424000	112428
13.010428000	113816
13.010951000	115204
13.010955000	116592
13.011362000	104100
13.011364000	105488
13.011766000	106876
13.011771000	108264
13.012177000	109652
13.012180000	111040
13.012576000	112428
13.012579000	113816
13.012976000	115204
13.012979000	116592
13.013400000	117980
13.013402000	119368
13.013802000	120756
13.013804000	122144
13.013805000	123532
13.014183000	120756
13.014185000	122144
13.014587000	123532
13.014589000	124920
13.014992000	126308
13.014994000	127696
13.015395000	129084
13.015396000	130472
13.015800000	131860
13.015802000	133248
13.016223000	134636
13.016224000	136024
13.016628000	137412
13.016630000	138800
13.017029000	140188
13.017031000	141576
13.017433000	142964
13.017434000	144352
13.017837000	145740
13.017838000	147128
13.018239000	148516
13.018241000	149904
13.018623000	151292
13.018625000	152680
13.018626000	154068
13.019045000	152680
13.019047000	154068
13.019432000	155456
13.019434000	156844
13.019837000	158232
13.019840000	159620
13.020269000	161008
13.020287000	162396
13.020673000	163784
13.020675000	165172
13.021070000	165172
13.021072000	166560
13.021447000	161008
13.021449000	162396
13.021871000	163784
13.021873000	165172
13.022280000	166560
13.022294000	167948
13.022656000	169336
13.022658000	170724
13.023083000	172112
13.023085000	173500
13.023469000	174888
13.023471000	176276
13.023983000	176276
13.024187000	176276
13.024188000	177664
13.024612000	179052
13.027068000	179052
13.027273000	180440
13.029062000	180440
13.029266000	180440
13.029268000	181828
13.029702000	183216
13.034048000	183216
13.034253000	183216
13.034255000	184604
13.034655000	185992
13.039025000	185992
13.039229000	185992
13.039231000	187380
13.039634000	188768
13.041081000	188768
13.041314000	185992
13.041316000	187380
13.041694000	187380
13.041697000	188768
13.042095000	187380
13.042097000	188768
13.042098000	190156
13.042498000	177664
13.042500000	179052
13.042902000	180440
13.042905000	181828
13.043305000	183216
13.043307000	184604
13.043710000	185992
13.043713000	187380
13.044116000	188768
13.044119000	190156
13.044516000	188768
13.044518000	190156
13.044921000	191544
13.044923000	192932
13.045323000	194320
13.045325000	195708
13.045727000	197096
13.045730000	198484
13.046129000	199872
13.046132000	201260
13.046531000	202648
13.046533000	204036
13.046956000	205424
13.046958000	206812
13.047337000	192932
13.047339000	194320
13.047340000	195708
13.047739000	188768
13.047741000	190156
13.048144000	191544
13.048146000	192932
13.048548000	194320
13.048550000	195708
13.048954000	197096
13.048956000	198484
13.049360000	197096
13.049363000	198484
13.049761000	199872
13.049763000	201260
13.050163000	202648
13.050165000	204036
13.050566000	205424
13.050568000	206812
13.050970000	208200
13.050972000	209588
13.051372000	202648
13.051373000	204036
13.051775000	205424
13.051777000	206812
13.052179000	199872
13.052181000	201260
13.052182000	202648
13.052568000	204036
13.052571000	205424
13.052954000	206812
13.052956000	208200
13.053342000	209588
13.053343000	210976
13.053729000	212364
13.053731000	213752
13.054117000	212364
13.054118000	213752
13.054505000	215140
13.054506000	216528
13.054914000	217916
13.054916000	219304
13.055302000	220692
13.055304000	222080
13.055691000	223468
13.055693000	224856
13.056059000	226244
13.056061000	227632
13.056449000	229020
13.056452000	230408
13.056835000	231796
13.056837000	233184
13.056854000	234572
13.057219000	213752
13.057220000	215140
13.057600000	210976
13.057602000	212364
13.057964000	213752
13.057966000	215140
13.058327000	216528
13.058329000	217916
13.058713000	219304
13.058715000	220692
13.059058000	216528
13.059060000	217916
13.059430000	219304
13.059431000	220692
13.059759000	222080
13.059761000	223468
13.060134000	224856
13.060135000	226244
13.060465000	227632
13.060467000	229020
13.060817000	230408
13.060820000	231796
13.061169000	233184
13.061171000	234572
13.061173000	235960
13.061521000	237348
13.061523000	238736
13.061874000	240124
13.061876000	241512
13.062223000	220692
13.062226000	222080
13.062547000	223468
13.062549000	224856
13.062869000	226244
13.062871000	227632
13.063189000	229020
13.063191000	230408
13.063512000	231796
13.063515000	233184
13.063833000	234572
13.063835000	235960
13.064414000	237348
13.064416000	238736
13.064577000	237348
13.064579000	238736
13.064896000	240124
13.064898000	241512
13.065218000	242900
13.065220000	244288
13.065221000	245676
13.065539000	247064
13.065550000	248452
13.065860000	249840
13.065862000	251228
13.066182000	252616
13.066183000	254004
13.066503000	255392
13.066504000	256780
13.066846000	258168
13.066848000	259556
13.067167000	260944
13.067169000	262332
13.067494000	263720
13.067496000	265108
13.067794000	266496
13.067796000	267884
13.068115000	269272
13.068118000	270660
13.068434000	272048
13.068435000	273436
13.068753000	274824
13.068755000	276212
13.069075000	272048
13.069076000	273436
13.069077000	274824
13.069395000	276212
13.069396000	277600
13.069718000	278988
13.069720000	280376
13.070041000	281764
13.070043000	283152
13.070362000	284540
13.070363000	285928
13.070683000	287316
13.070686000	288704
13.071005000	290092
13.071006000	291480
13.071324000	292868
13.071326000	294256
13.071647000	295644
13.071648000	297032
13.071970000	298420
13.071972000	299808
13.072291000	301196
13.072293000	302584
13.072611000	303972
13.072613000	305360
13.072932000	306748
13.072933000	308136
13.072934000	309524
13.073253000	297032
13.073255000	298420
13.073565000	299808
13.073566000	301196
13.073878000	302584
13.073880000	303972
13.074186000	299808
13.074188000	301196
13.074498000	302584
13.074499000	303972
13.074814000	305360
13.074816000	306748
13.075125000	308136
13.075128000	309524
13.075432000	310912
13.075434000	312300
13.075742000	313688
13.075743000	315076
13.076052000	316464
13.076054000	317852
13.076364000	319240
13.076366000	320628
13.076675000	322016
13.076677000	323404
13.076678000	324792
13.076987000	326180
13.076989000	327568
13.077296000	295644
13.077297000	297032
13.077547000	298420
13.077548000	299808
13.077801000	301196
13.077803000	302584
13.078054000	303972
13.078055000	305360
13.078324000	306748
13.078326000	308136
13.078559000	309524
13.078561000	310912
13.078808000	312300
13.078809000	313688
13.079062000	309524
13.079064000	310912
13.079317000	312300
13.079319000	313688
13.079568000	315076
13.079570000	316464
13.079820000	317852
13.079822000	319240
13.080072000	320628
13.080074000	322016
13.080076000	323404
13.080322000	324792
13.080324000	326180
13.080573000	327568
13.080575000	328956
13.080825000	330344
13.080827000	331732
13.081078000	333120
13.081079000	334508
13.081330000	335896
13.081331000	337284
13.081582000	338672
13.081583000	340060
13.081834000	341448
13.081835000	342836
13.082086000	344224
13.082087000	345612
13.082338000	347000
13.082340000	348388
13.082590000	349776
13.082592000	351164
13.082842000	352552
13.082844000	353940
13.083099000	355328
13.083101000	356716
13.083103000	358104
13.083348000	359492
13.083350000	360880
13.083599000	362268
13.083600000	363656
13.083851000	365044
13.083852000	366432
13.084116000	356716
13.084117000	358104
13.084356000	356716
13.084358000	358104
13.084604000	359492
13.084606000	360880
13.084845000	362268
13.084846000	363656
13.085090000	365044
13.085091000	366432
13.085334000	367820
13.085336000	369208
13.085583000	370596
13.085584000	371984
13.085826000	373372
13.085827000	374760
13.086069000	376148
13.086071000	377536
13.086072000	378924
13.086316000	380312
13.086318000	381700
13.086559000	383088
13.086982000	381700
13.087109000	380312
13.087112000	381700
13.087351000	383088
13.087354000	384476
13.087593000	385864
13.087595000	387252
13.087835000	388640
13.089003000	387252
13.089129000	383088
13.089132000	384476
13.089365000	385864
13.089368000	387252
13.089611000	388640
13.089614000	390028
13.089837000	391416
13.089838000	392804
13.090072000	394192
13.090073000	395580
13.090331000	396968
13.092027000	395580
13.092031000	396968
13.092153000	390028
13.092154000	391416
13.092386000	392804
13.092387000	394192
13.092621000	395580
13.092623000	396968
13.092855000	398356
13.092858000	399744
13.093087000	401132
13.093088000	402520
13.093318000	403908
13.093320000	405296
13.093551000	406684
13.093553000	408072
13.094012000	406684
13.094016000	408072
13.094137000	406684
13.094139000	408072
13.094368000	409460
13.094370000	410848
13.094598000	412236
13.094599000	413624
13.096081000	412236
13.096085000	413624
13.096088000	415012
13.096209000	402520
13.096211000	403908
13.096440000	405296
13.096442000	406684
13.096672000	408072
13.096674000	409460
13.096902000	410848
13.096904000	412236
13.097133000	408072
13.097134000	409460
13.097365000	410848
13.097366000	412236
13.097596000	413624
13.097598000	415012
13.097828000	416400
13.097830000	417788
13.098059000	419176
13.098061000	420564
13.098298000	421952
13.098300000	423340
13.098525000	424728
13.098527000	426116
13.098757000	427504
13.098759000	428892
13.098761000	430280
13.098987000	431668
13.098989000	433056
13.099218000	428892
13.099220000	430280
13.099448000	431668
13.099450000	433056
13.099676000	434444
13.099678000	435832
13.099906000	437220
13.099908000	438608
13.100134000	439996
13.102063000	438608
13.102182000	426116
13.102184000	427504
13.102411000	423340
13.102413000	424728
13.102641000	426116
13.102643000	427504
13.102867000	428892
13.102868000	430280
13.103096000	431668
13.103097000	433056
13.103325000	434444
13.103327000	435832
13.103328000	437220
13.103556000	438608
13.103557000	439996
13.103785000	441384
13.103786000	442772
13.104015000	444160
13.104016000	445548
13.104243000	442772
13.104245000	444160
13.104473000	445548
13.104475000	446936
13.104703000	448324
13.104704000	449712
13.106024000	449712
13.106034000	449712
13.106153000	446936
13.106154000	448324
13.106381000	449712
13.107080000	449712
13.107198000	444160
13.107200000	445548
13.107427000	441384
13.107429000	442772
13.107653000	444160
13.107656000	445548
13.107657000	446936
13.107877000	448324
13.107880000	449712
13.108101000	451100
13.108103000	452488
13.108325000	453876
13.108327000	455264
13.108548000	456652
13.109048000	456652
13.109163000	456652
13.109165000	458040
13.112137000	458040
13.112151000	458040
13.112267000	453876
13.112269000	455264
13.112491000	456652
13.112493000	458040
13.114073000	458040
13.114083000	458040
13.116054000	458040
13.116064000	458040
13.116180000	455264
13.116182000	456652
13.116404000	458040
13.119060000	458040
13.119071000	458040
13.119186000	458040
13.122020000	458040
13.124035000	458040
13.124045000	458040
13.126034000	458040
13.126072000	458040
13.126188000	453876
13.126190000	455264
13.126412000	456652
13.126414000	458040
13.127076000	458040
13.127084000	458040
13.127199000	453876
13.127201000	455264
13.127424000	445548
13.127425000	446936
13.127646000	434444
13.127648000	435832
13.127871000	434444
13.127873000	435832
13.128097000	437220
13.128099000	438123
13.137267000	385379
13.142965000	385379
13.156032000	385379
13.166139000	385379
13.166145000	385379
13.184768000	385379
13.184774000	385379
