16.980785000	1408
16.980795000	2816
16.980871000	4224
16.980880000	5632
16.980909000	7040
16.980912000	8448
16.980962000	9856
16.980965000	11264
16.981030000	12672
16.981034000	14080
17.039967000	14080
17.039973000	15488
17.040077000	14080
17.040080000	15488
17.040139000	16896
17.040142000	18304
17.047095000	18304
17.047113000	18304
17.047128000	18304
17.047214000	11264
17.047217000	12672
17.047253000	14080
17.047256000	15488
17.047351000	16896
17.047356000	18304
17.047439000	19712
17.047445000	21120
17.047527000	22528
17.099965000	22528
17.099970000	23936
17.100004000	23936
17.100008000	25344
17.107078000	25344
17.107086000	26752
17.107277000	15488
17.107282000	16896
17.107365000	18304
17.107371000	19712
17.107453000	21120
17.107460000	22528
17.107500000	23936
17.107504000	25344
17.107555000	26752
17.107559000	28160
17.107611000	29568
17.107615000	30976
17.107668000	32384
17.107673000	33792
17.107721000	35200
17.107725000	36608
17.107775000	38016
17.107779000	39424
17.107981000	39424
17.107985000	40832
17.108019000	38016
17.108022000	39424
17.108092000	40832
17.108099000	42240
17.108127000	43648
17.108130000	45056
17.140018000	45056
17.140023000	46464
17.140051000	45056
17.140054000	46464
17.140102000	47872
17.140105000	49280
17.146931000	49280
17.146937000	50688
17.155016000	50688
17.155021000	52096
17.161991000	52096
17.161996000	53504
17.162138000	46464
17.162142000	47872
17.163081000	45056
17.163086000	46464
17.163115000	42240
17.163118000	43648
17.163215000	45056
17.163221000	46464
17.163305000	47872
17.163311000	49280
17.163392000	50688
17.163398000	52096
17.163481000	53504
17.163489000	54912
17.163525000	56320
17.163529000	57728
17.163576000	59136
17.163578000	60544
17.163631000	61952
17.163635000	63360
17.163687000	64768
17.163691000	66176
17.163743000	67584
17.163747000	68992
17.163796000	70400
17.163800000	71808
17.180035000	71808
17.180043000	73216
17.180202000	71808
17.180207000	73216
17.180264000	74624
17.180268000	76032
17.187001000	76032
17.187006000	77440
17.187051000	66176
17.187054000	67584
17.187102000	64768
17.187105000	66176
17.187155000	67584
17.187159000	68992
17.187206000	70400
17.187209000	71808
17.187260000	73216
17.187262000	74624
17.187312000	76032
17.187315000	77440
17.187368000	78848
17.187371000	80256
17.187418000	81664
17.187421000	83072
17.187471000	84480
17.187474000	85888
17.187524000	87296
17.187527000	88704
17.187577000	90112
17.187589000	91520
17.187630000	92928
17.187633000	94336
17.187903000	94336
17.187906000	95744
17.187947000	90112
17.187950000	91520
17.188057000	92928
17.188064000	94336
17.188093000	95744
17.188096000	97152
17.188143000	98560
17.188146000	99968
17.188197000	101376
17.188199000	102784
17.189020000	102784
17.189025000	104192
17.199966000	102784
17.199971000	104192
17.199986000	102784
17.200001000	104192
17.200004000	105600
17.200007000	107008
17.200094000	108416
17.200099000	109824
17.220001000	109824
17.220006000	111232
17.220043000	109824
17.220046000	111232
17.220142000	112640
17.220148000	114048
17.227038000	114048
17.227043000	115456
17.227113000	101376
17.227119000	102784
17.227183000	102784
17.227187000	104192
17.227237000	105600
17.227241000	107008
17.227281000	108416
17.227284000	109824
17.227380000	111232
17.227386000	112640
17.227467000	114048
17.227473000	115456
17.227554000	116864
17.227560000	118272
17.227595000	119680
17.227598000	121088
17.227649000	122496
17.227652000	123904
17.227702000	125312
17.227705000	126720
17.227756000	128128
17.227759000	129536
17.227810000	130944
17.227813000	132352
17.227999000	132352
17.228003000	133760
17.228043000	123904
17.228047000	125312
17.228095000	126720
17.228098000	128128
17.228150000	129536
17.228153000	130944
17.228204000	132352
17.228207000	133760
17.228259000	135168
17.228262000	136576
17.228311000	137984
17.228314000	139392
17.228365000	140800
17.228368000	142208
17.228419000	143616
17.228422000	145024
17.236948000	143616
17.236954000	145024
17.236957000	146432
17.236988000	136576
17.236992000	137984
17.237004000	139392
17.237046000	140800
17.237051000	142208
17.237054000	143616
17.237137000	145024
17.237142000	146432
17.237145000	147840
17.237229000	149248
17.237235000	150656
17.237238000	152064
17.237319000	153472
17.237325000	154880
17.237327000	156288
17.237402000	157696
17.237409000	159104
17.259979000	157696
17.259985000	159104
17.259988000	160512
17.260172000	153472
17.260176000	154880
17.260179000	156288
17.260235000	157696
17.260238000	159104
17.260241000	160512
17.260334000	161920
17.260341000	163328
17.260344000	164736
17.260380000	166144
17.260384000	167552
17.260388000	168960
17.260436000	170368
17.267089000	168960
17.267094000	170368
17.267097000	171776
17.267153000	142208
17.267157000	143616
17.267160000	145024
17.267203000	146432
17.267206000	147840
17.267209000	149248
17.267256000	150656
17.267258000	152064
17.267261000	153472
17.267307000	154880
17.267310000	156288
17.267313000	157696
17.267360000	159104
17.267362000	160512
17.267365000	161920
17.267412000	163328
17.267415000	164736
17.267417000	166144
17.267464000	167552
17.267467000	168960
17.267470000	170368
17.267517000	171776
17.267519000	173184
17.267522000	174592
17.267569000	176000
17.267571000	177408
17.267574000	178816
17.267622000	180224
17.267625000	181632
17.267627000	183040
17.267673000	184448
17.267676000	185856
17.267679000	187264
17.267776000	188672
17.267782000	190080
17.267785000	191488
17.267873000	192896
17.267879000	194304
17.267881000	195712
17.267974000	194304
17.267979000	195712
17.267982000	197120
17.268011000	195712
17.268014000	197120
17.268017000	198528
17.268110000	197120
17.268116000	198528
17.268119000	199936
17.268158000	201344
17.268161000	202752
17.268164000	204160
17.268204000	205568
17.268207000	206976
17.268210000	208384
17.268255000	209792
17.268258000	211200
17.268261000	212608
17.279903000	212608
17.279908000	214016
17.279919000	214016
17.280138000	214016
17.280141000	215424
17.280144000	216832
17.287019000	216832
17.287026000	218240
17.287040000	218240
17.287106000	206976
17.287110000	208384
17.287114000	209792
17.287161000	211200
17.287165000	212608
17.287169000	214016
17.287215000	215424
17.287219000	216832
17.287223000	218240
17.287271000	219648
17.287275000	221056
17.287278000	222464
17.287327000	223872
17.287331000	225280
17.287334000	226688
17.287383000	228096
17.287387000	229504
17.287391000	230912
17.287439000	232320
17.287927000	232320
17.287931000	233728
17.296061000	233728
17.296066000	235136
17.303015000	235136
17.303020000	236544
17.303030000	236544
17.303071000	226688
17.303074000	228096
17.303077000	229504
17.303169000	230912
17.303175000	232320
17.303178000	233728
17.303261000	235136
17.303267000	236544
17.303270000	237952
17.303353000	239360
17.303359000	240768
17.303362000	242176
17.303443000	243584
17.303449000	244992
17.303452000	246400
17.303533000	247808
17.303540000	249216
17.303905000	249216
17.303910000	250624
17.303920000	250624
17.303938000	252032
17.311917000	252032
17.311922000	253440
17.319098000	253440
17.319103000	254848
17.319113000	254848
17.319148000	247808
17.319151000	249216
17.319154000	250624
17.319245000	252032
17.319252000	253440
17.319255000	254848
17.319341000	256256
17.319348000	257664
17.319352000	259072
17.319387000	260480
17.319392000	261888
17.319396000	263296
17.319442000	264704
17.319998000	264704
17.320003000	266112
17.320013000	266112
17.320043000	261888
17.320046000	263296
17.320049000	264704
17.320141000	266112
17.320147000	267520
17.320150000	268928
17.320182000	270336
17.320185000	271744
17.320188000	273152
17.320882000	273152
17.320885000	274560
17.320895000	274560
17.320921000	274560
17.320924000	275968
17.320927000	277376
17.328991000	277376
17.329006000	278784
17.344125000	278784
17.344130000	280192
17.344140000	280192
17.344518000	260480
17.344524000	261888
17.344528000	263296
17.344586000	264704
17.344591000	266112
17.344594000	267520
17.344660000	268928
17.344663000	270336
17.344666000	271744
17.344735000	273152
17.344738000	274560
17.344741000	275968
17.344786000	277376
17.344789000	278784
17.344792000	280192
17.344839000	281600
17.344842000	283008
17.344845000	284416
17.344893000	285824
17.344896000	287232
17.344899000	288640
17.344954000	290048
17.344957000	291456
17.344960000	292864
17.345021000	294272
17.345025000	295680
17.345028000	297088
17.345086000	298496
17.345092000	299904
17.345094000	301312
17.345122000	302720
17.360094000	302720
17.360100000	304128
17.367170000	304128
17.367176000	305536
17.367186000	305536
17.367241000	285824
17.367244000	287232
17.367247000	288640
17.367339000	290048
17.367345000	291456
17.367348000	292864
17.367422000	294272
17.367428000	295680
17.367431000	297088
17.367513000	298496
17.367519000	299904
17.367522000	301312
17.367604000	302720
17.367610000	304128
17.367614000	305536
17.367702000	306944
17.367708000	308352
17.367711000	309760
17.367749000	311168
17.367753000	312576
17.367756000	313984
17.367794000	315392
17.367796000	316800
17.367800000	318208
17.367846000	319616
17.367849000	321024
17.367851000	322432
17.367898000	323840
17.367901000	325248
17.367904000	326656
17.367951000	328064
17.368072000	326656
17.368075000	328064
17.368078000	329472
17.368113000	313984
17.368116000	315392
17.368119000	316800
17.368166000	318208
17.368168000	319616
17.368171000	321024
17.368219000	322432
17.368222000	323840
17.368225000	325248
17.368270000	326656
17.368273000	328064
17.368276000	329472
17.368326000	330880
17.368330000	332288
17.368334000	333696
17.368378000	335104
17.368382000	336512
17.368386000	337920
17.368431000	339328
17.368435000	340736
17.368439000	342144
17.368488000	343552
17.368492000	344960
17.368495000	346368
17.368536000	347776
17.368957000	346368
17.368962000	347776
17.368966000	349184
17.369078000	342144
17.369082000	343552
17.369086000	344960
17.369123000	346368
17.369127000	347776
17.369131000	349184
17.369176000	350592
17.369180000	352000
17.369183000	353408
17.369229000	354816
17.369233000	356224
17.369237000	357632
17.369283000	359040
17.400003000	357632
17.400007000	359040
17.400010000	360448
17.400055000	359040
17.400058000	360448
17.400062000	361856
17.400144000	363264
17.400150000	364672
17.407073000	363264
17.407078000	364672
17.407081000	366080
17.407515000	349184
17.407520000	350592
17.407523000	352000
17.407571000	353408
17.407574000	354816
17.407577000	356224
17.407670000	357632
17.407676000	359040
17.407679000	360448
17.407763000	361856
17.407769000	363264
17.407773000	364672
17.407804000	366080
17.407807000	367488
17.407810000	368896
17.407857000	370304
17.407860000	371712
17.407863000	373120
17.407923000	371712
17.407929000	373120
17.407933000	374528
17.408870000	350592
17.408875000	352000
17.408878000	353408
17.408918000	349184
17.408922000	350592
17.408926000	352000
17.408971000	353408
17.408975000	354816
17.408979000	356224
17.409053000	357632
17.409057000	359040
17.409061000	360448
17.409104000	361856
17.409108000	363264
17.409112000	364672
17.409156000	366080
17.409161000	367488
17.409164000	368896
17.409211000	370304
17.409215000	371712
17.409219000	373120
17.409265000	374528
17.409270000	375936
17.409273000	377344
17.409319000	378752
17.409323000	380160
17.409327000	381568
17.409373000	382976
17.409377000	384384
17.409381000	385792
17.409427000	387200
17.409431000	388608
17.409435000	390016
17.409481000	391424
17.409484000	392832
17.409488000	394240
17.409535000	395648
17.409539000	397056
17.409543000	398464
17.409589000	399872
17.409593000	401280
17.409597000	402688
17.409643000	404096
17.409647000	405504
17.409651000	406912
17.409698000	408320
17.409702000	409728
17.409706000	411136
17.409752000	412544
17.409755000	413952
17.409759000	415360
17.409806000	416768
17.409810000	418176
17.409814000	419584
17.419979000	418176
17.419984000	419584
17.419987000	420992
17.420022000	413952
17.420025000	415360
17.420028000	416768
17.420121000	418176
17.420127000	419584
17.420131000	420992
17.420213000	422400
17.420218000	423808
17.420221000	425216
17.420303000	426624
17.420309000	428032
17.420312000	429440
17.420393000	430848
17.427045000	429440
17.427052000	430848
17.427056000	432256
17.427087000	430848
17.427105000	432256
17.427110000	433664
17.427138000	435072
17.427142000	436480
17.434983000	435072
17.434988000	436480
17.434990000	437888
17.435029000	439296
17.441989000	437888
17.441994000	439296
17.441997000	440704
17.442030000	430848
17.442033000	432256
17.442036000	433664
17.442079000	435072
17.442082000	436480
17.442085000	437888
17.442131000	439296
17.442134000	440704
17.442136000	442112
17.442184000	443520
17.442187000	444928
17.442190000	446336
17.442236000	447744
17.442238000	449152
17.442241000	450560
17.442289000	451968
17.442292000	453376
17.442911000	451968
17.442915000	453376
17.442917000	454784
17.442951000	456192
17.457997000	454784
17.458002000	456192
17.458005000	457600
17.458055000	433664
17.458058000	435072
17.458061000	436480
17.458155000	437888
17.458161000	439296
17.458165000	440704
17.458244000	442112
17.458250000	443520
17.458253000	444928
17.458334000	446336
17.458341000	447744
17.458344000	449152
17.458425000	450560
17.458431000	451968
17.458434000	453376
17.458516000	454784
17.458522000	456192
17.458525000	457600
17.458606000	459008
17.458612000	460416
17.458615000	461824
17.458647000	463232
17.458650000	464640
17.458653000	466048
17.458700000	467456
17.458703000	468864
17.458706000	470272
17.458754000	471680
17.458757000	473088
17.458760000	474496
17.458807000	475904
17.458810000	477312
17.458812000	478720
17.458872000	477312
17.458875000	478720
17.458878000	480128
17.458915000	481536
17.458918000	482944
17.458920000	484352
17.458968000	485760
17.458971000	487168
17.465952000	485760
17.465957000	487168
17.465960000	488576
17.466035000	489984
17.473127000	488576
17.473132000	489984
17.473142000	488576
17.473168000	481536
17.473171000	482944
17.473174000	484352
17.473266000	485760
17.473272000	487168
17.473275000	488576
17.473359000	489984
17.488087000	488576
17.488092000	489984
17.488101000	488576
17.488146000	470272
17.488149000	471680
17.488152000	473088
17.488244000	474496
17.488250000	475904
17.488253000	477312
17.488335000	478720
17.488341000	480128
17.488344000	481536
17.488425000	482944
17.488431000	484352
17.488434000	485760
17.488495000	487168
17.488498000	488576
17.488501000	489984
17.500128000	488576
17.500133000	489984
17.500145000	488576
17.500163000	487168
17.500166000	488576
17.500169000	489984
17.507074000	488576
17.507081000	489984
17.507091000	488576
17.507125000	475904
17.507128000	477312
17.507131000	478720
17.507225000	480128
17.507231000	481536
17.507234000	482944
17.507316000	484352
17.507322000	485760
17.507325000	487168
17.507406000	488576
17.507412000	489984
17.514901000	488576
17.514905000	489984
17.529928000	488576
17.529936000	489984
17.529972000	488576
17.529976000	489984
17.529986000	488459
