4.898081000	1388
4.898089000	2776
4.898113000	4164
4.898115000	5552
4.898167000	6940
4.898169000	8328
4.898215000	9716
4.898217000	11104
4.898274000	12492
4.898276000	13880
4.930811000	13880
4.930815000	15268
4.935777000	15268
4.935779000	16656
4.935820000	15268
4.935822000	16656
4.935940000	18044
4.935945000	19432
4.938785000	19432
4.938787000	20820
4.938859000	19432
4.938860000	20820
4.960810000	16656
4.960815000	18044
4.960855000	19432
4.960858000	20820
4.960951000	22208
4.960957000	23596
4.961038000	24984
4.961044000	26372
4.961130000	27760
4.961135000	29148
4.965752000	29148
4.965759000	30536
4.965791000	30536
4.965796000	31924
4.970868000	31924
4.970873000	33312
4.970984000	33312
4.970988000	34700
4.973777000	34700
4.973782000	36088
4.973812000	34700
4.973815000	36088
4.973911000	37476
4.973921000	38864
4.975761000	38864
4.975766000	40252
4.975790000	40252
4.975795000	41640
4.978745000	41640
4.978752000	43028
4.978784000	43028
4.978788000	44416
4.990804000	44416
4.990809000	45804
4.995864000	45804
4.995869000	47192
4.995905000	47192
4.995908000	48580
4.996849000	48580
4.996853000	49968
4.996881000	48580
4.996884000	49968
4.997022000	48580
4.997027000	49968
4.997099000	51356
4.997102000	52744
4.997210000	54132
4.997216000	55520
5.000762000	55520
5.000767000	56908
5.000871000	56908
5.000875000	58296
5.003867000	58296
5.003872000	59684
5.003905000	56908
5.003908000	58296
5.003997000	59684
5.004003000	61072
5.004078000	62460
5.004084000	63848
5.005744000	63848
5.005748000	65236
5.005777000	65236
5.005781000	66624
5.008775000	66624
5.008780000	68012
5.008814000	68012
5.008817000	69400
5.010772000	69400
5.010777000	70788
5.010820000	70788
5.010824000	72176
5.013849000	72176
5.013854000	73564
5.014009000	66624
5.014012000	68012
5.015791000	63848
5.015795000	65236
5.015807000	65236
5.015833000	66624
5.015836000	68012
5.015839000	69400
5.015936000	70788
5.015942000	72176
5.015945000	73564
5.016026000	74952
5.016032000	76340
5.016035000	77728
5.016116000	79116
5.016122000	80504
5.016125000	81892
5.016157000	83280
5.016160000	84668
5.016163000	86056
5.016210000	87444
5.016213000	88832
5.020761000	88832
5.020768000	90220
5.020789000	90220
5.020808000	91608
5.035836000	91608
5.035841000	92996
5.035854000	92996
5.035869000	94384
5.036812000	94384
5.036817000	95772
5.036830000	95772
5.036992000	92996
5.036996000	94384
5.036999000	95772
5.037047000	97160
5.037049000	98548
5.037052000	99936
5.037139000	101324
5.040772000	101324
5.040778000	102712
5.040790000	102712
5.040804000	104100
5.043867000	104100
5.043872000	105488
5.043883000	105488
5.043935000	99936
5.043938000	101324
5.043941000	102712
5.043968000	102712
5.043971000	104100
5.043974000	105488
5.044026000	105488
5.044029000	106876
5.044032000	108264
5.044072000	108264
5.044076000	109652
5.044078000	111040
5.044125000	112428
5.044128000	113816
5.044130000	115204
5.044177000	116592
5.044180000	117980
5.045738000	117980
5.045743000	119368
5.045769000	119368
5.045772000	120756
5.046849000	120756
5.046854000	122144
5.046896000	122144
5.046899000	123532
5.047057000	123532
5.047060000	124920
5.047069000	124920
5.047376000	108264
5.047382000	109652
5.047385000	111040
5.047423000	112428
5.047428000	113816
5.047432000	115204
5.047478000	116592
5.047483000	117980
5.047487000	119368
5.047576000	120756
5.047582000	122144
5.047585000	123532
5.047669000	124920
5.047675000	126308
5.047678000	127696
5.047708000	129084
5.047711000	130472
5.047714000	131860
5.047761000	133248
5.047764000	134636
5.047767000	136024
5.047814000	137412
5.047817000	138800
5.047820000	140188
5.047868000	141576
5.047870000	142964
5.047873000	144352
5.048757000	144352
5.048760000	145740
5.048773000	144352
5.048776000	145740
5.048796000	147128
5.048799000	148516
5.050757000	147128
5.050759000	148516
5.050762000	149904
5.050765000	151292
5.050809000	149904
5.050812000	151292
5.050814000	152680
5.050817000	154068
5.053791000	152680
5.053796000	154068
5.053799000	155456
5.053801000	156844
5.053831000	152680
5.053833000	154068
5.053836000	155456
5.053839000	156844
5.053929000	158232
5.053934000	159620
5.053937000	161008
5.053939000	162396
5.055807000	161008
5.055811000	162396
5.055814000	163784
5.055816000	165172
5.055851000	163784
5.055855000	165172
5.055857000	166560
5.055860000	167948
5.058782000	166560
5.058787000	167948
5.058790000	169336
5.058792000	170724
5.058822000	165172
5.058825000	166560
5.058828000	167948
5.058830000	169336
5.058891000	170724
5.058894000	172112
5.058897000	173500
5.058899000	174888
5.058941000	176276
5.058944000	177664
5.060800000	176276
5.060805000	177664
5.060808000	179052
5.060811000	180440
5.061017000	179052
5.061020000	180440
5.061023000	181828
5.061026000	183216
5.065774000	181828
5.065778000	183216
5.065781000	184604
5.065784000	185992
5.070826000	184604
5.070830000	185992
5.070833000	187380
5.070836000	188768
5.070850000	187380
5.070864000	188768
5.070867000	190156
5.070870000	191544
5.071823000	191544
5.071827000	192932
5.071840000	192932
5.071843000	194320
5.071854000	194320
5.071880000	192932
5.071883000	194320
5.071885000	195708
5.071888000	197096
5.071891000	198484
5.075767000	198484
5.075772000	199872
5.075783000	199872
5.075786000	201260
5.078847000	201260
5.078851000	202648
5.078863000	202648
5.078867000	204036
5.078876000	204036
5.078906000	201260
5.078909000	202648
5.078912000	204036
5.078915000	205424
5.078918000	206812
5.078961000	206812
5.078963000	208200
5.078966000	209588
5.078969000	210976
5.080755000	210976
5.080761000	212364
5.085791000	212364
5.085796000	213752
5.085808000	213752
5.085811000	215140
5.090792000	215140
5.090797000	216528
5.090809000	216528
5.090811000	217916
5.091770000	217916
5.091774000	219304
5.091784000	219304
5.091793000	220692
5.091802000	220692
5.091820000	220692
5.091823000	222080
5.091826000	223468
5.091877000	223468
5.091880000	224856
5.093832000	224856
5.093837000	226244
5.093850000	226244
5.093853000	227632
5.093862000	227632
5.093891000	224856
5.093894000	226244
5.093897000	227632
5.093900000	229020
5.093903000	230408
5.093999000	230408
5.094004000	231796
5.094007000	233184
5.094010000	234572
5.095783000	234572
5.095788000	235960
5.095800000	235960
5.095803000	237348
5.098930000	237348
5.098935000	238736
5.098960000	238736
5.098963000	240124
5.098972000	240124
5.099030000	231796
5.099037000	233184
5.099040000	234572
5.099043000	235960
5.099046000	237348
5.099080000	235960
5.099149000	237348
5.099184000	238736
5.099187000	240124
5.099191000	241512
5.099194000	241512
5.099198000	241512
5.099222000	237348
5.099225000	238736
5.099228000	240124
5.099230000	241512
5.099515000	241512
5.099521000	242900
5.099525000	244288
5.099529000	245676
5.099533000	247064
5.099638000	233184
5.099642000	234572
5.099646000	235960
5.099650000	237348
5.099653000	238736
5.099700000	238736
5.099704000	240124
5.099708000	241512
5.099712000	242900
5.099715000	244288
5.100757000	233184
5.100761000	234572
5.100765000	235960
5.100769000	237348
5.100772000	238736
5.100802000	238736
5.100808000	240124
5.100813000	241512
5.100817000	242900
5.100856000	244288
5.100859000	245676
5.100863000	247064
5.100867000	248452
5.100871000	249840
5.100909000	251228
5.100913000	252616
5.100917000	254004
5.100921000	255392
5.100964000	256780
5.100968000	258168
5.100972000	259556
5.100975000	260944
5.100979000	262332
5.101018000	263720
5.101022000	265108
5.101025000	266496
5.101029000	267884
5.101072000	269272
5.101076000	270660
5.101079000	272048
5.101083000	273436
5.101087000	274824
5.101125000	276212
5.101129000	277600
5.101133000	278988
5.101136000	280376
5.101179000	281764
5.101183000	283152
5.101187000	284540
5.101190000	285928
5.101194000	287316
5.101234000	288704
5.101238000	290092
5.101241000	291480
5.101245000	292868
5.101288000	294256
5.101751000	285928
5.101754000	287316
5.101757000	288704
5.101759000	290092
5.101761000	291480
5.101792000	292868
5.101793000	294256
5.101795000	295644
5.101797000	297032
5.101799000	298420
5.101850000	291480
5.101852000	292868
5.101854000	294256
5.101855000	295644
5.101857000	297032
5.101896000	294256
5.101898000	295644
5.101899000	297032
5.101901000	298420
5.102060000	299808
5.102065000	301196
5.102067000	302584
5.102069000	303972
5.102071000	305360
5.102073000	306748
5.102099000	308136
5.102101000	309524
5.102103000	310912
5.102105000	312300
5.102149000	313688
5.102151000	315076
5.102153000	316464
5.110818000	281764
5.110821000	283152
5.110823000	284540
5.110824000	285928
5.110826000	287316
5.110827000	288704
5.110852000	284540
5.110854000	285928
5.110856000	287316
5.110904000	288704
5.110906000	290092
5.110907000	291480
5.110909000	292868
5.110911000	294256
5.110956000	295644
5.110958000	297032
5.110960000	298420
5.110961000	299808
5.111008000	301196
5.111010000	302584
5.111012000	303972
5.111014000	305360
5.111015000	306748
5.111061000	308136
5.111062000	309524
5.111068000	310912
5.111069000	312300
5.111124000	313688
5.111127000	315076
5.111129000	316464
5.111131000	317852
5.111134000	319240
5.111173000	320628
5.111175000	322016
5.111176000	323404
5.111178000	324792
5.111226000	326180
5.111229000	327568
5.111232000	328956
5.111234000	330344
5.111235000	331732
5.111276000	333120
5.111278000	334508
5.111279000	335896
5.111281000	337284
5.111328000	338672
5.111330000	340060
5.111331000	341448
5.111333000	342836
5.111334000	344224
5.111379000	345612
5.111380000	347000
5.111381000	348388
5.111383000	349776
5.111431000	351164
5.111432000	352552
5.111434000	353940
5.111435000	355328
5.111483000	356716
5.111484000	358104
5.111777000	355328
5.111779000	356716
5.111780000	358104
5.111782000	359492
5.111783000	360880
5.111785000	362268
5.111818000	360880
5.111819000	362268
5.111821000	363656
5.111822000	365044
5.111871000	363656
5.111873000	365044
5.111874000	366432
5.111875000	367820
5.111884000	366432
5.111923000	365044
5.111925000	366432
5.111926000	367820
5.111927000	369208
5.111929000	370596
5.111974000	371984
5.111975000	373372
5.115764000	371984
5.115766000	373372
5.115768000	374760
5.115770000	376148
5.115779000	371984
5.115781000	373372
5.115782000	374760
5.115809000	376148
5.115811000	377536
5.115813000	378924
5.115814000	380312
5.115862000	381700
5.120786000	381700
5.120788000	383088
5.120794000	381700
5.120795000	383088
5.120796000	384476
5.120797000	385864
5.121794000	383088
5.121795000	384476
5.121797000	385864
5.121798000	387252
5.121799000	388640
5.121800000	390028
5.121805000	390028
5.121875000	388640
5.121877000	390028
5.121878000	391416
5.121879000	392804
5.121880000	394192
5.121959000	394192
5.121960000	395580
5.125717000	395580
5.125718000	396968
5.125723000	396968
5.125724000	398356
5.125826000	398356
5.125827000	399744
5.128760000	399744
5.128762000	401132
5.128804000	401132
5.128805000	402520
5.128808000	402520
5.128809000	403908
5.128858000	403908
5.128860000	405296
5.128865000	405296
5.128866000	406684
5.128871000	406684
5.128872000	408072
5.128877000	408072
5.128947000	409460
5.128962000	409460
5.128964000	410848
5.128969000	410848
5.128971000	412236
5.129010000	412236
5.129012000	413624
5.129017000	413624
5.129019000	415012
5.129024000	415012
5.129025000	416400
5.129029000	416400
5.129031000	417788
5.129116000	417788
5.129117000	419176
5.129122000	419176
5.129123000	420564
5.129165000	420564
5.129167000	421952
5.129171000	421952
5.129173000	423340
5.129177000	423340
5.129178000	424728
5.130720000	424728
5.130722000	426116
5.130766000	426116
5.130767000	427504
5.131826000	427504
5.131827000	428892
5.131832000	428892
5.131833000	430280
5.131837000	430280
5.131838000	431668
5.131841000	431668
5.131842000	433056
5.131845000	433056
5.131873000	434444
5.135752000	434444
5.135753000	435832
5.135757000	435832
5.135758000	437220
5.139866000	437220
5.139868000	438608
5.139945000	438608
5.139947000	439996
5.139951000	439996
5.139952000	441384
5.139955000	441384
5.139956000	442772
5.139959000	442772
5.139960000	444160
5.140756000	444160
5.140758000	445548
5.140762000	445548
5.140763000	446936
5.141791000	446936
5.141794000	448324
5.141799000	448324
5.141800000	449712
5.141838000	449712
5.141840000	451100
5.141843000	451100
5.141844000	452488
5.141889000	452488
5.141890000	453876
5.145779000	453876
5.145781000	455264
5.145786000	455264
5.145787000	456652
5.145858000	456652
5.145860000	458040
5.147821000	458040
5.147823000	459428
5.147901000	459428
5.147903000	460816
5.147907000	460816
5.147908000	462204
5.147912000	462204
5.147913000	463592
5.147917000	463592
5.147918000	464980
5.147945000	463592
5.147946000	464980
5.147948000	466368
5.147949000	467756
5.147997000	467756
5.147998000	469144
5.148002000	469144
5.148003000	470532
5.148055000	470532
5.148058000	471920
5.148064000	471920
5.148065000	473308
5.148101000	473308
5.148102000	474696
5.148105000	474696
5.148106000	476084
5.148153000	476084
5.148154000	477472
5.148157000	477472
5.148159000	478860
5.148204000	478860
5.148206000	480248
5.148210000	480248
5.148211000	481636
5.148215000	481636
5.148216000	483024
5.148256000	483024
5.148257000	484412
5.148308000	484412
5.148309000	485800
5.148312000	485800
5.148314000	487188
5.148360000	487188
5.148361000	488576
5.148364000	488576
5.148365000	489964
5.148412000	489964
5.148413000	491352
5.148417000	491352
5.148418000	492740
5.148464000	492740
5.148465000	494128
5.148468000	494128
5.148469000	495516
5.148515000	495516
5.148516000	496904
5.148520000	496904
5.148521000	498292
5.148567000	498292
5.148568000	499680
5.148572000	499680
5.148573000	501068
5.148619000	501068
5.148620000	502456
5.148623000	502456
5.148625000	503844
5.148671000	503844
5.148672000	505232
5.148675000	505232
5.148676000	506620
5.148680000	506620
5.148681000	508008
5.148684000	508008
5.148685000	509396
5.148775000	509396
5.148776000	510784
5.150724000	510784
5.150725000	512172
5.150823000	512172
5.150824000	513560
5.151768000	513560
5.151770000	514948
5.151776000	514948
5.151777000	516336
5.151817000	516336
5.151818000	517724
5.151823000	517724
5.151824000	519112
5.151868000	519112
5.151869000	520500
5.153724000	520500
5.153725000	521888
5.153801000	521888
5.153802000	523276
5.153805000	523276
5.153806000	524664
5.153884000	524664
5.153885000	526052
5.153888000	526052
5.153889000	527440
5.153892000	527440
5.153893000	528828
5.153896000	528828
5.153897000	530216
5.153935000	530216
5.153936000	531119
