8.470459000	1388
8.470470000	2776
8.470494000	4164
8.470497000	5552
8.470552000	6940
8.470557000	8328
8.470597000	9716
8.470600000	11104
8.470649000	12492
8.470652000	13880
8.552907000	13880
8.552914000	15268
8.552944000	15268
8.552948000	16656
8.555955000	16656
8.555961000	18044
8.556004000	18044
8.556008000	19432
8.556056000	16656
8.556061000	18044
8.556122000	18044
8.556127000	19432
8.587976000	16656
8.587981000	18044
8.588016000	18044
8.588020000	19432
8.588108000	20820
8.588113000	22208
8.588189000	23596
8.588195000	24984
8.588271000	26372
8.588279000	27760
8.588353000	29148
8.588359000	30536
8.592970000	30536
8.592975000	31924
8.593082000	31924
8.593086000	33312
8.595977000	33312
8.595984000	34700
8.596053000	29148
8.596058000	30536
8.596113000	30536
8.596118000	31924
8.596215000	31924
8.596223000	33312
8.596255000	34700
8.596259000	36088
8.596304000	37476
8.596308000	38864
8.596357000	40252
8.596361000	41640
8.596410000	43028
8.596414000	44416
8.622963000	44416
8.622971000	45804
8.623005000	45804
8.623010000	47192
8.624973000	47192
8.624980000	48580
8.625012000	48580
8.625016000	49968
8.637971000	49968
8.637976000	51356
8.638012000	51356
8.638016000	52744
8.642957000	52744
8.642962000	54132
8.642996000	54132
8.642999000	55520
8.646013000	55520
8.646018000	56908
8.646074000	49968
8.646078000	51356
8.646182000	51356
8.646187000	52744
8.646372000	44416
8.646377000	45804
8.646519000	40252
8.646522000	41640
8.646584000	41640
8.646593000	43028
8.646634000	40252
8.646637000	41640
8.646728000	43028
8.646733000	44416
8.646786000	45804
8.646790000	47192
8.646837000	48580
8.646840000	49968
8.646891000	51356
8.646894000	52744
8.646945000	54132
8.646948000	55520
8.646999000	56908
8.647002000	58296
8.647052000	59684
8.647055000	61072
8.647106000	62460
8.647109000	63848
8.647160000	65236
8.647163000	66624
8.647337000	68012
8.647341000	69400
8.647385000	70788
8.647389000	72176
8.647440000	73564
8.647444000	74952
8.647494000	76340
8.647499000	77728
8.647549000	79116
8.647553000	80504
8.647600000	81892
8.647603000	83280
8.647654000	84668
8.647657000	86056
8.647708000	87444
8.647711000	88832
8.662976000	88832
8.662981000	90220
8.663013000	90220
8.663016000	91608
8.665069000	91608
8.665074000	92996
8.665116000	88832
8.665119000	90220
8.665209000	91608
8.665214000	92996
8.665290000	94384
8.665296000	95772
8.665371000	97160
8.665376000	98548
8.667913000	98548
8.667919000	99936
8.672917000	99936
8.672925000	101324
8.672969000	99936
8.672974000	101324
8.672977000	102712
8.673009000	104100
8.674935000	102712
8.674940000	104100
8.674943000	105488
8.674974000	104100
8.674977000	105488
8.674980000	106876
8.675026000	108264
8.675036000	109652
8.677965000	108264
8.677970000	109652
8.677973000	111040
8.678019000	111040
8.678023000	112428
8.678026000	113816
8.683043000	113816
8.683050000	115204
8.683067000	115204
8.683086000	116592
8.684959000	116592
8.684964000	117980
8.684976000	117980
8.685000000	116592
8.685003000	117980
8.685006000	119368
8.685113000	119368
8.685118000	120756
8.685121000	122144
8.685161000	123532
8.687955000	123532
8.687960000	124920
8.687973000	124920
8.687988000	126308
8.691004000	126308
8.691009000	127696
8.691024000	127696
8.691053000	126308
8.691056000	127696
8.691059000	129084
8.691108000	129084
8.691111000	130472
8.691114000	131860
8.691332000	122144
8.691336000	123532
8.691340000	124920
8.691404000	123532
8.691408000	124920
8.691412000	126308
8.691447000	127696
8.691451000	129084
8.691455000	130472
8.691502000	131860
8.691506000	133248
8.691510000	134636
8.691560000	136024
8.691565000	137412
8.691568000	138800
8.691656000	140188
8.691662000	141576
8.691665000	142964
8.691697000	144352
8.691700000	145740
8.691703000	147128
8.692891000	147128
8.692896000	148516
8.692910000	148516
8.692928000	149904
8.694893000	149904
8.694897000	151292
8.694938000	151292
8.694941000	152680
8.694950000	152680
8.694992000	152680
8.694995000	154068
8.694998000	155456
8.695042000	155456
8.695045000	156844
8.696125000	156844
8.696130000	158232
8.696142000	158232
8.696180000	148516
8.696200000	147128
8.696203000	148516
8.696205000	149904
8.696208000	151292
8.696309000	149904
8.696314000	151292
8.696317000	152680
8.696319000	154068
8.697891000	141576
8.697894000	142964
8.697897000	144352
8.697900000	145740
8.697910000	144352
8.697944000	145740
8.697947000	147128
8.697950000	148516
8.697953000	149904
8.697955000	151292
8.698041000	152680
8.698047000	154068
8.698050000	155456
8.698053000	156844
8.698056000	158232
8.698111000	159620
8.698115000	161008
8.698117000	162396
8.698120000	163784
8.698123000	165172
8.698187000	166560
8.698190000	167948
8.698193000	169336
8.698196000	170724
8.698199000	172112
8.698237000	173500
8.698240000	174888
8.698243000	176276
8.698245000	177664
8.698248000	179052
8.698290000	180440
8.698293000	181828
8.698295000	183216
8.698298000	184604
8.698344000	185992
8.698346000	187380
8.698349000	188768
8.698352000	190156
8.698354000	191544
8.698397000	192932
8.703007000	191544
8.703014000	192932
8.703019000	194320
8.703023000	195708
8.703042000	194320
8.703061000	195708
8.703065000	197096
8.703069000	198484
8.704932000	197096
8.704937000	198484
8.704940000	199872
8.704943000	201260
8.704954000	199872
8.704978000	195708
8.704981000	197096
8.704984000	198484
8.704987000	199872
8.705035000	198484
8.705038000	199872
8.705040000	201260
8.705043000	202648
8.705045000	204036
8.705082000	205424
8.705084000	206812
8.705087000	208200
8.705090000	209588
8.705134000	210976
8.705137000	212364
8.714963000	210976
8.714968000	212364
8.714971000	213752
8.714974000	215140
8.714986000	213752
8.715001000	215140
8.715004000	216528
8.715007000	217916
8.717925000	216528
8.717929000	217916
8.717932000	219304
8.717935000	220692
8.722985000	220692
8.722990000	222080
8.723009000	222080
8.723014000	223468
8.724963000	223468
8.724970000	224856
8.724990000	224856
8.724993000	226244
8.725007000	226244
8.725051000	223468
8.725055000	224856
8.725060000	226244
8.725064000	227632
8.725068000	229020
8.725105000	230408
8.725110000	231796
8.727937000	231796
8.727944000	233184
8.727960000	233184
8.727964000	234572
8.730970000	234572
8.730975000	235960
8.730991000	235960
8.730995000	237348
8.731015000	237348
8.731335000	230408
8.731340000	231796
8.731344000	233184
8.731348000	234572
8.731352000	235960
8.732913000	229020
8.732920000	230408
8.732924000	231796
8.732928000	233184
8.732932000	234572
8.732949000	234572
8.732976000	234572
8.732980000	235960
8.732984000	237348
8.732987000	238736
8.732991000	240124
8.733031000	241512
8.733035000	242900
8.733039000	244288
8.733043000	245676
8.733047000	247064
8.733086000	248452
8.733090000	249840
8.733092000	251228
8.733095000	252616
8.733098000	254004
8.733208000	255392
8.733214000	256780
8.733217000	258168
8.734932000	258168
8.734939000	259556
8.734958000	259556
8.734962000	260944
8.734975000	260944
8.734980000	262332
8.735017000	260944
8.735021000	262332
8.735025000	263720
8.735029000	265108
8.735954000	265108
8.735959000	266496
8.735972000	266496
8.735975000	267884
8.735984000	267884
8.735987000	269272
8.736020000	265108
8.736023000	266496
8.736026000	267884
8.736029000	269272
8.736032000	270660
8.736034000	272048
8.736128000	272048
8.736132000	273436
8.736135000	274824
8.736138000	276212
8.736150000	276212
8.736153000	277600
8.736284000	274824
8.736289000	276212
8.736292000	277600
8.736294000	278988
8.736297000	280376
8.736300000	281764
8.736425000	278988
8.736430000	280376
8.736433000	281764
8.736436000	283152
8.736438000	284540
8.736441000	285928
8.737939000	285928
8.737945000	287316
8.737962000	287316
8.737966000	288704
8.748937000	288704
8.748945000	290092
8.748965000	290092
8.748969000	291480
8.748983000	291480
8.748986000	292868
8.749023000	291480
8.749027000	292868
8.749031000	294256
8.749035000	295644
8.749088000	295644
8.749092000	297032
8.749108000	295644
8.749112000	297032
8.749116000	298420
8.749478000	285928
8.749484000	287316
8.749488000	288704
8.749492000	290092
8.749496000	291480
8.749499000	292868
8.752928000	258168
8.752933000	259556
8.752936000	260944
8.752939000	262332
8.752942000	263720
8.752945000	265108
8.752967000	263720
8.752970000	265108
8.752973000	266496
8.752976000	267884
8.753066000	269272
8.753071000	270660
8.753075000	272048
8.753077000	273436
8.753080000	274824
8.753083000	276212
8.753118000	277600
8.753121000	278988
8.753124000	280376
8.753127000	281764
8.753130000	283152
8.753218000	284540
8.753224000	285928
8.753227000	287316
8.753230000	288704
8.753233000	290092
8.753237000	291480
8.753262000	292868
8.753266000	294256
8.753270000	295644
8.753273000	297032
8.753319000	298420
8.753323000	299808
8.753327000	301196
8.753331000	302584
8.753335000	303972
8.753372000	305360
8.753376000	306748
8.753380000	308136
8.753384000	309524
8.753425000	310912
8.753429000	312300
8.753432000	313688
8.753436000	315076
8.753439000	316464
8.753485000	317852
8.753490000	319240
8.753494000	320628
8.753497000	322016
8.753532000	323404
8.753537000	324792
8.753540000	326180
8.753545000	327568
8.753549000	328956
8.753585000	330344
8.753589000	331732
8.753593000	333120
8.753596000	334508
8.753639000	335896
8.753644000	337284
8.753648000	338672
8.753651000	340060
8.753655000	341448
8.753689000	342836
8.753692000	344224
8.753694000	345612
8.753697000	347000
8.753740000	348388
8.753743000	349776
8.753746000	351164
8.753748000	352552
8.754935000	351164
8.754938000	352552
8.754941000	353940
8.754944000	355328
8.754958000	353940
8.754960000	355328
8.754978000	353940
8.754981000	355328
8.754983000	356716
8.754986000	358104
8.755031000	359492
8.755033000	360880
8.755088000	359492
8.755091000	360880
8.755093000	362268
8.755096000	363656
8.755105000	362268
8.755108000	363656
8.755138000	362268
8.755140000	363656
8.755142000	365044
8.755145000	366432
8.755147000	367820
8.755247000	369208
8.755931000	367820
8.755934000	369208
8.755937000	370596
8.755939000	371984
8.757890000	370596
8.757894000	371984
8.757898000	373372
8.757900000	374760
8.757927000	373372
8.757930000	374760
8.757933000	376148
8.757935000	377536
8.762974000	376148
8.762979000	377536
8.762982000	378924
8.762985000	380312
8.763000000	378924
8.763003000	380312
8.763017000	381700
8.763020000	383088
8.765021000	381700
8.765027000	383088
8.765030000	384476
8.765034000	385864
8.765050000	384476
8.765055000	385864
8.765082000	384476
8.765086000	385864
8.765090000	387252
8.765094000	388640
8.765098000	390028
8.765140000	388640
8.765144000	390028
8.765148000	391416
8.765152000	392804
8.765156000	394192
8.765340000	392804
8.765347000	394192
8.765350000	395580
8.765353000	396968
8.767919000	395580
8.767924000	396968
8.767927000	398356
8.767930000	399744
8.767942000	398356
8.767945000	399744
8.767964000	398356
8.767967000	399744
8.767971000	401132
8.767974000	402520
8.767977000	403908
8.768018000	405296
8.770954000	403908
8.770959000	405296
8.770963000	406684
8.770967000	408072
8.770985000	406684
8.770989000	408072
8.771015000	406684
8.771020000	408072
8.771023000	409460
8.771028000	410848
8.771032000	412236
8.771036000	413624
8.771080000	412236
8.771084000	413624
8.771088000	415012
8.771092000	416400
8.771123000	415012
8.771128000	416400
8.771132000	417788
8.771135000	419176
8.771199000	417788
8.771204000	419176
8.771208000	420564
8.771213000	421952
8.771229000	420564
8.771265000	410848
8.771333000	410848
8.771338000	412236
8.771342000	413624
8.771346000	415012
8.771350000	416400
8.771353000	417788
8.771358000	419176
8.771374000	420564
8.771379000	421952
8.771382000	423340
8.771387000	424728
8.771641000	426116
8.771646000	427504
8.771649000	428892
8.771653000	430280
8.771657000	431668
8.771660000	433056
8.771664000	434444
8.771754000	435832
8.771758000	437220
8.772921000	437220
8.772925000	438608
8.772936000	438608
8.772939000	439996
8.774953000	439996
8.774958000	441384
8.774970000	441384
8.774973000	442772
8.774984000	442772
8.774987000	444160
8.774996000	444160
8.775016000	444160
8.775020000	445548
8.775023000	446936
8.777973000	446936
8.777978000	448324
8.777990000	448324
8.778000000	449712
8.780988000	449712
8.780995000	451100
8.781011000	451100
8.781015000	452488
8.781028000	452488
8.781031000	453876
8.781044000	453876
8.781083000	452488
8.781086000	453876
8.781089000	455264
8.781092000	456652
8.781095000	458040
8.781104000	458040
8.781107000	459428
8.781128000	459428
8.781130000	460816
8.781139000	460816
8.781142000	462204
8.781441000	462204
8.781447000	463592
8.781459000	463592
8.781462000	464980
8.781715000	464980
8.781719000	466368
8.781731000	466368
8.781734000	467756
8.781742000	467756
8.781745000	469144
8.781754000	469144
8.781757000	470532
8.783047000	470532
8.783051000	471920
8.783060000	471920
8.783063000	473308
8.784979000	473308
8.784984000	474696
8.784996000	474696
8.785000000	476084
8.785009000	476084
8.785012000	477472
8.785021000	477472
8.785025000	478860
8.785123000	478860
8.785129000	480248
8.785141000	480248
8.785144000	481636
8.787964000	481636
8.787969000	483024
8.787981000	483024
8.787984000	484412
8.793008000	484412
8.793015000	485800
8.793031000	485800
8.793035000	487188
8.793048000	487188
8.793052000	488576
8.793064000	488576
8.793068000	489964
8.793119000	485800
8.793123000	487188
8.793126000	488576
8.793130000	489964
8.793134000	491352
8.793137000	492740
8.793141000	494128
8.793145000	495516
8.793182000	495516
8.793186000	496904
8.793200000	496904
8.793204000	498292
8.793448000	495516
8.793453000	496904
8.793457000	498292
8.793461000	499680
8.793464000	501068
8.793468000	502456
8.793483000	502456
8.793487000	503844
8.794960000	494128
8.794965000	495516
8.794969000	496904
8.794972000	498292
8.794975000	499680
8.794978000	501068
8.794981000	502456
8.794984000	503844
8.795290000	498292
8.795294000	499680
8.795298000	501068
8.795302000	502456
8.795305000	503844
8.795310000	505232
8.795313000	506620
8.795317000	508008
8.795506000	509396
8.795512000	510784
8.795516000	512172
8.795519000	513560
8.795523000	514948
8.795527000	516336
8.795531000	517724
8.795535000	519112
8.795766000	520500
8.795773000	521888
8.797905000	521888
8.797912000	523276
8.797932000	523276
8.797935000	524664
8.800977000	524664
8.800983000	526052
8.800995000	526052
8.800997000	527440
8.801006000	527440
8.801009000	528828
8.801017000	528828
8.801020000	530216
8.801043000	528828
8.801046000	529731
