4.240279000	1388
4.240286000	2776
4.240352000	4164
4.240358000	5552
4.240435000	6940
4.240439000	8328
4.240516000	9716
4.240520000	11104
4.240599000	12492
4.240603000	13880
4.276992000	13880
4.279987000	13880
4.279991000	15268
4.282972000	13880
4.282975000	15268
4.286020000	8328
4.286023000	9716
4.288980000	11104
4.288984000	12492
4.291969000	13880
4.291972000	15268
4.294985000	16656
4.294988000	18044
4.297917000	19432
4.297921000	20820
4.300904000	22208
4.300908000	23596
4.300945000	24984
4.303893000	26372
4.303897000	27760
4.311995000	27760
4.311999000	29148
4.316934000	29148
4.316938000	30536
4.318269000	26372
4.318272000	27760
4.320753000	29148
4.320756000	30536
4.323240000	30536
4.323244000	31924
4.325627000	33312
4.325631000	34700
4.328056000	33312
4.328061000	34700
4.330436000	36088
4.330440000	37476
4.332825000	34700
4.332828000	36088
4.335186000	37476
4.335190000	38864
4.337597000	38864
4.337601000	40252
4.337671000	41640
4.339966000	38864
4.339969000	40252
4.342387000	38864
4.342390000	40252
4.344805000	41640
4.344808000	43028
4.347138000	38864
4.347142000	40252
4.348383000	41640
4.348386000	43028
4.349595000	44416
4.349598000	45804
4.350810000	47192
4.350813000	48580
4.351997000	49968
4.352000000	51356
4.353236000	47192
4.353240000	48580
4.354459000	49968
4.354462000	51356
4.355639000	52744
4.355642000	54132
4.356858000	55520
4.356862000	56908
4.356903000	58296
4.358070000	58296
4.358073000	59684
4.361985000	59684
4.361991000	61072
4.362634000	59684
4.362637000	61072
4.363856000	62460
4.363859000	63848
4.365039000	58296
4.365043000	59684
4.366184000	61072
4.366187000	62460
4.367356000	61072
4.367359000	62460
4.368473000	63848
4.368477000	65236
4.369647000	66624
4.369665000	68012
4.370741000	69400
4.370744000	70788
4.371900000	72176
4.371903000	73564
4.373004000	72176
4.373007000	73564
4.374105000	74952
4.374107000	76340
4.375978000	76340
4.376556000	70788
4.376558000	72176
4.377609000	70788
4.377612000	72176
4.378592000	73564
4.378595000	74952
4.379554000	76340
4.379557000	77728
4.380576000	79116
4.380580000	80504
4.381541000	81892
4.381545000	83280
4.382523000	81892
4.382526000	83280
4.383498000	84668
4.383501000	86056
4.384468000	87444
4.384470000	88832
4.385445000	90220
4.387008000	90220
4.387501000	87444
4.387504000	88832
4.388478000	90220
4.388482000	91608
4.388518000	92996
4.389452000	94384
4.389455000	95772
4.390429000	92996
4.390432000	94384
4.391421000	95772
4.391425000	97160
4.392376000	92996
4.392378000	94384
4.393141000	95772
4.393144000	97160
4.393921000	98548
4.393923000	99936
4.394706000	101324
4.394707000	102712
4.395494000	101324
4.395496000	102712
4.396302000	104100
4.396305000	105488
4.397069000	106876
4.397073000	108264
4.399897000	106876
4.399901000	108264
4.400297000	102712
4.400299000	104100
4.400328000	105488
4.401045000	106876
4.401047000	108264
4.401791000	109652
4.401795000	111040
4.402574000	108264
4.402592000	109652
4.403322000	111040
4.403325000	112428
4.404012000	113816
4.404015000	115204
4.404709000	116592
4.404713000	117980
4.405435000	119368
4.405438000	120756
4.406150000	122144
4.406968000	122144
4.407355000	116592
4.407357000	117980
4.408001000	115204
4.408003000	116592
4.408665000	112428
4.408666000	113816
4.409292000	115204
4.409294000	116592
4.409295000	117980
4.409913000	119368
4.409915000	120756
4.410599000	122144
4.410602000	123532
4.411224000	124920
4.411227000	126308
4.411788000	127696
4.411791000	129084
4.412412000	127696
4.412414000	129084
4.413068000	130472
4.413071000	131860
4.413691000	133248
4.413694000	134636
4.414312000	136024
4.414316000	137412
4.414940000	138800
4.414943000	140188
4.415530000	127696
4.415533000	129084
4.416083000	130472
4.416086000	131860
4.416610000	133248
4.416613000	134636
4.416614000	136024
4.417116000	129084
4.417118000	130472
4.417634000	131860
4.417636000	133248
4.418154000	134636
4.418155000	136024
4.418674000	137412
4.418676000	138800
4.419253000	140188
4.419256000	141576
4.419744000	142964
4.419747000	144352
4.420246000	145740
4.420250000	147128
4.420783000	148516
4.420785000	149904
4.421280000	151292
4.421282000	152680
4.421829000	154068
4.421832000	155456
4.422327000	151292
4.422330000	152680
4.422847000	154068
4.422850000	155456
4.422851000	156844
4.423366000	152680
4.423368000	154068
4.423852000	155456
4.423854000	156844
4.424362000	158232
4.424364000	159620
4.424818000	161008
4.424820000	162396
4.425300000	163784
4.425303000	165172
4.425827000	166560
4.425829000	167948
4.426272000	169336
4.426275000	170724
4.426750000	172112
4.426751000	173500
4.427236000	169336
4.427238000	170724
4.427706000	172112
4.427708000	173500
4.428181000	161008
4.428183000	162396
4.428619000	163784
4.428622000	165172
4.428623000	166560
4.429057000	167948
4.429060000	169336
4.429514000	170724
4.429516000	172112
4.429959000	173500
4.429963000	174888
4.430373000	176276
4.430376000	177664
4.430811000	179052
4.430813000	180440
4.431248000	181828
4.431250000	183216
4.431685000	184604
4.431687000	185992
4.432123000	181828
4.432125000	183216
4.432550000	184604
4.432552000	185992
4.432975000	187380
4.432977000	188768
4.433400000	190156
4.433402000	191544
4.433852000	192932
4.433854000	194320
4.433855000	195708
4.434256000	197096
4.434259000	198484
4.434698000	199872
4.434700000	201260
4.435968000	199872
4.435971000	201260
4.436188000	192932
4.436190000	194320
4.436598000	195708
4.436601000	197096
4.436998000	195708
4.437000000	197096
4.437400000	198484
4.437401000	199872
4.437824000	201260
4.437830000	202648
4.438204000	195708
4.438206000	197096
4.438612000	198484
4.438615000	199872
4.439014000	201260
4.439016000	202648
4.439415000	204036
4.439417000	205424
4.439418000	206812
4.439835000	208200
4.439838000	209588
4.440241000	210976
4.440243000	212364
4.440641000	213752
4.440643000	215140
4.441044000	216528
4.441046000	217916
4.441423000	219304
4.441424000	220692
4.441829000	222080
4.441831000	223468
4.442261000	222080
4.442263000	223468
4.442653000	224856
4.442654000	226244
4.443066000	227632
4.443998000	227632
4.444202000	217916
4.444204000	219304
4.444565000	220692
4.444568000	222080
4.444928000	223468
4.444929000	224856
4.445288000	226244
4.445289000	227632
4.445290000	229020
4.445649000	230408
4.445651000	231796
4.446012000	233184
4.446014000	234572
4.446377000	235960
4.446380000	237348
4.446733000	238736
4.446735000	240124
4.447096000	238736
4.447098000	240124
4.447457000	241512
4.447459000	242900
4.447899000	242900
4.447902000	244288
4.448181000	240124
4.448183000	241512
4.448543000	242900
4.448545000	244288
4.448905000	245676
4.448906000	247064
4.449265000	248452
4.449266000	249840
4.449984000	249840
4.449987000	251228
4.449995000	251228
4.450179000	244288
4.450180000	245676
4.450531000	244288
4.450532000	245676
4.450875000	247064
4.450876000	248452
4.451219000	249840
4.451220000	251228
4.451579000	252616
4.451581000	254004
4.451910000	255392
4.451911000	256780
4.452255000	255392
4.452256000	256780
4.452600000	258168
4.452602000	259556
4.452945000	260944
4.452947000	262332
4.453289000	263720
4.453291000	265108
4.453633000	266496
4.454942000	266496
4.455118000	256780
4.455119000	258168
4.455120000	259556
4.455470000	249840
4.455472000	251228
4.455742000	247064
4.455744000	248452
4.456038000	249840
4.456040000	251228
4.456334000	252616
4.456335000	254004
4.456631000	255392
4.456632000	256780
4.456931000	258168
4.456932000	259556
4.457224000	252616
4.457225000	254004
4.457514000	255392
4.457515000	256780
4.457826000	258168
4.457828000	259556
4.458096000	247064
4.458097000	248452
4.458371000	249840
4.458372000	251228
4.458647000	252616
4.458649000	254004
4.458650000	255392
4.458921000	256780
4.458922000	258168
4.459197000	259556
4.459199000	260944
4.459473000	262332
4.459474000	263720
4.459748000	265108
4.459750000	266496
4.460024000	267884
4.460025000	269272
4.460300000	270660
4.460301000	272048
4.460575000	273436
4.460577000	274824
4.460872000	276212
4.460874000	277600
4.461127000	278988
4.461128000	280376
4.461424000	281764
4.461426000	283152
4.461678000	284540
4.461679000	285928
4.461953000	281764
4.461954000	283152
4.461955000	284540
4.462228000	285928
4.462229000	287316
4.462505000	288704
4.462507000	290092
4.462780000	291480
4.462781000	292868
4.463056000	294256
4.463060000	295644
4.463329000	297032
4.463330000	298420
4.463605000	299808
4.463606000	301196
4.463880000	302584
4.463881000	303972
4.464156000	305360
4.464157000	306748
4.464431000	308136
4.464432000	309524
4.464707000	310912
4.464708000	312300
4.464983000	308136
4.464984000	309524
4.465259000	308136
4.465260000	309524
4.465261000	310912
4.465528000	312300
4.465533000	313688
4.465800000	315076
4.465802000	316464
4.466071000	317852
4.466072000	319240
4.466342000	320628
4.466344000	322016
4.466613000	323404
4.466615000	324792
4.466882000	326180
4.466883000	327568
4.467152000	328956
4.467154000	330344
4.467463000	331732
4.467954000	330344
4.468092000	326180
4.468093000	327568
4.468363000	328956
4.468364000	330344
4.468634000	331732
4.468635000	333120
4.468904000	334508
4.468906000	335896
4.468907000	337284
4.469186000	338672
4.469189000	340060
4.471920000	338672
4.471926000	340060
4.472066000	338672
4.472068000	340060
4.472338000	341448
4.472340000	342836
4.472609000	344224
4.472612000	345612
4.476951000	344224
4.476955000	345612
4.477098000	344224
4.477100000	345612
4.477367000	347000
4.477370000	348388
4.477636000	349776
4.477637000	351164
4.477932000	348388
4.477935000	349776
4.478174000	348388
4.478175000	349776
4.478444000	351164
4.478445000	352552
4.478446000	353940
4.478715000	355328
4.478716000	356716
4.478985000	358104
4.486977000	251228
4.487076000	237348
4.487079000	238736
4.487254000	240124
4.487256000	241512
4.487431000	242900
4.487433000	244288
4.487609000	245676
4.487611000	247064
4.487786000	248452
4.487788000	249840
4.487963000	241512
4.487966000	242900
4.488132000	244288
4.488134000	245676
4.488301000	247064
4.488303000	248452
4.488469000	249840
4.488471000	251228
4.488636000	252616
4.488637000	254004
4.488804000	255392
4.488806000	256780
4.488807000	258168
4.488973000	259556
4.488974000	260944
4.489142000	262332
4.489143000	263720
4.489310000	265108
4.489312000	266496
4.489480000	267884
4.489482000	269272
4.489650000	270660
4.489652000	272048
4.489817000	273436
4.489818000	274824
4.489985000	276212
4.489987000	277600
4.490154000	278988
4.490156000	280376
4.490322000	281764
4.490323000	283152
4.490490000	284540
4.490492000	285928
4.490659000	287316
4.490660000	288704
4.490828000	290092
4.490830000	291480
4.490831000	292868
4.490998000	294256
4.490999000	295644
4.491165000	297032
4.491167000	298420
4.491336000	299808
4.491337000	301196
4.491503000	302584
4.491504000	303972
4.491671000	305360
4.491673000	306748
4.491840000	308136
4.491841000	309524
4.492009000	297032
4.492010000	298420
4.492177000	299808
4.492178000	301196
4.492345000	302584
4.492346000	303972
4.492512000	305360
4.492513000	306748
4.492680000	308136
4.492684000	309524
4.492848000	310912
4.492849000	312300
4.492850000	313688
4.493016000	315076
4.493017000	316464
4.493189000	317852
4.493190000	319240
4.493351000	320628
4.493353000	322016
4.493519000	323404
4.493520000	324792
4.493687000	326180
4.493688000	327568
4.493857000	328956
4.493858000	330344
4.494023000	331732
4.494025000	333120
4.494190000	334508
4.494191000	335896
4.494358000	337284
4.494359000	338672
4.494526000	340060
4.494527000	341448
4.494704000	342836
4.494706000	344224
4.494865000	345612
4.494867000	347000
4.494869000	348388
4.495032000	349776
4.495034000	351164
4.495200000	352552
4.495202000	353940
4.495368000	355328
4.495370000	356716
4.495534000	358104
4.495536000	359492
4.495700000	360880
4.495702000	362268
4.495868000	363656
4.495870000	365044
4.496039000	366432
4.496041000	367820
4.496207000	369208
4.496209000	370596
4.502002000	369208
4.502011000	370596
4.502094000	365044
4.502096000	366432
4.502260000	367820
4.502262000	369208
4.502428000	370596
4.502429000	371984
4.502431000	373372
4.502596000	374760
4.502597000	376148
4.502763000	377536
4.502764000	378924
4.502931000	380312
4.502932000	381700
4.503099000	383088
4.503100000	384476
4.503266000	385864
4.503267000	387252
4.503434000	388640
4.503435000	390028
4.503602000	391416
4.503603000	392804
4.503770000	394192
4.503771000	395580
4.503938000	396968
4.503939000	398356
4.504109000	399744
4.504112000	401132
4.504276000	402520
4.506954000	395580
4.507041000	392804
4.507042000	394192
4.507043000	395580
4.507207000	396968
4.507208000	398356
4.507377000	399744
4.507379000	401132
4.507545000	402520
4.507547000	403908
4.507709000	405296
4.507943000	402520
4.508030000	369208
4.508031000	370596
4.508200000	371984
4.508202000	373372
4.508367000	374760
4.508369000	376148
4.508533000	377536
4.508535000	378924
4.508701000	380312
4.508702000	381700
4.508867000	383088
4.508868000	384476
4.509035000	385864
4.509036000	387252
4.509204000	388640
4.509205000	390028
4.509206000	391416
4.509370000	392804
4.509371000	394192
4.509538000	395580
4.509539000	396968
4.511972000	395580
4.511975000	396968
4.512063000	394192
4.512065000	395580
4.512232000	396968
4.512234000	398356
4.512400000	399744
4.512402000	401132
4.512568000	402520
4.512570000	403908
4.512735000	405296
4.512737000	406684
4.512902000	408072
4.517006000	374760
4.517093000	360880
4.517095000	362268
4.517260000	363656
4.517261000	365044
4.517427000	366432
4.517428000	367820
4.517429000	369208
4.517595000	370596
4.517596000	371984
4.517762000	373372
4.517763000	374760
4.517931000	358104
4.517932000	359492
4.518098000	353940
4.518099000	355328
4.518266000	356716
4.518267000	358104
4.518433000	359492
4.518434000	360880
4.518601000	362268
4.518603000	363656
4.518769000	365044
4.518770000	366432
4.518937000	367820
4.518938000	369208
4.519105000	370596
4.519106000	371984
4.519273000	373372
4.519274000	374760
4.519440000	376148
4.519441000	377536
4.519443000	378924
4.519608000	380312
4.519609000	381700
4.519776000	383088
4.519777000	384476
4.519944000	385864
4.519945000	387252
4.520112000	388640
4.520112000	390028
4.520282000	391416
4.520284000	392804
4.521922000	381700
4.521926000	383088
4.522014000	381700
4.522015000	383088
4.522180000	384476
4.522182000	385864
4.522348000	387252
4.522349000	388640
4.522516000	390028
4.522517000	391416
4.522683000	392804
4.522684000	393707
