0.280446000	1408
0.280453000	2816
0.280470000	4224
0.280473000	5632
0.280566000	7040
0.280570000	8448
0.280642000	9856
0.280644000	11264
0.280677000	12672
0.280679000	14080
0.339814000	14080
0.339819000	15488
0.339924000	15488
0.339929000	16896
0.340719000	16896
0.340723000	18304
0.340765000	18304
0.340769000	19712
0.340871000	21120
0.341711000	22528
0.349747000	22528
0.349772000	23936
0.356608000	16896
0.356614000	18304
0.356642000	19712
0.356645000	21120
0.379811000	21120
0.379812000	22528
0.379828000	22528
0.379831000	23936
0.387667000	23936
0.387670000	25344
0.394754000	25344
0.394756000	26752
0.395742000	26752
0.395744000	28160
0.395777000	23936
0.395779000	25344
0.395828000	26752
0.395830000	28160
0.395880000	29568
0.395882000	30976
0.395933000	32384
0.395935000	33792
0.420685000	33792
0.420687000	35200
0.420717000	33792
0.420719000	35200
0.420769000	36608
0.420771000	38016
0.421679000	38016
0.421682000	39424
0.421729000	38016
0.421730000	39424
0.421781000	40832
0.421783000	42240
0.429730000	42240
0.429732000	43648
0.429760000	40832
0.429762000	42240
0.429849000	43648
0.429850000	45056
0.429921000	46464
0.429923000	47872
0.430647000	47872
0.430648000	49280
0.430682000	47872
0.430683000	49280
0.430738000	50688
0.430740000	52096
0.436656000	52096
0.436658000	53504
0.466862000	53504
0.466864000	54912
0.466982000	49280
0.466984000	50688
0.467017000	52096
0.467019000	53504
0.467067000	54912
0.467069000	56320
0.467123000	57728
0.467125000	59136
0.467172000	60544
0.467173000	61952
0.467649000	61952
0.467651000	63360
0.467686000	60544
0.467688000	61952
0.467747000	63360
0.467749000	64768
0.467791000	66176
0.467792000	67584
0.492836000	67584
0.492839000	68992
0.492940000	67584
0.492943000	68992
0.493018000	70400
0.493021000	71808
0.499694000	71808
0.499697000	73216
0.499831000	64768
0.499835000	66176
0.499916000	67584
0.499920000	68992
0.500009000	70400
0.500012000	71808
0.500102000	73216
0.500105000	74624
0.500165000	76032
0.500167000	77440
0.500243000	78848
0.500246000	80256
0.500295000	81664
0.500297000	83072
0.530703000	83072
0.530705000	84480
0.530843000	78848
0.530846000	80256
0.530930000	81664
0.530933000	83072
0.531014000	84480
0.531016000	85888
0.531087000	87296
0.531090000	88704
0.531171000	90112
0.531173000	91520
0.537732000	91520
0.537735000	92928
0.537834000	92928
0.537835000	94336
0.537850000	91520
0.537852000	92928
0.537941000	94336
0.537943000	95744
0.538014000	97152
0.538017000	98560
0.538667000	98560
0.538668000	99968
0.538766000	95744
0.538768000	97152
0.538802000	98560
0.538804000	99968
0.538858000	101376
0.538859000	102784
0.538908000	104192
0.538910000	105600
0.544857000	104192
0.544859000	105600
0.545017000	102784
0.545019000	104192
0.545056000	105600
0.545058000	107008
0.545138000	108416
0.545141000	109824
0.545223000	111232
0.545225000	112640
0.552727000	112640
0.552732000	114048
0.559796000	114048
0.559800000	115456
0.567667000	115456
0.567672000	116864
0.574765000	116864
0.574768000	118272
0.574797000	114048
0.574800000	115456
0.574909000	116864
0.574912000	118272
0.574945000	119680
0.575056000	121088
0.575059000	122496
0.575092000	123904
0.576698000	123904
0.576700000	125312
0.576748000	125312
0.576751000	126720
0.584816000	126720
0.584823000	128128
0.591748000	128128
0.591751000	129536
0.591921000	128128
0.591925000	129536
0.592009000	130944
0.592012000	132352
0.592715000	132352
0.592718000	133760
0.592743000	133760
0.592746000	135168
0.639870000	135168
0.639873000	136576
0.639899000	133760
0.639901000	135168
0.639950000	136576
0.639953000	137984
0.640003000	139392
0.640006000	140800
0.648733000	140800
0.648738000	142208
0.648777000	130944
0.648780000	132352
0.648832000	133760
0.648835000	135168
0.648937000	136576
0.648943000	137984
0.649025000	139392
0.649032000	140800
0.649071000	142208
0.649075000	143616
0.649124000	145024
0.649128000	146432
0.649179000	147840
0.649183000	149248
0.649230000	150656
0.649233000	152064
0.649284000	153472
0.649287000	154880
0.652775000	153472
0.652779000	154880
0.652820000	150656
0.652825000	152064
0.652893000	153472
0.652896000	154880
0.652932000	156288
0.652935000	157696
0.653025000	159104
0.653031000	160512
0.653107000	161920
0.653112000	163328
0.659881000	161920
0.659884000	163328
0.660083000	159104
0.660087000	160512
0.660159000	161920
0.660162000	163328
0.660203000	164736
0.660207000	166144
0.660270000	167552
0.660274000	168960
0.660309000	170368
0.660366000	171776
0.660831000	170368
0.660835000	171776
0.660895000	170368
0.660898000	171776
0.660917000	173184
0.660919000	174592
0.660960000	176000
0.661013000	177408
0.676674000	176000
0.676677000	177408
0.676692000	178816
0.676743000	180224
0.676837000	178816
0.676841000	180224
0.676869000	181632
0.676872000	183040
0.677734000	181632
0.677737000	183040
0.677751000	184448
0.677870000	185856
0.692766000	184448
0.692769000	185856
0.692802000	178816
0.692817000	180224
0.692922000	181632
0.692925000	183040
0.692958000	184448
0.693069000	185856
0.693072000	187264
0.693106000	188672
0.693109000	190080
0.693203000	191488
0.693208000	192896
0.693243000	194304
0.693246000	195712
0.693297000	197120
0.708798000	195712
0.708801000	197120
0.708839000	198528
0.708845000	199936
0.723904000	198528
0.723908000	199936
0.723958000	192896
0.723962000	194304
0.724026000	195712
0.724030000	197120
0.724069000	198528
0.724138000	199936
0.724142000	201344
0.724227000	202752
0.724233000	204160
0.724275000	205568
0.724278000	206976
0.724321000	208384
0.724374000	209792
0.724377000	211200
0.759832000	209792
0.759835000	211200
0.759854000	209792
0.759858000	211200
0.759995000	212608
0.759998000	214016
0.760051000	215424
0.760055000	216832
0.760708000	216832
0.760711000	218240
0.760777000	214016
0.760783000	215424
0.760962000	216832
0.760965000	218240
0.761025000	219648
0.761027000	221056
0.761070000	222464
0.761073000	223872
0.761652000	223872
0.761655000	225280
0.761678000	222464
0.761681000	223872
0.761741000	223872
0.761744000	225280
0.761801000	226688
0.761804000	228096
0.761834000	229504
0.761837000	230912
0.762695000	230912
0.762699000	232320
0.769684000	232320
0.769688000	233728
0.769705000	233728
0.769757000	235136
0.777795000	235136
0.777801000	236544
0.784748000	236544
0.784751000	237952
0.784773000	237952
0.784778000	239360
0.784897000	239360
0.784900000	240768
0.792664000	240768
0.792666000	242176
0.792706000	242176
0.792740000	240768
0.792787000	240768
0.792790000	242176
0.792861000	243584
0.792865000	244992
0.792909000	246400
0.792912000	247808
0.809699000	247808
0.809702000	249216
0.809718000	249216
0.809721000	250624
0.817756000	250624
0.817761000	252032
0.824709000	252032
0.824714000	253440
0.824768000	252032
0.824772000	253440
0.825640000	247808
0.825643000	249216
0.825657000	250624
0.825721000	252032
0.825726000	253440
0.825766000	254848
0.825770000	256256
0.825825000	257664
0.825829000	259072
0.825874000	260480
0.825878000	261888
0.825929000	263296
0.833689000	263296
0.833694000	264704
0.840744000	264704
0.840747000	266112
0.840778000	264704
0.840781000	266112
0.840873000	267520
0.840876000	268928
0.841638000	268928
0.841642000	270336
0.889682000	270336
0.889685000	271744
0.889797000	271744
0.889801000	273152
0.889818000	273152
0.889912000	274560
0.897655000	274560
0.897660000	275968
0.904786000	275968
0.904791000	277376
0.905071000	264704
0.905078000	266112
0.905152000	267520
0.905158000	268928
0.905241000	270336
0.905247000	271744
0.905329000	273152
0.905334000	274560
0.905420000	275968
0.905426000	277376
0.905508000	278784
0.905513000	280192
0.905599000	281600
0.905605000	283008
0.905691000	284416
0.905697000	285824
0.905732000	287232
0.905736000	288640
0.905796000	288640
0.905800000	290048
0.905842000	283008
0.905844000	284416
0.905894000	283008
0.905897000	284416
0.905948000	285824
0.905950000	287232
0.906002000	288640
0.906005000	290048
0.906055000	291456
0.906058000	292864
0.906109000	294272
0.906112000	295680
0.906163000	297088
0.906166000	298496
0.906217000	299904
0.906220000	301312
0.906270000	302720
0.906273000	304128
0.913837000	304128
0.913843000	305536
0.920717000	305536
0.920722000	306944
0.920771000	292864
0.920774000	294272
0.920835000	295680
0.920838000	297088
0.920876000	298496
0.920879000	299904
0.920928000	301312
0.920931000	302720
0.921028000	304128
0.921034000	305536
0.921126000	306944
0.921131000	308352
0.921207000	309760
0.921213000	311168
0.921299000	312576
0.921305000	313984
0.921347000	315392
0.921352000	316800
0.921399000	318208
0.921403000	319616
0.921453000	321024
0.921457000	322432
0.921634000	321024
0.921637000	322432
0.921657000	321024
0.921709000	322432
0.921712000	323840
0.921763000	325248
0.921765000	326656
0.921817000	328064
0.929760000	326656
0.929765000	328064
0.929806000	329472
0.929810000	330880
0.936748000	329472
0.936752000	330880
0.936794000	329472
0.936797000	330880
0.936890000	332288
0.936893000	333696
0.936982000	335104
0.936988000	336512
0.952895000	335104
0.952899000	336512
0.952942000	335104
0.952945000	336512
0.952996000	337920
0.952999000	339328
0.953087000	340736
0.953093000	342144
0.954665000	340736
0.954668000	342144
0.954696000	337920
0.954699000	339328
0.954805000	340736
0.954808000	342144
0.954890000	343552
0.954896000	344960
0.954930000	346368
0.954933000	347776
0.954984000	349184
0.954987000	350592
0.969810000	349184
0.969813000	350592
0.969827000	352000
0.969934000	353408
0.985836000	352000
0.985839000	353408
0.985864000	349184
0.985871000	350592
0.985977000	352000
0.985980000	353408
0.986013000	354816
0.986128000	356224
0.986131000	357632
0.986197000	359040
0.986200000	360448
0.986314000	361856
0.986748000	360448
0.986751000	361856
0.986779000	357632
0.986782000	359040
0.987015000	360448
0.987022000	361856
0.987051000	363264
0.987054000	364672
0.987103000	366080
0.987106000	367488
0.987157000	368896
0.987160000	370304
1.001748000	368896
1.001751000	370304
1.001766000	371712
1.001825000	373120
1.002731000	371712
1.002734000	373120
1.002758000	374528
1.002761000	375936
1.017866000	374528
1.017870000	375936
1.017884000	377344
1.017994000	378752
1.033872000	377344
1.033877000	378752
1.033931000	368896
1.033935000	370304
1.033998000	371712
1.034002000	373120
1.034040000	374528
1.034109000	375936
1.034113000	377344
1.034150000	378752
1.034216000	380160
1.034220000	381568
1.034262000	382976
1.034265000	384384
1.034315000	385792
1.034319000	387200
1.034369000	388608
1.034372000	390016
1.034424000	391424
1.034428000	392832
1.034797000	391424
1.034800000	392832
1.034817000	391424
1.034820000	392832
1.034876000	394240
1.034878000	395648
1.034923000	397056
1.034926000	398464
1.051724000	397056
1.051727000	398464
1.051746000	397056
1.051749000	398464
1.051827000	399872
1.051830000	401280
1.051918000	402688
1.051924000	404096
1.052622000	402688
1.052625000	404096
1.052703000	405504
1.052705000	406912
1.060690000	405504
1.060694000	406912
1.060718000	408320
1.060721000	409728
1.075828000	408320
1.075832000	409728
1.075851000	408320
1.075854000	409728
1.075962000	411136
1.075965000	412544
1.076048000	413952
1.076053000	415360
1.091711000	413952
1.091714000	415360
1.091740000	413952
1.091744000	415360
1.091795000	416768
1.091800000	418176
1.091938000	419584
1.091942000	420992
1.109681000	419584
1.109684000	420992
1.109703000	419584
1.109801000	420992
1.109806000	422400
1.109891000	423808
1.109897000	425216
1.109988000	426624
1.132728000	426624
1.132732000	428032
1.132757000	428032
1.132761000	429440
1.139789000	429440
1.139793000	430848
1.139815000	429440
1.139818000	430848
1.139881000	432256
1.139884000	433664
1.148725000	433664
1.148728000	435072
1.148799000	423808
1.148802000	425216
1.148901000	426624
1.148904000	428032
1.148956000	429440
1.148959000	430848
1.149015000	432256
1.149018000	433664
1.149059000	435072
1.149062000	436480
1.149117000	437888
1.149120000	439296
1.149164000	440704
1.149230000	442112
1.149233000	443520
1.149275000	444928
1.149338000	446336
1.149341000	447744
1.163813000	447744
1.163817000	449152
1.163855000	443520
1.163858000	444928
1.163967000	446336
1.163970000	447744
1.164003000	449152
1.164113000	450560
1.164116000	451968
1.164172000	453376
1.164175000	454784
1.164254000	456192
1.171690000	456192
1.171695000	457600
1.178870000	457600
1.178873000	459008
1.178911000	450560
1.178914000	451968
1.179052000	453376
1.179055000	454784
1.179120000	456192
1.179124000	457600
1.179205000	459008
1.179207000	460416
1.179270000	461824
1.179274000	463232
1.179389000	464640
1.179395000	466048
1.179507000	467456
1.179512000	468864
1.179682000	468864
1.179685000	470272
1.179706000	468864
1.179764000	470272
1.179767000	471680
1.179811000	473088
1.187653000	473088
1.187658000	474496
1.194775000	474496
1.194778000	475904
1.194816000	473088
1.194819000	474496
1.194861000	475904
1.194864000	477312
1.194907000	478720
1.194966000	480128
1.195694000	480128
1.195696000	481536
1.218741000	481536
1.218744000	482944
1.218765000	481536
1.218768000	482944
1.218877000	484352
1.218879000	485760
1.233773000	485760
1.233777000	487168
1.233816000	480128
1.233819000	481536
1.233928000	482944
1.233931000	484352
1.233964000	485760
1.234109000	487168
1.234112000	488576
1.234145000	489984
1.234256000	491392
1.234259000	492800
1.234293000	494208
1.234352000	495616
1.252684000	495616
1.252688000	497024
1.259718000	497024
1.259721000	498432
1.259767000	497024
1.259771000	498432
1.259835000	499840
1.259838000	501248
1.259957000	501248
1.259961000	502656
1.259979000	502656
1.259983000	504064
1.260724000	504064
1.260728000	505472
1.260755000	504064
1.260760000	505472
1.260819000	506880
1.260823000	508288
1.268773000	508288
1.268777000	509696
1.283741000	509696
1.283745000	511104
1.283792000	509696
1.283796000	511104
1.283860000	512512
1.283864000	513920
1.299752000	513920
1.299757000	515328
1.306690000	515328
1.306693000	516736
1.306730000	512512
1.306733000	513920
1.306772000	515328
1.306775000	516736
1.306841000	516736
1.306844000	518144
1.306877000	513920
1.306880000	515328
1.306932000	515328
1.306935000	516736
1.306982000	518144
1.306985000	519552
1.307035000	520960
1.307038000	522368
1.307087000	523776
1.307090000	525067
