5.947562000	1388
5.947572000	2776
5.947610000	4164
5.947614000	5552
5.947653000	6940
5.947656000	8328
5.947706000	9716
5.947709000	11104
5.947762000	12492
5.947765000	13880
6.020816000	13880
6.020822000	15268
6.020855000	15268
6.024472000	13880
6.024475000	15268
6.028074000	8328
6.028078000	9716
6.031699000	11104
6.031701000	12492
6.035285000	13880
6.035287000	15268
6.038902000	16656
6.038904000	18044
6.042500000	19432
6.042502000	20820
6.046144000	22208
6.046147000	23596
6.049700000	24984
6.049702000	26372
6.053335000	27760
6.062886000	27760
6.064691000	26372
6.064692000	27760
6.068299000	26372
6.068302000	27760
6.071909000	29148
6.071912000	30536
6.071944000	31924
6.075537000	24984
6.075541000	26372
6.079111000	24984
6.079113000	26372
6.082727000	27760
6.082730000	29148
6.086324000	30536
6.086327000	31924
6.089930000	33312
6.092673000	33312
6.094479000	33312
6.095694000	33312
6.098083000	29148
6.098084000	30536
6.101713000	31924
6.101715000	33312
6.105294000	34700
6.105296000	36088
6.108899000	37476
6.108902000	38864
6.127759000	38864
6.127763000	40252
6.128991000	37476
6.128996000	38864
6.129082000	40252
6.131208000	40252
6.131213000	41640
6.133388000	40252
6.133392000	41640
6.135538000	43028
6.135542000	44416
6.137718000	41640
6.137723000	43028
6.139666000	44416
6.139671000	45804
6.141516000	40252
6.141518000	41640
6.143433000	41640
6.143435000	43028
6.145382000	44416
6.145385000	45804
6.147306000	47192
6.147311000	48580
6.149191000	49968
6.149196000	51356
6.151105000	49968
6.151107000	51356
6.152831000	52744
6.152834000	54132
6.152881000	55520
6.154565000	56908
6.154567000	58296
6.156298000	59684
6.156299000	61072
6.158021000	61072
6.158022000	62460
6.159753000	59684
6.159754000	61072
6.161485000	62460
6.161487000	63848
6.163281000	63848
6.163288000	65236
6.164952000	66624
6.164955000	68012
6.166678000	69400
6.166680000	70788
6.168412000	70788
6.168415000	72176
6.170774000	72176
6.170778000	73564
6.171869000	73564
6.171871000	74952
6.187699000	76340
6.191688000	76340
6.191710000	76340
6.192582000	77728
6.192584000	79116
6.194335000	80504
6.194337000	81892
6.197708000	83280
6.200733000	84668
6.201552000	86056
6.201554000	87444
6.203193000	88832
6.203194000	90220
6.204785000	91608
6.207659000	92996
6.210720000	94384
6.210733000	95772
6.211525000	97160
6.211527000	98548
6.213095000	99936
6.213097000	101324
6.214621000	102712
6.214623000	104100
6.216092000	105488
6.216094000	106876
6.217454000	108264
6.217456000	109652
6.217490000	111040
6.218793000	112428
6.222673000	113816
6.223369000	115204
6.231705000	116592
6.232379000	117980
6.232384000	119368
6.233579000	120756
6.233581000	122144
6.234646000	123532
6.234648000	124920
6.235702000	126308
6.235704000	127696
6.236755000	129084
6.236756000	130472
6.237813000	131860
6.237815000	133248
6.238849000	134636
6.238851000	136024
6.239890000	137412
6.240721000	138800
6.241242000	140188
6.241244000	141576
6.242228000	142964
6.242229000	144352
6.255739000	145740
6.256237000	145740
6.256241000	147128
6.257122000	73564
6.257124000	74952
6.258029000	76340
6.260739000	76340
6.261193000	73564
6.261195000	74952
6.262096000	76340
6.262098000	77728
6.263002000	79116
6.263011000	80504
6.263907000	81892
6.265749000	81892
6.266223000	83280
6.283760000	83280
6.284215000	84668
6.285734000	84668
6.286192000	84668
6.286194000	86056
6.287099000	87444
6.287672000	87444
6.288129000	88832
6.290755000	88832
6.290759000	90220
6.291218000	88832
6.291220000	90220
6.292120000	91608
6.292122000	92996
6.295744000	92996
6.295749000	94384
6.296232000	92996
6.296235000	94384
6.297111000	95772
6.297114000	97160
6.300876000	95772
6.300880000	97160
6.301337000	87444
6.301339000	88832
6.302241000	90220
6.302243000	91608
6.303146000	92996
6.303148000	94384
6.304047000	95772
6.304049000	97160
6.304955000	98548
6.304957000	99936
6.305881000	101324
6.305882000	102712
6.305942000	104100
6.306761000	101324
6.306763000	102712
6.307664000	104100
6.307666000	105488
6.308598000	106876
6.308600000	108264
6.309475000	109652
6.309477000	111040
6.310420000	112428
6.310425000	113816
6.311283000	115204
6.317759000	113816
6.318214000	115204
6.318216000	116592
6.319136000	117980
6.322708000	116592
6.323166000	117980
6.323168000	119368
6.324069000	120756
6.325897000	120756
6.326352000	122144
6.326354000	122144
6.327257000	122144
6.327259000	123532
6.328160000	124920
6.328162000	126308
6.328194000	127696
6.329063000	129084
6.330795000	130472
6.331251000	131860
6.331253000	133248
6.332161000	134636
6.332164000	136024
6.333064000	137412
6.341003000	138800
6.341799000	140188
6.341829000	141576
6.347738000	142964
6.347759000	144352
6.351037000	145740
6.351150000	147128
6.351607000	148516
6.351608000	149904
6.352671000	151292
6.355802000	152680
6.356256000	154068
6.356258000	155456
6.357817000	156844
6.360828000	158232
6.361284000	159620
6.366220000	161008
6.366267000	162396
6.366722000	163784
6.366724000	165172
6.367646000	166560
6.367744000	167948
6.368529000	169336
6.370722000	170724
6.371177000	172112
6.371178000	173500
6.372081000	174888
6.372083000	176276
6.372985000	177664
6.372986000	179052
6.375972000	180440
6.375986000	181828
6.376446000	183216
6.400021000	62460
6.400403000	56908
6.400405000	58296
6.401160000	59684
6.401162000	61072
6.401918000	61072
6.402629000	62460
6.410744000	63848
6.416199000	65236
6.416216000	66624
6.416588000	68012
6.428946000	69400
6.429316000	70788
6.429364000	72176
6.430051000	73564
6.430052000	74952
6.430822000	76340
6.430823000	77728
6.431522000	79116
6.431524000	80504
6.432770000	81892
6.435863000	83280
6.436292000	84668
6.436294000	86056
6.436969000	87444
6.436970000	88832
6.437667000	90220
6.437668000	91608
6.438368000	92996
6.438371000	94384
6.439063000	95772
6.440879000	97160
6.441233000	98548
6.441235000	99936
6.441268000	101324
6.441926000	102712
6.445781000	104100
6.446131000	105488
6.446133000	106876
6.446823000	108264
6.466666000	108264
6.467776000	109652
6.467785000	111040
6.470790000	112428
6.470801000	113816
6.471172000	63848
6.471175000	65236
6.471850000	66624
6.471853000	68012
6.477703000	69400
6.477709000	70788
6.481272000	72176
6.481277000	73564
6.481630000	74952
6.481632000	76340
6.482369000	77728
6.482371000	79116
6.511431000	80504
6.511435000	81892
6.511479000	83280
6.511835000	84668
6.511837000	86056
6.512526000	87444
6.512528000	88832
6.513240000	90220
6.513243000	91608
6.513941000	92996
6.513946000	94384
6.514652000	95772
6.514653000	97160
6.515299000	98548
6.515301000	99936
6.515992000	101324
6.515994000	102712
6.516692000	104100
6.519752000	105488
6.520103000	106876
6.523876000	108264
6.524227000	109652
6.524229000	111040
6.524922000	112428
6.524924000	113816
6.525615000	115204
6.525617000	116592
6.525651000	117980
6.526306000	119368
6.526308000	120756
6.527000000	122144
6.527002000	123532
6.527723000	124920
6.527725000	126308
6.528388000	127696
6.528390000	129084
6.529093000	130472
6.529095000	131860
6.529774000	133248
6.529776000	134636
6.530722000	77728
6.530724000	79116
6.531167000	80504
6.531170000	81892
6.531854000	83280
6.531856000	84668
6.532574000	86056
6.532576000	87444
6.533242000	87444
6.533243000	88832
6.533935000	90220
6.533937000	91608
6.534009000	92996
6.534629000	94384
6.534631000	95772
6.535323000	97160
6.535325000	98548
6.536017000	94384
6.536019000	95772
6.536709000	90220
6.536711000	91608
6.537431000	92996
6.537433000	94384
6.538097000	88832
6.538098000	90220
6.538790000	91608
6.538791000	92996
6.539511000	94384
6.539514000	95772
6.540185000	97160
6.540189000	98548
6.540875000	99936
6.540877000	101324
6.541565000	102712
6.541566000	104100
6.542260000	105488
6.542262000	106876
6.542319000	108264
6.542953000	109652
6.542955000	111040
6.543670000	112428
6.543672000	113816
6.544369000	115204
6.544371000	116592
6.545034000	117980
6.545037000	119368
6.545726000	120756
6.545728000	122144
6.546437000	123532
6.546439000	124920
6.547137000	126308
6.547142000	127696
6.547812000	129084
6.547816000	130472
6.548501000	131860
6.548503000	133248
6.549194000	134636
6.549196000	136024
6.549888000	137412
6.549890000	138800
6.550589000	140188
6.550594000	141576
6.550628000	142964
6.551283000	144352
6.551288000	145740
6.551968000	147128
6.551970000	148516
6.552661000	149904
6.552662000	151292
6.553356000	152680
6.553358000	154068
6.554054000	155456
6.554057000	156844
6.554747000	158232
6.562853000	158232
6.563203000	158232
6.563204000	159620
6.563928000	161008
6.567737000	161008
6.568090000	156844
6.568092000	158232
6.568784000	159620
6.568786000	161008
6.569478000	162396
6.569480000	163784
6.570171000	165172
6.570173000	166560
6.570862000	158232
6.570864000	159620
6.570931000	158232
6.571556000	151292
6.571558000	152680
6.572248000	154068
6.572250000	155456
6.572943000	154068
6.572944000	155456
6.573639000	156844
6.573642000	158232
6.574333000	159620
6.574335000	161008
6.575050000	162396
6.575052000	163784
6.575729000	165172
6.575732000	166560
6.576410000	159620
6.576412000	161008
6.577108000	162396
6.577112000	163784
6.577801000	165172
6.577803000	166560
6.578527000	167948
6.578540000	169336
6.579184000	170724
6.579185000	172112
6.579267000	173500
6.579879000	174888
6.579880000	176276
6.580573000	177664
6.580575000	179052
6.581283000	180440
6.581286000	181828
6.581990000	183216
6.582676000	183216
6.583053000	183216
6.587757000	183216
6.588108000	179052
6.588110000	180440
6.588806000	181828
6.588809000	183216
6.590780000	181828
6.590787000	183216
6.591141000	179052
6.591144000	180440
6.591850000	181828
6.591852000	183216
6.592684000	181828
6.592688000	183216
6.593218000	181828
6.593220000	183216
6.595891000	154068
6.596197000	155456
6.596198000	156844
6.596788000	156844
6.597666000	158232
6.597971000	159620
6.597974000	161008
6.598543000	162396
6.600735000	163784
6.602652000	165172
6.602661000	166560
6.605784000	167948
6.605791000	169336
6.606481000	170724
6.606483000	172112
6.606772000	173500
6.606774000	173500
6.607327000	174888
6.607329000	176276
6.607882000	177664
6.607884000	179052
6.608430000	180440
6.608432000	181828
6.608976000	183216
6.608978000	184604
6.610819000	185992
6.611096000	187380
6.611098000	188768
6.611627000	190156
6.611630000	191544
6.612138000	192932
6.612139000	194320
6.612653000	195708
6.612655000	197096
6.613166000	198484
6.613168000	199872
6.613680000	201260
6.615825000	202648
6.616087000	204036
6.616089000	205424
6.616601000	206812
6.616603000	208200
6.617751000	209588
6.622705000	209588
6.628300000	210976
6.628310000	212364
6.628510000	213752
6.628511000	215140
6.632669000	216528
6.635759000	217916
6.635773000	219304
6.635983000	220692
6.635985000	222080
6.636364000	223468
6.636366000	224856
6.636755000	226244
6.637675000	227632
6.637878000	229020
6.637882000	230408
6.642707000	231796
6.642723000	233184
6.645784000	234572
6.645801000	235960
6.646004000	237348
6.646006000	238736
6.646392000	240124
6.646393000	241512
6.646783000	242900
6.646784000	244288
6.647202000	245676
6.647205000	247064
6.647576000	248452
6.647578000	249840
6.647960000	251228
6.650695000	252616
6.650720000	254004
6.650924000	255392
6.650925000	256780
6.651311000	258168
6.651312000	259556
6.655766000	260944
6.655869000	262332
6.656073000	263720
6.656075000	265108
6.656460000	266496
6.656462000	267884
6.656851000	269272
6.656852000	270660
6.657751000	272048
6.657760000	273436
6.660853000	274824
6.660982000	276212
6.661195000	277600
6.661473000	278988
6.661687000	280376
6.661689000	281764
6.662066000	283152
6.662069000	284540
6.665847000	285928
6.665956000	287316
6.665970000	288704
6.666172000	290092
6.666174000	291480
6.666561000	292868
6.666563000	294256
6.666955000	295644
6.666956000	297032
6.667350000	298420
6.670844000	299808
6.671043000	301196
6.671044000	302584
6.677714000	284540
6.677720000	285928
6.677922000	287316
6.677923000	288704
6.678849000	290092
6.678853000	291480
6.679059000	292868
6.679062000	294256
6.679445000	295644
6.679447000	297032
6.679837000	298420
6.679840000	299808
6.680229000	301196
6.680231000	302584
6.680233000	303972
6.680619000	305360
6.685800000	306748
6.686062000	269272
6.686065000	270660
6.686393000	272048
6.686396000	273436
6.686800000	274824
6.686803000	276212
6.687171000	277600
6.687173000	278988
6.687563000	280376
6.687567000	281764
6.687964000	283152
6.687967000	284540
6.688346000	285928
6.688347000	287316
6.688739000	288704
6.688741000	290092
6.689129000	291480
6.689130000	292868
6.689521000	294256
6.689522000	295644
6.689935000	297032
6.689938000	298420
6.690330000	299808
6.690334000	301196
6.690335000	302584
6.690740000	303972
6.690743000	305360
6.691111000	306748
6.691114000	308136
6.700851000	309524
6.700856000	310912
6.701059000	312300
6.701061000	313688
6.701452000	315076
6.701454000	316464
6.701839000	317852
6.701840000	319240
6.702230000	320628
6.702231000	322016
6.702625000	323404
6.702630000	324792
6.703015000	326180
6.703017000	327568
6.703412000	328956
6.703416000	330344
6.703801000	331732
6.703804000	333120
6.704188000	334508
6.704190000	335896
6.704191000	337284
6.704579000	338672
6.704581000	340060
6.704973000	341448
6.704975000	342836
6.705362000	344224
6.705364000	345612
6.705754000	347000
6.705755000	348388
6.706145000	349776
6.706147000	351164
6.706536000	352552
6.706538000	353940
6.706952000	355328
6.709129000	205424
6.709331000	206812
6.709334000	208200
6.709720000	209588
6.709723000	210976
6.710114000	212364
6.710117000	213752
6.710501000	215140
6.710503000	216528
6.716014000	216528
6.716018000	217916
6.716037000	217916
6.716261000	217916
6.716263000	219304
6.716633000	220692
6.716634000	222080
6.717044000	222080
6.717047000	222080
6.717424000	223468
6.717425000	224856
6.717803000	226244
6.717805000	227632
6.718197000	229020
6.718198000	230408
6.718587000	231796
6.721198000	233184
6.721406000	234572
6.721816000	235960
6.722028000	237348
6.722032000	238736
6.722406000	240124
6.722408000	241512
6.722797000	242900
6.727848000	244288
6.728049000	245676
6.728051000	247064
6.728052000	248452
6.730817000	249840
6.730843000	249840
6.731044000	251228
6.732635000	252616
6.732835000	254004
6.735803000	255392
6.736051000	256780
6.736052000	258168
6.737749000	259556
6.740845000	260944
6.741045000	262332
6.741047000	263720
6.741434000	265108
6.741436000	266496
6.741828000	267884
6.741830000	269272
6.742216000	270660
6.742218000	272048
6.742608000	273436
6.742609000	274824
6.742999000	276212
6.743001000	277600
6.743391000	278988
6.743392000	279891
6.746974000	279891
6.786382000	279891
6.808906000	278503
