6.002542000	1388
6.002552000	2776
6.002626000	4164
6.002633000	5552
6.002717000	6940
6.002722000	8328
6.002809000	9716
6.002814000	11104
6.002895000	12492
6.002901000	13880
6.039141000	13880
6.039147000	15268
6.039180000	15268
6.039183000	16656
6.044109000	16656
6.044115000	18044
6.044150000	18044
6.044154000	19432
6.049243000	19432
6.049251000	20820
6.049287000	20820
6.049290000	22208
6.054333000	22208
6.054338000	23596
6.054366000	23596
6.054369000	24984
6.057126000	24984
6.057131000	26372
6.057163000	26372
6.057167000	27760
6.074065000	27760
6.074071000	29148
6.074089000	29148
6.074092000	30536
6.078141000	30536
6.078146000	31924
6.078230000	31924
6.078235000	33312
6.094083000	33312
6.094088000	34700
6.094111000	34700
6.094114000	36088
6.099191000	36088
6.099196000	37476
6.099229000	37476
6.099232000	38864
6.102116000	38864
6.102123000	40252
6.102240000	38864
6.102250000	40252
6.102297000	41640
6.102303000	43028
6.103175000	43028
6.103180000	44416
6.103215000	38864
6.103218000	40252
6.103339000	41640
6.103345000	43028
6.103458000	44416
6.103464000	45804
6.103573000	47192
6.103578000	48580
6.103690000	49968
6.103695000	51356
6.104178000	51356
6.104181000	52744
6.104215000	52744
6.104217000	54132
6.107058000	54132
6.107062000	55520
6.107098000	55520
6.107100000	56908
6.107171000	56908
6.107178000	58296
6.117081000	58296
6.117086000	59684
6.117120000	58296
6.117123000	59684
6.117165000	59684
6.117169000	61072
6.117215000	62460
6.117218000	63848
6.119111000	63848
6.119117000	65236
6.119145000	65236
6.119148000	66624
6.129108000	66624
6.129113000	68012
6.129141000	68012
6.129145000	69400
6.133147000	69400
6.133152000	70788
6.133190000	66624
6.133193000	68012
6.133289000	69400
6.133298000	70788
6.133378000	72176
6.133384000	73564
6.133466000	74952
6.133472000	76340
6.134074000	76340
6.134079000	77728
6.134108000	77728
6.134112000	79116
6.139138000	79116
6.139143000	80504
6.139187000	80504
6.139191000	81892
6.144141000	81892
6.144146000	83280
6.144187000	83280
6.144191000	84668
6.146449000	84668
6.146454000	86056
6.146500000	84668
6.146503000	86056
6.146604000	84668
6.146609000	86056
6.146652000	86056
6.146655000	87444
6.146702000	88832
6.146705000	90220
6.146756000	91608
6.146758000	92996
6.147093000	92996
6.147096000	94384
6.147145000	92996
6.147147000	94384
6.147274000	92996
6.147277000	94384
6.147280000	95772
6.147311000	83280
6.147313000	84668
6.147316000	86056
6.147368000	86056
6.147371000	87444
6.147374000	88832
6.147419000	88832
6.147421000	90220
6.147424000	91608
6.147472000	92996
6.147475000	94384
6.147478000	95772
6.147526000	97160
6.147528000	98548
6.147531000	99936
6.147579000	101324
6.147581000	102712
6.147584000	104100
6.147633000	105488
6.147635000	106876
6.147638000	108264
6.147686000	109652
6.147689000	111040
6.147691000	112428
6.147739000	113816
6.147742000	115204
6.147744000	116592
6.154132000	116592
6.154136000	117980
6.154145000	117980
6.154180000	119368
6.158205000	119368
6.158210000	120756
6.158220000	120756
6.158366000	117980
6.158370000	119368
6.158373000	120756
6.158418000	122144
6.158420000	123532
6.158423000	124920
6.158543000	126308
6.159258000	126308
6.159265000	127696
6.159424000	127696
6.159429000	129084
6.162200000	129084
6.162205000	130472
6.162215000	130472
6.162239000	127696
6.162242000	129084
6.162245000	130472
6.162335000	131860
6.162343000	133248
6.162347000	134636
6.162379000	136024
6.164123000	136024
6.164127000	137412
6.164137000	137412
6.164140000	138800
6.174309000	138800
6.174318000	140188
6.174347000	140188
6.174351000	141576
6.178126000	141576
6.178131000	142964
6.178140000	142964
6.178143000	144352
6.178167000	141576
6.178171000	142964
6.178174000	144352
6.178177000	145740
6.178217000	147128
6.178220000	148516
6.179047000	148516
6.179051000	149904
6.179096000	149904
6.179099000	151292
6.184131000	151292
6.184136000	152680
6.184146000	152680
6.184170000	152680
6.184174000	154068
6.184177000	155456
6.187155000	155456
6.187160000	156844
6.187170000	156844
6.187350000	152680
6.187353000	154068
6.187357000	155456
6.187367000	154068
6.187393000	148516
6.187397000	149904
6.187399000	151292
6.187402000	152680
6.187457000	151292
6.187460000	152680
6.187463000	154068
6.187466000	155456
6.187555000	156844
6.187563000	158232
6.187569000	159620
6.187576000	161008
6.187656000	162396
6.187663000	163784
6.187666000	165172
6.187668000	166560
6.187751000	167948
6.187757000	169336
6.187760000	170724
6.187763000	172112
6.187845000	173500
6.187851000	174888
6.187854000	176276
6.188086000	176276
6.188091000	177664
6.188100000	177664
6.188103000	179052
6.188124000	177664
6.188126000	179052
6.188129000	180440
6.188132000	181828
6.189088000	181828
6.189091000	183216
6.189098000	183216
6.189101000	184604
6.194104000	184604
6.194112000	185992
6.194123000	185992
6.194126000	187380
6.197296000	187380
6.197301000	188768
6.197311000	188768
6.197314000	190156
6.197383000	188768
6.197385000	190156
6.197388000	191544
6.197391000	192932
6.198166000	191544
6.198170000	192932
6.198173000	194320
6.198176000	195708
6.198205000	188768
6.198208000	190156
6.198211000	191544
6.198214000	192932
6.198315000	191544
6.198320000	192932
6.198323000	194320
6.198326000	195708
6.199142000	191544
6.199147000	192932
6.199150000	194320
6.199152000	195708
6.199196000	194320
6.199200000	195708
6.199203000	197096
6.199205000	198484
6.199294000	199872
6.199300000	201260
6.199303000	202648
6.199306000	204036
6.199388000	205424
6.199393000	206812
6.199397000	208200
6.199400000	209588
6.199482000	210976
6.199487000	212364
6.199490000	213752
6.199493000	215140
6.202098000	213752
6.202104000	215140
6.202108000	216528
6.202112000	217916
6.202153000	208200
6.202157000	209588
6.202161000	210976
6.202165000	212364
6.202215000	210976
6.202220000	212364
6.202224000	213752
6.202227000	215140
6.202267000	208200
6.202271000	209588
6.202275000	210976
6.202278000	212364
6.202289000	210976
6.202317000	212364
6.202322000	213752
6.202325000	215140
6.202329000	216528
6.202333000	217916
6.202373000	219304
6.202381000	220692
6.202385000	222080
6.202390000	223468
6.202393000	224856
6.202429000	226244
6.202433000	227632
6.202436000	229020
6.202440000	230408
6.202444000	231796
6.202485000	233184
6.202489000	234572
6.202493000	235960
6.202497000	237348
6.202538000	238736
6.202542000	240124
6.202546000	241512
6.202550000	242900
6.204091000	241512
6.204096000	242900
6.204100000	244288
6.204103000	245676
6.204116000	244288
6.204132000	245676
6.204136000	247064
6.204139000	248452
6.207118000	247064
6.207123000	248452
6.207127000	249840
6.207131000	251228
6.207144000	249840
6.207181000	245676
6.207185000	247064
6.207189000	248452
6.207193000	249840
6.207196000	251228
6.207229000	249840
6.207233000	251228
6.207237000	252616
6.207240000	254004
6.207278000	252616
6.207283000	254004
6.207287000	255392
6.207291000	256780
6.207295000	258168
6.207329000	259556
6.207332000	260944
6.207335000	262332
6.207338000	263720
6.207380000	265108
6.208138000	263720
6.208144000	265108
6.208148000	266496
6.208158000	267884
6.208171000	266496
6.208205000	265108
6.208209000	266496
6.208213000	267884
6.208217000	269272
6.208222000	270660
6.208251000	263720
6.208259000	265108
6.208262000	266496
6.208265000	267884
6.208268000	269272
6.208271000	270660
6.208465000	272048
6.208469000	273436
6.208484000	274824
6.208529000	276212
6.208533000	277600
6.208537000	278988
6.208541000	280376
6.208544000	281764
6.214094000	280376
6.214100000	281764
6.214103000	283152
6.214107000	284540
6.214120000	283152
6.214124000	284540
6.214140000	285928
6.214144000	287316
6.218290000	285928
6.218295000	287316
6.218298000	288704
6.218301000	290092
6.218312000	288704
6.218314000	290092
6.218326000	285928
6.218344000	283152
6.218347000	284540
6.218349000	285928
6.218352000	287316
6.218355000	288704
6.218439000	290092
6.218444000	291480
6.218448000	292868
6.218450000	294256
6.218454000	295644
6.218456000	297032
6.218459000	298420
6.218481000	299808
6.218484000	301196
6.218487000	302584
6.219106000	302584
6.219112000	303972
6.219122000	303972
6.219125000	305360
6.224198000	305360
6.224203000	306748
6.224213000	306748
6.224216000	308136
6.227188000	308136
6.227193000	309524
6.227204000	309524
6.227207000	310912
6.227215000	310912
6.227218000	312300
6.227225000	312300
6.227239000	313688
6.228153000	313688
6.228158000	315076
6.228168000	315076
6.228171000	316464
6.228180000	316464
6.228182000	317852
6.228190000	317852
6.228204000	319240
6.228325000	319240
6.228328000	320628
6.229116000	320628
6.229121000	322016
6.229131000	322016
6.229134000	323404
6.232126000	323404
6.232133000	324792
6.232148000	324792
6.232152000	326180
6.232163000	326180
6.232167000	327568
6.232177000	327568
6.232208000	326180
6.232212000	327568
6.232216000	328956
6.232220000	330344
6.232224000	331732
6.232263000	331732
6.232267000	333120
6.232277000	333120
6.232280000	334508
6.232290000	334508
6.232294000	335896
6.232304000	335896
6.232552000	335896
6.232556000	337284
6.232560000	338672
6.232571000	338672
6.232575000	340060
6.232585000	340060
6.232588000	341448
6.232796000	335896
6.232801000	337284
6.232805000	338672
6.232809000	340060
6.232813000	341448
6.232817000	342836
6.232821000	344224
6.233061000	345612
6.233065000	347000
6.233069000	348388
6.234112000	348388
6.234117000	349776
6.234126000	349776
6.234130000	351164
6.237189000	351164
6.237195000	352552
6.237205000	352552
6.237208000	353940
6.237215000	353940
6.237218000	355328
6.237225000	355328
6.237664000	352552
6.237668000	353940
6.237671000	355328
6.237674000	356716
6.237677000	358104
6.237680000	359492
6.237683000	360880
6.238045000	347000
6.238051000	348388
6.238054000	349776
6.238057000	351164
6.238060000	352552
6.238063000	353940
6.238065000	355328
6.238349000	355328
6.238354000	356716
6.238357000	358104
6.238360000	359492
6.238363000	360880
6.238366000	362268
6.238369000	363656
6.238372000	365044
6.238513000	360880
6.238519000	362268
6.238522000	363656
6.238525000	365044
6.238528000	366432
6.238531000	367820
6.238537000	369208
6.238542000	370596
6.238833000	371984
6.238839000	373372
6.238842000	374760
6.238845000	376148
6.238855000	377536
6.238859000	378924
6.238862000	380312
6.238864000	381700
6.239093000	381700
6.239096000	383088
6.239099000	384476
6.239109000	384476
6.239112000	385864
6.242140000	385864
6.242145000	387252
6.242154000	387252
6.242158000	388640
6.242165000	388640
6.242168000	390028
6.242175000	390028
6.242178000	391416
6.242432000	390028
6.242437000	391416
6.242440000	392804
6.242443000	394192
6.242454000	394192
6.242457000	395580
6.242464000	395580
6.242467000	396968
6.242714000	395580
6.242720000	396968
6.242723000	398356
6.242726000	399744
6.244112000	399744
6.244119000	401132
6.244132000	401132
6.244139000	402520
6.247104000	402520
6.247109000	403908
6.247119000	403908
6.247122000	405296
6.247130000	405296
6.247133000	406684
6.247140000	406684
6.247143000	408072
6.247167000	405296
6.247170000	406684
6.247173000	408072
6.247176000	409460
6.247179000	410848
6.247276000	409460
6.247281000	410848
6.247284000	412236
6.247287000	413624
6.247290000	415012
6.247301000	413624
6.247304000	415012
6.247307000	416400
6.247652000	403908
6.247657000	405296
6.247660000	406684
6.247663000	408072
6.247666000	409460
6.247669000	410848
6.247671000	412236
6.247674000	413624
6.247912000	412236
6.247919000	413624
6.247923000	415012
6.247926000	416400
6.247930000	417788
6.247933000	419176
6.247937000	420564
6.247940000	421952
6.248017000	423340
6.248021000	424728
6.248025000	426116
6.248028000	427504
6.248032000	428892
6.248036000	430280
6.248040000	431668
6.248044000	433056
6.248308000	431668
6.248311000	433056
6.248314000	434444
6.248316000	435832
6.248319000	437220
6.248331000	435832
6.248334000	437220
6.248336000	438608
6.248343000	437220
6.248599000	430280
6.248605000	431668
6.248608000	433056
6.248611000	434444
6.248613000	435832
6.248616000	437220
6.248619000	438608
6.248622000	439996
6.248625000	441384
6.248891000	442772
6.248897000	444160
6.248900000	445548
6.248903000	446936
6.248906000	448324
6.248909000	449712
6.248912000	451100
6.249489000	449712
6.249494000	451100
6.249497000	452488
6.249500000	453876
6.249510000	452488
6.249513000	453876
6.249516000	455264
6.249519000	456652
6.252153000	455264
6.252158000	456652
6.252161000	458040
6.252164000	459428
6.252175000	458040
6.252178000	459428
6.252181000	460816
6.252184000	462204
6.252193000	460816
6.252415000	456652
6.252421000	458040
6.252426000	459428
6.252429000	460816
6.252432000	462204
6.252435000	463592
6.252438000	464980
6.252441000	466368
6.252443000	467756
6.252717000	469144
6.252723000	470532
6.254097000	469144
6.254104000	470532
6.254108000	471920
6.254112000	473308
6.254126000	471920
6.254130000	473308
6.254133000	474696
6.254137000	476084
6.257183000	474696
6.257188000	476084
6.257191000	477472
6.257194000	478860
6.257204000	477472
6.257207000	478860
6.257210000	480248
6.257213000	481636
6.257220000	480248
6.257477000	467756
6.257482000	469144
6.257485000	470532
6.257488000	471920
6.257491000	473308
6.257494000	474696
6.257497000	476084
6.257499000	477472
6.257502000	478860
6.257761000	474696
6.257767000	476084
6.257770000	477472
6.257773000	478860
6.257775000	480248
6.257778000	481636
6.257781000	483024
6.257790000	484412
6.257794000	485800
6.258007000	487188
6.258011000	488576
6.258016000	489964
6.258021000	491352
6.258025000	492740
6.258030000	494128
6.258033000	495516
6.258036000	496904
6.258039000	498292
6.258278000	496904
6.258281000	498292
6.258284000	499680
6.258287000	501068
6.258290000	502456
6.258292000	503844
6.258295000	505232
6.258297000	506620
6.264075000	505232
6.264082000	506620
6.264086000	508008
6.264089000	509396
6.264103000	508008
6.264107000	509396
6.264111000	510784
6.264115000	512172
6.268142000	510784
6.268147000	512172
6.268150000	513560
6.268155000	514948
6.268173000	513560
6.268176000	514948
6.268179000	516336
6.268182000	517724
6.268404000	510784
6.268407000	512172
6.268410000	513560
6.268413000	514948
6.268416000	516336
6.268419000	517724
6.268422000	519112
6.268425000	520500
6.268706000	521888
6.268712000	523276
6.268715000	524664
6.268718000	526052
6.269304000	524664
6.269309000	526052
6.269312000	527440
6.269315000	528828
6.269325000	527440
6.269328000	528828
6.269331000	530216
6.269334000	531119
