0.793502000	1388
0.793507000	2776
0.793533000	4164
0.793535000	5552
0.793586000	6940
0.793588000	8328
0.793638000	9716
0.793640000	11104
0.793691000	12492
0.793693000	13880
0.914958000	13880
0.914961000	15268
0.915021000	15268
0.915024000	16656
0.920053000	16656
0.920057000	18044
0.920103000	18044
0.920105000	19432
0.921144000	19432
0.921147000	20820
0.921187000	16656
0.921189000	18044
0.921252000	19432
0.921254000	20820
0.921342000	22208
0.921346000	23596
0.921424000	24984
0.921428000	26372
0.922986000	26372
0.922990000	27760
1.053282000	27760
1.053285000	29148
1.053310000	27760
1.053380000	27760
1.053384000	29148
1.053419000	29148
1.053422000	30536
1.053466000	30536
1.053469000	31924
1.053519000	33312
1.053522000	34700
1.053572000	36088
1.054971000	36088
1.054974000	37476
1.055014000	37476
1.055015000	38864
1.058128000	38864
1.058131000	40252
1.058216000	30536
1.058218000	31924
1.058307000	31924
1.058309000	33312
1.058336000	34700
1.058338000	36088
1.058391000	36088
1.058393000	37476
1.058442000	37476
1.058444000	38864
1.058510000	40252
1.058511000	41640
1.058602000	43028
1.058604000	44416
1.058738000	45804
1.058740000	47192
1.058793000	48580
1.058795000	49968
1.058845000	51356
1.058904000	52744
1.058906000	54132
1.059004000	55520
1.198090000	55520
1.198092000	56908
1.199988000	56908
1.199992000	58296
1.200022000	58296
1.200024000	59684
1.200979000	59684
1.200985000	61072
1.201011000	59684
1.201013000	61072
1.201124000	61072
1.201129000	62460
1.201160000	62460
1.201163000	63848
1.201214000	65236
1.201217000	66624
1.203007000	66624
1.203011000	68012
1.203068000	68012
1.203070000	69400
1.203144000	69400
1.203146000	70788
1.203191000	68012
1.203194000	69400
1.203244000	70788
1.203246000	72176
1.203297000	73564
1.203299000	74952
1.204955000	74952
1.204957000	76340
1.205029000	76340
1.205032000	77728
1.211047000	77728
1.211050000	79116
1.211079000	76340
1.211129000	77728
1.211132000	79116
1.211181000	80504
1.211184000	81892
1.211235000	83280
1.212974000	83280
1.212978000	84668
1.215035000	84668
1.215039000	86056
1.215130000	86056
1.215133000	87444
1.218071000	87444
1.218074000	88832
1.218110000	81892
1.218113000	83280
1.218217000	83280
1.218220000	84668
1.218346000	79116
1.218349000	80504
1.218384000	80504
1.218386000	81892
1.218436000	83280
1.218438000	84668
1.218487000	86056
1.218490000	87444
1.218539000	88832
1.218541000	90220
1.218592000	91608
1.218594000	92996
1.218645000	94384
1.218648000	95772
1.218699000	97160
1.218702000	98548
1.218751000	99936
1.218754000	101324
1.218803000	102712
1.218806000	104100
1.218857000	105488
1.218860000	106876
1.220068000	105488
1.220071000	106876
1.220112000	108264
1.220114000	109652
1.261029000	109652
1.261031000	111040
1.368309000	109652
1.368312000	111040
1.368342000	112428
1.368345000	113816
1.371059000	73564
1.371062000	74952
1.371281000	76340
1.371284000	77728
1.371336000	79116
1.371338000	80504
1.371388000	81892
1.371391000	83280
1.371441000	84668
1.371444000	86056
1.371575000	87444
1.371578000	88832
1.371606000	90220
1.371609000	91608
1.371660000	92996
1.371662000	94384
1.371713000	95772
1.371716000	97160
1.371767000	98548
1.371770000	99936
1.371822000	101324
1.371825000	102712
1.371875000	104100
1.371878000	105488
1.371929000	106876
1.371932000	108264
1.371982000	109652
1.371985000	111040
1.372033000	112428
1.372035000	113816
1.372086000	115204
1.372088000	116592
1.372141000	117980
1.372143000	119368
1.372193000	120756
1.372194000	122144
1.372246000	123532
1.372249000	124920
1.372300000	126308
1.372302000	127696
1.372353000	129084
1.372355000	130472
1.372405000	131860
1.372407000	133248
1.372459000	134636
1.372461000	136024
1.372512000	137412
1.372514000	138800
1.372565000	140188
1.372566000	141576
1.372618000	142964
1.372619000	144352
1.372676000	145740
1.372679000	147128
1.372731000	148516
1.372734000	149904
1.372783000	151292
1.372786000	152680
1.372837000	154068
1.372840000	155456
1.383033000	155456
1.383036000	156844
1.383053000	156844
1.383055000	158232
1.383131000	158232
1.383133000	159620
1.383177000	156844
1.383180000	158232
1.383233000	158232
1.383240000	159620
1.383287000	155456
1.383289000	156844
1.383339000	155456
1.383341000	156844
1.383408000	156844
1.383411000	158232
1.383459000	159620
1.383638000	159620
1.383641000	161008
1.384971000	151292
1.384974000	152680
1.385014000	152680
1.385016000	154068
1.385066000	155456
1.385069000	156844
1.385118000	158232
1.385121000	159620
1.385170000	161008
1.385172000	162396
1.385223000	163784
1.385225000	165172
1.385275000	166560
1.385277000	167948
1.385327000	169336
1.385329000	170724
1.385379000	172112
1.385381000	173500
1.385432000	174888
1.385434000	176276
1.385484000	177664
1.385486000	179052
1.385536000	180440
1.385539000	181828
1.385589000	183216
1.385591000	184604
1.385642000	185992
1.385644000	187380
1.385693000	188768
1.390068000	188768
1.390072000	190156
1.390138000	190156
1.390141000	191544
1.391062000	191544
1.391065000	192932
1.391098000	188768
1.391100000	190156
1.391158000	191544
1.391160000	192932
1.391201000	194320
1.391203000	195708
1.391254000	197096
1.391256000	198484
1.393076000	184604
1.393079000	185992
1.393110000	187380
1.393112000	188768
1.393179000	184604
1.393184000	185992
1.393292000	187380
1.393295000	188768
1.393371000	190156
1.393373000	191544
1.393423000	192932
1.393425000	194320
1.393475000	195708
1.393477000	197096
1.393527000	198484
1.393529000	199872
1.393579000	201260
1.393581000	202648
1.393631000	204036
1.393633000	205424
1.393684000	206812
1.393686000	208200
1.393736000	209588
1.393738000	210976
1.393789000	212364
1.393791000	213752
1.393841000	215140
1.393843000	216528
1.393893000	217916
1.393895000	219304
1.431024000	217916
1.431026000	219304
1.431160000	220692
1.431162000	222080
1.547981000	220692
1.547985000	222080
1.548026000	220692
1.548028000	222080
1.548108000	223468
1.548112000	224856
1.548191000	226244
1.548197000	227632
1.551051000	227632
1.551054000	229020
1.551081000	226244
1.551083000	227632
1.551170000	229020
1.551174000	230408
1.551237000	231796
1.551239000	233184
1.553017000	233184
1.553021000	234572
1.553054000	231796
1.553056000	233184
1.553106000	233184
1.553109000	234572
1.553159000	233184
1.553161000	234572
1.553212000	233184
1.553214000	234572
1.553264000	230408
1.553267000	231796
1.553317000	231796
1.553319000	233184
1.553368000	230408
1.553371000	231796
1.553423000	231796
1.553426000	233184
1.553472000	233184
1.553474000	234572
1.553526000	235960
1.554949000	235960
1.554993000	235960
1.554999000	235960
1.555045000	237348
1.558056000	237348
1.558065000	237348
1.558100000	234572
1.558103000	235960
1.558155000	234572
1.558159000	235960
1.558210000	235960
1.558213000	237348
1.558265000	234572
1.558268000	235960
1.558320000	234572
1.558325000	235960
1.558375000	233184
1.558379000	234572
1.558430000	234572
1.558433000	235960
1.558482000	234572
1.558486000	235960
1.558538000	234572
1.558540000	235960
1.558591000	234572
1.558594000	235960
1.558645000	234572
1.558649000	235960
1.558698000	234572
1.558701000	235960
1.558750000	234572
1.558753000	235960
1.558803000	237348
1.558806000	238736
1.559943000	238736
1.559988000	238736
1.560994000	238736
1.560998000	238736
1.561096000	238736
1.563352000	238736
1.563400000	238736
1.563452000	238736
1.563457000	238736
1.564974000	238736
1.564979000	238736
1.565030000	240124
1.568001000	240124
1.568008000	240124
1.568088000	240124
1.568097000	240124
1.568136000	237348
1.568138000	238736
1.568236000	234572
1.568241000	235960
1.568307000	237348
1.568311000	238736
1.568351000	240124
1.569969000	238736
1.569971000	240124
1.570015000	238736
1.570018000	240124
1.570963000	238736
1.570965000	240124
1.571011000	235960
1.571014000	237348
1.571064000	235960
1.571066000	237348
1.571117000	233184
1.571119000	234572
1.571169000	235960
1.571171000	237348
1.571222000	238736
1.571224000	240124
1.571275000	241512
1.572926000	240124
1.572928000	241512
1.572978000	240124
1.572980000	241512
1.574950000	240124
1.574952000	241512
1.574994000	240124
1.574996000	241512
1.581037000	213752
1.581041000	215140
1.581069000	195708
1.581071000	197096
1.581156000	198484
1.581160000	199872
1.581238000	201260
1.581242000	202648
1.581319000	204036
1.581323000	205424
1.581402000	206812
1.581406000	208200
1.581484000	209588
1.581488000	210976
1.581566000	212364
1.581571000	213752
1.581612000	215140
1.581614000	216528
1.581663000	217916
1.581665000	219304
1.581716000	220692
1.581718000	222080
1.581769000	223468
1.581771000	224856
1.581822000	226244
1.581824000	227632
1.581875000	229020
1.581878000	230408
1.581928000	231796
1.581930000	233184
1.581981000	234572
1.581984000	235960
1.582034000	237348
1.582036000	238736
1.582087000	240124
1.582089000	241512
1.582141000	242900
1.582143000	244288
1.582953000	234572
1.582956000	235960
1.582998000	237348
1.583001000	238736
1.583047000	240124
1.583050000	241512
1.583120000	242900
1.583123000	244288
1.588003000	235960
1.588007000	237348
1.588083000	238736
1.588087000	240124
1.588165000	241512
1.588169000	242900
1.588247000	244288
1.588251000	245676
1.631039000	244288
1.631043000	245676
1.635008000	244288
1.635012000	245676
1.705047000	244288
1.705054000	245676
1.708024000	244288
1.708031000	245676
1.708072000	238736
1.708076000	240124
1.708132000	238736
1.708136000	240124
1.708189000	230408
1.708193000	231796
1.708247000	227632
1.708252000	229020
1.708305000	229020
1.708309000	230408
1.708355000	230408
1.708360000	231796
1.708407000	233184
1.708411000	234572
1.708462000	235960
1.708466000	237348
1.708517000	238736
1.708521000	240124
1.708571000	241512
1.708576000	242900
1.708626000	244288
1.708630000	245676
1.708680000	247064
1.709982000	247064
1.709991000	247064
1.710980000	247064
1.710989000	247064
1.711026000	247064
1.711030000	248452
1.711083000	247064
1.711086000	248452
1.713046000	248452
1.713058000	248452
1.713083000	244288
1.713086000	245676
1.713196000	245676
1.713202000	247064
1.713228000	242900
1.713232000	244288
1.713331000	242900
1.713336000	244288
1.713428000	240124
1.713432000	241512
1.713497000	237348
1.713500000	238736
1.713562000	238736
1.713566000	240124
1.713635000	241512
1.713638000	242900
1.713685000	244288
1.713688000	245676
1.713739000	247064
1.713742000	248452
1.713793000	249840
1.714956000	249840
1.714963000	249840
1.718071000	249840
1.718084000	249840
1.718111000	245676
1.718114000	247064
1.718245000	245676
1.718251000	247064
1.718388000	240124
1.718391000	241512
1.718466000	237348
1.718469000	238736
1.718544000	235960
1.718548000	237348
1.718668000	237348
1.718673000	238736
1.719948000	229020
1.719952000	230408
1.720050000	230408
1.720055000	231796
1.720083000	233184
1.720086000	234572
1.720136000	235960
1.720139000	237348
1.720190000	238736
1.720193000	240124
1.720243000	241512
1.720247000	242900
1.720297000	244288
1.720300000	245676
1.720351000	247064
1.720354000	248452
1.720405000	249840
1.720408000	251228
1.724997000	251228
1.725008000	251228
1.725034000	252616
1.728018000	252616
1.728029000	252616
1.728059000	248452
1.728062000	249840
1.728167000	249840
1.728172000	251228
1.728200000	247064
1.728203000	248452
1.728312000	247064
1.728316000	248452
1.728340000	247064
1.728343000	248452
1.728440000	249840
1.728445000	251228
1.728481000	252616
1.729984000	252616
1.729992000	252616
1.733009000	252616
1.733016000	252616
1.733111000	252616
1.733115000	254004
1.733141000	251228
1.733144000	252616
1.733242000	251228
1.733246000	252616
1.733281000	248452
1.733284000	249840
1.733328000	249840
1.733332000	251228
1.733382000	251228
1.733385000	252616
1.733433000	249840
1.733436000	251228
1.733487000	251228
1.733490000	252616
1.733543000	248452
1.733546000	249840
1.733593000	248452
1.733596000	249840
1.733647000	248452
1.733649000	249840
1.733699000	248452
1.733702000	249840
1.733750000	251228
1.733753000	252616
1.733804000	254004
1.733807000	255392
1.734982000	255392
1.734992000	255392
1.738036000	255392
1.738047000	255392
1.738072000	251228
1.738075000	252616
1.738174000	252616
1.738179000	254004
1.738465000	249840
1.738469000	251228
1.738494000	248452
1.738497000	249840
1.738547000	251228
1.738550000	252616
1.738647000	254004
1.738652000	255392
1.738687000	256780
1.770063000	256780
1.770071000	256780
1.775023000	256780
1.778004000	256780
1.778012000	256780
1.778043000	255392
1.778045000	256780
1.778096000	256780
1.778101000	256780
1.778146000	256780
1.778152000	256780
1.778198000	256780
1.778203000	256780
1.778250000	256780
1.778255000	256780
1.778302000	256780
1.778307000	256780
1.778356000	256780
1.778361000	256780
1.778409000	256780
1.778411000	258168
1.778459000	256780
1.778461000	258168
1.778515000	254004
1.778518000	255392
1.778565000	256780
1.778567000	258168
1.780024000	258168
1.780033000	258168
1.783019000	258168
1.783028000	258168
1.783136000	256780
1.783139000	258168
1.783202000	254004
1.783204000	255392
1.783282000	252616
1.783284000	254004
1.783327000	248452
1.783329000	249840
1.783382000	245676
1.783384000	247064
1.783433000	242900
1.783435000	244288
1.783526000	240124
1.783529000	241512
1.783599000	231796
1.783601000	233184
1.783668000	177664
1.783670000	179052
1.783705000	106876
1.783708000	108264
1.783758000	109652
1.783760000	111040
1.783811000	112428
1.783813000	113816
1.783864000	115204
1.783866000	116592
1.783918000	117980
1.783920000	119368
1.783971000	120756
1.783973000	122144
1.784024000	123532
1.784026000	124920
1.784077000	126308
1.784079000	127696
1.784130000	129084
1.784132000	130472
1.784183000	131860
1.784185000	133248
1.784237000	134636
1.784238000	136024
1.784289000	137412
1.784291000	138800
1.784343000	140188
1.784345000	141576
1.784395000	142964
1.784397000	144352
1.784448000	145740
1.784450000	147128
1.784502000	148516
1.784508000	149904
1.784552000	151292
1.784554000	152680
1.784604000	154068
1.784607000	155456
1.784657000	156844
1.784659000	158232
1.784709000	159620
1.784712000	161008
1.784762000	162396
1.784764000	163784
1.784814000	165172
1.784817000	166560
1.784867000	167948
1.784870000	169336
1.784934000	133248
1.784936000	134636
1.784971000	136024
1.784973000	137412
1.785023000	138800
1.785025000	140188
1.785076000	141576
1.785077000	142964
1.785128000	144352
1.785130000	145740
1.785181000	147128
1.785182000	148516
1.785233000	149904
1.785235000	151292
1.785286000	152195
