16.507276000	1408
16.507286000	2816
16.507310000	4224
16.507314000	5632
16.507369000	7040
16.507373000	8448
16.507462000	9856
16.507466000	11264
16.507552000	12672
16.507558000	14080
16.559477000	14080
16.559482000	15488
16.559573000	14080
16.559577000	15488
16.559624000	16896
16.559627000	18304
16.566421000	18304
16.566425000	19712
16.566468000	19712
16.566471000	21120
16.566494000	19712
16.566576000	15488
16.566579000	16896
16.566627000	18304
16.566630000	19712
16.566727000	21120
16.566733000	22528
16.566772000	23936
16.599417000	23936
16.599422000	25344
16.599459000	23936
16.599462000	25344
16.599557000	26752
16.599570000	28160
16.606385000	28160
16.606389000	29568
16.621448000	29568
16.621453000	30976
16.621522000	19712
16.621525000	21120
16.621595000	22528
16.621598000	23936
16.621659000	25344
16.621662000	26752
16.621767000	28160
16.621772000	29568
16.621799000	30976
16.621802000	32384
16.621852000	33792
16.621855000	35200
16.621905000	36608
16.621907000	38016
16.621981000	39424
16.621985000	40832
16.622038000	42240
16.622042000	43648
16.622439000	43648
16.622444000	45056
16.622565000	43648
16.622570000	45056
16.622623000	46464
16.622626000	47872
16.639467000	47872
16.639472000	49280
16.639504000	49280
16.639507000	50688
16.646378000	50688
16.646386000	52096
16.646430000	46464
16.646434000	47872
16.646485000	49280
16.646490000	50688
16.646540000	52096
16.646545000	53504
16.646595000	54912
16.646599000	56320
16.646652000	57728
16.646656000	59136
16.679368000	59136
16.679374000	60544
16.679406000	59136
16.679409000	60544
16.679498000	61952
16.679505000	63360
16.686532000	63360
16.686537000	64768
16.686710000	45056
16.686714000	46464
16.686762000	47872
16.686765000	49280
16.686858000	50688
16.686863000	52096
16.686939000	53504
16.686945000	54912
16.687031000	56320
16.687036000	57728
16.687117000	59136
16.687123000	60544
16.687210000	61952
16.687216000	63360
16.687297000	64768
16.687302000	66176
16.687338000	67584
16.687341000	68992
16.687392000	70400
16.687395000	71808
16.687445000	73216
16.687448000	74624
16.687502000	76032
16.687504000	77440
16.687554000	78848
16.687557000	80256
16.687607000	81664
16.687610000	83072
16.687661000	84480
16.687663000	85888
16.703428000	85888
16.703433000	87296
16.703476000	77440
16.703483000	78848
16.703554000	78848
16.703557000	80256
16.739456000	63360
16.739461000	64768
16.739496000	61952
16.739500000	63360
16.739576000	64768
16.739580000	66176
16.739653000	67584
16.739657000	68992
16.739702000	70400
16.739706000	71808
16.739756000	73216
16.739759000	74624
16.739810000	76032
16.739813000	77440
16.739864000	78848
16.739866000	80256
16.739917000	81664
16.739920000	83072
16.739999000	84480
16.740002000	85888
16.740034000	87296
16.740037000	88704
16.740088000	90112
16.740091000	91520
16.740142000	92928
16.740145000	94336
16.740196000	95744
16.740198000	97152
16.740249000	98560
16.740252000	99968
16.740303000	101376
16.740306000	102784
16.740357000	104192
16.740360000	105600
16.740411000	107008
16.740414000	108416
16.740464000	109824
16.740467000	111232
16.740519000	112640
16.740522000	114048
16.740574000	115456
16.740579000	116864
16.740626000	118272
16.740629000	119680
16.740680000	121088
16.740682000	122496
16.746399000	122496
16.746404000	123904
16.746441000	116864
16.746445000	118272
16.746550000	118272
16.746555000	119680
16.746591000	116864
16.746595000	118272
16.746690000	119680
16.746696000	121088
16.746777000	122496
16.746783000	123904
16.746843000	125312
16.746846000	126720
16.746918000	128128
16.746921000	129536
16.746969000	130944
16.746972000	132352
16.747023000	133760
16.747025000	135168
16.747076000	136576
16.747080000	137984
16.747406000	137984
16.747409000	139392
16.747449000	139392
16.747458000	140800
16.747512000	139392
16.747514000	140800
16.747596000	142208
16.747599000	143616
16.755487000	143616
16.755492000	145024
16.762513000	145024
16.762518000	146432
16.762570000	133760
16.762573000	135168
16.762667000	136576
16.762673000	137984
16.762757000	139392
16.762762000	140800
16.762844000	142208
16.762850000	143616
16.762931000	145024
16.762937000	146432
16.763023000	147840
16.763029000	149248
16.763110000	150656
16.763116000	152064
16.763151000	153472
16.763155000	154880
16.763205000	156288
16.763208000	157696
16.763259000	159104
16.763262000	160512
16.763327000	160512
16.763330000	161920
16.763366000	159104
16.763369000	160512
16.763419000	161920
16.763422000	163328
16.763473000	164736
16.763476000	166144
16.771436000	166144
16.771442000	167552
16.778480000	166144
16.778485000	167552
16.778513000	160512
16.778516000	161920
16.778569000	163328
16.778589000	164736
16.778644000	166144
16.778648000	167552
16.778685000	168960
16.778689000	170368
16.778741000	171776
16.778745000	173184
16.778798000	174592
16.778802000	176000
16.778855000	177408
16.778860000	178816
16.779356000	177408
16.779362000	178816
16.779374000	177408
16.779608000	176000
16.779614000	177408
16.779618000	178816
16.779675000	180224
16.779679000	181632
16.779683000	183040
16.779729000	184448
16.779733000	185856
16.779736000	187264
16.794420000	185856
16.794426000	187264
16.794429000	188672
16.794464000	167552
16.794478000	168960
16.794481000	170368
16.794485000	171776
16.794488000	173184
16.794530000	174592
16.794533000	176000
16.794536000	177408
16.794539000	178816
16.794581000	180224
16.794584000	181632
16.794587000	183040
16.794590000	184448
16.794633000	185856
16.794636000	187264
16.794639000	188672
16.794642000	190080
16.794685000	191488
16.794688000	192896
16.794691000	194304
16.794694000	195712
16.794737000	197120
16.794740000	198528
16.794743000	199936
16.794745000	201344
16.794790000	202752
16.794792000	204160
16.794796000	205568
16.794799000	206976
16.794898000	208384
16.794903000	209792
16.794907000	211200
16.794909000	212608
16.795413000	211200
16.795417000	212608
16.795420000	214016
16.795423000	215424
16.803419000	214016
16.803424000	215424
16.803427000	216832
16.803429000	218240
16.810435000	216832
16.810441000	218240
16.810444000	219648
16.810447000	221056
16.810485000	208384
16.810488000	209792
16.810491000	211200
16.810494000	212608
16.810536000	214016
16.810538000	215424
16.810541000	216832
16.810543000	218240
16.810589000	219648
16.810591000	221056
16.810594000	222464
16.810596000	223872
16.810642000	225280
16.810645000	226688
16.810647000	228096
16.810650000	229504
16.810696000	230912
16.810699000	232320
16.810702000	233728
16.810704000	235136
16.811456000	233728
16.811459000	235136
16.811461000	236544
16.811464000	237952
16.811624000	236544
16.811628000	237952
16.811630000	239360
16.811633000	240768
16.819402000	239360
16.819409000	240768
16.819413000	242176
16.819417000	243584
16.826396000	242176
16.826401000	243584
16.826404000	244992
16.826452000	229504
16.826457000	230912
16.826461000	232320
16.826506000	233728
16.826511000	235136
16.826514000	236544
16.826561000	237952
16.826566000	239360
16.826569000	240768
16.826619000	242176
16.826623000	243584
16.826627000	244992
16.826683000	246400
16.826688000	247808
16.826693000	249216
16.826726000	250624
16.826730000	252032
16.826734000	253440
16.826781000	254848
16.826785000	256256
16.826789000	257664
16.826834000	259072
16.826838000	260480
16.826842000	261888
16.826885000	263296
16.827313000	261888
16.827318000	263296
16.827322000	264704
16.827353000	266112
16.835360000	264704
16.835365000	266112
16.835368000	267520
16.835412000	266112
16.835416000	267520
16.835419000	268928
16.835507000	270336
16.835513000	271744
16.842505000	270336
16.842510000	271744
16.842513000	273152
16.842556000	260480
16.842560000	261888
16.842563000	263296
16.842648000	264704
16.842654000	266112
16.842657000	267520
16.842730000	268928
16.842736000	270336
16.842739000	271744
16.842821000	273152
16.842827000	274560
16.842830000	275968
16.842911000	277376
16.842917000	278784
16.842920000	280192
16.843001000	281600
16.843410000	280192
16.843415000	281600
16.843426000	280192
16.843443000	281600
16.859480000	280192
16.859485000	281600
16.859494000	280192
16.859536000	278784
16.859540000	280192
16.859543000	281600
16.866524000	280192
16.866529000	281600
16.866546000	280192
16.866887000	270336
16.866893000	271744
16.866897000	273152
16.866957000	274560
16.866961000	275968
16.866965000	277376
16.867015000	278784
16.867019000	280192
16.867024000	281600
16.867357000	280192
16.867362000	281600
16.867374000	280192
16.867403000	273152
16.867407000	274560
16.867411000	275968
16.867459000	277376
16.867463000	278784
16.867469000	280192
16.867514000	281600
16.868382000	280192
16.868387000	281600
16.868397000	280192
16.868454000	281600
16.869368000	280192
16.869375000	281600
16.869389000	280192
16.869393000	281600
16.876443000	280192
16.876449000	281600
16.876458000	280192
16.876461000	281600
16.876603000	280192
16.876608000	281600
16.877384000	280192
16.877389000	281600
16.877399000	280192
16.877402000	281600
16.892450000	280192
16.892457000	281600
16.892471000	280192
16.892475000	281600
16.892519000	273152
16.892524000	274560
16.892528000	275968
16.892575000	277376
16.892580000	278784
16.892583000	280192
16.892628000	281600
16.892633000	283008
16.892636000	284416
16.892685000	285824
16.892689000	287232
16.892693000	288640
16.900461000	288640
16.900467000	290048
16.900470000	291456
16.915521000	291456
16.915526000	292864
16.915529000	294272
16.915652000	259072
16.915657000	260480
16.915660000	261888
16.915794000	263296
16.915797000	264704
16.915801000	266112
16.915830000	267520
16.915833000	268928
16.915836000	270336
16.915882000	271744
16.915885000	273152
16.915888000	274560
16.915995000	275968
16.915999000	277376
16.916003000	278784
16.916031000	280192
16.916033000	281600
16.916036000	283008
16.916083000	284416
16.916086000	285824
16.916090000	287232
16.916148000	288640
16.916151000	290048
16.916154000	291456
16.916246000	292864
16.916252000	294272
16.916255000	295680
16.916336000	297088
16.916342000	298496
16.916345000	299904
16.916427000	301312
16.916432000	302720
16.916435000	304128
16.916519000	305536
16.916526000	306944
16.916528000	308352
16.916610000	309760
16.916616000	311168
16.916619000	312576
16.916651000	313984
16.916654000	315392
16.916657000	316800
16.916707000	318208
16.916710000	319616
16.916712000	321024
16.916765000	322432
16.916768000	323840
16.916772000	325248
16.916811000	326656
16.916815000	328064
16.916817000	329472
16.916864000	330880
16.916867000	332288
16.916870000	333696
16.916917000	335104
16.916920000	336512
16.916924000	337920
16.916972000	339328
16.916976000	340736
16.916980000	342144
16.917025000	343552
16.917029000	344960
16.917033000	346368
16.917078000	347776
16.917082000	349184
16.917086000	350592
16.917131000	352000
16.917136000	353408
16.917140000	354816
16.917184000	356224
16.917188000	357632
16.917192000	359040
16.917234000	360448
16.917238000	361856
16.917241000	363264
16.917286000	364672
16.917289000	366080
16.917292000	367488
16.917340000	368896
16.917409000	368896
16.917414000	370304
16.917418000	371712
16.917449000	370304
16.917453000	371712
16.917457000	373120
16.917501000	374528
16.917506000	375936
16.917514000	377344
16.932411000	377344
16.932416000	378752
16.932420000	380160
16.932473000	366080
16.932476000	367488
16.932479000	368896
16.932571000	370304
16.932577000	371712
16.932580000	373120
16.932666000	374528
16.932672000	375936
16.932675000	377344
16.932749000	378752
16.932755000	380160
16.932758000	381568
16.932831000	382976
16.932837000	384384
16.932840000	385792
16.932913000	387200
16.932919000	388608
16.932922000	390016
16.932998000	391424
16.933003000	392832
16.933006000	394240
16.933038000	395648
16.933041000	397056
16.933044000	398464
16.933091000	399872
16.933094000	401280
16.933097000	402688
16.933145000	404096
16.933147000	405504
16.933150000	406912
16.933198000	408320
16.933201000	409728
16.933204000	411136
16.933252000	412544
16.933316000	412544
16.933321000	413952
16.933324000	415360
16.933359000	412544
16.933363000	413952
16.933365000	415360
16.933415000	415360
16.933419000	416768
16.933422000	418176
16.933465000	418176
16.933468000	419584
16.933470000	420992
16.933516000	422400
16.933520000	423808
16.933523000	425216
16.933569000	426624
16.933572000	428032
16.933575000	429440
16.934444000	429440
16.934448000	430848
16.934451000	432256
16.934462000	430848
16.934489000	432256
16.934492000	433664
16.934495000	435072
16.934498000	436480
16.934542000	437888
16.941376000	437888
16.941380000	439296
16.941384000	440704
16.941392000	440704
16.941419000	437888
16.941422000	439296
16.941425000	440704
16.941428000	442112
16.941521000	443520
16.941527000	444928
16.941530000	446336
16.941533000	447744
16.941614000	449152
16.941620000	450560
16.941622000	451968
16.942410000	451968
16.942414000	453376
16.942418000	454784
16.942425000	454784
16.942463000	456192
16.942467000	457600
16.957372000	457600
16.957380000	459008
16.957413000	459008
16.957419000	460416
16.957431000	460416
16.957487000	450560
16.957491000	451968
16.957495000	453376
16.957539000	454784
16.957543000	456192
16.957547000	457600
16.957591000	459008
16.957594000	460416
16.957598000	461824
16.957643000	463232
16.957647000	464640
16.957651000	466048
16.957696000	467456
16.957700000	468864
16.957704000	470272
16.957749000	471680
16.957754000	473088
16.958402000	473088
16.958407000	474496
16.958419000	474496
16.958445000	473088
16.958448000	474496
16.958452000	475904
16.958503000	477312
16.958507000	478720
16.966317000	478720
16.966323000	480128
16.973401000	480128
16.973406000	481536
16.973416000	481536
16.973463000	475904
16.973466000	477312
16.973469000	478720
16.973506000	480128
16.973510000	481536
16.973512000	482944
16.973559000	484352
16.973562000	485760
16.973564000	487168
16.973611000	488576
16.973614000	489984
16.974362000	489984
16.974367000	491392
16.974376000	491392
16.974399000	489984
16.974402000	491392
16.974405000	492800
16.974499000	494208
16.974505000	495616
16.982400000	495616
16.982405000	497024
16.989383000	497024
16.989388000	498432
16.989398000	498432
16.989424000	495616
16.989427000	497024
16.989430000	498432
16.989478000	498432
16.989481000	499840
16.989484000	501248
16.989529000	494208
16.989531000	495616
16.989534000	497024
16.989580000	497024
16.989584000	498432
16.989586000	499840
16.989633000	501248
16.989636000	502656
16.989639000	504064
16.989685000	505472
16.989688000	506880
16.989691000	508288
16.989737000	509696
16.989740000	511104
16.989743000	512512
16.989789000	513920
16.989792000	515328
16.990401000	515328
16.990404000	516736
16.990411000	516736
16.990448000	508288
16.990451000	509696
16.990454000	511104
16.990501000	512512
16.990504000	513920
16.990507000	515328
16.990553000	516736
16.990555000	518144
16.990558000	519552
16.990605000	520960
16.990608000	522368
16.990610000	523776
16.990657000	525184
16.990660000	526592
16.990662000	528000
16.991464000	528000
16.991468000	529291
