8.513154000	1408
8.513162000	2816
8.513188000	4224
8.513190000	5632
8.513243000	7040
8.513246000	8448
8.513291000	9856
8.513293000	11264
8.513342000	12672
8.513345000	14080
8.558590000	14080
8.558595000	15488
8.558632000	15488
8.562367000	9856
8.562370000	11264
8.566158000	12672
8.566161000	14080
8.569826000	15488
8.569829000	16896
8.573640000	14080
8.573642000	15488
8.577282000	16896
8.577283000	18304
8.581034000	19712
8.581035000	21120
8.584774000	22528
8.584777000	23936
8.588474000	25344
8.588478000	26752
8.592204000	28160
8.606516000	29568
8.608312000	30976
8.608315000	32384
8.611717000	33792
8.614386000	30976
8.616085000	32384
8.621435000	32384
8.623171000	29568
8.623274000	30976
8.626476000	32384
8.626479000	33792
8.629790000	35200
8.629792000	36608
8.633131000	38016
8.639457000	38016
8.641171000	36608
8.641176000	38016
8.644511000	39424
8.644517000	40832
8.644605000	42240
8.647816000	38016
8.647819000	39424
8.651157000	40832
8.651160000	42240
8.654500000	43648
8.654504000	45056
8.657839000	45056
8.662526000	45056
8.664269000	40832
8.664274000	42240
8.667438000	43648
8.667442000	45056
8.670635000	46464
8.686563000	46464
8.688047000	42240
8.688093000	43648
8.690406000	45056
8.690411000	46464
8.692762000	47872
8.692773000	49280
8.695085000	50688
8.695088000	52096
8.697509000	53504
8.701407000	53504
8.702597000	50688
8.702601000	52096
8.704988000	53504
8.704992000	54912
8.707309000	56320
8.707314000	57728
8.709711000	59136
8.717409000	59136
8.718602000	53504
8.718607000	54912
8.720699000	56320
8.720704000	57728
8.720739000	59136
8.722802000	60544
8.722806000	61952
8.724898000	63360
8.733467000	63360
8.734520000	61952
8.734549000	63360
8.736624000	64768
8.736627000	66176
8.738722000	67584
8.741575000	67584
8.748588000	67584
8.748607000	67584
8.749667000	61952
8.749670000	63360
8.751765000	64768
8.751768000	66176
8.753864000	67584
8.757372000	67584
8.758467000	67584
8.764504000	67584
8.765568000	67584
8.780433000	67584
8.787424000	67584
8.787450000	67584
8.794472000	67584
8.794484000	67584
8.795544000	61952
8.795547000	63360
8.797690000	64768
8.797695000	66176
8.799742000	67584
8.810491000	66176
8.811555000	59136
8.811560000	60544
8.813547000	61952
8.813553000	63360
8.815540000	64768
8.815544000	66176
8.815587000	67584
8.817526000	68992
8.817528000	70400
8.819576000	71808
8.819582000	73216
8.825544000	71808
8.825549000	73216
8.826554000	68992
8.826557000	70400
8.828442000	71808
8.828447000	73216
8.830315000	74624
8.830320000	76032
8.849483000	74624
8.849489000	76032
8.850432000	71808
8.850437000	73216
8.852309000	74624
8.852314000	76032
8.856506000	74624
8.856514000	76032
8.863486000	74624
8.863491000	76032
8.864484000	64768
8.864489000	66176
8.866182000	67584
8.866187000	68992
8.867871000	70400
8.867876000	71808
8.869609000	73216
8.869612000	74624
8.871342000	76032
8.871347000	77440
8.873034000	78848
8.873046000	80256
8.874804000	81664
8.874809000	83072
8.879508000	81664
8.880411000	80256
8.880415000	81664
8.882131000	83072
8.886489000	81664
8.887394000	80256
8.887398000	81664
8.889108000	83072
8.901427000	81664
8.902246000	77440
8.902251000	78848
8.903857000	80256
8.903861000	81664
8.905475000	83072
8.905479000	84480
8.907087000	85888
8.907091000	87296
8.908754000	88704
8.909512000	88704
8.916575000	88704
8.916588000	88704
8.917441000	85888
8.917446000	87296
8.919077000	88704
8.931460000	88704
8.932297000	84480
8.932300000	85888
8.933888000	87296
8.933891000	88704
8.939508000	88704
8.946525000	88704
8.947374000	84480
8.947459000	85888
8.948978000	81664
8.948982000	83072
8.950575000	84480
8.950580000	85888
8.952183000	87296
8.952185000	88704
8.963519000	88704
8.964368000	84480
8.964373000	85888
8.965949000	87296
8.965954000	88704
8.971505000	88704
8.978556000	88704
8.979401000	83072
8.979406000	84480
8.981020000	85888
8.981025000	87296
8.982605000	88704
8.993406000	88704
8.994228000	84480
8.994234000	85888
8.995896000	87296
8.995900000	88704
9.008485000	88704
9.008501000	88704
9.009323000	77440
9.009327000	78848
9.010893000	80256
9.010898000	81664
9.012497000	83072
9.012501000	84480
9.014051000	85888
9.014056000	87296
9.015642000	88704
9.015646000	90112
9.019467000	90112
9.019481000	90112
9.026488000	90112
9.026505000	90112
9.034407000	88704
9.034415000	90112
9.059563000	88704
9.059569000	90112
9.059612000	88704
9.060412000	90112
9.066426000	88704
9.067220000	81664
9.067224000	83072
9.068823000	84480
9.068825000	85888
9.070402000	87296
9.070407000	88704
9.071971000	90112
9.081518000	88704
9.082341000	90112
9.089416000	88704
9.090239000	90112
9.096463000	88704
9.097286000	81664
9.097291000	83072
9.098831000	84480
9.098835000	85888
9.100400000	87296
9.100403000	88704
9.101968000	90112
9.104486000	88704
9.105276000	90112
9.111546000	88704
9.112368000	90112
9.126419000	88704
9.127242000	81664
9.127247000	83072
9.128816000	81664
9.128820000	83072
9.130395000	84480
9.130399000	85888
9.131927000	87296
9.131929000	88704
9.133501000	90112
9.142418000	88704
9.142426000	90112
9.158539000	88704
9.158545000	90112
9.165387000	88704
9.165392000	90112
9.166187000	88704
9.166190000	90112
9.167789000	88704
9.167794000	90112
9.172584000	88704
9.172589000	90112
9.173421000	80256
9.173426000	81664
9.174987000	83072
9.174991000	84480
9.176538000	85888
9.176543000	87296
9.178141000	88704
9.178145000	90112
9.187493000	88704
9.187499000	90112
9.188293000	88704
9.188296000	90112
9.210496000	88704
9.210502000	90112
9.217482000	88704
9.217487000	90112
9.218317000	77440
9.218322000	78848
9.219906000	80256
9.219911000	81664
9.221436000	83072
9.221442000	84480
9.222994000	85888
9.222996000	87296
9.224606000	88704
9.224611000	90112
9.234524000	88704
9.234529000	90112
9.241571000	88704
9.242367000	90112
9.248407000	88704
9.249259000	84480
9.249264000	85888
9.250792000	87296
9.250796000	88704
9.252354000	90112
9.256538000	88704
9.257366000	90112
9.263498000	88704
9.264298000	84480
9.264303000	85888
9.265863000	87296
9.265866000	88704
9.267440000	90112
9.279523000	88704
9.280325000	87296
9.280329000	88704
9.281890000	90112
9.286631000	88704
9.287423000	90112
9.287463000	88704
9.288994000	90112
9.302435000	88704
9.303237000	78848
9.303242000	80256
9.304800000	81664
9.304804000	83072
9.306374000	84480
9.306378000	85888
9.307945000	87296
9.307947000	88704
9.309518000	90112
9.318422000	88704
9.319246000	87296
9.319251000	88704
9.319331000	90112
9.326478000	88704
9.326484000	90112
9.333473000	88704
9.333479000	90112
9.334311000	83072
9.334315000	84480
9.335881000	85888
9.335886000	87296
9.337439000	88704
9.337444000	90112
9.341574000	88704
9.341580000	90112
9.363473000	88704
9.363478000	90112
9.370115000	80256
9.370120000	81664
9.383319000	77440
9.383324000	78848
9.396500000	68992
9.396505000	70400
9.409741000	63360
9.409744000	64768
9.422947000	63360
9.422952000	64768
9.436151000	57728
9.436156000	59136
9.449316000	54912
9.449320000	56320
9.462554000	46464
9.462559000	47872
9.475759000	40832
9.475765000	42240
9.488925000	29568
9.488928000	30976
9.493502000	32384
9.493506000	33792
9.498012000	35200
9.498018000	36608
9.498066000	38016
9.502553000	33792
9.502559000	35200
9.507119000	36608
9.507124000	38016
9.511652000	39424
9.511657000	40832
9.516196000	42240
9.516201000	43648
9.520735000	45056
9.520739000	46464
9.525266000	42240
9.525271000	43648
9.529782000	45056
9.529787000	46464
9.534319000	45056
9.534322000	46464
9.538886000	47872
9.538891000	49280
9.543423000	50688
9.543428000	52096
9.547989000	53504
9.547994000	54912
9.552474000	56320
9.552479000	57728
9.557070000	53504
9.557073000	54912
9.561553000	47872
9.561557000	49280
9.566114000	50688
9.566119000	52096
9.570689000	53504
9.570693000	54912
9.575172000	56320
9.575176000	57728
9.579713000	59136
9.579719000	60544
9.579767000	61952
9.584274000	63360
9.584279000	64768
9.592491000	63360
9.592497000	64768
9.599518000	63360
9.599524000	64768
9.601800000	60544
9.601802000	61952
9.606371000	63360
9.606376000	64768
9.610910000	63360
9.610914000	64768
9.615449000	57728
9.615454000	59136
9.619996000	60544
9.620001000	61952
9.624492000	63360
9.624494000	64768
9.629533000	63360
9.629539000	64768
9.633576000	63360
9.633579000	64768
9.644537000	63360
9.644542000	64768
9.646869000	54912
9.646873000	56320
9.651401000	57728
9.651405000	59136
9.655904000	60544
9.655909000	61952
9.660473000	63360
9.660478000	64768
9.667521000	63360
9.667526000	64768
9.674460000	63360
9.674468000	64768
9.681441000	63360
9.681446000	64768
9.681503000	63360
9.683790000	61952
9.683795000	63360
9.688356000	64768
9.690380000	63360
9.692888000	64768
9.697524000	63360
9.699804000	59136
9.699809000	60544
9.704368000	61952
9.704373000	63360
9.708906000	64768
9.719482000	63360
9.721761000	64768
9.726503000	63360
9.728815000	45056
9.728820000	46464
9.733321000	47872
9.733325000	49280
9.737862000	47872
9.737868000	49280
9.742433000	50688
9.742437000	52096
9.746966000	53504
9.746971000	54912
9.751479000	56320
9.751484000	57728
9.756043000	59136
9.756048000	60544
9.760560000	53504
9.760566000	54912
9.765126000	53504
9.765131000	54912
9.769666000	56320
9.769670000	57728
9.774203000	56320
9.774208000	57728
9.774293000	59136
9.778745000	60544
9.778750000	61952
9.783246000	57728
9.783249000	59136
9.787809000	60544
9.787813000	61952
9.792328000	63360
9.792333000	64768
9.796900000	57728
9.796905000	59136
9.801398000	60544
9.801400000	61952
9.805943000	60544
9.805947000	61952
9.810480000	54912
9.810484000	56320
9.815024000	57728
9.815029000	59136
9.819596000	60544
9.819601000	61952
9.824105000	63360
9.824111000	64768
9.828672000	63360
9.828676000	64768
9.833529000	63360
9.833534000	64768
9.835905000	60544
9.835910000	61952
9.839564000	63360
9.839569000	64768
9.843197000	57728
9.843202000	59136
9.846826000	60544
9.846831000	61952
9.850459000	63360
9.850463000	64768
9.856577000	63360
9.858436000	61952
9.858440000	63360
9.862054000	64768
9.871508000	63360
9.873366000	56320
9.873371000	57728
9.879377000	59136
9.879379000	60544
9.885463000	59136
9.885467000	60544
9.891494000	59136
9.891499000	60544
9.897578000	56320
9.897583000	57728
9.903646000	59136
9.903651000	60544
9.909687000	61952
9.909692000	63360
9.915700000	61952
9.915706000	63360
9.921755000	59136
9.921760000	60544
9.927802000	61952
9.927807000	63360
9.933848000	47872
9.933853000	49280
9.938426000	50688
9.938430000	52096
9.942961000	50688
9.942966000	52096
9.947512000	53504
9.947516000	54912
9.952002000	47872
9.952005000	49280
9.956573000	50688
9.956578000	52096
9.961087000	50688
9.961092000	52096
9.961177000	53504
9.965626000	49280
9.965631000	50688
9.970164000	52096
9.970169000	53504
9.974734000	52096
9.974738000	53504
9.979274000	54912
9.979279000	56320
9.983815000	57728
9.983820000	59136
9.988316000	57728
9.988320000	59136
9.992859000	60544
9.992865000	61952
9.997402000	63360
9.997408000	64768
10.002519000	63360
10.002525000	64768
10.006479000	60544
10.006483000	61952
10.011070000	60544
10.011074000	61952
10.015545000	63360
10.015547000	64768
10.020093000	57728
10.020097000	59136
10.024630000	60544
10.024634000	61952
10.029203000	63360
10.029207000	64768
10.033763000	54912
10.033768000	56320
10.038251000	57728
10.038257000	59136
10.042814000	57728
10.042818000	59136
10.042897000	60544
10.047330000	61952
10.047335000	63360
10.051896000	61952
10.051901000	63360
10.056401000	53504
10.056404000	54912
10.060975000	56320
10.060980000	57728
10.065537000	56320
10.065542000	57728
10.070022000	59136
10.070028000	60544
10.074561000	59136
10.074565000	60544
10.079097000	61952
10.079102000	63360
10.083663000	61952
10.083667000	63360
10.088215000	53504
10.088219000	54912
10.092716000	56320
10.092720000	57728
10.097251000	53504
10.097254000	54912
10.101790000	53504
10.101794000	54912
10.106364000	56320
10.106369000	57728
10.110880000	59136
10.110883000	60544
10.115444000	61952
10.115449000	63360
10.119980000	64768
10.124430000	63360
10.126705000	56320
10.126740000	57728
10.131248000	59136
10.131253000	60544
10.131294000	61952
10.135819000	54912
10.135825000	56320
10.140358000	57728
10.140363000	59136
10.144891000	60544
10.144895000	61952
10.149435000	63360
10.149439000	64768
10.159412000	63360
10.159420000	64768
10.161765000	63360
10.161771000	64768
10.166581000	63360
10.166586000	64768
10.170811000	49280
10.170816000	50688
10.175280000	52096
10.175285000	53504
10.179774000	52096
10.179776000	53504
10.184314000	52096
10.184319000	53504
10.188816000	54912
10.188821000	56320
10.193289000	52096
10.193295000	53504
10.197782000	54912
10.197787000	56320
10.202318000	46464
10.202323000	47872
10.206782000	49280
10.206788000	50688
10.211276000	52096
10.211278000	53504
10.215782000	43648
10.215787000	45056
10.215827000	46464
10.220182000	47872
10.220187000	49280
10.224589000	50688
10.224594000	52096
10.229019000	53504
10.229024000	54912
10.233413000	56320
10.233418000	57728
10.237786000	59136
10.237791000	60544
10.242180000	56320
10.242182000	57728
10.245727000	59136
10.245732000	60544
10.249225000	45056
10.249228000	46464
10.252753000	47872
10.252758000	49280
10.256273000	50688
10.256278000	52096
10.259793000	50688
10.259797000	52096
10.263347000	53504
10.263352000	54912
10.266862000	50688
10.266867000	52096
10.270374000	53504
10.270379000	54912
10.273878000	56320
10.273883000	57728
10.277425000	59136
10.277430000	60544
10.280952000	56320
10.280957000	57728
10.284479000	59136
10.284484000	60544
10.287987000	53504
10.287992000	54912
10.288072000	56320
10.293836000	57728
10.293840000	59136
10.299724000	60544
10.299729000	61952
10.305576000	60544
10.305581000	61952
10.311425000	52096
10.311427000	53504
10.317334000	54912
10.317339000	56320
10.323175000	57728
10.323181000	59136
10.329069000	49163
