12.173380000	1388
12.173390000	2776
12.173419000	4164
12.173422000	5552
12.173475000	6940
12.173480000	8328
12.173522000	9716
12.173525000	11104
12.173575000	12492
12.173578000	13880
12.213319000	13880
12.213325000	15268
12.213363000	13880
12.213373000	15268
12.213435000	15268
12.213442000	16656
12.213476000	18044
12.213479000	19432
12.214915000	19432
12.214920000	20820
12.225935000	20820
12.225947000	22208
12.226002000	19432
12.226005000	20820
12.226056000	20820
12.226063000	22208
12.226106000	23596
12.226109000	24984
12.226152000	26372
12.226155000	27760
12.248979000	27760
12.248984000	29148
12.249010000	29148
12.249012000	30536
12.249859000	30536
12.249863000	31924
12.249894000	31924
12.249897000	33312
12.254917000	33312
12.254922000	34700
12.255026000	34700
12.255030000	36088
12.266010000	36088
12.266015000	37476
12.274932000	37476
12.274937000	38864
12.278980000	38864
12.278985000	40252
12.279031000	40252
12.279034000	41640
12.286957000	41640
12.286959000	43028
12.287002000	40252
12.287005000	41640
12.287100000	41640
12.287103000	43028
12.287128000	40252
12.287131000	41640
12.287198000	40252
12.287200000	41640
12.287245000	43028
12.287248000	44416
12.287302000	45804
12.287306000	47192
12.287356000	48580
12.287360000	49968
12.287410000	51356
12.287414000	52744
12.287462000	54132
12.287465000	55520
12.301069000	55520
12.301074000	56908
12.301216000	48580
12.301219000	49968
12.301336000	49968
12.301339000	51356
12.301372000	49968
12.301375000	51356
12.301482000	51356
12.301487000	52744
12.301512000	51356
12.301515000	52744
12.301612000	54132
12.301618000	55520
12.301715000	56908
12.301721000	58296
12.301756000	59684
12.301759000	61072
12.301810000	62460
12.301812000	63848
12.301863000	65236
12.301866000	66624
12.301917000	68012
12.324027000	68012
12.324040000	68012
12.324058000	68012
12.324941000	68012
12.329869000	68012
12.329882000	68012
12.335268000	68012
12.335281000	68012
12.337946000	68012
12.337959000	68012
12.337977000	68012
12.338041000	68012
12.338051000	68012
12.338217000	62460
12.338222000	63848
12.344871000	62460
12.344876000	63848
12.344908000	62460
12.344912000	63848
12.345006000	65236
12.345012000	66624
12.345094000	68012
12.345100000	69400
12.348937000	68012
12.348942000	69400
12.348977000	68012
12.348981000	69400
12.349923000	68012
12.349928000	69400
12.353426000	54132
12.353430000	55520
12.353457000	56908
12.353460000	58296
12.353510000	59684
12.353512000	61072
12.353562000	62460
12.353565000	63848
12.353614000	65236
12.353617000	66624
12.353667000	68012
12.353670000	69400
12.353727000	58296
12.353730000	59684
12.353773000	61072
12.353776000	62460
12.353864000	63848
12.353872000	65236
12.353899000	66624
12.353902000	68012
12.353950000	69400
12.353953000	70788
12.358939000	69400
12.358944000	70788
12.358978000	69400
12.358981000	70788
12.359915000	69400
12.359920000	70788
12.359991000	72176
12.369938000	70788
12.369943000	72176
12.377911000	70788
12.377916000	72176
12.377947000	70788
12.377950000	72176
12.379899000	70788
12.379904000	72176
12.380048000	70788
12.380053000	72176
12.380085000	70788
12.380088000	72176
12.384823000	70788
12.384826000	72176
12.384934000	66624
12.384939000	68012
12.384977000	69400
12.384980000	70788
12.385074000	72176
12.389934000	70788
12.389939000	72176
12.389968000	70788
12.389971000	72176
12.390017000	73564
12.397902000	72176
12.397909000	73564
12.398050000	72176
12.398055000	73564
12.399885000	62460
12.399890000	63848
12.399934000	62460
12.399937000	63848
12.400031000	62460
12.400036000	63848
12.400075000	65236
12.400079000	66624
12.400166000	68012
12.400172000	69400
12.400252000	70788
12.400258000	72176
12.400336000	73564
12.400342000	74952
12.402889000	73564
12.402892000	74952
12.402984000	73564
12.402990000	74952
12.407966000	73564
12.407971000	74952
12.408006000	70788
12.408009000	72176
12.408114000	70788
12.408119000	72176
12.408142000	70788
12.408146000	72176
12.408242000	73564
12.408248000	74952
12.409971000	73564
12.409976000	74952
12.414879000	73564
12.414885000	74952
12.422969000	73564
12.422976000	74952
12.423149000	68012
12.423154000	69400
12.424850000	68012
12.424856000	69400
12.424893000	68012
12.424897000	69400
12.424970000	70788
12.424974000	72176
12.425024000	73564
12.425028000	74952
12.425062000	76340
12.429943000	74952
12.429947000	76340
12.429977000	72176
12.429980000	73564
12.430080000	74952
12.430084000	76340
12.437940000	76340
12.437952000	76340
12.437979000	73564
12.437982000	74952
12.438055000	76340
12.438058000	77728
12.439947000	77728
12.439959000	77728
12.439992000	77728
12.442919000	77728
12.442931000	77728
12.442953000	76340
12.442956000	77728
12.444896000	77728
12.449927000	77728
12.449969000	77728
12.450893000	77728
12.450905000	77728
12.450926000	76340
12.450929000	77728
12.451058000	77728
12.454909000	77728
12.457912000	77728
12.458004000	77728
12.458012000	77728
12.458056000	76340
12.458059000	77728
12.458151000	79116
12.458170000	79116
12.458218000	79116
12.458225000	79116
12.458265000	77728
12.458275000	79116
12.458482000	79116
12.458490000	79116
12.460178000	79116
12.463074000	79116
12.463085000	79116
12.463109000	79116
12.463116000	79116
12.463162000	79116
12.464820000	79116
12.464844000	79116
12.467878000	79116
12.467886000	79116
12.469981000	79116
12.469984000	80504
12.470007000	80504
12.473874000	80504
12.473907000	80504
12.473958000	80504
12.474919000	80504
12.474932000	80504
12.477930000	80504
12.477942000	80504
12.477968000	77728
12.477971000	79116
12.478045000	80504
12.478125000	80504
12.478132000	80504
12.478174000	80504
12.478227000	80504
12.478282000	80504
12.478289000	80504
12.479847000	79116
12.479851000	80504
12.491035000	79116
12.491040000	80504
12.491089000	68012
12.491092000	69400
12.491195000	68012
12.491202000	69400
12.491279000	70788
12.491285000	72176
12.491367000	73564
12.491373000	74952
12.491455000	76340
12.491463000	77728
12.491495000	79116
12.491499000	80504
12.491548000	81892
12.494892000	80504
12.494896000	81892
12.500143000	80504
12.500148000	81892
12.510952000	80504
12.510957000	81892
12.510985000	74952
12.510988000	76340
12.511119000	74952
12.511124000	76340
12.511194000	77728
12.511198000	79116
12.511307000	80504
12.511312000	81892
12.511424000	83280
12.514879000	81892
12.514882000	83280
12.514917000	81892
12.514920000	83280
12.515028000	81892
12.515031000	83280
12.515077000	81892
12.515080000	83280
12.517949000	81892
12.517954000	83280
12.518010000	76340
12.518021000	77728
12.518057000	76340
12.518060000	77728
12.518109000	73564
12.518112000	74952
12.518161000	73564
12.518164000	74952
12.518289000	76340
12.518298000	77728
12.518340000	79116
12.518344000	80504
12.518376000	81892
12.518379000	83280
12.518429000	84668
12.519916000	83280
12.519921000	84668
12.520877000	83280
12.520882000	84668
12.520924000	83280
12.520927000	84668
12.532895000	83280
12.532901000	84668
12.532927000	80504
12.532930000	81892
12.533027000	83280
12.533033000	84668
12.533117000	86056
12.534931000	84668
12.534936000	86056
12.535002000	84668
12.535005000	86056
12.538001000	84668
12.538008000	86056
12.538049000	81892
12.538053000	83280
12.538109000	81892
12.538113000	83280
12.538155000	84668
12.538159000	86056
12.544900000	84668
12.544905000	86056
12.544939000	84668
12.544942000	86056
12.549874000	84668
12.549879000	86056
12.549907000	84668
12.549910000	86056
12.549958000	87444
12.552931000	86056
12.552937000	87444
12.553226000	86056
12.553232000	87444
12.558059000	86056
12.558064000	87444
12.558209000	80504
12.558213000	81892
12.558260000	83280
12.558263000	84668
12.558312000	86056
12.558315000	87444
12.559968000	86056
12.559973000	87444
12.560978000	86056
12.560983000	87444
12.561100000	80504
12.561104000	81892
12.561162000	83280
12.561165000	84668
12.561239000	86056
12.561242000	87444
12.561314000	88832
12.562880000	87444
12.562885000	88832
12.564899000	87444
12.564904000	88832
12.567942000	87444
12.567949000	88832
12.567976000	87444
12.567980000	88832
12.568092000	87444
12.568095000	88832
12.568136000	87444
12.568138000	88832
12.569910000	87444
12.569914000	88832
12.570892000	87444
12.570895000	88832
12.570938000	84668
12.570946000	86056
12.570993000	81892
12.570996000	83280
12.571044000	81892
12.571047000	83280
12.571095000	84668
12.571098000	86056
12.571148000	87444
12.571151000	88832
12.571201000	90220
12.580945000	88832
12.580950000	90220
12.581087000	86056
12.581090000	87444
12.581137000	88832
12.581140000	90220
12.587972000	88832
12.587977000	90220
12.588004000	83280
12.588007000	84668
12.588101000	86056
12.588107000	87444
12.588188000	88832
12.588194000	90220
12.588229000	91608
12.589834000	90220
12.589838000	91608
12.589877000	90220
12.589880000	91608
12.591006000	90220
12.591009000	91608
12.594917000	90220
12.594922000	91608
12.594955000	90220
12.594958000	91608
12.605901000	90220
12.605906000	91608
12.605946000	90220
12.605950000	91608
12.606070000	90220
12.606073000	91608
12.606123000	90220
12.606126000	91608
12.606174000	90220
12.606177000	91608
12.606228000	92996
12.607957000	91608
12.607961000	92996
12.608012000	91608
12.608016000	92996
12.608042000	91608
12.608046000	92996
12.608101000	91608
12.608105000	92996
12.608153000	91608
12.608157000	92996
12.608210000	91608
12.608215000	92996
12.610195000	91608
12.610198000	92996
12.614906000	91608
12.614911000	92996
12.614982000	94384
12.619942000	92996
12.619947000	94384
12.624893000	92996
12.624898000	94384
12.624943000	92996
12.624946000	94384
12.635939000	92996
12.635944000	94384
12.635978000	84668
12.635981000	86056
12.636089000	84668
12.636094000	86056
12.636138000	84668
12.636141000	86056
12.636235000	87444
12.636241000	88832
12.636335000	87444
12.636340000	88832
12.636491000	70788
12.636495000	72176
12.636538000	70788
12.636542000	72176
12.636586000	70788
12.636589000	72176
12.639868000	70788
12.639874000	72176
12.639908000	73564
12.639912000	74952
12.639959000	76340
12.639962000	77728
12.640011000	79116
12.640014000	80504
12.640064000	81892
12.640068000	83280
12.640119000	84668
12.640121000	86056
12.640173000	87444
12.640175000	88832
12.640226000	90220
12.640229000	91608
12.640280000	92996
12.640283000	94384
12.640334000	95772
12.640336000	97160
12.644868000	95772
12.644872000	97160
12.644906000	95772
12.644909000	97160
12.644956000	92996
12.644959000	94384
12.645009000	95772
12.645012000	97160
12.649921000	95772
12.649926000	97160
12.652962000	95772
12.652967000	97160
12.655260000	95772
12.655264000	97160
12.657943000	95772
12.657948000	97160
12.657976000	92996
12.657979000	94384
12.658052000	95772
12.658056000	97160
12.658102000	98548
12.658160000	97160
12.658163000	98548
12.658266000	97160
12.658269000	98548
12.658330000	94384
12.658334000	95772
12.658395000	97160
12.658398000	98548
12.660087000	97160
12.660090000	98548
12.660140000	97160
12.660143000	98548
12.669851000	97160
12.669856000	98548
12.669895000	97160
12.669898000	98548
12.674881000	97160
12.674886000	98548
12.675029000	94384
12.675033000	95772
12.675081000	97160
12.675084000	98548
12.675180000	99936
12.675986000	98548
12.675991000	99936
12.676023000	98548
12.676027000	99936
12.679820000	98548
12.679823000	99936
12.679927000	98548
12.679932000	99936
12.697950000	98548
12.697955000	99936
12.697984000	92996
12.697987000	94384
12.698071000	92996
12.698074000	94384
12.698116000	81892
12.698120000	83280
12.698172000	81892
12.698175000	83280
12.698224000	84668
12.698227000	86056
12.698278000	87444
12.698281000	88832
12.698392000	90220
12.698396000	91608
12.698423000	92996
12.698426000	94384
12.698478000	95772
12.698481000	97160
12.698531000	98548
12.698534000	99936
12.698585000	101324
12.699813000	99936
12.699818000	101324
12.703055000	84668
12.703060000	86056
12.703220000	73564
12.703224000	74952
12.703283000	76340
12.703286000	77728
12.703383000	79116
12.703389000	80504
12.703476000	81892
12.703485000	83280
12.703568000	84668
12.703574000	86056
12.703658000	87444
12.703664000	88832
12.703745000	90220
12.703751000	91608
12.703786000	92996
12.703789000	94384
12.703840000	95772
12.703843000	97160
12.703894000	98548
12.703897000	99936
12.703947000	101324
12.703950000	102712
12.704001000	104100
12.704868000	102712
12.704872000	104100
12.705877000	102712
12.705880000	104100
12.705977000	102712
12.705980000	104100
12.708035000	102712
12.708038000	104100
12.708056000	102712
12.708138000	101324
12.708140000	102712
12.708210000	101324
12.708213000	102712
12.708282000	104100
12.710114000	102712
12.710116000	104100
12.714819000	102712
12.714821000	104100
12.714867000	102712
12.714870000	104100
12.714920000	105488
12.715959000	104100
12.715962000	105488
12.716070000	104100
12.716075000	105488
12.734903000	104100
12.734908000	105488
12.737947000	104100
12.737952000	105488
12.737993000	92996
12.737996000	94384
12.738072000	95772
12.738076000	97160
12.738123000	98548
12.738126000	99936
12.738177000	101324
12.738180000	102712
12.738230000	104100
12.738233000	105488
12.739818000	104100
12.739821000	105488
12.739867000	104100
12.739870000	105488
12.739919000	106876
12.742865000	105488
12.742870000	106876
12.742939000	105488
12.742942000	106876
12.747934000	105488
12.747939000	106876
12.747978000	97160
12.747981000	98548
12.748085000	99936
12.748092000	101324
12.748122000	102712
12.748125000	104100
12.748171000	105488
12.748174000	106876
12.749850000	105488
12.749853000	106876
12.749889000	105488
12.749892000	106876
12.749941000	108264
12.752918000	106876
12.752923000	108264
12.752951000	101324
12.752954000	102712
12.753058000	98548
12.753062000	99936
12.753094000	98548
12.753098000	99936
12.753194000	101324
12.753200000	102712
12.753290000	104100
12.753297000	105488
12.753323000	106876
12.753327000	108264
12.754962000	106876
12.754967000	108264
12.758121000	106876
12.758125000	108264
12.758167000	106876
12.758170000	108264
12.758223000	106876
12.758226000	108264
12.758277000	106876
12.758279000	108264
12.758338000	109652
12.758908000	108264
12.758911000	109652
12.758958000	108264
12.758961000	109652
12.762880000	108264
12.762884000	109652
12.762914000	105488
12.762917000	106876
12.763023000	105488
12.763028000	106876
12.763051000	102712
12.763054000	104100
12.763156000	105488
12.763161000	106876
12.763243000	108264
12.763249000	109652
12.763330000	111040
12.774867000	109652
12.774876000	111040
12.777950000	109652
12.777955000	111040
12.778928000	109652
12.778933000	111040
12.778969000	98548
12.778972000	99936
12.779068000	101324
12.779075000	102712
12.779113000	104100
12.779118000	105488
12.779170000	106876
12.779174000	108264
12.779227000	109652
12.779231000	111040
12.779858000	109167
