11.859306000	1388
11.859318000	2776
11.859413000	4164
11.859419000	5552
11.859479000	6940
11.859482000	8328
11.859536000	9716
11.859540000	11104
11.859591000	12492
11.859595000	13880
11.893787000	13880
11.893792000	15268
11.893825000	15268
11.893828000	16656
11.898810000	16656
11.898817000	18044
11.898918000	18044
11.898925000	19432
11.901849000	19432
11.901855000	20820
11.901916000	15268
11.901920000	16656
11.901964000	18044
11.901967000	19432
11.902026000	20820
11.902029000	22208
11.902125000	23596
11.902131000	24984
11.902213000	26372
11.902219000	27760
11.928827000	27760
11.928833000	29148
11.928868000	29148
11.928872000	30536
11.933807000	30536
11.933812000	31924
11.933921000	31924
11.933924000	33312
11.936823000	33312
11.936828000	34700
11.936863000	34700
11.936866000	36088
11.938776000	36088
11.938781000	37476
11.938804000	37476
11.938807000	38864
11.941786000	38864
11.941791000	40252
11.941820000	40252
11.941823000	41640
11.941877000	38864
11.941880000	40252
11.941924000	40252
11.941926000	41640
11.942039000	37476
11.942044000	38864
11.963831000	36088
11.963837000	37476
11.963956000	37476
11.963964000	38864
11.964016000	40252
11.964019000	41640
11.964116000	43028
11.964122000	44416
11.964203000	45804
11.964209000	47192
11.964297000	48580
11.964302000	49968
11.964384000	51356
11.964389000	52744
11.964476000	54132
11.964482000	55520
11.964557000	56908
11.964563000	58296
11.965852000	58296
11.965857000	59684
11.965899000	55520
11.965902000	56908
11.965991000	58296
11.965997000	59684
11.966074000	61072
11.966080000	62460
11.966164000	63848
11.966170000	65236
11.968774000	65236
11.968779000	66624
11.968807000	66624
11.968810000	68012
11.973907000	68012
11.973912000	69400
11.973941000	68012
11.973944000	69400
11.974039000	70788
11.974044000	72176
11.978828000	72176
11.978833000	73564
11.978965000	72176
11.978969000	73564
11.979016000	74952
11.979019000	76340
11.981798000	76340
11.981803000	77728
11.981831000	77728
11.981834000	79116
11.983825000	79116
11.983830000	80504
11.983864000	80504
11.983868000	81892
11.988811000	81892
11.988817000	83280
11.988849000	83280
11.988852000	84668
11.990847000	84668
11.990852000	86056
11.990890000	81892
11.990893000	83280
11.990989000	84668
11.990994000	86056
11.991081000	87444
11.991094000	88832
11.991120000	90220
11.991124000	91608
11.998789000	91608
11.998794000	92996
11.998819000	92996
11.998822000	94384
12.000865000	94384
12.000870000	95772
12.000896000	94384
12.001030000	94384
12.001034000	95772
12.001036000	97160
12.001083000	98548
12.001086000	99936
12.008790000	99936
12.008795000	101324
12.008807000	101324
12.008823000	102712
12.010847000	102712
12.010851000	104100
12.010865000	104100
12.010894000	101324
12.010897000	102712
12.010900000	104100
12.010992000	105488
12.010999000	106876
12.011004000	108264
12.011038000	109652
12.013803000	109652
12.013808000	111040
12.013822000	111040
12.013836000	112428
12.016868000	112428
12.016876000	113816
12.016893000	113816
12.016934000	111040
12.016938000	112428
12.016942000	113816
12.016991000	113816
12.016996000	115204
12.017000000	116592
12.018795000	94384
12.018801000	95772
12.018804000	97160
12.018837000	95772
12.018840000	97160
12.018843000	98548
12.018935000	99936
12.018940000	101324
12.018943000	102712
12.019026000	104100
12.019031000	105488
12.019034000	106876
12.019116000	108264
12.019121000	109652
12.019125000	111040
12.019157000	112428
12.019160000	113816
12.019163000	115204
12.019210000	116592
12.019213000	117980
12.019216000	119368
12.019263000	120756
12.019266000	122144
12.019269000	123532
12.019317000	124920
12.019319000	126308
12.019323000	127696
12.019370000	129084
12.019373000	130472
12.019376000	131860
12.019424000	133248
12.019427000	134636
12.019429000	136024
12.019477000	137412
12.019480000	138800
12.019483000	140188
12.019530000	141576
12.019533000	142964
12.019536000	144352
12.019584000	145740
12.019587000	147128
12.021786000	145740
12.021791000	147128
12.021794000	148516
12.021825000	141576
12.021855000	137412
12.021859000	138800
12.021863000	140188
12.021866000	141576
12.021900000	142964
12.021904000	144352
12.021908000	145740
12.021911000	147128
12.021956000	148516
12.021959000	149904
12.021963000	151292
12.021966000	152680
12.022009000	154068
12.022013000	155456
12.022017000	156844
12.022021000	158232
12.022061000	159620
12.022064000	161008
12.022066000	162396
12.022069000	163784
12.023854000	162396
12.023859000	163784
12.023862000	165172
12.023865000	166560
12.023930000	165172
12.023934000	166560
12.023937000	167948
12.023940000	169336
12.025803000	167948
12.025808000	169336
12.025810000	170724
12.025813000	172112
12.025857000	165172
12.025860000	166560
12.025863000	167948
12.025865000	169336
12.025932000	167948
12.025938000	169336
12.025942000	170724
12.025945000	172112
12.025948000	173500
12.026068000	174888
12.026072000	176276
12.026076000	177664
12.026080000	179052
12.026084000	180440
12.026153000	181828
12.026159000	183216
12.033815000	181828
12.033820000	183216
12.033823000	184604
12.033826000	185992
12.033840000	184604
12.033865000	185992
12.033869000	187380
12.033871000	188768
12.035829000	187380
12.035834000	188768
12.035837000	190156
12.035840000	191544
12.035854000	190156
12.035880000	185992
12.035883000	187380
12.035886000	188768
12.035889000	190156
12.035892000	191544
12.035972000	192932
12.035977000	194320
12.035980000	195708
12.035983000	197096
12.035986000	198484
12.036020000	199872
12.043814000	198484
12.043821000	199872
12.043825000	201260
12.043829000	202648
12.043847000	201260
12.043867000	202648
12.043878000	204036
12.043883000	205424
12.045826000	204036
12.045833000	205424
12.045837000	206812
12.045841000	208200
12.045860000	208200
12.045873000	208200
12.045909000	206812
12.045913000	208200
12.045917000	209588
12.045921000	210976
12.045925000	212364
12.045929000	213752
12.048836000	213752
12.048840000	215140
12.048853000	215140
12.048856000	216528
12.051826000	216528
12.051833000	217916
12.051850000	217916
12.051854000	219304
12.051867000	219304
12.051871000	220692
12.051900000	220692
12.051904000	222080
12.051962000	222080
12.051966000	223468
12.053806000	223468
12.053811000	224856
12.053823000	224856
12.053826000	226244
12.055831000	226244
12.055836000	227632
12.055848000	227632
12.055851000	229020
12.055860000	229020
12.055863000	230408
12.056098000	229020
12.056102000	230408
12.056105000	231796
12.056108000	233184
12.056797000	233184
12.056802000	234572
12.056813000	234572
12.056816000	235960
12.056824000	235960
12.056827000	237348
12.058821000	237348
12.058826000	238736
12.058838000	238736
12.058841000	240124
12.063811000	240124
12.063818000	241512
12.063836000	241512
12.063840000	242900
12.065856000	242900
12.065861000	244288
12.065873000	244288
12.065877000	245676
12.065886000	245676
12.065912000	244288
12.065921000	245676
12.065923000	247064
12.065926000	248452
12.065929000	249840
12.068798000	249840
12.068805000	251228
12.068823000	251228
12.068827000	252616
12.068841000	252616
12.068860000	254004
12.071871000	254004
12.071877000	255392
12.071889000	255392
12.071892000	256780
12.071901000	256780
12.071921000	256780
12.071924000	258168
12.071926000	259556
12.071976000	259556
12.071980000	260944
12.071988000	260944
12.071991000	262332
12.072000000	262332
12.072026000	260944
12.072028000	262332
12.072031000	263720
12.072034000	265108
12.072079000	263720
12.072082000	265108
12.072084000	266496
12.072087000	267884
12.072132000	266496
12.072135000	267884
12.072137000	269272
12.072140000	270660
12.072201000	269272
12.072204000	270660
12.072207000	272048
12.072209000	273436
12.072212000	274824
12.072252000	272048
12.072255000	273436
12.072258000	274824
12.072260000	276212
12.072263000	277600
12.072330000	277600
12.072333000	278988
12.072336000	280376
12.072345000	280376
12.072348000	281764
12.072484000	277600
12.072491000	278988
12.072495000	280376
12.072499000	281764
12.072502000	283152
12.072575000	274824
12.072580000	276212
12.072584000	277600
12.072588000	278988
12.072592000	280376
12.072631000	278988
12.072635000	280376
12.072639000	281764
12.072642000	283152
12.072970000	281764
12.072974000	283152
12.072978000	284540
12.072982000	285928
12.072986000	287316
12.073008000	285928
12.073062000	280376
12.073066000	281764
12.073069000	283152
12.073073000	284540
12.073076000	285928
12.073080000	287316
12.073145000	288704
12.073149000	290092
12.073153000	291480
12.073157000	292868
12.073160000	294256
12.073164000	295644
12.073199000	297032
12.073203000	298420
12.073207000	299808
12.073211000	301196
12.073214000	302584
12.073218000	303972
12.073252000	305360
12.073258000	306748
12.073261000	308136
12.073265000	309524
12.073526000	310912
12.073531000	312300
12.073773000	312300
12.073778000	313688
12.073794000	313688
12.073798000	315076
12.073812000	313688
12.073821000	315076
12.073843000	316464
12.073847000	317852
12.075794000	316464
12.075799000	317852
12.075802000	319240
12.075805000	320628
12.075817000	319240
12.075819000	320628
12.075844000	316464
12.075847000	317852
12.075850000	319240
12.075853000	320628
12.075900000	319240
12.075903000	320628
12.075906000	322016
12.075909000	323404
12.075912000	324792
12.075946000	326180
12.075949000	327568
12.075952000	328956
12.075955000	330344
12.076002000	331732
12.076792000	330344
12.076795000	331732
12.076798000	333120
12.076801000	334508
12.076811000	333120
12.076814000	334508
12.076836000	330344
12.076839000	331732
12.076842000	333120
12.076844000	334508
12.076847000	335896
12.076890000	337284
12.076892000	338672
12.076894000	340060
12.076897000	341448
12.076943000	342836
12.078751000	341448
12.078754000	342836
12.078757000	344224
12.078760000	345612
12.078771000	344224
12.078773000	345612
12.078791000	344224
12.078794000	345612
12.078796000	347000
12.078799000	348388
12.078884000	349776
12.078890000	351164
12.081905000	349776
12.081909000	351164
12.081913000	352552
12.081915000	353940
12.081928000	352552
12.081931000	353940
12.081980000	338672
12.081983000	340060
12.081986000	341448
12.081989000	342836
12.081992000	344224
12.081995000	345612
12.082126000	344224
12.082131000	345612
12.082134000	347000
12.082137000	348388
12.082140000	349776
12.082142000	351164
12.082145000	352552
12.082205000	353940
12.082208000	355328
12.082211000	356716
12.082213000	358104
12.082216000	359492
12.082326000	360880
12.082331000	362268
12.082334000	363656
12.082337000	365044
12.082340000	366432
12.082343000	367820
12.082346000	369208
12.082368000	370596
12.082371000	371984
12.082374000	373372
12.082377000	374760
12.082674000	376148
12.083845000	374760
12.083850000	376148
12.083853000	377536
12.083855000	378924
12.083869000	377536
12.083871000	378924
12.083874000	380312
12.083960000	381700
12.085817000	380312
12.085821000	381700
12.085825000	383088
12.085827000	384476
12.085840000	383088
12.085843000	384476
12.085846000	385864
12.086070000	384476
12.086077000	385864
12.086080000	387252
12.086083000	388640
12.086086000	390028
12.095895000	295644
12.095900000	297032
12.095903000	298420
12.095906000	299808
12.095909000	301196
12.095911000	302584
12.095915000	303972
12.095918000	305360
12.095933000	305360
12.095947000	303972
12.095967000	303972
12.095971000	305360
12.095973000	306748
12.095977000	308136
12.095980000	309524
12.095983000	310912
12.096066000	312300
12.096072000	313688
12.096075000	315076
12.096079000	316464
12.096081000	317852
12.096084000	319240
12.096087000	320628
12.096090000	322016
12.096112000	323404
12.096115000	324792
12.096118000	326180
12.096121000	327568
12.096124000	328956
12.096417000	330344
12.096423000	331732
12.096426000	333120
12.096429000	334508
12.096432000	335896
12.096435000	337284
12.096438000	338672
12.096441000	340060
12.096444000	341448
12.096446000	342836
12.096714000	344224
12.096720000	345612
12.096723000	347000
12.096725000	348388
12.096728000	349776
12.096731000	351164
12.096734000	352552
12.096737000	353940
12.096740000	355328
12.096743000	356716
12.096981000	358104
12.096988000	359492
12.096992000	360880
12.096996000	362268
12.097000000	363656
12.097003000	365044
12.097006000	366432
12.097010000	367820
12.097014000	369208
12.097017000	370596
12.097242000	371984
12.097249000	373372
12.097253000	374760
12.097256000	376148
12.097260000	377536
12.097264000	378924
12.097267000	380312
12.097271000	381700
12.097274000	383088
12.097278000	384476
12.097492000	385864
12.097498000	387252
12.097501000	388640
12.097505000	390028
12.097510000	391416
12.097513000	392804
12.097516000	394192
12.097519000	395580
12.097522000	396968
12.097525000	398356
12.097750000	399744
12.097755000	401132
12.097759000	402520
12.097763000	403908
12.097766000	405296
12.097770000	406684
12.097773000	408072
12.097777000	409460
12.097781000	410848
12.097785000	412236
12.098006000	413624
12.098011000	415012
12.098015000	416400
12.098019000	417788
12.098023000	419176
12.098027000	420564
12.098031000	421952
12.098035000	423340
12.098039000	424728
12.098043000	426116
12.098263000	427504
12.098268000	428892
12.098271000	430280
12.098275000	431668
12.098279000	433056
12.098283000	434444
12.098287000	435832
12.098290000	437220
12.098294000	438608
12.098298000	439996
12.098528000	441384
12.098533000	442772
12.098537000	444160
12.098541000	445548
12.098545000	446936
12.098549000	448324
12.098553000	449712
12.098557000	451100
12.098560000	452488
12.098564000	453876
12.098810000	453876
12.098815000	455264
12.098818000	456652
12.098822000	458040
12.098826000	459428
12.098841000	459428
12.098845000	460816
12.098849000	462204
12.103842000	462204
12.103847000	463592
12.103850000	464980
12.103853000	466368
12.103864000	466368
12.103867000	467756
12.103870000	469144
12.105830000	469144
12.105837000	470532
12.105841000	471920
12.105858000	471920
12.105862000	473308
12.105866000	474696
12.113863000	474696
12.113868000	476084
12.113871000	477472
12.113882000	477472
12.113885000	478860
12.113888000	480248
12.115881000	480248
12.115886000	481636
12.115889000	483024
12.115899000	483024
12.115903000	484412
12.115906000	485800
12.115914000	485800
12.115917000	487188
12.115920000	488576
12.115927000	488576
12.116169000	488576
12.116174000	489964
12.116177000	491352
12.116180000	492740
12.116183000	494128
12.118808000	494128
12.118813000	495516
12.118816000	496904
12.118820000	498292
12.118830000	498292
12.118834000	499680
12.118836000	501068
12.121854000	501068
12.121861000	502456
12.121865000	503844
12.121882000	503844
12.121885000	505232
12.121889000	506620
12.121900000	506620
12.121904000	508008
12.121907000	509396
12.121919000	509396
12.122101000	506620
12.122106000	508008
12.122110000	509396
12.122114000	510784
12.122118000	512172
12.122122000	513560
12.122126000	514948
12.122130000	516336
12.122134000	517724
12.122137000	519112
12.122362000	503844
12.122367000	505232
12.122370000	506620
12.122374000	508008
12.122378000	509396
12.122382000	510784
12.122385000	512172
12.122389000	513560
12.122393000	514948
12.122397000	516336
12.122610000	503844
12.122614000	505232
12.122617000	506620
12.122621000	508008
12.122625000	509396
12.122629000	510299
