0.038491000	1388
0.038498000	2776
0.038528000	4164
0.038531000	5552
0.038609000	6940
0.038613000	8328
0.038678000	9716
0.038680000	11104
0.038728000	12492
0.038730000	13880
0.072872000	13880
0.072876000	15268
0.072914000	15268
0.072916000	16656
0.077993000	16656
0.077996000	18044
0.078028000	15268
0.078030000	16656
0.078120000	18044
0.078122000	19432
0.078230000	19432
0.078233000	20820
0.078337000	22208
0.078340000	23596
0.083932000	23596
0.083935000	24984
0.083979000	24984
0.083981000	26372
0.085905000	26372
0.085910000	27760
0.107935000	27760
0.107939000	29148
0.108011000	29148
0.108015000	30536
0.112988000	30536
0.112991000	31924
0.113024000	27760
0.113027000	29148
0.113077000	30536
0.113079000	31924
0.113167000	33312
0.113171000	34700
0.113289000	36088
0.113292000	37476
0.117975000	37476
0.117980000	38864
0.118015000	38864
0.118019000	40252
0.120916000	40252
0.120919000	41640
0.121002000	38864
0.121005000	40252
0.122976000	37476
0.122979000	38864
0.123006000	37476
0.123008000	38864
0.123057000	38864
0.123060000	40252
0.123119000	40252
0.123121000	41640
0.123161000	43028
0.123163000	44416
0.123251000	45804
0.123255000	47192
0.123332000	48580
0.123336000	49968
0.123417000	51356
0.123421000	52744
0.123499000	54132
0.123503000	55520
0.141007000	55520
0.141009000	56908
0.141036000	56908
0.141040000	58296
0.142909000	58296
0.142921000	59684
0.142979000	59684
0.142982000	61072
0.146984000	61072
0.146987000	62460
0.147021000	58296
0.147023000	59684
0.147073000	61072
0.147075000	62460
0.147163000	63848
0.147167000	65236
0.147245000	66624
0.147249000	68012
0.147920000	68012
0.147924000	69400
0.147996000	69400
0.148005000	70788
0.152906000	70788
0.152909000	72176
0.152982000	72176
0.152986000	73564
0.157951000	73564
0.157954000	74952
0.158033000	73564
0.158036000	74952
0.160972000	72176
0.160975000	73564
0.161049000	74952
0.161053000	76340
0.161131000	77728
0.161135000	79116
0.161216000	80504
0.161220000	81892
0.162911000	81892
0.162925000	83280
0.162974000	83280
0.162976000	84668
0.166013000	84668
0.166016000	86056
0.166101000	81892
0.166104000	83280
0.166188000	79116
0.166191000	80504
0.166226000	79116
0.166228000	80504
0.166231000	81892
0.166278000	81892
0.166280000	83280
0.166282000	84668
0.166330000	86056
0.166332000	87444
0.166334000	88832
0.166386000	90220
0.166388000	91608
0.166391000	92996
0.166440000	94384
0.166443000	95772
0.166446000	97160
0.166492000	98548
0.166494000	99936
0.166497000	101324
0.166881000	101324
0.166884000	102712
0.166893000	99936
0.167081000	97160
0.167084000	98548
0.167086000	99936
0.167130000	101324
0.167133000	102712
0.167136000	104100
0.167182000	105488
0.167185000	106876
0.167187000	108264
0.167236000	109652
0.167239000	111040
0.190005000	109652
0.190007000	111040
0.190010000	112428
0.190033000	111040
0.190036000	112428
0.190038000	113816
0.190086000	115204
0.190088000	116592
0.192919000	115204
0.192921000	116592
0.192923000	117980
0.192952000	119368
0.194920000	117980
0.194926000	119368
0.194929000	120756
0.194985000	119368
0.194988000	120756
0.194990000	122144
0.195072000	115204
0.195075000	116592
0.195078000	117980
0.195122000	117980
0.195125000	119368
0.195133000	120756
0.195175000	122144
0.195178000	123532
0.195180000	124920
0.195227000	126308
0.195230000	127696
0.195233000	129084
0.195279000	130472
0.195282000	131860
0.195285000	133248
0.195332000	134636
0.196978000	134636
0.196981000	136024
0.196988000	136024
0.197015000	133248
0.197018000	134636
0.197020000	136024
0.197108000	137412
0.197111000	138800
0.197113000	140188
0.197151000	141576
0.197942000	141576
0.197946000	142964
0.197953000	142964
0.198026000	142964
0.198030000	144352
0.198032000	145740
0.200947000	145740
0.200951000	147128
0.200961000	147128
0.200990000	147128
0.200993000	148516
0.200996000	149904
0.201044000	148516
0.201047000	149904
0.201050000	151292
0.201096000	152680
0.202871000	152680
0.202876000	154068
0.202884000	154068
0.202922000	154068
0.202926000	155456
0.202929000	156844
0.205879000	156844
0.205884000	158232
0.205892000	158232
0.205894000	159620
0.205924000	159620
0.205926000	161008
0.205975000	161008
0.205978000	162396
0.205985000	162396
0.205988000	163784
0.206082000	163784
0.206085000	165172
0.206093000	165172
0.206096000	166560
0.206133000	165172
0.206136000	166560
0.206138000	167948
0.206141000	169336
0.206189000	169336
0.206192000	170724
0.206200000	170724
0.206202000	172112
0.206242000	172112
0.206245000	173500
0.206297000	173500
0.206300000	174888
0.206307000	174888
0.206310000	176276
0.206934000	176276
0.206937000	177664
0.206946000	177664
0.206949000	179052
0.206983000	179052
0.206986000	180440
0.206994000	179052
0.206997000	180440
0.207144000	176276
0.207147000	177664
0.207150000	179052
0.207153000	180440
0.207183000	181828
0.207186000	183216
0.207189000	184604
0.207191000	185992
0.207235000	187380
0.207238000	188768
0.207951000	187380
0.207954000	188768
0.207955000	190156
0.207957000	191544
0.208049000	190156
0.208051000	191544
0.208053000	192932
0.208054000	194320
0.212920000	192932
0.212927000	194320
0.212931000	195708
0.212935000	197096
0.212969000	195708
0.212971000	197096
0.212974000	198484
0.212976000	199872
0.215966000	198484
0.215969000	199872
0.215971000	201260
0.215973000	202648
0.216080000	201260
0.216085000	202648
0.216087000	204036
0.216089000	205424
0.216947000	204036
0.216950000	205424
0.216952000	206812
0.216954000	208200
0.222908000	206812
0.222919000	208200
0.222922000	209588
0.222925000	210976
0.222981000	209588
0.222984000	210976
0.222986000	212364
0.222988000	213752
0.226968000	212364
0.226972000	213752
0.226974000	215140
0.226976000	216528
0.227007000	212364
0.227009000	213752
0.227011000	215140
0.227013000	216528
0.227060000	217916
0.227063000	219304
0.227065000	220692
0.227067000	222080
0.256042000	220692
0.256046000	222080
0.256048000	223468
0.256050000	224856
0.256144000	217916
0.256147000	219304
0.256152000	220692
0.256155000	222080
0.256162000	223468
0.256212000	224856
0.256215000	226244
0.256219000	227632
0.256222000	229020
0.256267000	230408
0.256270000	231796
0.256273000	233184
0.257046000	233184
0.257048000	234572
0.258067000	234572
0.258069000	235960
0.258075000	235960
0.258077000	237348
0.258119000	237348
0.258121000	238736
0.265934000	238736
0.265938000	240124
0.265944000	240124
0.265947000	241512
0.266091000	238736
0.266094000	240124
0.266096000	241512
0.266099000	242900
0.266144000	242900
0.266147000	244288
0.266149000	245676
0.266151000	247064
0.266249000	242900
0.266251000	244288
0.266253000	245676
0.266255000	247064
0.266325000	247064
0.266327000	248452
0.266329000	249840
0.266331000	251228
0.266398000	248452
0.266400000	249840
0.266402000	251228
0.266405000	252616
0.266448000	254004
0.266450000	255392
0.266452000	256780
0.266454000	258168
0.266882000	258168
0.266884000	259556
0.266962000	259556
0.266965000	260944
0.266970000	260944
0.266972000	262332
0.267003000	262332
0.267005000	263720
0.267011000	263720
0.267013000	265108
0.267055000	265108
0.267057000	266496
0.267912000	266496
0.267915000	267884
0.267920000	267884
0.267922000	269272
0.273002000	269272
0.273006000	270660
0.273013000	270660
0.273015000	272048
0.276964000	272048
0.276968000	273436
0.276977000	273436
0.276979000	274824
0.277004000	273436
0.277006000	274824
0.277008000	276212
0.277010000	277600
0.277101000	277600
0.277105000	278988
0.277948000	278988
0.277952000	280376
0.277959000	280376
0.277962000	281764
0.283024000	281764
0.283027000	283152
0.283035000	283152
0.283038000	284540
0.285903000	284540
0.285907000	285928
0.285943000	285928
0.285946000	287316
0.285951000	287316
0.285994000	287316
0.285996000	288704
0.285998000	290092
0.286047000	290092
0.286049000	291480
0.286054000	291480
0.286097000	291480
0.286099000	292868
0.286101000	294256
0.286151000	294256
0.286153000	295644
0.286207000	295644
0.286209000	297032
0.286253000	297032
0.286256000	298420
0.286306000	298420
0.286308000	299808
0.286368000	272048
0.286370000	273436
0.286372000	274824
0.286374000	276212
0.286411000	277600
0.286413000	278988
0.286416000	280376
0.286418000	281764
0.286583000	283152
0.286589000	284540
0.286591000	285928
0.286593000	287316
0.286623000	288704
0.286625000	290092
0.286628000	291480
0.286680000	274824
0.286682000	276212
0.286684000	277600
0.286686000	278988
0.286723000	280376
0.286725000	281764
0.286727000	283152
0.286729000	284540
0.286776000	285928
0.286778000	287316
0.286780000	288704
0.286782000	290092
0.286832000	277600
0.286834000	278988
0.286836000	280376
0.286838000	281764
0.286878000	283152
0.286880000	284540
0.286882000	285928
0.286884000	287316
0.287073000	288704
0.287075000	290092
0.287077000	291480
0.287079000	292868
0.287107000	294256
0.287108000	295644
0.287110000	297032
0.287158000	298420
0.287160000	299808
0.287162000	301196
0.287164000	302584
0.287210000	303972
0.287212000	305360
0.287214000	306748
0.287216000	308136
0.287262000	309524
0.287264000	310912
0.287266000	312300
0.287268000	313688
0.287314000	315076
0.287316000	316464
0.287318000	317852
0.287319000	319240
0.287365000	320628
0.287368000	322016
0.287370000	323404
0.287372000	324792
0.287417000	326180
0.287419000	327568
0.287421000	328956
0.287423000	330344
0.287469000	331732
0.287471000	333120
0.287473000	334508
0.287475000	335896
0.287521000	337284
0.287523000	338672
0.287524000	340060
0.287526000	341448
0.287573000	342836
0.287575000	344224
0.287577000	345612
0.287579000	347000
0.287625000	348388
0.287627000	349776
0.287628000	351164
0.287630000	352552
0.287677000	353940
0.287679000	355328
0.287681000	356716
0.287686000	358104
0.287729000	359492
0.287731000	360880
0.292914000	359492
0.292917000	360880
0.292919000	362268
0.292922000	363656
0.292952000	362268
0.292954000	363656
0.292956000	365044
0.292958000	366432
0.307143000	365044
0.307147000	366432
0.307150000	367820
0.307153000	369208
0.307186000	367820
0.307189000	369208
0.307192000	370596
0.307194000	371984
0.323045000	370596
0.323048000	371984
0.323051000	373372
0.323052000	374760
0.362894000	374760
0.362899000	376148
0.387029000	374760
0.387033000	376148
0.387035000	377536
0.387050000	377536
0.387052000	378924
0.387150000	378924
0.387153000	380312
0.387156000	381700
0.387195000	380312
0.387202000	381700
0.387205000	383088
0.387281000	384476
0.388137000	384476
0.388141000	385864
0.388148000	385864
0.388251000	387252
0.393034000	387252
0.393037000	388640
0.393044000	388640
0.393111000	390028
0.396942000	390028
0.396946000	391416
0.396952000	391416
0.397030000	390028
0.397034000	391416
0.397105000	391416
0.397109000	392804
0.397187000	394192
0.397191000	395580
0.397312000	396968
0.397882000	396968
0.397885000	398356
0.397924000	398356
0.397927000	399744
0.400932000	399744
0.400935000	401132
0.401019000	396968
0.401023000	398356
0.401099000	399744
0.401103000	401132
0.401180000	402520
0.401184000	403908
0.401265000	405296
0.401269000	406684
0.402893000	406684
0.402898000	408072
0.402948000	408072
0.402953000	409460
0.406980000	409460
0.406985000	410848
0.407011000	408072
0.407014000	409460
0.407070000	409460
0.407073000	410848
0.407121000	412236
0.407124000	413624
0.407177000	415012
0.407181000	416400
0.407861000	416400
0.407865000	417788
0.407907000	417788
0.407910000	419176
0.407959000	419176
0.407962000	420564
0.412886000	420564
0.412890000	421952
0.413009000	421952
0.413014000	423340
0.415947000	423340
0.415952000	424728
0.415987000	424728
0.415990000	426116
0.416039000	423340
0.416042000	424728
0.416093000	423340
0.416096000	424728
0.416148000	421952
0.416151000	423340
0.416199000	424728
0.416202000	426116
0.416252000	427504
0.416255000	428892
0.416305000	430280
0.416308000	431668
0.416359000	433056
0.416361000	434444
0.416412000	435832
0.416415000	437220
0.417098000	437220
0.417102000	438608
0.417199000	438608
0.417203000	439996
0.417252000	439996
0.417255000	441384
0.417306000	441384
0.417309000	442772
0.417360000	442772
0.417363000	444160
0.505973000	444160
0.505977000	445548
0.506001000	445548
0.506005000	446936
0.507060000	446936
0.507065000	448324
0.507089000	445548
0.507093000	446936
0.507140000	446936
0.507144000	448324
0.507192000	449712
0.507195000	451100
0.507244000	452488
0.507247000	453876
0.507861000	453876
0.507865000	455264
0.507957000	455264
0.507960000	456652
0.510904000	456652
0.510908000	458040
0.510953000	456652
0.510956000	458040
0.510998000	459428
0.511001000	460816
0.513005000	460816
0.513010000	462204
0.513058000	462204
0.513078000	463592
0.517065000	463592
0.517070000	464980
0.517105000	463592
0.517109000	464980
0.517213000	464980
0.517218000	466368
0.526003000	466368
0.526006000	467756
0.526030000	464980
0.526034000	466368
0.526163000	466368
0.526168000	467756
0.527001000	466368
0.527004000	467756
0.527023000	467756
0.527076000	467756
0.527079000	469144
0.527916000	467756
0.527919000	469144
0.527969000	469144
0.527975000	470532
0.528017000	471920
0.528020000	473308
0.528071000	474696
0.528073000	476084
0.528124000	477472
0.528127000	478860
0.528178000	480248
0.528181000	481636
0.528232000	483024
0.528235000	484412
0.528286000	485800
0.532942000	485800
0.532947000	487188
0.532978000	487188
0.532981000	488576
0.535987000	488576
0.535991000	489964
0.536028000	485800
0.536031000	487188
0.536079000	483024
0.536082000	484412
0.536130000	483024
0.536133000	484412
0.536182000	485800
0.536186000	487188
0.536236000	488576
0.536238000	489964
0.536288000	491352
0.536291000	492740
0.536340000	494128
0.536343000	495516
0.536392000	496904
0.536395000	498292
0.536452000	499680
0.536456000	501068
0.536498000	502456
0.536501000	503844
0.537174000	502456
0.537178000	503844
0.537259000	494128
0.537262000	495516
0.537341000	496904
0.537345000	498292
0.537427000	499680
0.537430000	501068
0.537462000	502456
0.537465000	503844
0.537516000	505232
0.537519000	506620
0.537570000	508008
0.537573000	509396
0.537623000	510784
0.537626000	512172
0.537678000	513560
0.537680000	514948
0.537731000	516336
0.537734000	517724
0.545911000	516336
0.545916000	517724
0.545953000	519112
0.545956000	520500
0.550984000	519112
0.550990000	520500
0.551016000	516336
0.551143000	517724
0.552980000	519112
0.555951000	520500
0.555992000	521888
0.556052000	523276
0.556160000	524664
0.556175000	526052
0.556334000	527440
0.556394000	528828
0.556409000	530216
0.556511000	531604
0.556779000	532992
0.556796000	534380
0.556837000	535283
