4.764379000	1388
4.764385000	2776
4.764446000	4164
4.764450000	5552
4.764524000	6940
4.764527000	8328
4.764603000	9716
4.764606000	11104
4.764681000	12492
4.764684000	13880
4.807150000	13880
4.807154000	15268
4.807180000	12492
4.809740000	11104
4.809742000	12492
4.812291000	8328
4.812293000	9716
4.814846000	11104
4.814848000	12492
4.817426000	13880
4.817429000	15268
4.819956000	16656
4.819960000	18044
4.822506000	19432
4.822509000	20820
4.825063000	22208
4.825067000	23596
4.827685000	24984
4.827688000	26372
4.830170000	27760
4.852112000	27760
4.853394000	19432
4.853396000	20820
4.855979000	18044
4.855981000	19432
4.858500000	18044
4.858503000	19432
4.858574000	20820
4.861107000	22208
4.861110000	23596
4.863611000	24984
4.863614000	26372
4.866196000	27760
4.866199000	29148
4.868742000	30536
4.868744000	31924
4.871271000	33312
4.871274000	34700
4.873887000	30536
4.873889000	31924
4.876377000	33312
4.876380000	34700
4.878966000	36088
4.878968000	37476
4.881517000	38864
4.881520000	40252
4.884044000	36088
4.884046000	37476
4.885705000	38864
4.885707000	40252
4.887356000	41640
4.887373000	43028
4.887465000	44416
4.888949000	45804
4.889035000	45804
4.890511000	45804
4.890514000	47192
4.892107000	48580
4.917098000	48580
4.917916000	41640
4.917918000	43028
4.919442000	41640
4.919444000	43028
4.921009000	44416
4.921012000	45804
4.922563000	47192
4.922565000	48580
4.924155000	49968
4.924157000	51356
4.925683000	52744
4.925685000	54132
4.927241000	44416
4.927243000	45804
4.928801000	34700
4.928803000	36088
4.929934000	34700
4.929936000	36088
4.929968000	37476
4.931062000	38864
4.931065000	40252
4.932119000	31924
4.932121000	33312
4.933083000	34700
4.933085000	36088
4.933964000	37476
4.933967000	38864
4.934810000	40252
4.934813000	41640
4.935745000	43028
4.935748000	44416
4.936634000	45804
4.936636000	47192
4.937530000	48580
4.937533000	49968
4.938421000	51356
4.938423000	52744
4.939319000	54132
4.939321000	55520
4.940254000	56908
4.940256000	58296
4.941125000	59684
4.941128000	61072
4.941208000	62460
4.941984000	63848
4.941987000	65236
4.942880000	66624
4.942883000	68012
4.943775000	69400
4.943777000	70788
4.944704000	72176
4.944707000	73564
4.945565000	74952
4.945567000	76340
4.946464000	77728
4.946466000	79116
4.947410000	80504
4.947428000	81892
4.948291000	83280
4.948293000	84668
4.949153000	86056
4.959109000	84668
4.959565000	86056
4.959568000	87444
4.960508000	88832
4.964132000	88832
4.964583000	88832
4.964585000	90220
4.964653000	91608
4.967197000	91608
4.967200000	92996
4.967671000	87444
4.967674000	88832
4.968581000	90220
4.968583000	91608
4.969463000	90220
4.969465000	91608
4.970387000	92996
4.970389000	94384
4.971240000	95772
4.971242000	97160
4.972136000	98548
4.972138000	99936
4.973064000	101324
4.973066000	102712
4.974141000	102712
4.974144000	104100
4.974828000	104100
4.974831000	105488
4.976134000	105488
4.976137000	106876
4.976619000	101324
4.976622000	102712
4.976656000	104100
4.977540000	97160
4.977542000	98548
4.978410000	99936
4.978413000	101324
4.979307000	97160
4.979309000	98548
4.980209000	99936
4.980213000	101324
4.981103000	102712
4.981106000	104100
4.981995000	105488
4.981998000	106876
4.982925000	105488
4.982927000	106876
4.983789000	108264
4.986067000	106876
4.986515000	108264
4.987128000	106876
4.987578000	74952
4.987580000	76340
4.988276000	77728
4.988277000	79116
4.988978000	80504
4.988981000	81892
4.989018000	83280
4.989672000	81892
4.989674000	83280
4.990357000	84668
4.990358000	86056
4.991041000	87444
4.991042000	88832
4.991728000	90220
4.991729000	91608
4.992447000	92996
4.992450000	94384
4.993108000	95772
4.993112000	97160
4.993793000	98548
4.993796000	99936
4.994478000	101324
4.994481000	102712
4.995163000	104100
4.995165000	105488
4.995873000	106876
4.995876000	108264
4.996539000	109652
4.996541000	111040
4.997224000	106876
4.997226000	108264
4.997227000	109652
4.997704000	111040
4.997706000	112428
4.998184000	113816
4.998186000	115204
4.998686000	116592
4.998688000	117980
4.999168000	119368
4.999170000	120756
4.999648000	122144
4.999650000	123532
5.000101000	124920
5.000104000	126308
5.000607000	127696
5.000609000	129084
5.001105000	130472
5.001123000	131860
5.001599000	133248
5.001601000	134636
5.002047000	136024
5.002049000	137412
5.002494000	138800
5.007106000	137412
5.007348000	133248
5.007349000	134636
5.007857000	136024
5.007859000	137412
5.007860000	138800
5.008334000	140188
5.008337000	141576
5.008794000	142964
5.008796000	144352
5.009266000	142964
5.009268000	144352
5.009768000	145740
5.009771000	147128
5.010225000	148516
5.010227000	149904
5.022056000	149904
5.022060000	151292
5.022304000	145740
5.022305000	147128
5.022785000	138800
5.022787000	140188
5.023264000	141576
5.023266000	142964
5.023744000	144352
5.023746000	145740
5.024222000	145740
5.024223000	147128
5.024702000	148516
5.024704000	149904
5.024705000	151292
5.025182000	152680
5.025184000	154068
5.025659000	155456
5.025661000	156844
5.026163000	158232
5.026165000	159620
5.026641000	161008
5.026643000	162396
5.027136000	163784
5.027138000	165172
5.027622000	159620
5.027625000	161008
5.028085000	162396
5.028087000	163784
5.028538000	165172
5.028541000	166560
5.029015000	167948
5.029018000	169336
5.029495000	170724
5.029497000	172112
5.029973000	173500
5.029975000	174888
5.030451000	176276
5.037075000	176276
5.037080000	177664
5.037327000	166560
5.037328000	167948
5.037802000	138800
5.037804000	140188
5.038275000	108264
5.038276000	109652
5.038633000	111040
5.038634000	112428
5.038994000	113816
5.038995000	115204
5.039355000	116592
5.039356000	117980
5.039719000	119368
5.039720000	120756
5.040078000	122144
5.040080000	123532
5.040439000	124920
5.040440000	126308
5.040844000	127696
5.040846000	129084
5.041178000	130472
5.041180000	131860
5.041569000	133248
5.041571000	134636
5.041571000	136024
5.041889000	137412
5.041891000	138800
5.042248000	140188
5.042251000	141576
5.042629000	142964
5.042630000	144352
5.043005000	145740
5.043006000	147128
5.043357000	148516
5.043359000	149904
5.043695000	151292
5.043697000	152680
5.044056000	154068
5.044058000	155456
5.044440000	156844
5.044441000	158232
5.044801000	159620
5.044803000	161008
5.045163000	162396
5.045164000	163784
5.045524000	165172
5.045525000	166560
5.045886000	167948
5.045887000	169336
5.045888000	170724
5.046222000	172112
5.046224000	173500
5.046586000	174888
5.046588000	176276
5.046946000	177664
5.046948000	179052
5.047304000	155456
5.047305000	156844
5.047635000	158232
5.047637000	159620
5.047936000	161008
5.047937000	162396
5.048253000	163784
5.048255000	165172
5.048571000	166560
5.048573000	167948
5.048888000	169336
5.048889000	170724
5.049203000	169336
5.049205000	170724
5.049513000	172112
5.049514000	173500
5.049823000	174888
5.049825000	176276
5.049826000	177664
5.050135000	170724
5.050136000	172112
5.050437000	173500
5.050439000	174888
5.050741000	176276
5.050742000	177664
5.051045000	179052
5.051047000	180440
5.051351000	181828
5.051353000	183216
5.051654000	184604
5.051656000	185992
5.051956000	187380
5.051957000	188768
5.052261000	190156
5.052264000	191544
5.052565000	192932
5.052567000	194320
5.052867000	195708
5.052868000	197096
5.053174000	198484
5.053176000	199872
5.053491000	201260
5.053494000	202648
5.053495000	204036
5.053779000	205424
5.053780000	206812
5.054082000	206812
5.054083000	208200
5.054387000	209588
5.054388000	210976
5.054692000	212364
5.054693000	213752
5.054994000	215140
5.054995000	216528
5.055298000	217916
5.055299000	219304
5.055606000	220692
5.055607000	222080
5.055909000	223468
5.055910000	224856
5.056230000	226244
5.056231000	227632
5.056518000	229020
5.056521000	230408
5.056822000	231796
5.056824000	233184
5.057124000	230408
5.057126000	231796
5.057127000	233184
5.057428000	234572
5.057429000	235960
5.057734000	237348
5.057736000	238736
5.058037000	240124
5.058039000	241512
5.058351000	242900
5.058353000	244288
5.058645000	245676
5.058646000	247064
5.058949000	248452
5.058951000	249840
5.059250000	248452
5.059251000	249840
5.059558000	251228
5.059560000	252616
5.059860000	254004
5.059861000	255392
5.060162000	256780
5.060163000	258168
5.060466000	259556
5.060466000	260944
5.060770000	262332
5.060771000	263720
5.062075000	263720
5.062229000	258168
5.062230000	259556
5.062533000	260944
5.062534000	262332
5.062839000	263720
5.062841000	265108
5.063140000	266496
5.063142000	267884
5.063465000	269272
5.063467000	270660
5.063748000	272048
5.064088000	272048
5.064242000	272048
5.064243000	273436
5.064549000	274824
5.065114000	274824
5.065270000	270660
5.065272000	272048
5.065572000	273436
5.065573000	274824
5.065876000	276212
5.065877000	277600
5.066180000	278988
5.066182000	280376
5.066483000	281764
5.067206000	281764
5.067209000	283152
5.067364000	267884
5.067365000	269272
5.067667000	263720
5.067668000	265108
5.067970000	266496
5.067971000	267884
5.068274000	269272
5.068275000	270660
5.068607000	272048
5.068608000	273436
5.068883000	274824
5.068884000	276212
5.069187000	274824
5.069188000	276212
5.069491000	277600
5.069492000	278988
5.069796000	280376
5.069798000	281764
5.070100000	283152
5.070101000	284540
5.070406000	285928
5.070408000	287316
5.070708000	288704
5.070710000	290092
5.070710000	291480
5.071011000	292868
5.071012000	294256
5.071343000	295644
5.071345000	297032
5.071619000	298420
5.071620000	299808
5.071948000	301196
5.071950000	302584
5.072227000	301196
5.072228000	302584
5.072533000	298420
5.072534000	299808
5.072834000	301196
5.072835000	302584
5.073138000	303972
5.073139000	305360
5.073442000	306748
5.073443000	308136
5.073790000	309524
5.073791000	310912
5.079077000	310912
5.079084000	310912
5.084203000	310912
5.084213000	310912
5.085134000	310912
5.085288000	308136
5.085289000	309524
5.085592000	309524
5.085593000	310912
5.087171000	310912
5.087178000	310912
5.087333000	295644
5.087334000	297032
5.087636000	290092
5.087637000	291480
5.087940000	292868
5.087941000	294256
5.088244000	295644
5.088245000	297032
5.088575000	298420
5.088576000	299808
5.088852000	301196
5.088853000	302584
5.089182000	303972
5.089183000	305360
5.089460000	306748
5.089461000	308136
5.089764000	309524
5.089765000	310912
5.091109000	309524
5.091263000	308136
5.091264000	309524
5.091592000	310912
5.092099000	309524
5.092254000	297032
5.092255000	298420
5.092583000	297032
5.092584000	298420
5.092863000	299808
5.092864000	301196
5.093164000	302584
5.093165000	303972
5.093468000	305360
5.093469000	306748
5.093773000	308136
5.093774000	309524
5.094076000	305360
5.094077000	306748
5.094381000	308136
5.094382000	309524
5.094685000	310912
5.095052000	309524
5.095207000	299808
5.095209000	301196
5.095210000	302584
5.095511000	303972
5.095513000	305360
5.095835000	306748
5.095836000	308136
5.096147000	309524
5.096148000	310912
5.099115000	309524
5.099119000	310912
5.099276000	309524
5.099277000	310912
5.104134000	309524
5.104138000	310912
5.104295000	309524
5.104297000	310912
5.105122000	309524
5.105125000	310912
5.105282000	298420
5.105283000	299808
5.105587000	301196
5.105589000	302584
5.105890000	303972
5.105892000	305360
5.106194000	306748
5.106196000	308136
5.106197000	309524
5.106497000	310912
5.107132000	309524
5.107291000	285928
5.107292000	287316
5.107571000	266496
5.107572000	267884
5.107813000	269272
5.107813000	270660
5.108054000	272048
5.108055000	273436
5.108300000	274824
5.108301000	276212
5.108541000	277600
5.108543000	278988
5.108784000	280376
5.108786000	281764
5.109024000	283152
5.109026000	284540
5.109268000	280376
5.109270000	281764
5.109510000	283152
5.109512000	284540
5.109750000	285928
5.109751000	287316
5.109756000	288704
5.109992000	290092
5.109993000	291480
5.110234000	292868
5.110235000	294256
5.110475000	295644
5.110476000	297032
5.110718000	298420
5.110719000	299808
5.110959000	301196
5.110961000	302584
5.111202000	303972
5.111203000	305360
5.111444000	306748
5.111445000	308136
5.111685000	309524
5.111687000	310912
5.111927000	312300
5.111929000	313688
5.112171000	298420
5.112171000	299808
5.112399000	290092
5.112400000	291480
5.112620000	292868
5.112621000	294256
5.112622000	295644
5.112842000	297032
5.112843000	298420
5.113064000	299808
5.113065000	301196
5.113284000	302584
5.113285000	303972
5.113505000	305360
5.113505000	306748
5.113726000	308136
5.113726000	309524
5.113947000	310912
5.113947000	312300
5.114168000	310912
5.114169000	312300
5.114387000	313688
5.114388000	315076
5.114606000	316464
5.114607000	317852
5.114830000	319240
5.114834000	320628
5.115048000	322016
5.115050000	323404
5.115265000	310912
5.115266000	312300
5.115468000	313688
5.115470000	315076
5.115470000	316464
5.115669000	317852
5.115669000	319240
5.115871000	320628
5.115872000	322016
5.116073000	323404
5.116074000	324792
5.116276000	326180
5.116277000	327568
5.116481000	328956
5.116482000	330344
5.116681000	331732
5.116683000	333120
5.116884000	334508
5.116885000	335896
5.117086000	334508
5.117087000	335896
5.117288000	317852
5.117289000	319240
5.117479000	320628
5.117480000	322016
5.117670000	323404
5.117671000	324792
5.117861000	326180
5.117862000	327568
5.117863000	328956
5.118052000	330344
5.118053000	331732
5.118243000	333120
5.118243000	334508
5.118435000	335896
5.118436000	337284
5.118625000	338672
5.118626000	340060
5.118816000	341448
5.118817000	342836
5.119006000	341448
5.119007000	342836
5.119198000	341448
5.119199000	342836
5.119389000	344224
5.119390000	345612
5.119581000	347000
5.119582000	348388
5.119770000	349776
5.119771000	351164
5.119962000	352552
5.119962000	353940
5.120153000	355328
5.120153000	356716
5.120154000	358104
5.120343000	359492
5.120344000	360880
5.120534000	362268
5.120535000	363656
5.120725000	365044
5.120726000	366432
5.120916000	367820
5.120917000	369208
5.121107000	370596
5.121108000	371984
5.121298000	373372
5.121299000	374760
5.121490000	376148
5.121491000	377536
5.121681000	378924
5.121682000	380312
5.121871000	381700
5.121872000	383088
5.122062000	381700
5.122064000	383088
5.122253000	370596
5.122254000	371984
5.122445000	373372
5.122445000	374760
5.122446000	376148
5.122635000	377536
5.122636000	378924
5.122826000	380312
5.122826000	381700
5.123017000	383088
5.123017000	384476
5.123209000	385864
5.123210000	387252
5.123399000	388640
5.123401000	390028
5.123590000	391416
5.123591000	392319
