1.975562000	1408
1.975563000	2816
1.975598000	4224
1.975603000	5632
1.975655000	7040
1.975658000	8448
1.975703000	9856
1.975706000	11264
1.975757000	12672
1.975760000	14080
2.174976000	14080
2.174987000	14080
2.175068000	2816
2.175077000	4224
2.175131000	5632
2.175134000	7040
2.175184000	8448
2.175187000	9856
2.175229000	11264
2.175232000	12672
2.175288000	14080
2.175297000	15488
2.175334000	16896
2.175337000	18304
2.175395000	19712
2.175398000	21120
2.175441000	22528
2.175444000	23936
2.175501000	25344
2.175503000	26752
2.344935000	26752
2.344938000	28160
2.345034000	21120
2.345042000	22528
2.345076000	23936
2.345079000	25344
2.345125000	26752
2.345128000	28160
2.345179000	29568
2.345183000	30976
2.345412000	32384
2.345416000	33792
2.345453000	35200
2.345457000	36608
2.345512000	38016
2.345515000	39424
2.345606000	40832
2.345611000	42240
2.345710000	43648
2.345713000	45056
2.345741000	46464
2.345744000	47872
2.345813000	47872
2.345816000	49280
2.345934000	46464
2.345937000	47872
2.346002000	49280
2.346007000	50688
2.346042000	52096
2.346045000	53504
2.359849000	53504
2.359854000	54912
2.359882000	53504
2.359885000	54912
2.359981000	56320
2.359986000	57728
2.366742000	52096
2.366745000	53504
2.515790000	53504
2.515793000	54912
2.515814000	54912
2.515818000	56320
2.523818000	56320
2.523823000	57728
2.530678000	57728
2.530683000	59136
2.530713000	59136
2.530717000	60544
2.530908000	60544
2.530911000	61952
2.538816000	61952
2.538821000	63360
2.545738000	63360
2.545741000	64768
2.545769000	63360
2.545772000	64768
2.545818000	66176
2.545821000	67584
2.545893000	67584
2.545896000	68992
2.545945000	61952
2.545947000	63360
2.546037000	64768
2.546044000	66176
2.546101000	67584
2.546104000	68992
2.546153000	70400
2.546158000	71808
2.546205000	73216
2.546208000	74624
2.546258000	76032
2.546261000	77440
2.546740000	77440
2.546742000	78848
2.546780000	73216
2.546783000	74624
2.546832000	76032
2.546834000	77440
2.546884000	78848
2.546887000	80256
2.546937000	81664
2.546939000	83072
2.546990000	84480
2.546999000	85888
2.554694000	85888
2.554701000	87296
2.561888000	87296
2.561891000	88704
2.562070000	80256
2.562074000	81664
2.562134000	83072
2.562138000	84480
2.562230000	85888
2.562235000	87296
2.562322000	88704
2.562327000	90112
2.562415000	91520
2.562420000	92928
2.562509000	94336
2.562515000	95744
2.562597000	97152
2.562602000	98560
2.562723000	98560
2.562727000	99968
2.562768000	94336
2.562771000	95744
2.562819000	97152
2.562825000	98560
2.562872000	99968
2.562875000	101376
2.562926000	102784
2.562929000	104192
2.562980000	105600
2.562983000	107008
2.730814000	107008
2.730818000	108416
2.730842000	108416
2.730846000	109824
2.745857000	109824
2.745861000	111232
2.745908000	105600
2.745911000	107008
2.746005000	108416
2.746011000	109824
2.746092000	111232
2.746098000	112640
2.746184000	114048
2.746190000	115456
2.746272000	116864
2.746278000	118272
2.760852000	118272
2.760855000	119680
2.761102000	104192
2.761106000	105600
2.761167000	107008
2.761170000	108416
2.761376000	109824
2.761381000	111232
2.761431000	112640
2.761435000	114048
2.761474000	115456
2.761479000	116864
2.761529000	118272
2.761534000	119680
2.761585000	121088
2.761590000	122496
2.761641000	123904
2.761645000	125312
2.761697000	126720
2.761702000	128128
2.761751000	129536
2.761755000	130944
2.761845000	130944
2.761849000	132352
2.779711000	119680
2.779716000	121088
2.779756000	122496
2.779760000	123904
2.779884000	122496
2.779888000	123904
2.786723000	119680
2.786726000	121088
2.786801000	102784
2.786804000	104192
2.786949000	105600
2.786956000	107008
2.786986000	108416
2.786989000	109824
2.787035000	111232
2.787038000	112640
2.787088000	114048
2.787090000	115456
2.787141000	116864
2.787144000	118272
2.787193000	119680
2.787196000	121088
2.787246000	122496
2.787249000	123904
2.787298000	125312
2.787301000	126720
2.787351000	128128
2.787354000	129536
2.787404000	130944
2.787408000	132352
2.787456000	133760
2.787460000	135168
2.787512000	136576
2.787515000	137984
2.787563000	139392
2.787566000	140800
2.787615000	142208
2.787618000	143616
2.787668000	145024
2.787671000	146432
2.787744000	145024
2.787747000	146432
2.787774000	147840
2.787777000	149248
2.787826000	150656
2.787830000	152064
2.787879000	153472
2.787881000	154880
2.787932000	156288
2.787935000	157696
2.787984000	159104
2.787987000	160512
2.788037000	161920
2.788040000	163328
2.788131000	164736
2.788137000	166144
2.788212000	167552
2.788218000	168960
2.788293000	170368
2.788299000	171776
2.788375000	173184
2.788381000	174592
2.788456000	176000
2.788462000	177408
2.788543000	178816
2.788549000	180224
2.788584000	181632
2.788587000	183040
2.802686000	181632
2.802693000	183040
2.802729000	176000
2.802732000	177408
2.802827000	178816
2.802832000	180224
2.802914000	181632
2.802920000	183040
2.803002000	184448
2.803008000	185856
2.803090000	187264
2.803096000	188672
2.803177000	190080
2.803183000	191488
2.803265000	192896
2.803270000	194304
2.825766000	192896
2.825771000	194304
2.825866000	178816
2.825869000	180224
2.825957000	181632
2.825963000	183040
2.826091000	184448
2.826094000	185856
2.826209000	187264
2.826215000	188672
2.826344000	190080
2.826347000	191488
2.826459000	192896
2.826472000	194304
2.826499000	195712
2.826502000	197120
2.826553000	198528
2.826558000	199936
2.826604000	201344
2.826607000	202752
2.826697000	204160
2.826700000	205568
2.826769000	206976
2.826771000	208384
2.826814000	209792
2.826817000	211200
2.826867000	212608
2.826870000	214016
2.999772000	212608
2.999775000	214016
2.999811000	215424
2.999815000	216832
3.006892000	216832
3.006897000	218240
3.007178000	214016
3.007184000	215424
3.007262000	216832
3.007266000	218240
3.007308000	219648
3.007313000	221056
3.007373000	222464
3.007377000	223872
3.021824000	223872
3.021827000	225280
3.021891000	214016
3.021895000	215424
3.021992000	216832
3.021997000	218240
3.022093000	219648
3.022099000	221056
3.022175000	222464
3.022180000	223872
3.022256000	225280
3.022262000	226688
3.022379000	228096
3.022385000	229504
3.022459000	230912
3.022464000	232320
3.022500000	233728
3.022503000	235136
3.022554000	236544
3.022557000	237952
3.022740000	237952
3.022750000	239360
3.030675000	239360
3.030680000	240768
3.037863000	240768
3.037866000	242176
3.038260000	232320
3.038267000	233728
3.038310000	235136
3.038314000	236544
3.038351000	237952
3.038354000	239360
3.038409000	240768
3.038411000	242176
3.038455000	243584
3.038458000	244992
3.038507000	246400
3.038510000	247808
3.038560000	249216
3.038563000	250624
3.038613000	252032
3.038616000	253440
3.038747000	253440
3.038750000	254848
3.038807000	243584
3.038809000	244992
3.038860000	246400
3.038863000	247808
3.038915000	249216
3.038918000	250624
3.038989000	252032
3.038992000	253440
3.039089000	254848
3.039094000	256256
3.039176000	257664
3.039181000	259072
3.039263000	260480
3.039269000	261888
3.039351000	263296
3.039357000	264704
3.039443000	266112
3.039449000	267520
3.039820000	267520
3.039823000	268928
3.039842000	268928
3.039845000	270336
3.047677000	270336
3.047682000	271744
3.062728000	271744
3.062732000	273152
3.062784000	264704
3.062787000	266112
3.062848000	266112
3.062851000	267520
3.062886000	266112
3.062889000	267520
3.063126000	268928
3.063132000	270336
3.063210000	271744
3.063220000	273152
3.063295000	274560
3.063300000	275968
3.063376000	277376
3.063382000	278784
3.063457000	280192
3.063463000	281600
3.063498000	283008
3.063501000	284416
3.063552000	285824
3.063554000	287232
3.079786000	287232
3.079792000	288640
3.079838000	285824
3.079842000	287232
3.079894000	288640
3.079901000	290048
3.079950000	291456
3.079955000	292864
3.094858000	292864
3.094863000	294272
3.094964000	271744
3.094968000	273152
3.095062000	274560
3.095067000	275968
3.095155000	277376
3.095161000	278784
3.095243000	280192
3.095249000	281600
3.095338000	283008
3.095343000	284416
3.095430000	285824
3.095436000	287232
3.095471000	288640
3.095474000	290048
3.095524000	291456
3.095527000	292864
3.095578000	294272
3.095581000	295680
3.095631000	297088
3.095634000	298496
3.095702000	298496
3.095705000	299904
3.095759000	298496
3.095761000	299904
3.119833000	266112
3.119838000	267520
3.119872000	260480
3.119875000	261888
3.119972000	263296
3.119977000	264704
3.120059000	266112
3.120064000	267520
3.120146000	268928
3.120152000	270336
3.120239000	271744
3.120245000	273152
3.120335000	274560
3.120341000	275968
3.120369000	277376
3.120373000	278784
3.120436000	280192
3.120441000	281600
3.120493000	283008
3.120496000	284416
3.120545000	285824
3.120548000	287232
3.120598000	288640
3.120601000	290048
3.120652000	291456
3.120656000	292864
3.120706000	294272
3.120709000	295680
3.120758000	297088
3.120761000	298496
3.120813000	299904
3.120817000	301312
3.120868000	302720
3.120878000	304128
3.120922000	305536
3.120926000	306944
3.120975000	308352
3.120980000	309760
3.121029000	311168
3.121033000	312576
3.121082000	313984
3.121086000	315392
3.121134000	316800
3.121138000	318208
3.121185000	319616
3.121188000	321024
3.121298000	322432
3.121304000	323840
3.121332000	325248
3.121334000	326656
3.121386000	328064
3.121390000	329472
3.121440000	330880
3.121444000	332288
3.121491000	333696
3.121494000	335104
3.121543000	336512
3.121546000	337920
3.121596000	339328
3.121598000	340736
3.121649000	342144
3.121652000	343552
3.121702000	344960
3.121705000	346368
3.121755000	347776
3.121758000	349184
3.121808000	350592
3.121811000	352000
3.121863000	353408
3.121866000	354816
3.121916000	356224
3.121918000	357632
3.121969000	359040
3.121972000	360448
3.122023000	361856
3.122025000	363264
3.122077000	364672
3.122080000	366080
3.126775000	364672
3.126778000	366080
3.126820000	356224
3.126823000	357632
3.127053000	359040
3.127060000	360448
3.127089000	361856
3.127092000	363264
3.127140000	364672
3.127143000	366080
3.127192000	367488
3.127195000	368896
3.127245000	370304
3.127248000	371712
3.127298000	373120
3.127301000	374528
3.127351000	375936
3.127354000	377344
3.127403000	378752
3.127406000	380160
3.139781000	359040
3.139784000	360448
3.139805000	359040
3.139808000	360448
3.139903000	361856
3.139909000	363264
3.139991000	364672
3.139996000	366080
3.140078000	367488
3.140084000	368896
3.140165000	370304
3.140171000	371712
3.140253000	373120
3.140259000	374528
3.140340000	375936
3.140346000	377344
3.140381000	378752
3.140384000	380160
3.140435000	381568
3.140439000	382976
3.140488000	384384
3.140492000	385792
3.140545000	387200
3.140548000	388608
3.140605000	390016
3.140608000	391424
3.140682000	392832
3.140685000	394240
3.140734000	395648
3.140737000	397056
3.140789000	398464
3.140792000	399872
3.140842000	401280
3.140845000	402688
3.140896000	404096
3.140898000	405504
3.146790000	404096
3.146793000	405504
3.146824000	397056
3.146827000	398464
3.146877000	399872
3.146881000	401280
3.146932000	402688
3.146937000	404096
3.146992000	405504
3.146997000	406912
3.147040000	408320
3.147044000	409728
3.147090000	411136
3.147093000	412544
3.147143000	413952
3.147146000	415360
3.147196000	416768
3.147198000	418176
3.154733000	416768
3.154736000	418176
3.154759000	416768
3.154763000	418176
3.154814000	419584
3.154818000	420992
3.154871000	422400
3.154875000	423808
3.161662000	422400
3.161665000	423808
3.161679000	425216
3.161746000	426624
3.202782000	426624
3.202785000	428032
3.346905000	426624
3.346909000	428032
3.346969000	418176
3.346972000	419584
3.347068000	420992
3.347073000	422400
3.347155000	423808
3.347161000	425216
3.347245000	426624
3.347252000	428032
3.347345000	429440
3.347350000	430848
3.347377000	432256
3.347380000	433664
3.347430000	435072
3.347433000	436480
3.347482000	437888
3.347485000	439296
3.347536000	440704
3.347539000	442112
3.347733000	442112
3.347736000	443520
3.347764000	440704
3.347767000	442112
3.347835000	442112
3.347838000	443520
3.347868000	443520
3.362738000	443520
3.362750000	443520
3.362817000	433664
3.362820000	435072
3.362909000	436480
3.362915000	437888
3.363001000	439296
3.363006000	440704
3.363087000	442112
3.363093000	443520
3.363676000	443520
3.363688000	443520
3.363711000	442112
3.363714000	443520
3.379797000	443520
3.379808000	443520
3.379829000	442112
3.379832000	443520
3.386815000	443520
3.386827000	443520
3.386857000	437888
3.386860000	439296
3.386928000	439296
3.386931000	440704
3.386960000	442112
3.386962000	443520
3.387853000	443520
3.387860000	443520
3.387895000	440704
3.387898000	442112
3.388027000	443520
3.388677000	443520
3.388716000	443520
3.388728000	443520
3.404698000	443520
3.411842000	443520
3.411853000	443520
3.411923000	430848
3.411928000	432256
3.411978000	433664
3.411982000	435072
3.412073000	436480
3.412079000	437888
3.412161000	439296
3.412167000	440704
3.412253000	442112
3.412259000	443520
3.413793000	443520
3.413809000	443520
3.413864000	433664
3.413868000	435072
3.413916000	436480
3.413919000	437888
3.413968000	439296
3.413971000	440704
3.414023000	442112
3.414028000	443520
3.418816000	443520
3.418824000	443520
3.418865000	435072
3.418868000	436480
3.418978000	437888
3.418982000	439296
3.419011000	440704
3.419014000	442112
3.419110000	443520
3.419827000	443520
3.419833000	443520
3.419854000	442112
3.419857000	443520
3.427839000	443520
3.434809000	443520
3.434821000	443520
3.434869000	430848
3.434872000	432256
3.434968000	433664
3.434973000	435072
3.435055000	436480
3.435060000	437888
3.435143000	439296
3.435149000	440704
3.435235000	442112
3.435241000	443520
3.435821000	443520
3.435838000	443520
3.435877000	439296
3.435882000	440704
3.435933000	442112
3.435937000	443520
3.450823000	443520
3.450835000	443520
3.450890000	428032
3.450893000	429440
3.450988000	430848
3.450994000	432256
3.451075000	433664
3.451081000	435072
3.451164000	436480
3.451169000	437888
3.451252000	439296
3.451257000	440704
3.451339000	442112
3.451344000	443520
3.451741000	443520
3.451753000	443520
3.451772000	442112
3.451775000	443520
3.459675000	443520
3.459687000	443520
3.459708000	442112
3.459712000	443520
3.474771000	443520
3.474778000	443520
3.474825000	430848
3.474828000	432256
3.474936000	432256
3.474941000	433664
3.474969000	435072
3.474972000	436363
