4.077370000	1388
4.077377000	2776
4.077407000	4164
4.077409000	5552
4.077466000	6940
4.077470000	8328
4.077550000	9716
4.077554000	11104
4.077633000	12492
4.077636000	13880
4.111969000	13880
4.111972000	15268
4.112006000	15268
4.112009000	16656
4.116912000	16656
4.116916000	18044
4.116950000	18044
4.116953000	19432
4.119933000	19432
4.119938000	20820
4.119980000	19432
4.119982000	20820
4.120023000	20820
4.120025000	22208
4.120076000	23596
4.120078000	24984
4.121946000	24984
4.121949000	26372
4.122024000	26372
4.122028000	27760
4.146945000	27760
4.146949000	29148
4.150998000	29148
4.151003000	30536
4.151041000	29148
4.151044000	30536
4.151229000	30536
4.151232000	31924
4.151882000	29148
4.151885000	30536
4.151926000	31924
4.151928000	33312
4.151979000	34700
4.151981000	36088
4.152033000	37476
4.152036000	38864
4.156919000	38864
4.156922000	40252
4.161928000	40252
4.161931000	41640
4.162011000	41640
4.162015000	43028
4.164993000	43028
4.164996000	44416
4.165095000	40252
4.165097000	41640
4.165129000	43028
4.165131000	44416
4.165183000	45804
4.165185000	47192
4.165234000	48580
4.165236000	49968
4.165443000	49968
4.165447000	51356
4.165496000	48580
4.165499000	49968
4.165539000	51356
4.165541000	52744
4.165591000	54132
4.165593000	55520
4.181942000	55520
4.181945000	56908
4.185956000	56908
4.185960000	58296
4.185988000	56908
4.185991000	58296
4.186058000	56908
4.186063000	58296
4.186099000	58296
4.186101000	59684
4.186144000	61072
4.186146000	62460
4.186196000	63848
4.186198000	65236
4.187026000	65236
4.187028000	66624
4.187071000	66624
4.187073000	68012
4.191926000	68012
4.191931000	69400
4.191964000	69400
4.191967000	70788
4.194904000	70788
4.194908000	72176
4.194940000	70788
4.194942000	72176
4.194991000	72176
4.194993000	73564
4.195041000	73564
4.195043000	74952
4.195114000	74952
4.195116000	76340
4.195197000	77728
4.195199000	79116
4.195986000	79116
4.195989000	80504
4.196074000	77728
4.196076000	79116
4.196125000	80504
4.196128000	81892
4.196218000	83280
4.196222000	84668
4.196959000	84668
4.196963000	86056
4.201951000	86056
4.201956000	87444
4.201965000	87444
4.202032000	88832
4.206926000	88832
4.206929000	90220
4.206938000	90220
4.206962000	91608
4.210006000	91608
4.210010000	92996
4.210026000	90220
4.210046000	91608
4.210048000	92996
4.210050000	94384
4.210144000	94384
4.210147000	95772
4.210150000	97160
4.210272000	86056
4.210274000	87444
4.210277000	88832
4.210316000	90220
4.210322000	91608
4.210324000	92996
4.210370000	94384
4.210373000	95772
4.210376000	97160
4.210423000	98548
4.210426000	99936
4.210428000	101324
4.210473000	102712
4.210475000	104100
4.210477000	105488
4.210525000	106876
4.210527000	108264
4.210529000	109652
4.210577000	111040
4.216925000	109652
4.216929000	111040
4.216931000	112428
4.216961000	113816
4.220955000	112428
4.220959000	113816
4.220961000	115204
4.220994000	111040
4.220996000	112428
4.220998000	113816
4.221041000	109652
4.221043000	111040
4.221045000	112428
4.221094000	113816
4.221096000	115204
4.221099000	116592
4.221146000	117980
4.221148000	119368
4.221150000	120756
4.221197000	122144
4.221199000	123532
4.221201000	124920
4.221249000	126308
4.221251000	127696
4.221992000	123532
4.221996000	124920
4.221998000	126308
4.222100000	127696
4.222104000	129084
4.222106000	130472
4.222199000	131860
4.222202000	133248
4.226929000	131860
4.226933000	133248
4.226935000	134636
4.226945000	133248
4.226965000	134636
4.226968000	136024
4.226970000	137412
4.226972000	138800
4.230990000	137412
4.230993000	138800
4.230996000	140188
4.230998000	141576
4.231035000	134636
4.231038000	136024
4.231040000	137412
4.231042000	138800
4.231080000	140188
4.231099000	141576
4.231103000	142964
4.231106000	144352
4.231153000	145740
4.231155000	147128
4.231157000	148516
4.231159000	149904
4.231933000	149904
4.231936000	151292
4.231945000	151292
4.231947000	152680
4.236957000	152680
4.236961000	154068
4.236969000	154068
4.236971000	155456
4.240014000	155456
4.240017000	156844
4.240026000	156844
4.240029000	158232
4.240051000	155456
4.240053000	156844
4.240055000	158232
4.240056000	159620
4.240165000	159620
4.240169000	161008
4.240171000	162396
4.240173000	163784
4.240203000	158232
4.240206000	159620
4.240208000	161008
4.240210000	162396
4.240292000	163784
4.240296000	165172
4.240298000	166560
4.240300000	167948
4.240373000	169336
4.240377000	170724
4.240898000	170724
4.240900000	172112
4.241017000	172112
4.241020000	173500
4.241029000	173500
4.241031000	174888
4.241166000	172112
4.241168000	173500
4.241170000	174888
4.241172000	176276
4.241208000	177664
4.241210000	179052
4.241945000	179052
4.241948000	180440
4.241956000	180440
4.241958000	181828
4.246975000	181828
4.246978000	183216
4.246987000	183216
4.246989000	184604
4.250969000	184604
4.250973000	185992
4.250982000	185992
4.250985000	187380
4.250991000	187380
4.251009000	185992
4.251011000	187380
4.251013000	188768
4.251015000	190156
4.251060000	191544
4.251953000	191544
4.251957000	192932
4.251966000	192932
4.251968000	194320
4.251975000	194320
4.251994000	195708
4.254957000	195708
4.254961000	197096
4.254969000	197096
4.254971000	198484
4.254977000	198484
4.254995000	197096
4.254997000	198484
4.254999000	199872
4.255002000	201260
4.255049000	201260
4.255051000	202648
4.255053000	204036
4.255059000	204036
4.255143000	204036
4.255145000	205424
4.255147000	206812
4.255154000	206812
4.255156000	208200
4.255250000	202648
4.255252000	204036
4.255254000	205424
4.255256000	206812
4.255258000	208200
4.255300000	209588
4.255302000	210976
4.255304000	212364
4.255311000	213752
4.255314000	215140
4.256964000	215140
4.256968000	216528
4.256976000	216528
4.256978000	217916
4.259956000	217916
4.259959000	219304
4.259968000	219304
4.259971000	220692
4.259977000	220692
4.259992000	220692
4.259994000	222080
4.259996000	223468
4.260050000	222080
4.260052000	223468
4.260054000	224856
4.260056000	226244
4.260102000	224856
4.260104000	226244
4.260106000	227632
4.260108000	229020
4.260904000	227632
4.260906000	229020
4.260908000	230408
4.260910000	231796
4.260918000	230408
4.261015000	223468
4.261017000	224856
4.261019000	226244
4.261021000	227632
4.261023000	229020
4.261064000	227632
4.261066000	229020
4.261068000	230408
4.261070000	231796
4.261071000	233184
4.261116000	234572
4.261118000	235960
4.261120000	237348
4.261122000	238736
4.261165000	240124
4.261168000	241512
4.261170000	242900
4.261172000	244288
4.261174000	245676
4.261895000	244288
4.261898000	245676
4.261900000	247064
4.261902000	248452
4.261909000	247064
4.261911000	248452
4.261940000	249840
4.261942000	251228
4.264969000	249840
4.264972000	251228
4.264974000	252616
4.264977000	254004
4.264986000	252616
4.264988000	254004
4.265003000	252616
4.265005000	254004
4.265008000	255392
4.265009000	256780
4.265098000	258168
4.265102000	259556
4.266941000	258168
4.266944000	259556
4.266946000	260944
4.266949000	262332
4.266957000	260944
4.266959000	262332
4.266977000	263720
4.266979000	265108
4.269962000	263720
4.269965000	265108
4.269968000	266496
4.269970000	267884
4.269978000	266496
4.269981000	267884
4.270008000	258168
4.270010000	259556
4.270012000	260944
4.270014000	262332
4.270105000	263720
4.270109000	265108
4.270111000	266496
4.270113000	267884
4.270115000	269272
4.270117000	270660
4.270193000	272048
4.270196000	273436
4.270199000	274824
4.270201000	276212
4.270202000	277600
4.270204000	278988
4.270276000	280376
4.270280000	281764
4.270941000	280376
4.270943000	281764
4.270945000	283152
4.270947000	284540
4.270955000	283152
4.270958000	284540
4.270975000	285928
4.270977000	287316
4.271186000	285928
4.271189000	287316
4.271191000	288704
4.271193000	290092
4.271200000	290092
4.271202000	291480
4.271229000	291480
4.271231000	292868
4.271878000	292868
4.271880000	294256
4.271886000	294256
4.271888000	295644
4.274970000	295644
4.274973000	297032
4.274981000	297032
4.274983000	298420
4.275012000	298420
4.275014000	299808
4.275020000	299808
4.275022000	301196
4.275028000	301196
4.275030000	302584
4.275064000	302584
4.275066000	303972
4.275071000	303972
4.275073000	305360
4.275132000	305360
4.275135000	306748
4.275145000	306748
4.275148000	308136
4.275157000	308136
4.275160000	309524
4.276928000	309524
4.276931000	310912
4.276938000	310912
4.276940000	312300
4.279937000	312300
4.279941000	313688
4.280946000	313688
4.280950000	315076
4.280958000	315076
4.280960000	316464
4.280966000	316464
4.280968000	317852
4.281182000	317852
4.281186000	319240
4.281193000	319240
4.281196000	320628
4.281202000	320628
4.281204000	322016
4.281964000	322016
4.281968000	323404
4.281976000	323404
4.281978000	324792
4.285025000	324792
4.285028000	326180
4.285037000	326180
4.285039000	327568
4.285076000	327568
4.285078000	328956
4.285085000	328956
4.285087000	330344
4.285120000	330344
4.285122000	331732
4.285128000	331732
4.285130000	333120
4.285172000	333120
4.285174000	334508
4.285180000	334508
4.285182000	335896
4.285224000	335896
4.285227000	337284
4.285233000	337284
4.285235000	338672
4.285277000	338672
4.285279000	340060
4.285286000	340060
4.285288000	341448
4.285329000	341448
4.285331000	342836
4.285337000	342836
4.285339000	344224
4.285382000	344224
4.285384000	345612
4.285390000	345612
4.285392000	347000
4.285485000	347000
4.285487000	348388
4.285494000	348388
4.285496000	349776
4.286966000	349776
4.286969000	351164
4.286978000	351164
4.286980000	352552
4.289987000	352552
4.289992000	353940
4.290003000	353940
4.290006000	355328
4.290014000	355328
4.290017000	356716
4.290026000	356716
4.290054000	353940
4.290056000	355328
4.290059000	356716
4.290061000	358104
4.290064000	359492
4.290066000	360880
4.290110000	359492
4.290113000	360880
4.290116000	362268
4.290119000	363656
4.290121000	365044
4.290163000	363656
4.290166000	365044
4.290169000	366432
4.290171000	367820
4.290216000	366432
4.290219000	367820
4.290222000	369208
4.290225000	370596
4.290234000	370596
4.290237000	371984
4.290264000	371984
4.290267000	373372
4.290323000	373372
4.290326000	374760
4.290336000	374760
4.290338000	376148
4.290344000	376148
4.290346000	377536
4.290917000	377536
4.290919000	378924
4.290970000	378924
4.290972000	380312
4.290978000	380312
4.290980000	381700
4.291023000	381700
4.291025000	383088
4.291031000	383088
4.291033000	384476
4.291888000	384476
4.291892000	385864
4.291903000	385864
4.291905000	387252
4.296928000	387252
4.296931000	388640
4.296939000	388640
4.296941000	390028
4.297013000	390028
4.297016000	391416
4.299985000	391416
4.299989000	392804
4.299998000	392804
4.300000000	394192
4.300007000	394192
4.300009000	395580
4.300015000	395580
4.300017000	396968
4.300280000	394192
4.300283000	395580
4.300285000	396968
4.300287000	398356
4.300289000	399744
4.300291000	401132
4.300298000	401132
4.300301000	402520
4.300645000	391416
4.300649000	392804
4.300651000	394192
4.300653000	395580
4.300655000	396968
4.300657000	398356
4.300659000	399744
4.300662000	401132
4.300681000	391416
4.300920000	378924
4.300924000	380312
4.300926000	381700
4.300928000	383088
4.300930000	384476
4.300932000	385864
4.300935000	387252
4.300937000	388640
4.300939000	390028
4.301062000	391416
4.301066000	392804
4.301069000	394192
4.301071000	395580
4.301073000	396968
4.301075000	398356
4.301077000	399744
4.301079000	401132
4.301081000	402520
4.301348000	403908
4.301352000	405296
4.301355000	406684
4.301357000	408072
4.301359000	409460
4.301361000	410848
4.301363000	412236
4.301365000	413624
4.301367000	415012
4.301636000	416400
4.301640000	417788
4.301643000	419176
4.301644000	420564
4.301646000	421952
4.301648000	423340
4.301650000	424728
4.301653000	426116
4.301655000	427504
4.301895000	428892
4.301899000	430280
4.301901000	431668
4.301903000	433056
4.301905000	434444
4.301907000	435832
4.301909000	437220
4.301911000	438608
4.301913000	439996
4.306909000	438608
4.306914000	439996
4.306916000	441384
4.306918000	442772
4.306927000	441384
4.306929000	442772
4.306931000	444160
4.306933000	445548
4.310984000	444160
4.310987000	445548
4.310990000	446936
4.310992000	448324
4.311004000	446936
4.311006000	448324
4.311008000	449712
4.311011000	451100
4.311021000	449712
4.311233000	445548
4.311237000	446936
4.311240000	448324
4.311242000	449712
4.311245000	451100
4.311248000	452488
4.311250000	453876
4.311253000	455264
4.311256000	456652
4.311521000	458040
4.311526000	459428
4.312175000	458040
4.312178000	459428
4.312180000	460816
4.312182000	462204
4.312192000	460816
4.312194000	462204
4.312196000	463592
4.312198000	464980
4.314929000	463592
4.314933000	464980
4.314935000	466368
4.314937000	467756
4.314946000	466368
4.314948000	467756
4.314950000	469144
4.314952000	470532
4.315184000	466368
4.315186000	467756
4.315188000	469144
4.315190000	470532
4.315192000	471920
4.315194000	473308
4.315196000	474696
4.315198000	476084
4.315214000	462204
4.315474000	434444
4.315478000	435832
4.315480000	437220
4.315482000	438608
4.315484000	439996
4.315487000	441384
4.315488000	442772
4.315490000	444160
4.315492000	445548
4.315766000	446936
4.315769000	448324
4.315772000	449712
4.315774000	451100
4.315776000	452488
4.315778000	453876
4.315780000	455264
4.315782000	456652
4.315784000	458040
4.316053000	459428
4.316057000	460816
4.316059000	462204
4.316061000	463592
4.316064000	464980
4.316066000	466368
4.316068000	467756
4.316070000	469144
4.316072000	470532
4.316339000	471920
4.316343000	473308
4.316345000	474696
4.316347000	476084
4.316349000	477472
4.316352000	478860
4.316354000	480248
4.316356000	481636
4.316358000	483024
4.316626000	484412
4.316630000	485800
4.316632000	487188
4.316634000	488576
4.316637000	489964
4.316639000	491352
4.316641000	492740
4.316643000	494128
4.316645000	495516
4.316923000	487188
4.316926000	488576
4.316928000	489964
4.316930000	491352
4.316932000	492740
4.316934000	494128
4.316936000	495516
4.316938000	496904
4.316940000	498292
4.317198000	498292
4.317202000	499680
4.317204000	501068
4.317207000	502456
4.317209000	503844
4.317211000	505232
4.317213000	506620
4.317215000	508008
4.317217000	509396
4.317484000	510784
4.317488000	512172
4.317490000	513560
4.317492000	514948
4.317494000	516336
4.317496000	517724
4.317498000	519112
4.317500000	520500
4.317502000	521888
4.317757000	523276
4.317759000	524664
4.317761000	526052
4.317763000	527440
4.317765000	528828
4.317767000	530216
4.317769000	531119
