28.420056000	1408
28.420068000	2816
28.420098000	4224
28.420101000	5632
28.420162000	7040
28.420167000	8448
28.420204000	9856
28.420207000	11264
28.420256000	12672
28.420259000	14080
28.479472000	14080
28.479478000	15488
28.479572000	12672
28.479575000	14080
28.479621000	15488
28.479624000	16896
28.479721000	18304
28.479726000	19712
28.486559000	19712
28.486566000	21120
28.486718000	15488
28.486723000	16896
28.486781000	18304
28.486786000	19712
28.486838000	21120
28.486842000	22528
28.486895000	23936
28.486898000	25344
28.539606000	25344
28.539612000	26752
28.539649000	23936
28.539652000	25344
28.539742000	26752
28.539748000	28160
28.539823000	29568
28.539829000	30976
28.546521000	30976
28.546527000	32384
28.546601000	21120
28.546604000	22528
28.546661000	23936
28.546669000	25344
28.546706000	26752
28.546709000	28160
28.546757000	29568
28.546760000	30976
28.546810000	32384
28.546813000	33792
28.546863000	35200
28.546866000	36608
28.546916000	38016
28.546918000	39424
28.546970000	40832
28.546973000	42240
28.547022000	43648
28.547024000	45056
28.547624000	45056
28.547628000	46464
28.547679000	46464
28.547698000	47872
28.555489000	47872
28.555494000	49280
28.562464000	49280
28.562470000	50688
28.579694000	50688
28.579712000	50688
28.579741000	49280
28.579745000	50688
28.586549000	50688
28.586561000	50688
28.586589000	46464
28.586593000	47872
28.586640000	49280
28.586643000	50688
28.594507000	50688
28.601640000	50688
28.601651000	50688
28.601808000	32384
28.601812000	33792
28.601860000	35200
28.601863000	36608
28.601960000	38016
28.601966000	39424
28.602041000	40832
28.602047000	42240
28.602123000	43648
28.602128000	45056
28.602204000	46464
28.602209000	47872
28.602285000	49280
28.602291000	50688
28.602366000	52096
28.602474000	52096
28.602484000	52096
28.602516000	47872
28.602519000	49280
28.602569000	50688
28.602572000	52096
28.602625000	52096
28.602632000	52096
28.602676000	52096
28.619575000	52096
28.619587000	52096
28.619610000	50688
28.619613000	52096
28.619708000	53504
28.626526000	53504
28.626545000	53504
28.626578000	47872
28.626581000	49280
28.626678000	50688
28.626684000	52096
28.626765000	53504
28.639480000	53504
28.639493000	53504
28.659528000	52096
28.659533000	53504
28.659566000	39424
28.659569000	40832
28.659664000	42240
28.659669000	43648
28.659756000	45056
28.659762000	46464
28.659848000	47872
28.659853000	49280
28.659935000	50688
28.659941000	52096
28.660023000	53504
28.660029000	54912
28.666552000	49280
28.666558000	50688
28.666687000	32384
28.666691000	33792
28.666736000	35200
28.666739000	36608
28.666788000	38016
28.666791000	39424
28.666842000	40832
28.666845000	42240
28.666895000	43648
28.666898000	45056
28.666950000	46464
28.666952000	47872
28.667004000	49280
28.667006000	50688
28.667057000	52096
28.667060000	53504
28.667111000	54912
28.667114000	56320
28.679625000	54912
28.679630000	56320
28.679658000	52096
28.679661000	53504
28.679751000	54912
28.679756000	56320
28.719519000	54912
28.719525000	56320
28.719561000	36608
28.719564000	38016
28.719659000	39424
28.719665000	40832
28.719747000	42240
28.719752000	43648
28.719834000	45056
28.719840000	46464
28.719925000	47872
28.719932000	49280
28.719969000	50688
28.719973000	52096
28.720043000	53504
28.720047000	54912
28.720097000	56320
28.720102000	57728
28.726512000	56320
28.726518000	57728
28.726717000	33792
28.726722000	35200
28.726775000	36608
28.726779000	38016
28.726832000	39424
28.726836000	40832
28.726887000	42240
28.726891000	43648
28.726943000	45056
28.726947000	46464
28.727000000	47872
28.727004000	49280
28.727055000	50688
28.727059000	52096
28.727111000	53504
28.727114000	54912
28.727165000	56320
28.727169000	57728
28.727219000	59136
28.734428000	57728
28.734434000	59136
28.759593000	57728
28.759598000	59136
28.759631000	47872
28.759634000	49280
28.759683000	50688
28.759686000	52096
28.759735000	53504
28.759738000	54912
28.759787000	56320
28.759790000	57728
28.759840000	59136
28.774488000	52096
28.774494000	53504
28.774523000	54912
28.774526000	56320
28.774573000	57728
28.774576000	59136
28.774626000	60544
28.789562000	59136
28.789567000	60544
28.789738000	30976
28.789742000	32384
28.789787000	33792
28.789790000	35200
28.789886000	36608
28.789899000	38016
28.789927000	39424
28.789930000	40832
28.789982000	42240
28.789985000	43648
28.790032000	45056
28.790036000	46464
28.790085000	47872
28.790088000	49280
28.790138000	50688
28.790141000	52096
28.790191000	53504
28.790194000	54912
28.790243000	56320
28.790246000	57728
28.790296000	59136
28.790299000	60544
28.790349000	61952
28.799512000	60544
28.799517000	61952
28.799582000	60544
28.799585000	61952
28.819549000	60544
28.819554000	61952
28.819584000	54912
28.819587000	56320
28.819683000	57728
28.819689000	59136
28.819782000	60544
28.819787000	61952
28.826467000	60544
28.826472000	61952
28.826508000	57728
28.826511000	59136
28.826606000	60544
28.826612000	61952
28.826696000	63360
28.834548000	61952
28.834553000	63360
28.859534000	61952
28.859540000	63360
28.859664000	46464
28.859668000	47872
28.859714000	49280
28.859717000	50688
28.859814000	52096
28.859819000	53504
28.859901000	54912
28.859906000	56320
28.859989000	57728
28.859994000	59136
28.860081000	60544
28.860086000	61952
28.860168000	63360
28.860174000	64768
28.866582000	63360
28.866587000	64768
28.866651000	32384
28.866655000	33792
28.866757000	35200
28.866763000	36608
28.866845000	38016
28.866851000	39424
28.866932000	40832
28.866938000	42240
28.867024000	43648
28.867030000	45056
28.867111000	46464
28.867117000	47872
28.867198000	49280
28.867203000	50688
28.867239000	52096
28.867241000	53504
28.867293000	54912
28.867295000	56320
28.867346000	57728
28.867349000	59136
28.867411000	57728
28.867414000	59136
28.867454000	60544
28.867457000	61952
28.867515000	60544
28.867518000	61952
28.867562000	63360
28.867565000	64768
28.867617000	66176
28.919624000	64768
28.919629000	66176
28.919659000	59136
28.919662000	60544
28.919782000	61952
28.919787000	63360
28.919898000	64768
28.919903000	66176
28.920016000	67584
28.926471000	66176
28.926475000	67584
28.926524000	46464
28.926527000	47872
28.926622000	49280
28.926627000	50688
28.926711000	52096
28.926717000	53504
28.926799000	54912
28.926805000	56320
28.926893000	57728
28.926898000	59136
28.926980000	60544
28.926986000	61952
28.927068000	63360
28.927073000	64768
28.927110000	66176
28.927113000	67584
28.939601000	66176
28.939607000	67584
28.939650000	60544
28.939653000	61952
28.939749000	63360
28.939756000	64768
28.939787000	66176
28.939790000	67584
28.939837000	68992
28.946566000	67584
28.946570000	68992
28.946602000	67584
28.946606000	68992
28.954573000	67584
28.954578000	68992
28.961614000	67584
28.961619000	68992
28.961656000	56320
28.961659000	57728
28.961754000	59136
28.961760000	60544
28.961844000	61952
28.961850000	63360
28.961932000	64768
28.961938000	66176
28.962020000	67584
28.962025000	68992
28.962107000	70400
28.979525000	68992
28.979531000	70400
28.979561000	63360
28.979564000	64768
28.979612000	66176
28.979615000	67584
28.979664000	68992
28.979667000	70400
28.986511000	68992
28.986516000	70400
28.986649000	63360
28.986653000	64768
28.986700000	66176
28.986703000	67584
28.986800000	68992
28.986806000	70400
28.986893000	71808
28.994408000	70400
28.994416000	71808
29.001482000	70400
29.001500000	71808
29.001536000	67584
29.001540000	68992
29.001586000	70400
29.001590000	71808
29.009502000	70400
29.009507000	71808
29.024548000	70400
29.024553000	71808
29.024584000	70400
29.024587000	71808
29.024643000	56320
29.024647000	57728
29.024717000	59136
29.024721000	60544
29.024768000	61952
29.024771000	63360
29.024822000	64768
29.024825000	66176
29.024876000	67584
29.024879000	68992
29.024989000	70400
29.024992000	71808
29.025020000	73216
29.047447000	71808
29.047453000	73216
29.047619000	49280
29.047624000	50688
29.047670000	52096
29.047673000	53504
29.047769000	54912
29.047775000	56320
29.047867000	57728
29.047872000	59136
29.047899000	60544
29.047902000	61952
29.047952000	63360
29.047955000	64768
29.048004000	66176
29.048008000	67584
29.048057000	68992
29.048060000	70400
29.048111000	71808
29.048114000	73216
29.048163000	74624
29.055532000	73216
29.055536000	74624
29.062506000	73216
29.062511000	74624
29.062552000	59136
29.062556000	60544
29.062650000	61952
29.062656000	63360
29.062737000	64768
29.062743000	66176
29.062825000	67584
29.062830000	68992
29.062918000	70400
29.062923000	71808
29.063010000	73216
29.063016000	74624
29.063050000	76032
29.077459000	74624
29.077466000	76032
29.077519000	63360
29.077523000	64768
29.077573000	66176
29.077577000	67584
29.077628000	68992
29.077632000	70400
29.077683000	71808
29.077688000	73216
29.077739000	74624
29.077743000	76032
29.085539000	74624
29.085546000	76032
29.092445000	74624
29.092450000	76032
29.092594000	63360
29.092598000	64768
29.092688000	66176
29.092692000	67584
29.092763000	68992
29.092766000	70400
29.092814000	71808
29.092817000	73216
29.092868000	74624
29.092871000	76032
29.092939000	77440
29.100588000	76032
29.100595000	77440
29.107582000	76032
29.107588000	77440
29.107621000	67584
29.107625000	68992
29.107719000	70400
29.107725000	71808
29.107807000	73216
29.107813000	74624
29.107900000	76032
29.107906000	77440
29.107987000	78848
29.115410000	77440
29.115415000	78848
29.122463000	77440
29.122471000	78848
29.122512000	66176
29.122516000	67584
29.122610000	68992
29.122616000	70400
29.122697000	71808
29.122703000	73216
29.122788000	74624
29.122794000	76032
29.122875000	77440
29.122881000	78848
29.130521000	77440
29.130526000	78848
29.137520000	77440
29.137525000	78848
29.137688000	60544
29.137692000	61952
29.137736000	63360
29.137739000	64768
29.137862000	66176
29.137868000	67584
29.137975000	68992
29.137981000	70400
29.138094000	71808
29.138099000	73216
29.138212000	74624
29.138223000	76032
29.138336000	77440
29.138342000	78848
29.138455000	80256
29.145598000	78848
29.145604000	80256
29.152580000	78848
29.152585000	80256
29.152622000	67584
29.152625000	68992
29.152698000	70400
29.152702000	71808
29.152750000	73216
29.152753000	74624
29.152809000	76032
29.152813000	77440
29.152861000	78848
29.152865000	80256
29.152916000	81664
29.160525000	80256
29.160531000	81664
29.167540000	78848
29.167546000	80256
29.167701000	56320
29.167705000	57728
29.167751000	59136
29.167754000	60544
29.167852000	61952
29.167858000	63360
29.167948000	64768
29.167954000	66176
29.167980000	67584
29.167984000	68992
29.168034000	70400
29.168037000	71808
29.168086000	73216
29.168089000	74624
29.168139000	76032
29.168142000	77440
29.168191000	78848
29.168194000	80256
29.168246000	81664
29.168250000	83072
29.179533000	81664
29.179540000	83072
29.179575000	78848
29.179579000	80256
29.179670000	81664
29.179676000	83072
29.199483000	81664
29.199489000	83072
29.199518000	76032
29.199521000	77440
29.199616000	78848
29.199622000	80256
29.199704000	81664
29.199709000	83072
29.199791000	84480
29.206454000	83072
29.206461000	84480
29.206504000	74624
29.206507000	76032
29.206588000	74624
29.206591000	76032
29.206636000	74624
29.206639000	76032
29.206689000	77440
29.206692000	78848
29.206742000	80256
29.206745000	81664
29.206794000	83072
29.206797000	84480
29.214516000	83072
29.214521000	84480
29.221593000	83072
29.221598000	84480
29.221738000	77440
29.221742000	78848
29.221789000	80256
29.221793000	81664
29.221888000	83072
29.221894000	84480
29.221975000	85888
29.239504000	84480
29.239509000	85888
29.239554000	84480
29.239557000	85888
29.239662000	84480
29.239667000	85888
29.239699000	84480
29.239702000	85888
29.246455000	83072
29.246460000	84480
29.246533000	83072
29.246536000	84480
29.254468000	66176
29.254472000	67584
29.254512000	68992
29.254515000	70400
29.254608000	71808
29.254613000	73216
29.254696000	74624
29.254701000	76032
29.254783000	77440
29.254788000	78848
29.254870000	80256
29.254876000	81664
29.254962000	83072
29.254968000	84480
29.255003000	85888
29.255006000	87296
29.261594000	85888
29.261600000	87296
29.261628000	80256
29.261631000	81664
29.261680000	83072
29.261682000	84480
29.261735000	85888
29.261738000	87296
29.261785000	88704
29.269543000	87296
29.269548000	88704
29.276520000	87296
29.276525000	88704
29.276694000	67584
29.276698000	68992
29.276746000	70400
29.276749000	71808
29.276798000	73216
29.276801000	74624
29.276852000	76032
29.276855000	77440
29.276906000	78848
29.276909000	80256
29.276971000	81664
29.276975000	83072
29.277021000	84480
29.277025000	85888
29.277123000	87296
29.277130000	88704
29.277166000	90112
29.299507000	88704
29.299513000	90112
29.299551000	83072
29.299554000	84480
29.299592000	85888
29.299595000	87296
29.299644000	88704
29.299647000	90112
29.306505000	88704
29.306511000	90112
29.306556000	71808
29.306559000	73216
29.306606000	74624
29.306609000	76032
29.306658000	77440
29.306661000	78848
29.306710000	80256
29.306713000	81664
29.306763000	83072
29.306766000	84480
29.306816000	85888
29.306818000	87296
29.306868000	88704
29.306871000	90112
29.306921000	91520
29.313511000	90112
29.313516000	91520
29.313548000	90112
29.313552000	91520
29.328489000	90112
29.328494000	91520
29.328769000	76032
29.328774000	77440
29.328802000	78848
29.328805000	80256
29.328856000	81664
29.328859000	83072
29.328910000	84480
29.328913000	85888
29.328984000	87296
29.328988000	88704
29.329077000	90112
29.329083000	91520
29.329165000	92928
29.329664000	91520
29.329667000	92928
29.339529000	91520
29.339534000	92928
29.339571000	88704
29.339581000	90112
29.339623000	91520
29.339627000	92928
29.346665000	91520
29.346670000	92928
29.355584000	91520
29.355589000	92928
29.362511000	91520
29.362516000	92928
29.362548000	83072
29.362551000	84480
29.362647000	85888
29.362653000	87296
29.362740000	88704
29.362746000	90112
29.362832000	91520
29.362837000	92928
29.362919000	94336
29.363731000	92928
29.363735000	94336
29.372388000	92928
29.372393000	94336
29.379538000	92928
29.379544000	94336
29.379572000	92928
29.379575000	94336
29.387571000	92928
29.387576000	94336
29.394499000	92928
29.394504000	94336
29.394544000	81664
29.394547000	83072
29.394594000	84480
29.394597000	85888
29.394647000	87296
29.394649000	88704
29.394699000	90112
29.394702000	91520
29.394752000	92928
29.394754000	94336
29.394804000	95744
29.402415000	94219
