4.066040000	1
4.066045000	1
4.066061000	1
4.066142000	1
4.066151000	1
4.066158000	1
4.066161000	1
4.066301000	1
4.066310000	1
4.066351000	1
4.066354000	1
4.066403000	1
4.066406000	1
4.066410000	1
4.066412000	1
4.066416000	1
4.066418000	1
4.066455000	1
4.066507000	1
4.066560000	1
4.068004000	1
4.068019000	1
4.068022000	1
4.068026000	1
4.068028000	1
4.071005000	1
4.071015000	1
4.071024000	1
4.071027000	1
4.071034000	1
4.071056000	1
4.071109000	1
4.071113000	1
4.071160000	1
4.071212000	1
4.071221000	1
4.071224000	1
4.071230000	1
4.071265000	1
4.071318000	1
4.071369000	1
4.071378000	1
4.071381000	1
4.071422000	1
4.071428000	1
4.071475000	1
4.071479000	1
4.071527000	1
4.071579000	1
4.071586000	1
4.071588000	1
4.072958000	1
4.072968000	1
4.076004000	1
4.076014000	1
4.076091000	1
4.076101000	1
4.076110000	1
4.076112000	1
4.077897000	1
4.077908000	1
4.077948000	1
4.077999000	1
4.081057000	1
4.081069000	1
4.081078000	1
4.081081000	1
4.081086000	1
4.081160000	1
4.081165000	1
4.081213000	1
4.081218000	1
4.081267000	1
4.081271000	1
4.081319000	1
4.081324000	1
4.081327000	1
4.081331000	1
4.081381000	1
4.081388000	1
4.081478000	1
4.081483000	1
4.081532000	1
4.081536000	1
4.081539000	1
4.081544000	1
4.081584000	1
4.082887000	1
4.082895000	1
4.085928000	1
4.086013000	1
4.086031000	1
4.086035000	1
4.086040000	1
4.086095000	1
4.086112000	1
4.086116000	1
4.086122000	1
4.086260000	1
4.086278000	1
4.086282000	1
4.086286000	1
4.086290000	1
4.086293000	1
4.086296000	1
4.086318000	1
4.086414000	1
4.086427000	1
4.087871000	1
4.087881000	1
4.091008000	1
4.091064000	1
4.091074000	1
4.091080000	1
4.091118000	1
4.091125000	1
4.091173000	1
4.091182000	1
4.091229000	1
4.091238000	1
4.091287000	1
4.091296000	1
4.091302000	1
4.091307000	1
4.091394000	1
4.091404000	1
4.091410000	1
4.091415000	1
4.091447000	1
4.091453000	1
4.091501000	1
4.091508000	1
4.091555000	1
4.091561000	1
4.091626000	1
4.091633000	1
4.091968000	1
4.091977000	1
4.092020000	1
4.092025000	1
4.092073000	1
4.092911000	1
4.092915000	1
4.096026000	1
4.096040000	1
4.096044000	1
4.096049000	1
4.096101000	1
4.096109000	1
4.096182000	1
4.096190000	1
4.096194000	1
4.096198000	1
4.096260000	1
4.096268000	1
4.096313000	1
4.096317000	1
4.096365000	1
4.096370000	1
4.096419000	1
4.096424000	1
4.096473000	1
4.096477000	1
4.096527000	1
4.096531000	1
4.096580000	1
4.096585000	1
4.096633000	1
4.096638000	1
4.096687000	1
4.096692000	1
4.097893000	1
4.097946000	1
4.109010000	1
4.109030000	1
4.109035000	1
4.109039000	1
4.109044000	1
4.109048000	1
4.109110000	1
4.109115000	1
4.109163000	1
4.109168000	1
4.109217000	1
4.109222000	1
4.109270000	1
4.109323000	1
4.109450000	1
4.109457000	1
4.109461000	1
4.109466000	1
4.109556000	1
4.109565000	1
4.109570000	1
4.109574000	1
4.109578000	1
4.109612000	1
4.109662000	1
4.109667000	1
4.109716000	1
4.109721000	1
4.109769000	1
4.109830000	1
4.109877000	1
4.109882000	1
4.109887000	1
4.109929000	1
4.109983000	1
4.109988000	1
4.109993000	1
4.109997000	1
4.110090000	1
4.110099000	1
4.110104000	1
4.110109000	1
4.110145000	1
4.110199000	1
4.110252000	1
4.110257000	1
4.110262000	1
4.110268000	1
4.110305000	1
4.112089000	1
4.112103000	1
4.112108000	1
4.112140000	1
4.112193000	1
4.112198000	1
4.112301000	1
4.112306000	1
4.112312000	1
4.112921000	1
4.112926000	1
4.115964000	1
4.115980000	1
4.115987000	1
4.115992000	1
4.115997000	1
4.116118000	1
4.116128000	1
4.116134000	1
4.116139000	1
4.117940000	1
4.120957000	1
4.120974000	1
4.120981000	1
4.120987000	1
4.121041000	1
4.122958000	1
4.122977000	1
4.125987000	1
4.126005000	1
4.126012000	1
4.126017000	1
4.126101000	1
4.126118000	1
4.126125000	1
4.126130000	1
4.126198000	1
4.127880000	1
4.139015000	1
4.139042000	1
4.139052000	1
4.139144000	1
4.139156000	1
4.139164000	1
4.139173000	1
4.139181000	1
4.139189000	1
4.139256000	1
4.139267000	1
4.139275000	1
4.139283000	1
4.139362000	1
4.139415000	1
4.139478000	1
4.139489000	1
4.139497000	1
4.139504000	1
4.139584000	1
4.139596000	1
4.139604000	1
4.139622000	1
4.139632000	1
4.139743000	1
4.139755000	1
4.139800000	1
4.139811000	1
4.139853000	1
4.139863000	1
4.139871000	1
4.139878000	1
4.139905000	1
4.139959000	1
4.139983000	1
4.139992000	1
4.140000000	1
4.140012000	1
4.140066000	1
4.140079000	1
4.140087000	1
4.140119000	1
4.140133000	1
4.140193000	1
4.140219000	1
4.140230000	1
4.140304000	1
4.140326000	1
4.140338000	1
4.140348000	1
4.140418000	1
4.140440000	1
4.140449000	1
4.140525000	1
4.140537000	1
4.140547000	1
4.141062000	1
4.141076000	1
4.141117000	1
4.141129000	1
4.141138000	1
4.141170000	1
4.141181000	1
4.141190000	1
4.141278000	1
4.141290000	1
4.141299000	1
4.141308000	1
4.141386000	1
4.141399000	1
4.141409000	1
4.141423000	1
4.141442000	1
4.141496000	1
4.141557000	1
4.141569000	1
4.141579000	1
4.141714000	1
4.141719000	1
4.141723000	1
4.141726000	1
4.141729000	1
4.141745000	1
4.141752000	1
4.141791000	1
4.141800000	1
4.142924000	1
4.146027000	1
4.146052000	1
4.146084000	1
4.146098000	1
4.146139000	1
4.146154000	1
