0.353171000	1
0.355944000	1
0.355967000	1
0.356246000	1
0.356273000	1
0.356277000	1
0.356284000	1
0.356287000	1
0.356294000	1
0.356297000	1
0.357081000	1
0.357098000	1
0.357113000	1
0.357117000	1
0.357199000	1
0.357220000	1
0.357240000	1
0.357246000	1
0.357256000	1
0.357262000	1
0.357272000	1
0.357277000	1
0.357353000	1
0.357362000	1
0.357374000	1
0.357379000	1
0.357470000	1
0.357481000	1
0.357497000	1
0.357503000	1
0.357514000	1
0.357521000	1
0.357530000	1
0.357538000	1
0.357557000	1
0.357999000	1
0.358021000	1
0.361065000	1
0.361085000	1
0.361090000	1
0.361097000	1
0.361101000	1
0.361108000	1
0.361112000	1
0.361119000	1
0.363018000	1
0.363048000	1
0.365979000	1
0.366040000	1
0.366050000	1
0.366059000	1
0.366063000	1
0.366140000	1
0.366159000	1
0.366174000	1
0.366179000	1
0.366187000	1
0.366191000	1
0.366206000	1
0.366211000	1
0.366299000	1
0.366319000	1
0.366335000	1
0.366340000	1
0.366920000	1
0.366940000	1
0.366956000	1
0.366961000	1
0.366970000	1
0.366975000	1
0.367067000	1
0.367141000	1
0.368652000	1
0.372268000	1
0.372307000	1
0.372316000	1
0.372329000	1
0.372337000	1
0.372349000	1
0.372357000	1
0.372368000	1
0.372376000	1
0.372387000	1
0.372395000	1
0.372403000	1
0.372423000	1
0.372442000	1
0.372726000	1
0.372750000	1
0.372759000	1
0.372772000	1
0.372780000	1
0.372792000	1
0.372800000	1
0.372813000	1
0.372821000	1
0.372834000	1
0.372843000	1
0.372851000	1
0.372858000	1
0.373013000	1
0.373027000	1
0.376003000	1
0.376025000	1
0.376044000	1
0.376050000	1
0.376120000	1
0.376127000	1
0.376149000	1
0.376159000	1
0.376173000	1
0.376182000	1
0.376195000	1
0.376202000	1
0.376270000	1
0.376278000	1
0.376288000	1
0.376326000	1
0.376378000	1
0.376385000	1
0.376432000	1
0.376900000	1
0.376910000	1
0.377009000	1
0.377019000	1
0.377934000	1
0.382956000	1
0.382983000	1
0.385922000	1
0.385981000	1
0.386003000	1
0.386011000	1
0.386021000	1
0.386029000	1
0.386097000	1
0.386107000	1
0.386121000	1
0.386937000	1
0.387054000	1
0.387066000	1
0.387105000	1
0.387894000	1
0.392999000	1
0.393024000	1
0.395973000	1
0.395997000	1
0.396017000	1
0.396025000	1
0.396095000	1
0.396106000	1
0.396149000	1
0.396162000	1
0.396174000	1
0.396182000	1
0.397011000	1
0.397103000	1
0.397139000	1
0.397149000	1
0.397959000	1
0.397984000	1
0.401039000	1
0.401066000	1
0.401086000	1
0.401095000	1
0.401106000	1
0.401114000	1
0.401224000	1
0.401250000	1
0.401270000	1
0.401279000	1
0.401291000	1
0.401299000	1
0.401310000	1
0.401318000	1
0.401329000	1
0.401337000	1
0.401441000	1
0.401467000	1
0.401487000	1
0.401498000	1
0.401510000	1
0.401519000	1
0.401530000	1
0.401554000	1
0.401636000	1
0.403006000	1
0.406025000	1
0.406053000	1
0.406074000	1
0.406103000	1
0.406961000	1
0.406989000	1
0.407010000	1
0.407020000	1
0.407926000	1
0.407953000	1
0.411870000	1
0.411900000	1
0.411922000	1
0.411932000	1
0.411951000	1
0.411961000	1
0.412006000	1
0.412017000	1
0.412031000	1
0.412041000	1
0.412060000	1
0.412070000	1
0.412081000	1
0.412091000	1
0.412103000	1
0.412112000	1
0.412125000	1
0.412144000	1
0.412159000	1
0.412168000	1
0.412178000	1
0.412411000	1
0.412450000	1
0.412463000	1
0.412473000	1
0.412482000	1
0.412491000	1
0.412500000	1
0.412510000	1
0.412519000	1
0.412528000	1
0.412537000	1
0.412547000	1
0.412556000	1
0.412566000	1
0.412583000	1
0.412594000	1
0.412604000	1
0.412613000	1
0.412639000	1
0.412653000	1
0.416027000	1
0.416085000	1
0.416099000	1
0.416110000	1
0.416120000	1
0.416130000	1
0.416219000	1
0.416240000	1
0.416252000	1
0.416263000	1
0.416273000	1
0.416284000	1
0.416396000	1
0.416427000	1
0.416440000	1
0.416450000	1
0.416477000	1
0.416491000	1
0.417033000	1
0.417065000	1
0.417078000	1
0.417088000	1
0.417106000	1
0.417118000	1
0.417203000	1
0.417235000	1
0.417248000	1
0.417910000	1
0.417942000	1
0.420972000	1
0.421005000	1
0.421019000	1
0.421030000	1
0.421141000	1
0.421173000	1
0.421186000	1
0.421198000	1
0.421209000	1
0.421221000	1
0.421232000	1
0.421243000	1
0.421254000	1
0.421265000	1
0.421376000	1
0.421935000	1
0.421968000	1
0.421982000	1
0.421994000	1
0.422006000	1
0.422017000	1
0.422919000	1
0.433992000	1
0.434029000	1
0.434044000	1
0.434056000	1
0.434068000	1
0.434079000	1
0.434091000	1
0.434103000	1
0.434175000	1
0.434191000	1
0.434204000	1
0.434216000	1
0.434289000	1
0.434309000	1
0.434322000	1
0.434334000	1
0.434346000	1
0.434358000	1
0.434429000	1
0.434447000	1
0.434460000	1
0.434472000	1
0.434490000	1
0.434503000	1
0.434542000	1
0.434557000	1
0.434596000	1
0.434613000	1
0.434650000	1
0.434666000	1
0.434703000	1
0.434720000	1
0.434837000	1
0.434853000	1
0.434867000	1
0.434880000	1
0.434898000	1
0.434911000	1
0.434924000	1
0.434937000	1
0.434949000	1
0.434963000	1
0.435034000	1
0.435054000	1
0.435068000	1
0.435081000	1
0.435095000	1
0.435108000	1
0.435178000	1
0.435195000	1
0.435812000	1
0.435959000	1
0.436011000	1
0.436029000	1
0.436065000	1
0.436080000	1
0.436118000	1
0.436146000	1
0.436168000	1
0.436189000	1
0.436244000	1
0.436304000	1
0.436322000	1
0.436335000	1
0.436348000	1
0.436361000	1
0.436374000	1
0.436427000	1
0.436447000	1
0.436460000	1
0.436473000	1
0.436544000	1
0.437409000	1
0.437419000	1
0.437450000	1
0.441144000	1
0.441158000	1
0.441170000	1
0.441178000	1
0.441187000	1
0.441194000	1
0.441202000	1
0.450947000	1
0.450991000	1
0.451014000	1
0.451026000	1
0.451039000	1
0.451108000	1
0.451501000	1
0.451539000	1
0.451680000	1
0.451718000	1
0.451732000	1
0.451744000	1
0.451754000	1
0.451763000	1
0.451774000	1
0.451786000	1
0.451795000	1
0.451804000	1
0.451812000	1
0.451883000	1
0.451897000	1
0.451910000	1
0.451925000	1
0.451937000	1
0.451949000	1
0.451959000	1
0.451968000	1
0.451977000	1
0.451986000	1
0.451996000	1
0.452005000	1
0.452998000	1
0.456009000	1
0.456042000	1
0.456057000	1
0.456070000	1
0.456083000	1
0.456096000	1
0.456171000	1
0.456187000	1
0.456224000	1
0.456239000	1
0.456278000	1
0.456292000	1
0.456305000	1
0.456318000	1
0.456331000	1
0.456350000	1
0.456403000	1
0.456457000	1
0.456471000	1
0.456485000	1
0.456498000	1
0.456511000	1
0.456583000	1
0.456601000	1
0.456615000	1
0.456629000	1
0.456645000	1
0.456659000	1
0.456731000	1
0.456746000	1
0.456760000	1
0.456916000	1
0.456930000	1
0.457059000	1
0.457120000	1
0.457133000	1
0.480970000	1
0.480987000	1
0.481000000	1
0.481009000	1
0.481093000	1
0.482909000	1
0.485043000	1
0.485075000	1
0.485082000	1
0.485091000	1
0.485096000	1
0.487890000	1
0.490927000	1
0.490961000	1
0.492954000	1
0.492987000	1
0.494946000	1
0.817949000	1
0.822062000	1
0.822087000	1
0.822092000	1
0.822200000	1
0.822217000	1
0.822231000	1
0.822235000	1
0.822242000	1
0.822245000	1
0.822256000	1
0.822263000	1
0.822350000	1
0.822367000	1
0.822381000	1
0.822385000	1
0.822399000	1
0.822402000	1
0.822492000	1
0.826993000	1
0.827051000	1
0.827126000	1
0.835986000	1
0.836034000	1
0.836049000	1
0.836089000	1
0.836096000	1
0.836100000	1
0.836107000	1
0.836202000	1
0.836212000	1
0.836216000	1
0.836223000	1
0.836340000	1
0.836349000	1
0.836642000	1
0.837851000	1
0.837905000	1
0.841186000	1
0.841270000	1
0.841299000	1
0.841304000	1
0.841407000	1
0.841485000	1
0.851370000	1
0.851390000	1
0.851406000	1
0.851411000	1
0.851418000	1
0.851422000	1
0.852919000	1
0.856009000	1
0.856027000	1
0.856116000	1
0.856148000	1
0.861299000	1
0.861328000	1
0.861333000	1
0.861507000	1
0.861561000	1
0.861615000	1
0.892916000	1
0.896011000	1
0.896374000	1
0.896405000	1
0.896412000	1
0.896420000	1
0.896425000	1
0.896430000	1
0.896435000	1
0.896440000	1
0.896445000	1
0.896554000	1
0.896585000	1
0.896594000	1
0.896600000	1
0.896605000	1
0.896610000	1
0.896615000	1
0.897061000	1
0.897096000	1
0.897103000	1
0.897108000	1
0.897173000	1
0.897278000	1
0.897287000	1
0.897332000	1
0.897339000	1
0.897345000	1
0.897385000	1
0.897435000	1
0.897449000	1
0.897457000	1
0.897464000	1
0.897555000	1
0.897565000	1
0.897573000	1
0.897578000	1
0.897582000	1
0.898988000	1
0.899007000	1
0.899058000	1
0.899110000	1
0.899119000	1
0.899151000	1
0.899156000	1
0.899161000	1
0.901299000	1
0.901332000	1
0.901343000	1
0.902013000	1
0.902035000	1
0.902043000	1
0.914212000	1
1.466311000	1
1.467987000	1
1.472920000	1
1.475921000	1
1.475928000	1
1.475935000	1
1.475974000	1
1.477950000	1
1.481071000	1
1.481124000	1
1.481177000	1
1.481282000	1
1.481285000	1
1.481290000	1
1.481387000	1
1.481440000	1
1.481498000	1
1.491955000	1
1.492027000	1
1.492139000	1
1.492142000	1
1.492146000	1
1.492148000	1
1.492191000	1
1.492194000	1
1.492198000	1
1.492200000	1
1.492244000	1
1.492246000	1
1.492250000	1
1.492252000	1
1.492256000	1
1.492258000	1
1.492297000	1
1.492300000	1
1.492304000	1
1.499020000	1
1.503034000	1
1.507241000	1
1.507274000	1
1.507277000	1
1.507282000	1
1.507970000	1
1.509906000	1
1.509917000	1
1.509956000	1
1.509960000	1
1.510009000	1
1.517871000	1
1.517894000	1
1.520973000	1
1.520988000	1
1.520991000	1
1.521108000	1
1.521134000	1
1.521137000	1
2.041870000	1
2.066534000	1
2.066564000	1
2.066569000	1
2.066577000	1
2.075911000	1
2.075923000	1
2.075964000	1
2.075971000	1
2.076018000	1
2.076025000	1
2.076073000	1
2.076079000	1
2.076127000	1
2.076144000	1
2.076150000	1
2.076160000	1
2.076218000	1
2.076227000	1
2.076260000	1
2.076267000	1
2.076368000	1
2.076375000	1
2.076378000	1
2.076384000	1
2.076422000	1
2.076429000	1
2.076476000	1
2.076483000	1
2.076532000	1
2.076544000	1
2.076587000	1
2.076598000	1
2.076643000	1
2.087006000	1
2.087065000	1
3.461204000	1
3.461209000	1
3.461219000	1
3.461224000	1
3.461330000	1
3.461346000	1
3.461361000	1
3.461364000	1
3.461372000	1
3.461375000	1
3.461479000	1
3.462892000	1
3.462946000	1
3.465935000	1
3.465963000	1
3.465968000	1
3.466077000	1
3.466094000	1
3.466108000	1
3.466112000	1
3.466127000	1
3.466130000	1
3.466137000	1
3.466140000	1
3.466224000	1
3.466241000	1
3.466256000	1
3.466260000	1
3.466367000	1
3.466385000	1
3.466399000	1
3.466403000	1
3.466410000	1
3.466414000	1
3.467880000	1
3.467903000	1
3.470993000	1
3.471005000	1
3.471046000	1
3.486271000	1
3.507902000	1
3.512899000	1
3.935968000	1
3.935995000	1
3.936103000	1
3.936151000	1
3.940999000	1
3.941041000	1
3.941202000	1
3.941210000	1
3.941372000	1
3.941414000	1
3.976001000	1
3.976012000	1
3.994025000	1
3.994197000	1
3.994202000	1
3.994209000	1
3.994213000	1
3.994220000	1
3.994550000	1
3.994565000	1
3.994579000	1
3.994697000	1
3.994716000	1
3.994727000	1
3.994795000	1
3.994807000	1
3.994850000	1
3.994855000	1
4.781075000	1
4.825932000	1
4.825941000	1
4.826190000	1
4.826300000	1
4.826326000	1
4.826344000	1
4.830971000	1
4.830975000	1
4.831005000	1
4.831009000	1
4.831049000	1
4.831054000	1
4.836074000	1
4.836080000	1
4.836127000	1
4.836131000	1
4.836152000	1
4.836158000	1
4.836185000	1
4.836192000	1
4.836282000	1
4.836299000	1
4.836314000	1
4.836318000	1
4.836418000	1
4.836439000	1
4.868006000	1
6.039992000	1
6.042871000	1
6.042900000	1
6.046129000	1
6.046157000	1
6.046246000	1
6.046255000	1
6.046388000	1
6.046660000	1
6.046673000	1
6.046684000	1
6.046777000	1
6.083502000	1
6.083526000	1
6.091055000	1
6.091063000	1
6.092945000	1
6.092995000	1
6.096157000	1
6.096188000	1
6.096220000	1
6.096298000	1
6.096968000	1
6.097103000	1
6.097206000	1
6.097225000	1
6.097239000	1
6.097243000	1
6.097251000	1
6.097255000	1
6.097259000	1
6.097262000	1
6.097365000	1
6.097926000	1
6.097946000	1
7.201035000	1
7.201059000	1
7.201167000	1
7.201196000	1
7.210946000	1
7.211093000	1
7.211099000	1
7.215935000	1
7.215991000	1
7.220924000	1
7.220932000	1
7.221194000	1
7.221311000	1
7.221615000	1
7.221720000	1
7.221748000	1
7.222889000	1
7.234084000	1
7.326363000	1
7.326385000	1
7.326489000	1
7.326560000	1
7.326565000	1
7.326574000	1
7.326578000	1
7.326582000	1
7.326585000	1
7.327101000	1
7.327121000	1
8.241283000	1
8.266101000	1
8.266133000	1
8.266138000	1
8.266147000	1
8.266158000	1
8.266165000	1
8.266251000	1
8.266277000	1
8.266282000	1
8.266289000	1
8.266391000	1
8.266419000	1
8.267952000	1
8.267980000	1
8.271234000	1
8.271412000	1
8.271431000	1
8.271445000	1
8.287982000	1
8.292964000	1
8.292983000	1
8.293066000	1
8.293094000	1
8.844995000	1
8.847915000	1
8.861042000	1
8.861060000	1
8.861312000	1
8.863171000	1
8.877918000	1
8.882917000	1
8.882946000	1
8.883991000	1
8.884019000	1
8.884025000	1
8.884033000	1
8.884036000	1
8.885905000	1
8.885923000	1
8.885953000	1
8.885958000	1
8.886006000	1
8.886010000	1
8.886058000	1
8.887892000	1
11.996117000	1
11.996512000	1
11.996563000	1
11.996573000	1
11.996577000	1
11.996582000	1
11.996590000	1
11.996594000	1
11.996597000	1
11.996600000	1
11.996603000	1
11.996606000	1
11.996611000	1
11.996628000	1
11.996708000	1
11.996720000	1
11.996724000	1
11.996728000	1
11.997007000	1
11.997038000	1
11.997043000	1
11.997047000	1
11.997051000	1
11.997054000	1
11.997058000	1
11.997062000	1
11.998188000	1
12.001029000	1
12.001043000	1
12.001054000	1
12.001060000	1
12.001137000	1
12.001172000	1
12.001183000	1
12.001189000	1
12.001441000	1
12.001449000	1
12.026383000	1
12.026439000	1
12.026711000	1
12.026766000	1
12.030969000	1
12.030984000	1
12.061958000	1
12.061978000	1
12.062210000	1
12.063007000	1
12.063890000	1
12.067133000	1
12.067158000	1
12.067166000	1
12.067177000	1
12.067183000	1
12.067190000	1
12.067196000	1
12.067203000	1
12.067209000	1
12.067281000	1
12.067298000	1
12.067338000	1
12.067354000	1
12.067365000	1
12.067483000	1
12.070989000	1
12.071108000	1
12.071299000	1
12.071340000	1
12.071471000	1
12.071513000	1
12.071981000	1
12.080983000	1
12.081005000	1
12.081038000	1
12.081048000	1
12.081064000	1
12.081320000	1
12.081632000	1
12.081647000	1
12.083907000	1
12.126126000	1
12.126153000	1
12.126162000	1
12.126420000	1
12.126441000	1
12.126451000	1
12.126457000	1
12.126463000	1
12.126468000	1
12.126474000	1
12.126479000	1
12.126485000	1
12.126508000	1
12.126518000	1
12.126551000	1
12.126562000	1
12.126604000	1
12.126614000	1
12.126708000	1
12.126720000	1
12.126729000	1
12.126735000	1
12.126741000	1
12.126747000	1
12.126815000	1
12.126829000	1
12.127889000	1
12.130975000	1
12.131058000	1
12.131169000	1
15.221320000	1
15.221324000	1
15.225031000	1
15.225045000	1
15.225145000	1
15.225152000	1
15.225333000	1
15.225343000	1
15.225387000	1
15.225394000	1
15.225493000	1
15.225502000	1
15.225505000	1
15.225510000	1
15.225600000	1
15.225608000	1
15.225611000	1
15.225615000	1
15.225885000	1
15.232206000	1
15.236882000	1
15.236899000	1
15.237956000	1
15.238058000	1
15.238111000	1
15.238115000	1
15.244970000	1
15.244986000	1
15.244988000	1
15.244994000	1
15.245052000	1
15.245067000	1
15.245132000	1
15.245147000	1
15.245160000	1
15.245246000	1
15.245301000	1
15.245317000	1
15.245350000	1
15.245356000	1
15.246864000	1
15.246874000	1
15.249949000	1
15.249996000	1
15.256954000	1
15.261948000	1
15.265030000	1
15.265039000	1
15.265407000	1
15.265433000	1
15.270347000	1
15.270357000	1
15.270372000	1
15.270380000	1
15.270618000	1
15.271046000	1
15.271077000	1
15.271086000	1
15.271120000	1
15.271233000	1
15.271253000	1
15.271256000	1
15.271260000	1
15.271264000	1
15.271267000	1
15.276951000	1
15.303278000	1
15.303298000	1
15.303306000	1
15.303311000	1
15.303444000	1
15.303474000	1
