6.386993000	1
6.387088000	1
6.387139000	1
6.388997000	1
6.389014000	1
6.389109000	1
6.389115000	1
6.391939000	1
6.391956000	1
6.393917000	1
6.393939000	1
6.397077000	1
6.397095000	1
6.397109000	1
6.397112000	1
6.397220000	1
6.397237000	1
6.397252000	1
6.397256000	1
6.397263000	1
6.397273000	1
6.397366000	1
6.397384000	1
6.397399000	1
6.397403000	1
6.397411000	1
6.397422000	1
6.397430000	1
6.397515000	1
6.397543000	1
6.397548000	1
6.397555000	1
6.397661000	1
6.397690000	1
6.397695000	1
6.397702000	1
6.397707000	1
6.397813000	1
6.397830000	1
6.397845000	1
6.397850000	1
6.397858000	1
6.397862000	1
6.397869000	1
6.397933000	1
6.397940000	1
6.398041000	1
6.398048000	1
6.398052000	1
6.398056000	1
6.398957000	1
6.398962000	1
6.399012000	1
6.399016000	1
6.401988000	1
6.401998000	1
6.402004000	1
6.402045000	1
6.402102000	1
6.402112000	1
6.402119000	1
6.403967000	1
6.409024000	1
6.409043000	1
6.409049000	1
6.409053000	1
6.412109000	1
6.412129000	1
6.412205000	1
6.412224000	1
6.412229000	1
6.412234000	1
6.412257000	1
6.412263000	1
6.412350000	1
6.412370000	1
6.412376000	1
6.412380000	1
6.412385000	1
6.412390000	1
6.412455000	1
6.412460000	1
6.412533000	1
6.412541000	1
6.412586000	1
6.412591000	1
6.412597000	1
6.412602000	1
6.412695000	1
6.412707000	1
6.412746000	1
6.412753000	1
6.413951000	1
6.413964000	1
6.416955000	1
6.416973000	1
6.417010000	1
6.417020000	1
6.417067000	1
6.417080000	1
6.417088000	1
6.417093000	1
6.417167000	1
6.417189000	1
6.417195000	1
6.417201000	1
6.417311000	1
6.419052000	1
6.419074000	1
6.419081000	1
6.419086000	1
6.423581000	1
6.423660000	1
6.423672000	1
6.423736000	1
6.423746000	1
6.423752000	1
6.423757000	1
6.423788000	1
6.423794000	1
6.423842000	1
6.423848000	1
6.423951000	1
6.423957000	1
6.423963000	1
6.423969000	1
6.424036000	1
6.424048000	1
6.424083000	1
6.424089000	1
6.424136000	1
6.424155000	1
6.424163000	1
6.424170000	1
6.424191000	1
6.424244000	1
6.424251000	1
6.424257000	1
6.424353000	1
6.424360000	1
6.424366000	1
6.424373000	1
6.424408000	1
6.424415000	1
6.424463000	1
6.424469000	1
6.424517000	1
6.424532000	1
6.427051000	1
6.427102000	1
6.427109000	1
6.427156000	1
6.427163000	1
6.427170000	1
6.427210000	1
6.428950000	1
6.429036000	1
6.429060000	1
6.429068000	1
6.433940000	1
6.437735000	1
6.437760000	1
6.437787000	1
6.437796000	1
6.437804000	1
6.437811000	1
6.437818000	1
6.437825000	1
6.437832000	1
6.437838000	1
6.437845000	1
6.437853000	1
6.437958000	1
6.437983000	1
6.437994000	1
6.438002000	1
6.438009000	1
6.438017000	1
6.438025000	1
6.438032000	1
6.438040000	1
6.438047000	1
6.438055000	1
6.438062000	1
6.438070000	1
6.438077000	1
6.438085000	1
6.438094000	1
6.438104000	1
6.438112000	1
6.438119000	1
6.438127000	1
6.438135000	1
6.438142000	1
6.438242000	1
6.438268000	1
6.438278000	1
6.438287000	1
6.438295000	1
6.438303000	1
6.438311000	1
6.438348000	1
6.439026000	1
6.439053000	1
6.439064000	1
6.439073000	1
6.442061000	1
6.442089000	1
6.442100000	1
6.442110000	1
6.442125000	1
6.442135000	1
6.442219000	1
6.442246000	1
6.442256000	1
6.442265000	1
6.442377000	1
6.442404000	1
6.442440000	1
6.442452000	1
6.442461000	1
6.442471000	1
6.442485000	1
6.442496000	1
6.442505000	1
6.442514000	1
6.442532000	1
6.442622000	1
6.442650000	1
6.442661000	1
6.442671000	1
6.442834000	1
6.442852000	1
6.442861000	1
6.442870000	1
6.442895000	1
6.442907000	1
6.442916000	1
6.444907000	1
6.447025000	1
6.447037000	1
6.447080000	1
6.447090000	1
6.447135000	1
6.447145000	1
6.447189000	1
6.447223000	1
6.447236000	1
6.447254000	1
6.447303000	1
6.447358000	1
6.447368000	1
6.447377000	1
6.447386000	1
6.447467000	1
6.447477000	1
6.447486000	1
6.447495000	1
6.447521000	1
6.447531000	1
6.447575000	1
6.459054000	1
6.460960000	1
6.460991000	1
6.461003000	1
6.461072000	1
6.461089000	1
6.461136000	1
6.461150000	1
6.461268000	1
6.461298000	1
6.461311000	1
6.461321000	1
6.461351000	1
6.461366000	1
6.461376000	1
6.461388000	1
6.467150000	1
6.467170000	1
6.467202000	1
6.467214000	1
6.467337000	1
6.467357000	1
6.467425000	1
6.467450000	1
6.467485000	1
6.467505000	1
6.467518000	1
6.467529000	1
6.467610000	1
6.467625000	1
6.467636000	1
6.467715000	1
6.467727000	1
6.467739000	1
6.467930000	1
6.467949000	1
6.468953000	1
6.469066000	1
6.469098000	1
6.469112000	1
6.473959000	1
6.477114000	1
6.477147000	1
6.477161000	1
6.477175000	1
6.477188000	1
6.477201000	1
6.477213000	1
6.477226000	1
6.477238000	1
6.477250000	1
6.477262000	1
6.477275000	1
6.477288000	1
6.477300000	1
6.477312000	1
6.477340000	1
6.477355000	1
6.477440000	1
6.477462000	1
6.479007000	1
6.479041000	1
6.479056000	1
6.479070000	1
6.482067000	1
6.482101000	1
6.482117000	1
6.482131000	1
6.482145000	1
6.482158000	1
6.482171000	1
6.482184000	1
6.482198000	1
6.482312000	1
6.482346000	1
6.482363000	1
6.482377000	1
6.482391000	1
6.482404000	1
6.482417000	1
6.482431000	1
6.482444000	1
6.482457000	1
6.482571000	1
6.482605000	1
6.482622000	1
6.482636000	1
6.482663000	1
6.482680000	1
6.482695000	1
6.482709000	1
6.482722000	1
6.482736000	1
6.483070000	1
6.483105000	1
6.483122000	1
6.483137000	1
6.483153000	1
6.483167000	1
6.483180000	1
6.483996000	1
6.487032000	1
6.487067000	1
6.487085000	1
6.487135000	1
6.487151000	1
6.487164000	1
6.487178000	1
6.487191000	1
6.487205000	1
6.487219000	1
6.487233000	1
6.487371000	1
6.489160000	1
6.489174000	1
6.492213000	1
6.492271000	1
6.492291000	1
6.492370000	1
6.492400000	1
6.492412000	1
6.492422000	1
6.492433000	1
6.492444000	1
