9.709136000	1
9.709147000	1
9.709191000	1
9.709202000	1
9.709228000	1
9.709237000	1
9.709246000	1
9.709254000	1
9.709323000	1
9.709333000	1
9.709377000	1
9.709386000	1
9.709393000	1
9.709746000	1
9.709757000	1
9.709799000	1
9.709805000	1
9.709854000	1
9.709859000	1
9.709909000	1
9.709914000	1
9.709963000	1
9.709969000	1
9.709975000	1
9.709980000	1
9.710728000	1
9.713796000	1
9.713820000	1
9.713842000	1
9.713897000	1
9.713908000	1
9.713916000	1
9.713924000	1
9.714006000	1
9.714019000	1
9.714028000	1
9.714037000	1
9.714113000	1
9.714127000	1
9.714137000	1
9.714146000	1
9.714166000	1
9.714198000	1
9.714816000	1
9.714895000	1
9.714909000	1
9.714919000	1
9.714927000	1
9.715002000	1
9.715016000	1
9.715025000	1
9.715034000	1
9.715109000	1
9.715120000	1
9.715130000	1
9.715139000	1
9.715217000	1
9.715248000	1
9.715258000	1
9.715267000	1
9.715277000	1
9.715287000	1
9.715731000	1
9.718819000	1
9.718840000	1
9.718868000	1
9.718875000	1
9.718920000	1
9.718928000	1
9.718974000	1
9.718982000	1
9.718989000	1
9.718997000	1
9.719079000	1
9.719088000	1
9.719133000	1
9.719140000	1
9.719147000	1
9.719154000	1
9.719807000	1
9.719858000	1
9.719869000	1
9.719932000	1
9.719945000	1
9.720038000	1
9.720049000	1
9.720145000	1
9.720158000	1
9.720167000	1
9.720177000	1
9.720209000	1
9.720222000	1
9.720266000	1
9.720281000	1
9.720327000	1
9.720345000	1
9.720356000	1
9.720365000	1
9.720375000	1
9.720385000	1
9.720395000	1
9.720981000	1
9.721009000	1
9.721019000	1
9.721027000	1
9.721035000	1
9.721043000	1
9.721051000	1
9.721059000	1
9.721067000	1
9.721076000	1
9.721084000	1
9.721092000	1
9.721201000	1
9.721230000	1
9.721240000	1
9.721249000	1
9.721258000	1
9.721266000	1
9.721374000	1
9.723980000	1
9.724010000	1
9.724021000	1
9.724029000	1
9.724038000	1
9.724047000	1
9.724056000	1
9.724078000	1
9.724089000	1
9.724099000	1
9.724108000	1
9.724117000	1
9.724126000	1
9.724236000	1
9.724265000	1
9.724929000	1
9.724960000	1
9.724971000	1
9.724981000	1
9.724990000	1
9.724999000	1
9.725008000	1
9.725818000	1
9.725849000	1
9.728822000	1
9.728853000	1
9.728865000	1
9.728875000	1
9.728884000	1
9.728894000	1
9.729006000	1
9.729036000	1
9.729049000	1
9.729060000	1
9.729070000	1
9.729080000	1
9.729875000	1
9.729906000	1
9.729919000	1
9.729929000	1
9.729939000	1
9.729949000	1
9.730059000	1
9.730091000	1
9.730103000	1
9.730287000	1
9.730319000	1
9.730332000	1
9.730343000	1
9.730353000	1
9.730463000	1
9.730495000	1
9.730762000	1
9.730795000	1
9.730808000	1
9.730819000	1
9.730829000	1
9.730840000	1
9.733863000	1
9.733896000	1
9.733909000	1
9.733921000	1
9.733932000	1
9.733942000	1
9.733953000	1
9.734089000	1
9.734122000	1
9.734135000	1
9.734146000	1
9.734158000	1
9.734169000	1
9.734370000	1
9.734391000	1
9.734403000	1
9.734866000	1
9.734901000	1
9.734915000	1
9.734926000	1
9.734938000	1
9.734949000	1
9.734961000	1
9.734972000	1
9.735044000	1
9.735059000	1
9.735099000	1
9.735112000	1
9.735124000	1
9.735135000	1
9.735210000	1
9.735233000	1
9.735255000	1
9.735273000	1
9.735776000	1
9.735810000	1
9.735825000	1
9.738765000	1
9.738805000	1
9.738826000	1
9.738844000	1
