0				    33.496
11				    33.503
23				    33.496
34				    33.503
45				    33.496
57				    33.503
68				    33.496
80				    33.503
91				    28.797
102				    24.811
114				    4.445
125				    4.284
135				    4.445
143				    4.284
152				    4.445
160				    4.284
169				    4.967
177				    4.798
186				    5.847
195				    5.895
204				    3.808
215				    6.211
226				    3.808
238				    6.211
249				    12.016
261				    13.645
273				    8.037
284				    3.722
295				    7.895
306				    3.722
318				    7.895
329				    3.722
341				    1.001
352				    1.985
363				    1.001
374				    1.985
385				    4.898
397				    1.985
408				    1.813
419				    1.233
431				    2.281
442				    1.598
453				    2.281
464				    6.021
475				    2.281
487				    6.021
498				    6.336
509				    6.31
521				    7.713
532				    7.371
544				    12.391
555				    9.57
567				    15.769
579				    18.517
590				    6.092
601				    11.794
612				    6.092
624				    11.794
632				    11.428
640				    13.767
649				    11.428
657				    17.102
665				    21.398
673				    20.468
682				    21.524
690				    23.672
698				    21.524
706				    23.672
714				    24.531
723				    27.035
731				    24.531
739				    30.103
747				    34.567
755				    4.576
764				    34.567
772				    3.787
781				    34.567
790				    6.515
798				    15.83
806				    4.3
814				    15.83
823				    4.3
831				    11.68
839				    9.207
847				    5.945
856				    8.356
864				    5.945
872				    8.356
880				    9.1
889				    13.992
897				    4.123
905				    13.183
913				    5.583
922				    6.084
930				    8.455
938				    8.458
946				    8.493
954				    11.202
962				    9.75
971				    11.202
979				    7.528
987				    10.347
995				    9.785
1004				    10.347
1012				    5.776
1020				    12.452
1029				    6.385
1037				    12.452
1045				    9.139
1054				    13.178
1062				    13.766
1070				    14.186
1078				    3.399
1086				    10.416
1094				    3.978
1102				    6.003
1111				    4.445
1119				    7.475
1127				    4.445
1135				    7.475
1144				    5.04
1152				    6.858
1160				    5.065
1169				    0.537
1177				    5.065
1185				    0.817
1193				    5.065
1202				    1.182
1210				    5.065
1219				    1.182
1227				    9.35
1235				    3.037
1244				    9.35
1252				    3.129
1260				    9.35
1268				    0.37
1276				    9.35
1284				    2.28
1293				    8.912
1301				    6.391
1309				    10.082
1317				    6.391
1325				    5.808
1334				    12.64
1342				    7.268
1350				    12.64
1359				    10.756
1367				    13.761
1375				    9.333
1384				    13.199
1392				    1.756
1400				    14.37
1408				    4.645
1416				    14.37
1425				    6.522
1433				    14.37
1441				    6.522
1450				    19.817
1458				    8.623
1467				    21.942
1475				    8.623
1483				    21.861
1491				    9.294
1500				    21.139
1508				    12.801
1516				    24.274
1524				    13.972
1532				    24.274
1540				    2.242
1548				    12.773
1556				    2.242
1565				    12.773
1573				    5.048
1581				    15.003
1590				    4.12
1598				    14.978
				    4.12
				    16.298
				    7.581
				    19.206
				    8.819
				    19.206
				    9.52
				    17.698
				    9.52
				    17.698
				    10.737
				    24.8
				    15.517
				    24.007
				    15.517
				    24.007
				    19.452
				    23.014
				    20.707
				    21.362
				    20.371
				    21.369
				    20.371
				    22.661
				    20.537
				    24.569
				    21.88
				    24.569
				    13.559
				    20.262
				    13.356
				    20.086
				    14.553
				    20.634
				    14.553
				    20.634
				    8.711
				    20.634
				    8.711
				    20.634
				    8.73
				    22.446
				    8.73
				    22.446
				    8.73
				    22.446
				    19.236
				    31.575
				    19.236
				    29.024
				    19.236
				    29.024
				    28.961
				    27.582
				    18.177
				    15.345
				    17.912
				    15.537
				    10.136
				    9.26
				    10.136
				    9.964
				    9.949
				    12.48
				    9.949
				    11.2
				    4.1
				    2.876
				    4.865
				    2.876
				    6.971
				    8.078
				    9.924
				    9.793
				    9.273
				    0.458
				    9.273
				    0.458
				    9.273
				    5.046
				    9.273
				    5.428
				    13.075
				    1.594
				    13.075
				    2.288
				    13.075
				    3.217
				    13.075
				    4.747
				    13.075
				    6.199
				    5.159
				    4.018
				    4.665
				    4.018
				    5.481
				    3.944
				    5.481
				    3.944
				    7.239
				    3.944
				    1.641
				    3.52
				    3.03
				    3.953
				    3.03
				    3.953
				    2.115
				    4.981
				    2.16
				    4.981
				    2.746
				    3.427
				    5.712
				    4.046
				    5.712
				    4.046
				    6.189
				    4.869
				    3.615
				    7.156
				    3.278
				    7.647
				    2.281
				    7.647
				    3.101
				    7.647
				    2.909
				    7.647
				    3.234
				    5.745
				    3.595
				    5.745
				    2.458
				    1.436
				    2.458
				    1.822
				    2.124
				    5.188
				    2.124
				    5.058
				    2.305
				    4.498
				    2.737
				    4.55
				    1.744
				    3.831
				    1.958
				    3.831
				    0.846
				    1.082
				    0.846
				    1.082
				    1.418
				    3.113
				    1.418
				    3.113
				    0.954
				    7.714
				    0.381
				    7.714
				    0.381
				    7.714
				    2.529
				    6.081
				    2.908
				    6.081
				    5.36
				    3.343
				    5.644
				    3.343
				    5.632
				    3.664
				    2.344
				    3.664
