15408				    2.9	
15419				    2.9	
15431				    2.9	
15442				    3.6	
15453				    5.5	
15465				    5.5	
15476				    5.5	
15487				    6.4	
15498				    7.5
15510				    7.5
15521				    9.0
15532				    9.2
15544				    8.8
15555				    9.1
15566				    8.6
15578				    8.1
15589				    8.6
15601				    9.5
15613				    9.8
15625				    9.7
15634				    9.7
15641				    9.9
15647				    10.2
15654				    10.7
15661				    11.1
15668				    11.5
15675				    11.5
15682				    10.9
15688				    10.8
15695				    10.7
15702				    10.7
15708				    10.4
15715				    10.4
15721				    8.7
15728				    7.3
15735				    8.2
15741				    8.2
15748				    8.2
15754				    9.9
15761				    10.4
15768				    10.9
15774				    11.0
15781				    10.9
15787				    11.9
15794				    11.9
15801				    11.9
15808				    11.9
15814				    11.9
15821				    11.9
15828				    11.9
15835				    11.9
15842				    11.9
15849				    8.2
15856				    6.5
15863				    7.1
15869				    7.1
15876				    7.1
15883				    7.4
15889				    7.4
15896				    7.9
15903				    10.7
15910				    10.7
15917				    11.0
15924				    11.0
15930				    11.5
15937				    13.3
15944				    13.8
15950				    13.4
15957				    13.4
15964				    13.8
15971				    14.1
15977				    14.6
15984				    14.7
15991				    14.3
15997				    14.0
16004				    15.3
16011				    15.2
16017				    15.8
16024				    16.6
16031				    16.3
16038				    16.5
16045				    16.6
16052				    16.8
16058				    16.0
16065				    15.9
16072				    15.9
16078				    15.9
16085				    15.9
16091				    15.9
16098				    15.9
16104				    15.9
16111				    15.9
16118				    15.9
16124				    15.9
16131				    11.8
16138				    8.4
16144				    8.0
16151				    8.0
16157				    8.0
16163				    8.0
16170				    12.1
16177				    13.1
16184				    15.9
16190				    15.2
16197				    15.0
16204				    17.8
16211				    18.1
16217				    18.3
16224				    19.0
16231				    19.1
16237				    20.0
16244				    19.1
16250				    18.7
16257				    18.9
