3257				    41.067
3268				    41.067
3279				    41.067
3290				    38.835
3301				    41.235
3312				    41.235
3323				    40.446
3334				    35.89
3346				    38.74
3357				    37.651
3368				    39.261
3379				    40.884
3390				    45.34
3401				    35.887
3413				    38.288
3424				    42.94
3435				    42.059
3447				    45.884
3458				    35.717
3469				    39.286
3481				    41.06
3492				    47.131
3503				    49.176
3514				    54.337
3525				    51.138
3537				    61.706
3548				    69.904
3559				    75.319
3570				    71.949
