21308				    18.44
21319				    18.44
21331				    18.44
21342				    18.44
21353				    18.44
21364				    9.257
21376				    9.257
21387				    9.257
21398				    9.257
21409				    9.257
21421				    3.678
21432				    3.678
21443				    3.678
21455				    8.594
21466				    5.557
21477				    2.638
21489				    4.064
21500				    2.398
21511				    3.836
21523				    3.137
21534				    2.93
21545				    4.65
21556				    3.099
21567				    3.099
21578				    3.666
21589				    2.454
21600				    5.125
21612				    11.282
21623				    6.047
21635				    3.077
21646				    4.053
21657				    7.903
21668				    7.903
21679				    1.045
21690				    4.362
21701				    6.568
21713				    1.058
21724				    2.897
21735				    2.234
21746				    1.504
21757				    1.504
21768				    1.504
21779				    4.059
21790				    4.059
21801				    5.121
21813				    5.242
21824				    5.242
21835				    5.956
21847				    3.268
21858				    0.559
21869				    2.332
21880				    3.792
21891				    7.624
21902				    7.668
21914				    3.509
21925				    2.883
21936				    2.575
21947				    7.38
21958				    3.925
21970				    3.173
21981				    1.632
21992				    8.313
22003				    11.017
22014				    9.58
22022				    8.492
22030				    5.25
22038				    5.25
22046				    3.332
22055				    5.213
22063				    6.61
22071				    9.123
22079				    9.123
22088				    6.081
22096				    6.081
22104				    6.517
22113				    4.576
22121				    4.656
22129				    4.378
22137				    4.453
22146				    6.464
22154				    6.782
22162				    6.782
22171				    5.851
22179				    5.658
22187				    7.644
22195				    8.216
22204				    9.109
22212				    9.183
22220				    9.621
22229				    9.621
22237				    9.647
22245				    9.904
22254				    11.2
22262				    11.2
22271				    11.2
22279				    8.303
22287				    8.547
22295				    6.168
22304				    6.73
22312				    4.084
22320				    4.084
22329				    2.754
22337				    2.754
22346				    2.754
22354				    10.123
22362				    4.505
22371				    4.505
22379				    3.183
22387				    3.183
22396				    4.486
22404				    4.486
