50415				    1.9	
50426				    1.9	
50438				    1.9	
50450				    1.9	
50462				    1.9	
50474				    1.3
50485				    3.2	
50497				    3.2	
50509				    3.2	
50520				    3.2	
50532				    3.2	
50543				    3.2	
50555				    3.2	
50566				    3.2	
50578				    3.2	
50590				    2.9	
50602				    2.6
50614				    2.6
50625				    2.6
50637				    4.0
50648				    4.1
50660				    4.1
50671				    4.1
50683				    5.2
50694				    5.4
50706				    5.4
50718				    5.6
50729				    5.6
50741				    5.6
50752				    5.6
50764				    5.6
50775				    5.6
50786				    5.6
50798				    3.5
50810				    3.5
50821				    3.5
50833				    4.2
50845				    4.2
50857				    4.4
50868				    4.6
50879				    4.6
50891				    4.5
50903				    4.7
50914				    4.7
50927				    4.9
50939				    5.5
50950				    5.5
50962				    5.5
50974				    5.5
50986				    5.5
50998				    5.3
51010				    5.2
51021				    5.1
51033				    5.3
51044				    5.4
51056				    5.4
51067				    5.4
51079				    5.7
51091				    6.1
51102				    6.1
51114				    6.2
51126				    6.3
51137				    6.4
51149				    7.1
51160				    7.1
51172				    6.9
51184				    7.1
51195				    7.4
51207				    7.4
51218				    7.1
51230				    6.8
51242				    6.9
51253				    6.9
51265				    6.9
51276				    6.5
51288				    6.5
51299				    6.2
51311				    6.9
51322				    6.9
51334				    6.6
51345				    7.0
51357				    6.3
51369				    6.3
51380				    6.3
51392				    6.3
51404				    6.4
51415				    6.7
51426				    6.4
51438				    6.4
51450				    6.1
51462				    6.1
51473				    6.4
51484				    6.5
51496				    7.1
51508				    7.4
51519				    7.2
51531				    7.3
51543				    7.6
51554				    8.0
51566				    8.2
51577				    8.3
51589				    8.2
51600				    7.5
51612				    7.4
51623				    7.6
51635				    7.4
51646				    7.4
51658				    7.5
51670				    7.7
51682				    7.0
51694				    6.8
51706				    7.0
51718				    6.9
51729				    7.5
51741				    7.6
51752				    7.5
51764				    7.5
51775				    7.6
51787				    7.7
51799				    7.7
51811				    7.0
51823				    7.0
51834				    7.3
51846				    7.4
51858				    7.6
51869				    7.6
51881				    7.0
51892				    7.4
51904				    8.1
51915				    8.1
51927				    8.1
