9756				    10
9768				    10
9780				    10
9792				    12
9804				    20
9816				    20
9828				    24
9840				    27
9852				    27
9864				    34
9876				    48
9888				    48
9900				    55
9912				    62
9924				    62
9936				    62
9948				    106
9960				    114
9972				    118
9984				    128
9996				    130
10008				    130
10020				    130
10032				    223
10044				    248
10056				    260
10068				    260
10080				    260
10092				    260
10104				    260
10116				    258
10128				    258
10140				    258
10152				    258
10164				    258
10176				    258
10187				    265
10200				    315
10212				    315
10224				    316
10236				    316
