10260				    2.9	
10268				    2.9	
10276				    2.9	
10284				    2.9	
10292				    3.6	
10301				    5.5	
10309				    5.5	
10317				    5.5	
10325				    6.2	
10333				    8.9	
10341				    10.0	
10349				    10.7	
10358				    10.7	
10366				    14.3	
10374				    20.6	
10382				    21.3	
10390				    22.0	
10398				    23.8	
10406				    27.9	
10414				    27.6	
10422				    26.3	
10430				    25.6	
10439				    35.7	
10446				    37.0	
10455				    38.4
10463				    45.7
10471				    52.7
10479				    44.7
10487				    43.0
10495				    37.0
10503				    41.0
10512				    42.8
10520				    45.9
10528				    46.1
10535				    49.6
10544				    49.6
10552				    42.5
10560				    38.6
10568				    41.2
10576				    43.6
10584				    45.5
10592				    50.4
10600				    51.3
10609				    46.6
