3337				    1.4
3349				    23.129
3360				    3.9
3371				    23.129
3383				    3.383
3394				    23.129
3405				    2.314
3417				    2.34
3428				    2.076
3439				    2.34
3450				    3.291
3462				    2.34
3473				    3.291
3484				    2.34
3495				    4.34
3506				    2.404
3519				    3.27
3531				    2.599
3542				    3.596
3554				    2.599
3565				    3.35
3576				    6.163
3587				    3.692
3599				    7.555
3610				    3.692
3621				    7.555
3633				    6.935
3644				    9.877
3655				    5.825
3666				    3.688
3677				    4.967
3689				    2.186
3700				    4.967
3711				    3.379
3722				    7.69
3734				    3.983
3745				    4.985
3757				    6.345
3768				    3.928
3779				    6.345
3790				    2.585
3802				    1.423
3813				    3.826
3824				    4.773
3835				    6.817
3847				    9.148
3859				    8.54
3870				    9.148
3882				    10.781
3893				    10.872
3904				    10.781
3915				    10.872
3927				    18.996
3938				    13.533
3949				    20.53
3960				    14.563
3971				    21.451
3983				    15.36
3994				    13.861
4005				    17.174
4016				    13.861
4028				    17.174
4039				    15.212
4050				    13.553
4061				    15.334
4072				    9.233
4083				    15.334
4094				    9.192
4105				    11.298
4117				    9.105
4128				    10.992
4140				    5.514
4151				    11.33
4163				    1.717
4174				    11.33
4185				    2.878
4196				    13.184
4209				    6.926
4221				    8.602
4232				    2.963
4243				    8.602
4255				    2.963
4266				    9.019
4277				    3.487
4288				    6.457
4300				    4.889
4311				    4.986
4323				    4.908
4334				    4.917
4345				    4.132
4357				    4.908
4368				    4.606
4380				    4.908
4391				    4.606
4403				    8.095
4415				    5.636
4426				    8.592
4437				    7.151
4448				    9.953
4459				    8.636
4471				    10.218
4482				    8.061
4493				    10.936
4505				    6.657
4516				    10.964
4527				    6.657
4538				    6.43
4550				    5.031
4561				    5.94
4573				    4.199
4584				    5.854
4595				    4.199
4606				    5.854
4617				    4.199
4628				    5.292
4640				    4.514
4651				    3.533
4662				    4.25
4673				    4.15
4685				    5.617
4696				    4.15
4707				    7.045
4718				    7.729
4729				    6.923
4740				    6.775
4751				    7.196
4761				    6.775
4772				    7.196
4783				    6.775
4794				    7.196
4805				    6.763
4816				    5.415
4827				    6.763
4839				    5.415
4850				    6.763
4861				    7.772
4872				    15.748
4883				    7.772
4894				    9.09
4905				    10.4
4916				    9.912
4927				    15.199
4938				    9.912
4949				    16.183
4960				    10.745
4971				    14.789
4982				    10.745
4993				    14.789
5003				    14.486
5014				    20.884
5025				    14.486
5037				    20.884
5048				    17.106
				    9.243
				    7.762
				    7.958
				    7.762
				    7.958
				    7.762
				    12.056
				    5.381
				    10.096
				    6.228
				    10.265
				    5.837
				    10.47
				    5.842
				    10.975
				    4.893
				    10.975
				    5.826
				    11.843
				    7.732
				    12.755
				    7.732
				    12.755
				    6.54
				    14.034
				    6.54
				    14.034
				    8.301
				    14.912
				    6.523
				    16.281
				    3.952
				    13.036
				    3.116
				    13.036
				    2.724
				    8.246
				    3.921
				    6.76
				    3.881
				    5.948
				    3.488
				    5.948
				    3.224
				    6.489
				    2.664
				    5.335
				    2.664
				    5.335
				    3.068
				    4.938
				    4.884
				    4.181
				    6.063
				    5.496
				    6.063
				    5.496
				    6.984
				    7.932
				    6.321
				    10.136
				    6.321
				    12.094
				    8.608
				    13.528
				    8.608
				    13.528
				    14.211
				    17.74
				    9.083
				    8.799
				    5.944
				    4.995
				    5.944
				    5.153
				    10.39
				    5.968
				    10.39
				    5.968
				    9.288
				    6.49
				    9.288
				    6.49
				    8.099
				    8.019
				    7.02
				    8.019
				    7.259
				    8.246
				    6.145
				    8.258
				    6.145
				    8.258
				    7.349
				    8.504
				    6.258
				    4.146
				    6.114
				    4.718
				    6.114
				    4.718
				    4.681
				    4.872
				    4.605
				    4.999
				    4.605
				    4.999
				    7.123
				    8.079
				    5.119
				    7.056
				    3.892
				    7.063
				    3.998
				    7.063
				    3.998
				    4.797
				    4.384
				    4.044
				    4.585
				    3.866
				    4.219
				    2.49
				    3.16
				    1.586
				    4.459
				    2.864
				    4.459
				    2.864
				    3.305
				    4.245
				    3.252
				    5.665
				    3.37
				    4.894
				    3.37
				    4.235
				    3.37
				    4.235
				    4.75
				    4.291
				    4.125
				    3.856
				    3.845
				    4.151
				    3.902
				    4.151
				    3.166
				    3.132
				    3.166
				    4.389
				    5.232
				    6.725
