32877				    1.7	
32888				    1.7	
32900				    1.7	
32911				    1.7	
32922				    1.7	
32933				    3.4	
32944				    3.4	
32955				    3.4	
32967				    3.4	
32978				    3.4	
32989				    4.1	
33000				    6.7	
33011				    6.7	
33022				    6.7	
33034				    6.7	
33045				    6.7	
33056				    11.0	
33067				    10.8	
33079				    10.8	
33090				    14.1	
33101				    18.5	
33112				    21.9	
33123				    21.7	
33135				    20.1	
33146				    20.1	
33157				    21.2	
33168				    25.1
33180				    25.1
33191				    22.5
33202				    19.9
33213				    19.3
33224				    19.3
33235				    16.2
33246				    14.7
33257				    14.3
33269				    14.1
33280				    13.5
33291				    12.8
33302				    12.5
33314				    12.0
33324				    12.0
33335				    10.5
33346				    10.5
33357				    10.1
33368				    9.5
33379				    9.0
33391				    8.9
33402				    8.9
33413				    8.5
33424				    10.1
33435				    10.1
33445				    11.1
33456				    12.8
33467				    13.0
33478				    13.6
33489				    13.3
33500				    13.8
33511				    13.8
33522				    13.7
33533				    16.2
33544				    16.2
33555				    15.8
33568				    15.8
33579				    14.6
33590				    14.2
33601				    14.9
33612				    15.0
33623				    15.1
33634				    15.1
33646				    15.3
33657				    16.5
33668				    16.5
33678				    16.1
33691				    16.1
33703				    16.8
33714				    17.3
