3429				    42.138
3441				    42.138
3453				    42.138
3465				    42.138
3477				    44.036
3489				    44.036
3501				    44.036
3512				    42.572
3524				    47.997
3535				    52.37
3547				    49.045
3558				    46.327
3570				    46.327
3582				    48.643
3594				    57.729
3606				    58.258
3618				    60.169
3629				    60.169
3641				    60.169
3653				    62.895
3664				    63.367
3676				    67.867
3688				    67.867
3700				    67.867
3712				    95.988
3724				    58.511
3736				    55.034
3748				    59.115
3760				    54.172
3771				    55.449
3783				    59.528
3795				    60.644
3807				    52.496
3819				    48.783
3831				    48.783
3843				    48.783
3854				    56.793
3866				    72.07
3878				    78.381
3890				    80.958
3902				    89.377
3914				    86.058
3926				    65.429
3937				    66.473
3949				    73.947
3960				    75.336
3972				    75.336
3983				    75.336
3995				    75.336
4007				    82.631
4018				    111.05
4030				    116.782
4042				    109.95
4054				    86.22
4066				    72.202
4077				    58.847
4089				    58.801
4101				    67.579
4112				    75.922
4124				    62.615
4136				    53.237
4148				    53.237
4160				    50.613
4172				    45.617
4184				    51.46
4196				    51.46
4208				    51.46
4220				    56.279
4232				    67.095
4244				    65.444
4255				    65.444
4267				    65.444
4279				    65.444
4291				    63.231
