13266				    10
13277				    10
13289				    10
13300				    10
13312				    10
13324				    10
13335				    10
13347				    10
13358				    10
13370				    10
13381				    10
13392				    10
13404				    10
13415				    10
13427				    10
13438				    10
13449				    10
13461				    10
13472				    10
13484				    10
13496				    10
13507				    10
13519				    10
13531				    10
13542				    15
13554				    16
13566				    17
13577				    17
13588				    17
13600				    17
13612				    17
13623				    17
13635				    17
13646				    17
13658				    17
13669				    17
13680				    17
13692				    17
13703				    17
13714				    17
13726				    17
13737				    17
13749				    17
13760				    17
13771				    17
13783				    17
13794				    17
13806				    17
13818				    17
13830				    17
13841				    17
13852				    17
13864				    17
13875				    17
13887				    17
13899				    17
13910				    17
13922				    17
13934				    17
13945				    17
13956				    17
13967				    19
13979				    21
13990				    26
14002				    26
14013				    26
14024				    26
14035				    26
14047				    26
14059				    26
14070				    26
14082				    26
14094				    26
14105				    26
14117				    26
14128				    26
14139				    26
14151				    26
14163				    26
14174				    26
14186				    26
14197				    26
14209				    26
14220				    26
14232				    26
14243				    26
14255				    26
14266				    26
14278				    26
14289				    26
14300				    26
14312				    26
14323				    26
14335				    26
14346				    26
14359				    26
14370				    26
14382				    26
14394				    26
14406				    26
14417				    26
14429				    26
14441				    26
14452				    26
14464				    26
14475				    26
14487				    26
14498				    26
14510				    26
14521				    26
14532				    26
14544				    26
14555				    26
14567				    26
14579				    26
14590				    26
14601				    26
14613				    26
14624				    26
14635				    26
14647				    26
14658				    26
14670				    26
14681				    26
14693				    26
14704				    26
14715				    26
14727				    26
14738				    26
14750				    26
14761				    26
14772				    26
14784				    26
14795				    26
14807				    26
14818				    26
14830				    26
14841				    26
14852				    26
14863				    26
14875				    26
14886				    26
14898				    26
14910				    26
14921				    26
14932				    26
14944				    26
14956				    26
14967				    26
14978				    26
14991				    26
15002				    26
15014				    26
15026				    27
15038				    27
15049				    27
15061				    27
15072				    27
15084				    27
15095				    27
15107				    27
15118				    27
15130				    27
15141				    27
15152				    27
15164				    27
15175				    27
15187				    27
15198				    27
15209				    27
15221				    27
15232				    27
15244				    27
15255				    27
15267				    27
15279				    27
15290				    27
15302				    27
15314				    27
15325				    27
15337				    28
15348				    28
15359				    28
15371				    28
15383				    28
15394				    28
15406				    28
15418				    28
15429				    28
15440				    28
15452				    28
15463				    28
15475				    28
15486				    28
15498				    28
15510				    28
15522				    28
15533				    28
15544				    28
15555				    28
15567				    28
15579				    28
15590				    28
15601				    28
15612				    28
15624				    28
15635				    28
15647				    28
15658				    28
15670				    28
15681				    28
15693				    28
15704				    28
15715				    29
15727				    29
15739				    29
15751				    29
15762				    29
15773				    29
15785				    29
15796				    29
15807				    29
15819				    29
15831				    29
15842				    29
15854				    29
15866				    29
15877				    29
15889				    29
15901				    29
15912				    29
15923				    29
15935				    29
15946				    29
15958				    29
15969				    29
15980				    29
15992				    29
16003				    29
16015				    30
16026				    30
16038				    30
16050				    30
16062				    30
16073				    30
16084				    30
16096				    30
16107				    30
16118				    30
16130				    30
16141				    30
16153				    30
16164				    30
16176				    30
16187				    30
16198				    30
16209				    30
16221				    30
16232				    30
16244				    30
16255				    30
16267				    31
16278				    31
16289				    31
16301				    31
16313				    31
16324				    31
16335				    32
16347				    32
16359				    32
16370				    32
16381				    32
16393				    32
16405				    32
16416				    32
16427				    32
16438				    32
16450				    32
16461				    32
16473				    32
16484				    32
16495				    32
16507				    32
16518				    32
16530				    32
16542				    32
16553				    32
16564				    32
16575				    33
16587				    33
16598				    34
16610				    34
16621				    34
16632				    34
16644				    34
16655				    34
16667				    34
16678				    34
16690				    34
16701				    34
16713				    34
16724				    34
16736				    34
16747				    34
16759				    34
16770				    34
16782				    34
16793				    34
16804				    34
16815				    35
16827				    35
16838				    35
16849				    35
16861				    36
16872				    36
16883				    36
16895				    36
16906				    36
16918				    36
16929				    36
16940				    37
16952				    37
16963				    37
16975				    37
16987				    37
16999				    37
17010				    37
17022				    37
17033				    37
17044				    37
17056				    37
17067				    37
17079				    37
17091				    37
17103				    38
17114				    38
17126				    39
17137				    39
17148				    39
17159				    39
17171				    40
17182				    40
17194				    40
17205				    40
17216				    40
17227				    40
17239				    40
17250				    40
17262				    40
17273				    40
17285				    40
17296				    40
17307				    40
17319				    40
17330				    40
17342				    40
17354				    40
17365				    40
17376				    41
17387				    41
17399				    41
17411				    43
17423				    43
17434				    43
17445				    43
17457				    43
17468				    43
17480				    43
17491				    43
17503				    43
17515				    44
17526				    44
17538				    44
17549				    44
17561				    44
17572				    44
17583				    44
17595				    44
17607				    44
17619				    44
17630				    44
17641				    44
17652				    45
17664				    45
17675				    45
17687				    46
17698				    46
17709				    47
17720				    47
17732				    47
17743				    48
17755				    48
17766				    48
17777				    48
17788				    48
17800				    48
17811				    48
17822				    48
17834				    48
17845				    48
17856				    48
17868				    48
17879				    48
17891				    48
17903				    48
17914				    49
17926				    49
17937				    49
17948				    49
17959				    49
17971				    49
17982				    50
17994				    50
18006				    50
18017				    51
18029				    51
18041				    53
18052				    53
18063				    53
18075				    54
18087				    54
18098				    54
18110				    54
18122				    54
18133				    54
18145				    54
18156				    54
18167				    54
18179				    54
18191				    54
18202				    54
18214				    54
18225				    54
18236				    54
18248				    54
18259				    55
18270				    55
18282				    55
18293				    55
18304				    57
18316				    57
18327				    57
18339				    57
18351				    59
18362				    61
18374				    61
18386				    61
18397				    61
18408				    61
18419				    61
18431				    61
18443				    61
18454				    62
18466				    62
18477				    62
18489				    62
18500				    62
18512				    62
18523				    62
18535				    62
18546				    62
18557				    62
18568				    62
18580				    62
18591				    63
18603				    63
18614				    63
18626				    63
18637				    64
18648				    64
18660				    65
18671				    65
18683				    65
18694				    66
18706				    69
18717				    69
18728				    69
18740				    69
18751				    70
18763				    70
18774				    70
18785				    70
18797				    70
18808				    70
18819				    70
18831				    70
18842				    70
18854				    70
18866				    70
18877				    70
18888				    71
18900				    71
18911				    71
18922				    71
18934				    72
18945				    72
18956				    73
18968				    73
18979				    74
18991				    76
19002				    76
19014				    77
19025				    78
19036				    78
19048				    78
19059				    78
19071				    78
19083				    78
19094				    79
19105				    79
19116				    79
19128				    79
19139				    79
19151				    79
19162				    79
19174				    79
19186				    79
19197				    79
19208				    80
19220				    80
19231				    80
19242				    81
19254				    81
19265				    81
19277				    84
19288				    84
19299				    85
19311				    85
19322				    87
19334				    87
19346				    88
19357				    89
19369				    89
19380				    89
19392				    89
19403				    89
19414				    89
19425				    89
19436				    89
19448				    89
19460				    89
19471				    89
19483				    89
19495				    90
19506				    90
19517				    90
19529				    90
19540				    91
19552				    92
19563				    92
19575				    94
19587				    94
