7580				    2.9	
7591				    2.9	
7602				    2.9	
7613				    2.9	
7625				    3.9	
7636				    4.8	
7647				    4.8	
7659				    8.4	
7670				    10.6	
7681				    12.3	
7693				    16.2	
7704				    19.3	
7715				    24.1	
7727				    31.5	
7738				    36.8	
7750				    43.9	
7761				    47.1	
7772				    50.2
7784				    37.4
7796				    39.4
7808				    35.3
7819				    48.6
7830				    44.8
7841				    40.4
7852				    46.2
7864				    47.8
7875				    40.6
7886				    40.1
7897				    42.5
7908				    39.4
7919				    35.6
7930				    34.3
7941				    34.1
7952				    35.2
