10080				    67.925
10092				    67.925
10103				    67.925
10115				    67.925
10126				    67.925
10138				    62.779
10149				    65.54
10161				    65.54
10173				    54.905
10185				    53.01
10196				    50.939
10207				    50.939
10219				    53.938
10230				    53.938
10242				    55.065
10253				    56.504
10265				    56.504
10277				    65.587
10289				    67.171
10301				    65.385
10312				    70.924
10324				    70.538
10335				    64.171
10346				    63.714
10358				    64.567
10369				    72.282
10381				    72.282
10392				    78.344
10404				    78.211
10415				    81.38
10426				    82.619
10438				    80.738
10449				    80.738
10461				    85.379
10473				    84.951
10484				    86.529
10495				    94.436
10507				    89.419
10519				    90.746
10530				    96.307
10542				    104.114
10554				    97.133
10565				    97.133
10577				    103.366
10589				    95.522
10600				    96.197
10612				    97.104
10624				    97.104
10635				    92.79
10647				    92.79
10658				    100.768
10669				    88.648
10681				    91.782
10693				    94.417
10705				    96.62
10716				    96.087
10728				    96.087
10739				    86.918
10750				    87.017
10762				    87.017
10773				    95.23
10785				    89.719
10796				    88.084
10808				    88.084
10820				    90.962
10832				    88
10843				    90.775
10854				    92.29
10866				    84.971
10877				    86.91
10889				    102.095
10900				    103.706
