1105				    10
1117				    10
1128				    10
1139				    10
1151				    10
1162				    10
1173				    10
1185				    10
1196				    10
1207				    10
1219				    10
1230				    10
1241				    10
1252				    10
1263				    10
1274				    10
1285				    14
1297				    20
1308				    20
1319				    20
1330				    20
1341				    20
1352				    20
1363				    20
1375				    20
1386				    20
1397				    20
1408				    20
1420				    20
1431				    20
1443				    20
1454				    20
1465				    20
1476				    20
1488				    20
1499				    33
1510				    40
1521				    40
1532				    40
1543				    40
1555				    40
1566				    40
1577				    40
1589				    40
1600				    40
1611				    40
1622				    40
1634				    40
1645				    40
1656				    40
1667				    40
1678				    66
1689				    76
1700				    80
1712				    80
1723				    80
1734				    80
1745				    80
1756				    80
1767				    80
1778				    80
1789				    80
1801				    80
1812				    80
1824				    80
1834				    80
1846				    80
1857				    91
1868				    140
1879				    160
1890				    160
1901				    160
1913				    160
1924				    160
1935				    160
1946				    160
1957				    160
1968				    160
1979				    160
1991				    160
2002				    160
2013				    160
2024				    160
2035				    160
2047				    160
2058				    160
2069				    160
2080				    197
2092				    232
2103				    262
2115				    310
2126				    320
2137				    320
2148				    320
2159				    320
2171				    320
2182				    320
2193				    320
2204				    320
2216				    320
2227				    320
2238				    320
2250				    320
2260				    320
2272				    320
2283				    320
2294				    320
2306				    320
2317				    320
2329				    364
2340				    410
2351				    453
2363				    464
2374				    476
2385				    535
2396				    571
2408				    587
2419				    607
2430				    619
2441				    633
2453				    639
2464				    639
2476				    639
2488				    640
2499				    640
2510				    640
2521				    640
2532				    640
2543				    640
2554				    640
2566				    640
2579				    640
2590				    640
2601				    640
2612				    640
2624				    640
2635				    640
2646				    640
2658				    640
2669				    640
2680				    651
2691				    651
2703				    653
2714				    705
2725				    706
2736				    754
2747				    754
2759				    754
2770				    754
2781				    754
2792				    754
2803				    754
2815				    754
2826				    754
