10322				    30.545
10333				    30.545
10344				    30.545
10356				    30.545
10367				    30.545
10379				    10.842
10390				    5.18
10402				    5.18
10414				    5.18
10425				    5.18
10437				    3.5
10449				    1.91
10460				    1.91
10472				    1.91
10483				    3.625
10495				    1.78
10507				    3.959
10519				    5.786
10530				    7.255
10542				    7.255
10553				    7.255
10565				    2.515
10577				    2.306
10588				    3.927
10599				    7.572
10611				    7.572
10622				    5.891
10634				    4.814
10646				    1.298
10657				    3.843
10669				    3.382
10680				    1.875
10692				    5.981
10704				    5.981
10715				    5.981
10727				    4.512
10739				    2.683
10751				    3.44
10763				    5.73
10775				    10.598
10786				    10.401
10798				    7.942
10809				    2.584
10821				    4.854
10832				    1.865
10844				    5.405
10855				    7.969
10867				    7.969
10879				    12.133
10890				    6.992
10902				    9.692
10913				    9.692
10924				    8.659
10936				    8.943
10947				    3.035
10959				    9.966
10970				    11.885
10982				    7.348
10994				    3.875
11006				    2.903
11018				    2.903
11030				    0.962
11042				    8.916
11054				    2.405
11065				    2.405
11076				    2.05
11088				    1.444
11100				    3.185
11111				    2.929
11123				    7.436
11134				    4.273
11146				    4.273
11158				    6.881
11170				    1.99
11182				    3.975
11194				    4.98
11205				    2.302
11216				    2.337
