26560				    51.606
26572				    51.606
26584				    51.606
26596				    51.606
26608				    51.606
26619				    55.126
26632				    66.212
26644				    66.212
26656				    66.212
26668				    59.907
26680				    59.903
26692				    62.78
26704				    63.407
26716				    70.965
26728				    70.965
26740				    68.107
26752				    69.369
26764				    60.171
26776				    60.364
26788				    60.364
26800				    67.742
26813				    69.322
26825				    69.322
26837				    79.786
26849				    80.451
26861				    81.793
26873				    86.23
26885				    89.267
26898				    89.267
26910				    97.905
26922				    104.006
26934				    102.438
26946				    102.477
26958				    107.602
26970				    113.604
26982				    114.842
26994				    130.096
27006				    135.038
27018				    135.788
27029				    135.788
27041				    134.296
27053				    134.296
27065				    138.526
27077				    138.792
27089				    139.271
27102				    139.492
27114				    128.709
27126				    128.709
27138				    136.774
27150				    136.56
27162				    134.797
27174				    132.214
27186				    134.112
27198				    135.243
27210				    142.066
27221				    144.872
27234				    144.891
27245				    144.891
27257				    145.895
27269				    148.548
27282				    143.388
27294				    143.782
27306				    146.041
27318				    148.332
27329				    148.32
27341				    151.769
27354				    154.502
27366				    143.652
27378				    141.901
27390				    141.901
27402				    138.423
27414				    139.361
27426				    139.361
27438				    139.407
27450				    139.407
27462				    141.055
27474				    130.291
27486				    130.291
27498				    132.637
27510				    132.637
27522				    134.64
27534				    135.237
27546				    131.098
27558				    125.088
27570				    101.187
27582				    101.187
27594				    98.007
27606				    98.007
27617				    104.308
27629				    102.213
27641				    102.213
27654				    102.213
27666				    117.667
27678				    114.991
27689				    114.991
27701				    117.962
27713				    118.798
27725				    122.568
27737				    123.904
27749				    123.904
27761				    129.252
27773				    129.252
27786				    129.252
27798				    129.467
27810				    123.013
27822				    122.115
27834				    120.424
27846				    120.424
