9562				    10
9573				    10
9584				    10
9595				    10
9605				    12
9617				    20
9628				    20
9639				    21
9651				    31
9662				    40
9673				    42
9684				    44
9694				    64
9705				    79
9717				    88
9728				    100
9739				    109
9751				    168
9762				    176
9773				    176
9784				    176
9795				    178
9807				    180
9818				    196
9829				    209
9841				    244
9852				    244
9863				    244
9874				    245
9885				    270
9896				    318
9907				    353
9918				    364
9930				    366
9941				    368
9952				    369
9963				    371
9974				    371
9985				    373
9996				    375
10007				    376
10018				    379
10029				    381
10042				    382
10053				    384
10064				    384
