0				    59.912
8				    59.912
16				    59.912
25				    59.912
33				    59.912
41				    59.912
49				    59.912
58				    59.912
66				    59.912
74				    67.065
82				    67.065
90				    70.069
98				    81.79
106				    81.79
114				    81.79
122				    57.856
130				    56.64
138				    54.803
146				    54.803
155				    54.803
163				    58.469
170				    55.748
178				    55.636
186				    56.597
195				    56.597
203				    61.423
211				    61.423
219				    67.871
227				    67.253
235				    68.128
243				    69.212
251				    74.337
259				    75.391
267				    80.132
275				    80.132
284				    80.552
292				    80.552
300				    81.997
308				    82.881
316				    87.511
324				    87.511
332				    88.877
340				    90.303
349				    91.035
357				    91.035
365				    96.98
373				    96.98
381				    99.4
389				    100.608
397				    105.371
405				    105.371
413				    109.557
421				    111.5
429				    115.209
437				    117.934
446				    122.761
454				    122.761
462				    122.761
470				    122.761
478				    143.617
486				    154.956
494				    159.109
503				    159.109
511				    161.835
519				    174.542
527				    174.542
535				    174.542
543				    174.542
551				    186.149
559				    186.149
567				    189.961
575				    191.857
583				    194.556
591				    194.556
599				    194.556
607				    198.484
615				    198.484
623				    202.231
631				    202.337
639				    202.647
647				    201.869
655				    201.869
663				    200.857
671				    200.857
679				    200.743
687				    200.743
695				    202.955
703				    201.092
711				    201.092
719				    200.33
727				    200.657
735				    196.508
744				    195.743
752				    195.743
760				    195.743
768				    195.743
776				    197.543
784				    199.629
792				    199.629
800				    193.409
808				    191.715
816				    187.757
824				    186.689
832				    186.689
840				    181.294
848				    181.294
856				    181.294
864				    165.799
872				    160.036
880				    157.909
888				    153.792
896				    150.303
905				    143.222
913				    142.104
921				    141.685
929				    141.145
937				    141.145
945				    142.751
953				    142.751
961				    142.751
969				    145.152
978				    149.205
986				    149.205
994				    152.214
1002				    153.345
1010				    151.62
1018				    151.677
1026				    152.717
1034				    156.524
1042				    158.319
1050				    157.503
1058				    155.862
1066				    153.956
1075				    149.5
1083				    149.5
1091				    149.5
1099				    149.5
1107				    132.448
1115				    127.633
1124				    127.633
1132				    123.048
1140				    123.048
1148				    123.048
1156				    119.631
1165				    117.364
1173				    115.804
1181				    115.804
1190				    115.804
1198				    117.329
1206				    116.814
1214				    118.079
1223				    118.079
1231				    119.985
1239				    124.137
1247				    125.408
1255				    127.782
1263				    129.082
1271				    131.623
1279				    131.623
1287				    131.623
1296				    133.55
1304				    134.24
1312				    122.068
1320				    122.068
1329				    122.068
1337				    121.445
1345				    115.371
1353				    113.384
1362				    106.874
1373				    105.283
1384				    102.686
1395				    95.731
1406				    95.731
1417				    94.629
1428				    94.629
1439				    98.148
1450				    98.791
1461				    100.531
1472				    102.341
1483				    102.341
1494				    104.234
1505				    108.503
1516				    109.801
1527				    115.027
1539				    113.894
1550				    111.071
1561				    110.773
1572				    110.982
1584				    110.698
1595				    110.452
1606				    109.645
1617				    109.829
1628				    110.224
1639				    110.557
1651				    111.018
1662				    112.963
1673				    115.453
1684				    115.453
1695				    119.324
1706				    121.204
1718				    123.743
1729				    123.743
1740				    126.299
1751				    127.767
1761				    127.767
1772				    130.595
1783				    133.78
1794				    134.951
1805				    133.878
1816				    133.829
1827				    133.124
1838				    133.124
1849				    131.471
1860				    124.982
1871				    124.982
1882				    117.903
1893				    117.903
1903				    117.903
1915				    120.449
1926				    99.674
1937				    93.996
1949				    90.073
1959				    90.073
1971				    89.593
1982				    84.762
1993				    82.901
2004				    83.142
2015				    84.121
