8843				    1
8854				    1
8865				    1
8876				    1
8887				    1
8898				    1
8909				    1
8920				    1
8931				    1
8942				    1
8954				    1
8965				    1
8976				    1
8987				    1
8998				    1
9009				    1
9020				    1
9031				    1
9042				    1
9054				    1
9065				    1.1	
9076				    1.1	
9087				    1.1	
9098				    1.1	
9109				    1.1	
9120				    1.1	
9132				    1.1	
9143				    1.1	
9154				    1.1	
9165				    1.1	
9176				    1.1	
9187				    1.1	
9198				    1.1	
9209				    1.1	
9220				    1.1	
9231				    1.1	
9242				    1.1
9254				    1.7	
9265				    1.7	
9277				    1.7	
9288				    1.7	
9299				    1.7	
9310				    1.7	
9321				    1.7	
9332				    1.7	
9344				    1.7	
9355				    1.7	
9366				    1.7	
9377				    1.7	
9389				    1.7	
9400				    1.7	
9411				    1.7	
9423				    1.7	
9434				    2.3	
9446				    3.0	
9457				    3.0	
9469				    3.2	
9480				    3.2	
9491				    3.2	
9502				    3.2	
9513				    3.2	
9524				    3.2	
9535				    3.2	
9546				    3.2	
9557				    3.2	
9568				    3.2	
9580				    3.2	
9591				    3.2	
9602				    3.2	
9614				    3.2	
9625				    3.2	
9636				    3.2	
9647				    3.2	
9658				    3.2	
9669				    4.2	
9680				    4.2	
9691				    4.2	
9702				    4.4	
9713				    4.4	
9724				    5.0	
9736				    5.0	
9747				    5.0	
9758				    5.0	
9769				    5.0	
9780				    5.0	
9792				    5.0	
9803				    5.0	
9814				    5.0	
9825				    5.0	
9836				    5.0	
9847				    5.0	
9858				    5.0	
9870				    5.0	
9881				    5.0	
9892				    5.0	
9903				    5.4	
9914				    5.4	
9925				    5.7	
9936				    6.2	
9947				    6.2	
9958				    6.3	
9969				    6.9	
9980				    7.0	
9991				    7.4	
10002				    7.5	
10013				    7.6	
10024				    7.8	
10035				    8.0	
10046				    8.2	
10057				    8.2	
10068				    8.2	
10079				    8.2	
10090				    8.1	
10102				    8.1	
10112				    8.1	
10124				    8.1	
10137				    8.1	
10148				    8.1	
10159				    8.1	
10171				    8.1	
10182				    8.1	
10193				    8.1	
10204				    8.1	
10215				    8.1	
10227				    8.1	
10238				    8.2	
10249				    8.2	
10260				    8.2	
10271				    8.4	
10283				    8.5	
10294				    8.8	
10305				    9.1	
10316				    9.1	
10327				    9.1	
10338				    9.2	
10349				    9.5	
10360				    9.6	
10371				    9.5	
10383				    9.7	
10394				    10.0	
10405				    10.0	
10416				    10.1	
10428				    10.3	
10439				    10.5	
10450				    10.6	
10461				    10.6	
10472				    10.6	
10484				    10.6	
10495				    10.6	
10506				    10.6	
10517				    10.6	
10528				    10.6	
10539				    10.7	
10551				    10.7	
10562				    10.7	
10573				    10.7	
10584				    10.8	
10595				    10.8	
10606				    10.8	
10618				    10.8	
10629				    10.8	
10640				    10.8	
10651				    10.8	
10662				    10.8	
10673				    10.8	
10685				    10.8	
10696				    10.9	
10707				    10.9	
10718				    11.0	
10729				    11.3	
10741				    11.4	
10751				    11.3	
10763				    11.9	
10774				    11.9	
10785				    11.8	
10796				    11.8	
10807				    11.9	
10819				    12.0	
10830				    12.0	
10841				    12.4	
10852				    12.5	
10864				    12.8	
10875				    12.8	
10886				    12.8	
10898				    13.0	
10909				    13.0	
10920				    13.0	
10931				    13.2	
10943				    13.3	
10954				    13.3	
10965				    13.2	
10976				    13.1	
10987				    13.3	
10999				    13.5	
11010				    13.5	
11021				    13.5	
11032				    13.6	
