6155				    8.394
6163				    168.971
6172				    9.87
6180				    168.971
6188				    9.87
6196				    168.971
6205				    9.87
6213				    168.971
6221				    8.792
6230				    168.971
6238				    3.094
6246				    168.971
6254				    3.094
6262				    168.971
6270				    3.478
6278				    168.971
6286				    4.208
6294				    168.971
6303				    2.792
6311				    168.971
6319				    2.792
6328				    168.971
6336				    2.792
6344				    168.971
6352				    7.244
6360				    168.971
6369				    4.914
6376				    168.971
6385				    6.566
6393				    168.971
6401				    6.763
6409				    168.971
6418				    6.763
6426				    168.971
6434				    6.257
6442				    168.971
6450				    8.377
6458				    168.971
6466				    7.022
6475				    168.971
6483				    4.899
6491				    168.971
6499				    4.899
6507				    168.971
6515				    4.627
6524				    168.971
6535				    3.726
6547				    168.971
6559				    2.517
6570				    168.971
6581				    3.691
6592				    168.971
6604				    7.406
6615				    168.971
6626				    10.069
6637				    168.971
6648				    6.767
6659				    168.971
6671				    6.677
6682				    168.971
6693				    6.677
6704				    168.971
6715				    13.741
6727				    168.971
6738				    11.457
6749				    168.971
6760				    11.457
6771				    168.971
6782				    11.457
6793				    168.971
6805				    14.236
6816				    168.971
6827				    7.993
6838				    168.971
6849				    8.647
6860				    168.971
6871				    11.456
6883				    168.971
6894				    15.288
6905				    168.971
6916				    15.288
6927				    168.971
6938				    18.493
6949				    168.971
6960				    18.493
6971				    168.971
6982				    24.068
6994				    168.971
7005				    26.303
7016				    168.971
7028				    22.336
7039				    168.971
7050				    17.818
7062				    168.971
7073				    19.087
7084				    168.971
7095				    12.871
7107				    168.971
7118				    13.668
7129				    168.971
7140				    13.668
7152				    168.971
7163				    20.933
7174				    168.971
7185				    14.987
7196				    168.971
7207				    14.987
7219				    108.088
7230				    20.941
7241				    68.805
7253				    20.32
7263				    68.805
7274				    8.827
7286				    68.805
7297				    8.827
7308				    68.805
7319				    8.839
7330				    68.805
7341				    6.282
7353				    68.805
7364				    4.787
7375				    68.805
7387				    3.328
7398				    68.805
7409				    4.196
7420				    68.805
7432				    4.555
7443				    68.805
7455				    4.555
7466				    68.805
7477				    12.141
7488				    68.805
7500				    12.082
7511				    68.805
7522				    12.082
7533				    68.805
7544				    9.217
7555				    68.805
7566				    6.699
7577				    68.805
7588				    5.501
7599				    68.805
7610				    4.906
7621				    68.805
7632				    4.01
7644				    68.805
7655				    2.824
7666				    68.805
7677				    2.375
7689				    68.805
7700				    4.555
7711				    68.805
7722				    6.426
7733				    68.805
7744				    4.921
7756				    68.805
7767				    3.63
7778				    68.805
7790				    3.713
7802				    68.805
7813				    3.713
7824				    68.805
7835				    8.832
7846				    68.805
7857				    6.459
7869				    68.805
7880				    6.456
7891				    68.805
7902				    6.456
7913				    68.805
7925				    5.605
7936				    68.805
7947				    1.217
7958				    68.805
7969				    2.86
7980				    68.805
7992				    3.986
8003				    68.805
8014				    3.816
8025				    68.805
8036				    5.367
8048				    68.805
8059				    5.367
8070				    68.805
8081				    11.007
8093				    68.805
8104				    11.221
8115				    68.805
8127				    3.851
8138				    68.805
8149				    3.851
8161				    68.805
8172				    4.735
8183				    47.21
8194				    4.735
8205				    29.387
8216				    8.322
8227				    11.751
8239				    8.322
8250				    11.751
8261				    8.322
8273				    11.751
8284				    15.682
8296				    20.204
8307				    9.83
8318				    20.204
8329				    5.738
8341				    20.204
8352				    5.738
8363				    20.204
8374				    6.332
8385				    20.204
8397				    5.533
8408				    20.204
8420				    3.255
8431				    20.204
8442				    4.748
8454				    20.204
8465				    4.86
8476				    20.204
8487				    4.71
8500				    20.204
8511				    5.015
8522				    20.204
8534				    9.698
8545				    20.204
8556				    9.698
8568				    20.204
8579				    5.868
8590				    20.204
8601				    4.139
8613				    20.204
8624				    4.139
8635				    20.204
8646				    7.458
8657				    20.204
8668				    7.458
8680				    20.204
8691				    7.66
8702				    20.204
8713				    7.265
8725				    20.204
8736				    7.265
8747				    20.204
8759				    5.365
8770				    20.204
8781				    5.365
8793				    20.204
8804				    6.548
8815				    20.204
8827				    8.031
8838				    20.204
8850				    7.077
8861				    20.204
8873				    7.789
8884				    20.204
8895				    7.382
8906				    20.204
8917				    6.214
8929				    20.204
8940				    8.455
8951				    20.204
8962				    7.774
8973				    20.204
8985				    9.275
8997				    20.204
9008				    6.82
9019				    20.204
9031				    7.832
9042				    20.204
9053				    6.837
9064				    20.204
9075				    8.249
9087				    20.204
9098				    8.364
9109				    20.204
9120				    7.917
9131				    20.204
9142				    6.342
9153				    20.204
9164				    5.162
9176				    20.204
9188				    2.809
9199				    20.204
9210				    2.298
9221				    20.204
9233				    4.377
9244				    25.123
9256				    4.827
9267				    13.02
9278				    4.827
9290				    13.02
9301				    4.827
9312				    15.244
9323				    4.729
9334				    3.177
9345				    8.476
9356				    6.932
9368				    7.081
9379				    6.563
9391				    7.266
9402				    6.563
9413				    7.266
9424				    6.563
9435				    7.266
9446				    6.563
9457				    10.455
9469				    6.563
9480				    7.828
9491				    6.563
9503				    5.006
9514				    6.563
9525				    6.897
9536				    6.563
9547				    6.897
9558				    6.563
9570				    6.897
9581				    6.563
9592				    14.131
9604				    6.563
9615				    11.83
9626				    6.563
9637				    6.831
9648				    6.563
9660				    5.46
9672				    6.563
9683				    4.575
9694				    6.563
9705				    4.352
9716				    6.563
9727				    3.45
9738				    6.563
9750				    3.45
9761				    6.563
9774				    13.357
9785				    6.563
9796				    13.062
9807				    6.563
9819				    7.89
9830				    6.563
9841				    7.89
9852				    6.563
9863				    2.469
9875				    6.563
9886				    2.469
9897				    6.563
9909				    1.88
9920				    6.563
9931				    0.895
9942				    6.563
9953				    5.331
9964				    6.563
9976				    4.271
9987				    6.563
9998				    2.672
10010				    6.563
10021				    2.544
10033				    6.563
10044				    2.544
10055				    6.563
10067				    4.612
10078				    6.563
10090				    4.817
10101				    6.563
10112				    4.839
10124				    6.563
10135				    5.286
10147				    6.563
10158				    1.976
10169				    6.563
10180				    1.714
10192				    6.563
10203				    1.714
10215				    6.563
10226				    5.476
10237				    6.563
10248				    5.476
10259				    6.563
10271				    5.031
10282				    6.563
10293				    2.621
10304				    6.563
10316				    3.357
10327				    6.563
10338				    3.702
10349				    6.563
10361				    3.673
10372				    6.563
10383				    4.92
10395				    10.746
10406				    3.83
10418				    16.53
10429				    3.83
10440				    14.24
10451				    4.039
10462				    10.843
10473				    4.039
10485				    7.387
10496				    4.649
10507				    6.19
10518				    4.649
10529				    6.19
10540				    4.408
10551				    6.19
10563				    5.767
10574				    6.19
10585				    5.523
10597				    6.19
10608				    3.513
10619				    6.19
10630				    3.513
10642				    6.19
10655				    10.904
10666				    6.19
10677				    6.795
10688				    6.19
10699				    6.91
10710				    6.19
10721				    6.91
10732				    6.19
10743				    3.389
10755				    6.19
10766				    3.389
10777				    6.19
10788				    4.789
10799				    6.19
10811				    3.862
10822				    6.19
10833				    3.862
10844				    6.19
10856				    10.246
10866				    6.19
10878				    4.763
10889				    6.19
10900				    5.336
10912				    6.19
10923				    4.156
10935				    6.19
10946				    2.853
10957				    6.19
10968				    5.797
10979				    6.19
10990				    3.9
11001				    6.19
11012				    4.817
11023				    6.19
11035				    4.367
11046				    6.19
11057				    2.351
11068				    6.19
11080				    2.673
11091				    6.19
11103				    4.169
11114				    6.19
11125				    3.268
11136				    6.19
11148				    2.984
11159				    6.19
11170				    2.984
11182				    6.19
11193				    1.202
11204				    6.19
11216				    3.706
11227				    6.19
11238				    6.663
11249				    6.19
11260				    6.663
11271				    6.19
11282				    3.257
11294				    6.19
11305				    1.213
11316				    6.19
11328				    8.991
11340				    6.19
11351				    7.218
11362				    6.19
11373				    1.19
11384				    6.19
11396				    1.625
11407				    6.19
11418				    3.017
11430				    6.19
11441				    3.017
11453				    6.19
11464				    9.591
11475				    6.19
11486				    5.477
11498				    6.19
11509				    5.477
11520				    6.19
11531				    8.093
11542				    6.19
11553				    8.347
11565				    7.637
11576				    8.347
11589				    8.446
11600				    7.077
11611				    8.446
11622				    7.744
11633				    5.719
11644				    7.744
11655				    8.187
11667				    10.959
11678				    11.824
11689				    10.959
11700				    11.824
11709				    6.935
11717				    11.824
11725				    5.247
11734				    18.901
11742				    5.288
11750				    18.901
11759				    5.202
11767				    18.901
11775				    5.835
11784				    18.901
11792				    2.594
11800				    18.901
11808				    1.788
11817				    18.901
11825				    5.605
11834				    18.901
11842				    5.605
11850				    18.901
11858				    6.021
11867				    18.901
11875				    10.761
11883				    18.901
11891				    10.36
11900				    18.901
11908				    10.36
11916				    18.901
11924				    10.571
11933				    18.901
11941				    10.646
11949				    18.901
11957				    9.8
11965				    18.901
11973				    9.8
11981				    18.901
11990				    9.8
11999				    18.901
12010				    8.938
12021				    18.901
12032				    10.46
12043				    18.901
12055				    7.753
12066				    18.901
12077				    5.871
12088				    18.901
12099				    4.952
12110				    18.901
12122				    4.952
12133				    18.901
12144				    4.047
12155				    18.901
12167				    4.056
12178				    18.901
12189				    5.817
12200				    18.901
12211				    3.21
12223				    24.501
12234				    3.839
12245				    24.501
12256				    4.142
12267				    28.657
12278				    3.829
12289				    42.497
12300				    3.829
12312				    42.431
12323				    4.13
12335				    38.573
12346				    6.098
12358				    24.633
12369				    9.245
12380				    24.633
12391				    9.245
12402				    24.633
12413				    4.729
12425				    24.633
12436				    4.836
12447				    24.633
12458				    4.836
12469				    24.633
12480				    4.823
12492				    24.633
12503				    6.142
12514				    23.013
12525				    4.522
12536				    23.013
12547				    4.636
12558				    23.013
12569				    6.391
12581				    23.013
12592				    4.069
12604				    23.013
12615				    4.289
12626				    23.013
12638				    3.127
12649				    23.013
12660				    4.086
12671				    23.013
12683				    7.459
12694				    23.013
12705				    4.254
12716				    23.013
12728				    4.689
12739				    23.013
12750				    4.286
12762				    23.013
12773				    5.616
12784				    23.013
12795				    5.616
12806				    23.013
12817				    6.611
12828				    23.013
				    4.855
				    23.013
				    4.855
				    25.327
				    4.283
				    29.553
				    2.825
				    30.774
				    2.825
				    31.366
				    2.825
				    28.113
				    2.825
				    23.342
				    9.315
				    16.723
				    9.315
				    11.962
				    9.315
				    11.962
				    20.495
				    11.962
				    19.988
				    11.962
				    4.77
				    11.962
				    2.324
				    22.248
				    2.324
				    22.248
				    3.368
				    22.248
				    3.021
				    22.248
				    3.184
				    22.248
				    3.184
				    22.248
				    1.455
				    22.248
				    1.455
				    22.248
				    2.682
				    22.248
				    3.56
				    22.248
				    3.472
				    22.248
				    2.864
				    22.248
				    2.864
				    22.248
				    3.618
				    45.896
				    5.428
				    45.896
				    8.232
				    46.885
				    11.134
				    36.809
				    11.134
				    36.809
				    13.466
				    30.688
				    22.155
				    30.688
				    16.907
				    30.688
				    12.138
				    30.688
				    9.238
				    28.002
				    3.654
				    28.002
				    9.427
				    28.002
				    13.759
				    28.002
				    6.899
				    28.002
				    6.88
				    28.002
				    6.88
				    28.002
				    7.582
				    28.002
				    6.983
				    28.002
				    7.163
				    28.002
				    10.539
				    28.002
				    3.302
				    28.002
				    5.61
				    28.45
				    5.605
				    28.45
				    5.605
				    28.45
				    12.831
				    28.45
				    19.623
				    13.364
				    19.623
				    12.265
				    19.623
				    12.265
				    19.623
				    19.639
				    28.522
				    17.095
				    28.522
				    15.903
				    36.365
				    19.033
				    36.365
				    19.033
				    29.993
				    19.033
				    29.993
				    19.033
				    34.486
				    19.033
				    27.192
				    26.491
				    25.298
				    26.491
				    14.962
				    26.491
				    14.962
				    26.491
				    14.962
				    26.491
				    11.086
				    26.491
				    11.086
				    26.491
				    5.868
				    26.491
				    4.774
				    26.491
				    4.774
				    26.491
				    5.707
				    48.357
				    6.281
				    48.357
				    6.412
				    39.359
				    5.096
				    32.311
				    4.838
				    31.546
				    5.019
				    31.546
				    5.431
				    22.092
				    5.431
				    18.791
				    8.207
				    18.791
				    8.207
				    13.102
				    8.207
				    8.299
				    8.207
				    8.299
				    8.207
				    9.856
				    9.701
				    6.859
				    6.612
				    6.859
				    4.424
				    6.859
				    4.424
				    6.859
				    4.575
				    6.859
				    5.604
				    20.278
				    5.472
				    20.278
				    4.418
				    20.278
				    4.418
				    20.278
				    7.422
				    20.278
				    7.422
				    20.278
				    6.537
				    20.278
				    6.779
				    34.252
				    6.779
				    34.252
				    13.389
				    34.252
				    10.985
				    34.252
				    11.251
				    34.252
				    12.966
				    34.252
				    12.966
				    34.252
				    10.726
				    34.252
				    10.726
				    34.252
				    15.67
				    34.252
				    18.498
				    41.871
				    4.356
				    36.098
				    4.394
				    36.098
				    4.68
				    18.28
				    5.115
				    9.233
				    5.115
				    9.937
				    8.258
				    10.619
				    8.258
				    10.619
				    14.523
				    10.619
				    14.523
				    10.619
				    18.999
				    10.619
				    17.631
				    10.881
				    17.782
				    10.881
				    12.935
				    10.881
				    12.935
				    10.881
				    10.662
				    10.881
				    8.679
				    10.881
				    8.679
				    10.881
				    8.194
				    14.505
				    6.7
				    14.505
				    7.894
				    16.801
				    7.894
				    16.801
				    15.346
				    18.616
				    15.346
				    18.616
				    22.196
				    19.556
				    25.6
				    20.066
				    25.6
				    20.066
				    29.265
				    14.53
				    32.667
				    11.428
				    32.667
				    9.576
				    32.667
				    10.506
				    32.667
				    11.274
				    40.469
				    12.277
				    40.469
				    12.277
				    45.733
				    17.534
				    45.188
				    19.85
				    39.044
				    19.85
				    37.655
				    19.85
				    35.716
				    19.85
				    37.561
				    19.85
				    27.311
				    19.85
				    26.095
				    19.85
				    25.401
				    19.85
				    26.217
				    19.85
				    26.217
				    19.85
				    25.152
				    35.599
				    25.152
				    35.599
				    28.915
				    35.599
				    29.978
				    35.599
				    32.413
				    35.599
				    30.147
				    59.584
				    18.875
				    59.584
				    12.305
				    59.584
				    11.173
				    59.584
				    12.31
				    59.584
				    9.383
				    68.239
				    9.357
				    68.239
				    9.297
				    72.018
				    8.071
				    69.708
				    8.071
				    47.815
				    8.071
				    47.815
				    9.31
				    25.672
				    9.31
				    17.906
				    9.31
				    11.382
				    9.31
				    10.185
				    9.31
				    11.923
				    9.31
				    11.923
				    14.965
				    12.575
				    14.965
				    14.536
				    14.965
				    14.536
				    11.509
				    12.479
				    11.509
				    12.479
				    6.298
				    12.479
				    4.384
				    12.479
				    4.384
				    12.479
				    4.234
				    12.479
				    3.421
				    12.479
				    5.377
				    12.479
				    5.377
				    12.479
				    5.627
				    12.479
				    6.653
				    12.479
				    6.653
				    12.479
				    8.645
				    15.449
				    4.648
				    15.449
				    4.232
				    15.449
				    4.232
				    15.449
				    4.029
				    27.926
				    3.172
				    27.926
				    3.172
				    27.926
				    6.805
				    27.926
				    4.427
				    27.926
				    4.584
				    34.96
				    4.584
				    34.96
				    4.584
				    34.96
				    10.741
				    34.96
				    10.741
				    34.96
				    16.309
				    33.503
				    16.309
				    33.503
				    19.575
				    25.878
				    19.575
				    25.878
				    20.424
				    22.704
				    20.424
				    22.704
				    14.231
				    17.278
				    14.231
				    13.23
				    12.269
				    6.756
				    12.269
				    6.756
				    12.269
				    6.682
				    15.991
				    6.682
				    16.56
				    7.847
				    16.56
				    8.596
				    16.56
				    8.596
				    18.923
				    8.727
				    18.044
				    8.727
				    19.599
				    8.727
				    19.599
				    8.727
				    17.945
				    12.207
				    17.116
				    15.043
				    17.116
				    15.043
				    18.045
				    15.043
				    18.045
				    15.043
				    12.198
				    15.043
				    12.198
				    15.043
				    12.198
				    15.043
				    8.987
				    15.043
				    8.536
				    15.52
				    7.263
				    15.52
				    7.263
				    15.52
				    10.603
				    15.52
				    11.517
				    15.52
				    13.06
				    15.52
				    10.16
				    15.52
				    11.667
				    15.52
				    15.638
				    15.52
				    13.231
				    16.11
				    11.569
				    16.11
				    8.906
				    12.132
				    8.906
				    12.132
				    8.906
				    13.389
				    8.285
				    14.013
				    8.285
				    14.013
				    8.285
				    14.013
				    8.285
				    14.013
				    14.403
				    6.356
				    17.407
				    4.951
				    17.407
				    4.951
				    17.407
				    9.398
				    17.407
				    8.837
				    25.116
				    11.783
				    24.664
				    11.578
				    24.664
				    17.413
				    29.171
				    13.944
				    29.171
				    12.872
				    12.676
				    12.872
				    3.801
				    12.872
				    3.801
				    12.872
				    3.801
				    12.872
				    13.862
				    18.81
				    15.748
				    18.81
				    17.034
				    18.81
				    16.75
				    18.81
				    18.853
				    18.81
				    18.324
				    19.906
				    21.072
				    36.077
				    21.072
				    36.914
				    21.977
				    28.726
				    22.504
				    10.666
				    22.504
				    5.674
				    23.556
				    8.015
				    26.541
				    3.77
				    26.296
				    5.291
				    26.296
				    5.291
				    26.296
				    5.291
				    3.796
				    12.775
				    4.737
				    12.775
				    4.737
				    11.528
				    10.561
				    11.528
				    8.308
				    11.528
				    6.131
				    11.528
				    7.321
				    11.528
				    2.802
				    11.528
				    2.802
				    11.528
				    7.765
				    17.312
				    9.187
				    17.312
				    9.706
				    20.864
				    10.555
				    20.165
				    12.522
				    21.135
				    16.16
				    16.34
				    16.16
				    16.34
				    17.378
				    13.985
				    17.378
				    14.935
				    17.378
				    8.378
				    25.424
				    11.489
				    25.424
				    13.062
				    31.384
				    10.467
				    30.428
				    14.537
				    30.466
				    14.85
				    30.466
				    15.452
				    18.469
				    15.452
				    7.598
				    12.804
				    7.598
				    12.804
				    13.008
				    12.804
