33843				    1
33855				    1
33866				    1
33878				    1
33889				    1
33901				    1
33912				    1
33924				    1
33935				    1
33946				    1
33957				    1
33969				    1
33981				    1
33992				    1.0	
34004				    1.2	
34015				    1.2	
34026				    1.2	
34037				    1.2	
34049				    1.2	
34060				    1.2	
34072				    1.2	
34084				    1.2	
34096				    1.2	
34107				    1.2	
34119				    1.2	
34131				    1.2	
34143				    1.2	
34155				    1.2	
34166				    1.2	
34178				    1.7	
34189				    1.8	
34201				    2.1	
34213				    2.1	
34225				    2.1	
34236				    2.1	
34248				    2.1	
34260				    2.1	
34271				    2.1	
34283				    2.1	
34294				    2.1	
34306				    2.1	
34317				    2.1	
34329				    2.1	
34340				    2.1	
34351				    3.4	
34363				    3.5	
34375				    4.1	
34386				    4.2	
34398				    4.2	
34410				    4.2	
34421				    4.2	
34432				    4.2	
34444				    4.2	
34455				    4.2	
34467				    4.2	
34478				    4.2	
34490				    4.2	
34501				    4.2	
34512				    4.2	
34524				    4.2	
34536				    4.2	
34548				    4.8
34559				    4.4
34571				    4.4
34583				    4.3
34594				    4.2
34605				    4.2
34617				    3.9
34628				    3.9
34640				    3.9
34652				    3.9
34663				    3.9
34674				    3.9
34686				    3.9
34697				    3.9
34709				    3.9
34720				    3.9
34732				    3.9
34743				    3.9
34755				    3.9
34766				    3.9
34778				    3.9
34789				    3.9
34801				    3.9
34813				    3.9
34824				    3.9
34836				    3.5
34848				    3.4
34860				    3.2
34871				    2.9
34883				    2.9
34895				    2.9
34906				    2.8
34918				    2.7
34929				    2.7
34941				    2.6
34953				    2.6
34964				    2.6
34976				    2.6
34988				    2.6
34999				    2.6
35010				    2.6
35021				    2.6
35033				    2.6
35044				    2.6
35056				    2.6
35067				    2.6
35079				    2.6
35091				    2.6
35102				    2.6
35113				    2.5
35125				    2.5
35136				    2.5
35148				    2.5
35160				    2.5
35172				    2.5
35183				    2.5
35195				    2.5
35207				    2.5
35218				    2.5
35230				    2.5
35241				    2.5
35253				    2.5
35264				    2.5
35275				    2.5
35287				    2.5
35299				    2.3
35311				    2.3
35322				    2.3
35334				    2.1
35345				    2.0
35357				    2.0
35368				    2.0
35380				    2.0
35391				    2.0
35403				    1.9
35415				    1.9
35426				    1.9
35437				    1.9
35449				    1.9
35460				    1.9
35471				    1.9
35483				    1.9
35495				    1.9
35506				    1.9
35517				    1.9
35529				    1.9
35540				    1.9
35552				    1.9
35564				    1.9
35576				    1.9
35587				    1.9
35599				    1.9
35611				    1.9
35622				    1.9
35634				    1.9
35645				    1.8
35657				    1.8
35668				    1.8
35680				    1.8
35691				    1.8
35703				    1.8
35715				    1.8
35727				    2.0
35739				    2.2
35750				    2.3
35762				    2.3
35773				    2.3
35784				    2.3
35796				    2.4
35808				    2.5
35819				    2.5
35830				    2.6
35842				    2.6
35853				    2.6
35865				    2.6
35876				    2.6
35888				    2.6
35899				    2.6
35911				    2.6
35922				    2.6
35933				    2.6
35945				    2.6
35957				    3.5
35968				    3.9
35980				    3.9
35991				    4.3
36003				    4.3
36014				    4.4
36025				    4.4
36037				    4.4
36048				    4.4
36060				    4.4
36072				    4.3
36083				    4.3
36095				    4.3
36106				    4.3
36117				    4.3
36129				    4.3
36140				    4.3
36152				    4.6
36164				    4.7
36175				    4.7
36186				    4.5
36197				    4.5
36209				    4.3
36221				    4.3
36233				    4.3
36244				    4.3
36256				    4.3
36268				    4.3
36279				    5.6
36291				    6.6
36302				    8.5
36313				    8.5
36325				    8.7
36336				    9.4
36348				    11.2
36359				    11.2
36371				    12.8
36382				    12.7
36394				    14.3
36405				    14.2
36417				    13.6
36428				    14.8
36440				    14.2
36452				    14.2
