6265				    6.327
6277				    20.093
6289				    2.537
6301				    20.093
6312				    0.553
6323				    20.093
6334				    3.377
6346				    10.007
6358				    3.563
6370				    4.099
6382				    1.293
6393				    4.099
6405				    1.229
6417				    4.099
6429				    3.389
6441				    2.556
6452				    6.385
6464				    2.641
6475				    2.973
6487				    2.403
6498				    2.619
6510				    3.197
6521				    2.343
6533				    3.414
6544				    5.011
6556				    3.564
6568				    5.011
6579				    3.564
6591				    5.011
6602				    3.564
6614				    5.011
6625				    19.904
6638				    3.884
6649				    5.111
6661				    5.61
6673				    6.403
6685				    5.61
6697				    7.843
6709				    5.61
6721				    7.843
6733				    12.002
6745				    9.064
6756				    1.369
6768				    2.187
6779				    4.205
6790				    3.635
6801				    2.484
6813				    3.323
6825				    4.934
6837				    3.341
6849				    0.903
6860				    3.514
6872				    1.762
6884				    2.359
6895				    0.839
6907				    2.359
6919				    3.126
6930				    2.703
6942				    2.055
6953				    3.044
6965				    2.883
6977				    3.268
6989				    2.429
7000				    3.054
7012				    2.446
7023				    1.569
7035				    2.045
7047				    1.586
7058				    1.863
7070				    1.586
7081				    2.648
7093				    3.541
7104				    1.777
7116				    2.668
7128				    1.482
7140				    2.668
7151				    1.06
7163				    1.866
7174				    1.386
7186				    1.982
7198				    1.265
7209				    2.491
7221				    1.116
7233				    2.508
7244				    1.121
7256				    1.027
7268				    1.641
7279				    2.26
7291				    1.733
				    2.293
				    2.223
				    2.293
				    2.692
				    4.38
				    4.264
				    7.954
				    2.9
				    2.869
				    2.274
				    3.133
				    2.242
				    3.133
				    4.334
				    1.664
				    2.965
				    2.173
				    3.833
				    4.955
				    5.523
				    10.18
				    2.664
				    9.006
				    3.879
				    7.335
				    3.068
				    5.045
				    3.068
				    5.045
				    3.068
				    5.045
				    17.093
				    5.045
				    17.586
				    19.935
				    2.423
				    13.368
				    2.423
				    13.368
				    2.423
				    13.368
				    9.395
				    13.368
				    9.395
				    13.368
				    20.995
				    30.516
				    22.472
				    29.833
				    10.34
				    24.383
				    4.81
				    8.875
				    6.888
				    12.764
				    8.526
				    14.202
				    9.185
				    14.202
				    1.26
				    10.306
				    2.73
				    3.718
				    2.874
				    2.575
				    2.874
				    2.575
				    3.036
				    3.766
				    3.957
				    2.403
				    4.078
				    2.894
				    5.037
				    5.176
				    3.225
				    6.578
				    3.927
				    5.374
				    2.863
				    2.556
				    2.804
				    1.882
				    1.996
				    1.148
				    2.508
				    3.817
				    4.389
				    2.323
