20614				    3.433
20626				    147.871
20637				    3.433
20649				    147.871
20660				    6.464
20672				    147.871
20683				    6.464
20694				    147.871
20705				    5.106
20717				    147.871
20728				    2.871
20740				    147.871
20752				    2.871
20763				    147.871
20774				    6.188
20785				    147.871
20796				    6.24
20808				    147.871
20819				    10.806
20830				    147.871
20841				    10.676
20853				    147.871
20864				    5.93
20876				    147.871
20887				    2.414
20898				    147.871
20910				    7.951
20921				    147.871
20932				    7.951
20943				    147.871
20955				    18.375
20966				    147.871
20977				    12.451
20988				    147.871
21000				    12.451
21011				    147.871
21022				    7.482
21033				    147.871
21045				    5.551
21056				    147.871
21068				    6.782
21079				    147.871
21091				    5.94
21102				    147.871
21113				    3.814
21124				    147.871
21136				    6.775
21147				    147.871
21159				    6.741
21170				    147.871
21181				    9.722
21193				    147.871
21204				    8.837
21216				    147.871
21227				    5.492
21239				    147.871
21250				    5.492
21261				    75.094
21272				    12.737
21284				    26.733
21295				    12.737
21306				    26.733
21317				    12.737
21328				    26.733
21340				    16.924
21351				    26.733
21363				    16.191
21374				    26.733
21385				    18.877
21397				    26.733
21408				    19.006
21419				    26.733
21430				    18.83
21441				    26.733
21453				    11.456
21465				    26.733
21476				    11.577
21488				    26.733
21499				    8.252
21510				    26.733
21521				    8.252
21532				    26.733
21544				    4.028
21555				    26.733
21566				    4.026
21577				    26.733
21589				    4.026
21600				    26.733
21611				    4.9
21622				    26.733
21634				    4.9
21645				    26.733
21657				    6.737
21668				    26.733
21679				    4.343
21691				    26.733
21702				    3.466
21713				    26.733
21725				    6.008
21736				    26.733
21747				    4.343
21759				    26.733
21770				    5.79
21781				    26.733
21792				    5.79
21804				    26.733
21815				    7.025
21826				    26.733
21838				    7.025
21849				    26.733
21860				    10.845
21871				    26.733
21883				    10.845
21895				    20.114
21906				    12.433
21917				    6.777
21928				    12.433
21940				    5.333
21952				    12.433
21963				    7.053
21974				    11.706
21985				    7.053
21997				    4.373
22008				    7.053
22020				    4.373
22031				    7.053
22042				    4.373
22054				    7.053
22065				    7.936
22076				    7.053
22087				    7.936
22099				    7.053
22110				    7.936
22121				    7.053
22132				    12.847
22143				    7.053
22155				    6.915
22166				    7.053
22177				    7.872
22188				    7.053
22200				    7.872
22211				    7.053
22222				    4.444
22235				    7.053
22246				    4.182
22257				    7.053
22268				    8.554
22280				    7.053
22291				    3.731
22303				    7.053
22314				    4.178
22326				    7.053
22337				    4.178
22348				    7.053
22360				    4.178
22371				    7.053
22383				    6.234
22395				    7.053
22406				    8.157
22418				    7.053
22429				    8.847
22440				    7.053
22452				    9.288
22463				    12.625
22474				    9.504
22485				    12.625
22497				    9.504
22508				    4.638
22520				    9.351
22531				    2.449
22543				    11.034
22555				    2.075
22567				    5.242
22579				    2.075
22591				    7.313
22602				    2.075
22613				    7.441
22624				    2.075
22636				    9.061
22647				    2.075
22658				    7.082
22669				    2.075
22680				    7.082
22692				    2.075
22703				    6.861
22715				    2.075
22726				    8.718
22737				    2.075
22748				    3.099
22760				    2.075
22771				    2.574
22782				    2.075
22794				    7.154
22805				    2.075
22816				    3.751
22828				    2.075
22839				    3.371
22851				    2.075
22862				    5.098
22874				    10.805
22885				    5.098
22896				    10.805
22908				    8.613
22919				    12.48
22931				    8.613
22942				    7.551
22954				    7.619
22965				    4.534
22976				    7.619
22987				    3.648
22999				    7.619
23010				    3.648
23021				    11.456
23032				    11.402
23044				    11.456
23055				    11.402
23067				    3.209
23078				    11.402
23089				    3.401
23100				    11.402
23112				    5.254
23124				    11.402
23135				    10.582
23146				    11.402
23157				    9.287
23168				    11.402
23180				    4.478
23191				    11.402
23203				    4.478
23214				    11.402
23225				    4.497
23236				    11.402
23248				    4.497
				    11.402
				    6.258
				    11.402
				    5.825
				    11.402
				    5.474
				    4.855
				    5.474
				    4.855
				    5.474
				    4.855
				    4.634
				    1.448
				    4.634
				    0.747
				    4.634
				    0.747
				    4.634
				    1.259
				    4.634
				    3.105
				    12.86
				    8.761
				    12.86
				    8.761
				    12.86
				    2.107
				    14.368
				    2.107
				    20.892
				    2.188
				    20.892
				    2.188
				    28.162
				    8.626
				    19.128
				    16.3
				    19.128
				    16.3
				    12.573
				    16.3
				    12.678
				    16.3
				    12.678
				    16.3
				    12.678
				    16.3
				    5.398
				    16.3
				    5.496
				    16.3
				    3.761
				    16.3
				    2.186
				    16.3
				    7.714
				    16.3
				    10.05
				    16.3
				    11.301
				    16.3
				    3.079
				    16.3
				    4.702
				    16.3
				    11.892
				    16.3
				    8.87
				    29.782
				    8.87
				    25.446
				    7.036
				    19.617
				    8.162
				    3.953
				    9.252
				    4.5
				    9.252
				    6.719
				    13.442
				    7.29
				    13.442
				    6.31
				    13.442
				    5.022
				    25.994
				    7.489
				    25.994
				    6.853
				    25.994
				    3.09
				    25.994
				    3.09
				    25.994
				    12.191
				    33.816
				    5.471
				    33.816
				    5.197
				    33.816
				    2.641
				    33.816
				    2.641
				    33.816
				    8.826
				    33.816
				    10.318
				    33.816
				    11.68
				    33.816
				    16.745
				    66.625
				    9.251
				    66.625
				    9.251
				    65.212
				    9.837
				    61.609
				    1.109
				    61.609
				    4.038
				    61.609
				    4.038
				    65.061
				    4.038
				    8.67
				    4.038
				    8.9
				    4.038
				    4.839
				    19.987
				    4.295
				    19.987
				    4.297
				    19.987
				    5.765
				    19.987
				    6.521
				    19.987
				    6.521
				    19.987
				    4.738
				    19.987
				    3.147
				    19.987
				    3.68
				    19.987
				    4.58
				    19.341
				    4.58
				    19.341
				    7.266
				    13.177
				    8.872
				    0.992
				    8.872
				    1.928
				    6.75
				    1.694
				    8.716
				    6.644
				    15.16
				    6.265
				    15.16
				    6.661
				    14.299
				    2.214
				    14.299
				    2.784
				    14.299
				    2.784
				    14.299
				    3.085
				    14.299
				    1.692
				    14.299
				    5.341
				    14.299
				    6.918
				    14.299
				    2.828
				    14.299
				    3.418
				    14.299
				    0.542
				    14.299
				    3.603
				    36.067
				    5.347
				    38.834
				    6.633
				    39.433
				    6.633
				    41.176
				    6.633
				    35.114
				    6.633
				    9.699
				    6.633
				    8.325
				    6.633
				    6.859
				    6.633
				    5.738
				    6.633
				    4.404
				    6.633
				    4.404
				    6.633
				    4.404
				    6.633
				    10.731
				    6.633
				    4.408
				    6.633
				    4.252
				    6.633
				    4.252
				    6.633
				    8.762
				    6.633
				    6.55
				    6.633
				    6.55
				    6.633
				    11.129
				    6.633
				    15.104
				    6.633
				    15.104
				    15.029
				    15.104
				    44.697
