5686				    1.3	
5698				    1.3	
5710				    1.3	
5721				    1.3	
5733				    1.3	
5745				    1.3	
5756				    1.3	
5768				    1
5780				    1.9	
5792				    1.9	
5804				    1.9	
5815				    1.9	
5827				    1.9	
5839				    1.9	
5851				    1.9	
5863				    2.9	
5875				    2.9	
5886				    2.9	
5898				    3.0	
5909				    3.0	
5921				    3.0	
5932				    3.0	
5944				    3.0	
5956				    3.0	
5967				    4.1	
5979				    5.1	
5991				    6.2	
6002				    6.2	
6014				    6.2	
6025				    6.2	
6037				    6.2	
6049				    6.2	
6060				    6.2	
6073				    7.9	
6084				    8.1	
6096				    8.7	
6107				    8.7	
6119				    10.0	
6131				    10.0	
6142				    10.1	
6153				    10.1	
6165				    10.1	
6177				    10.1	
6188				    10.4	
6200				    10.4	
6212				    10.4
6224				    10.5
6236				    10.2
6248				    10.1
6259				    9.3
6271				    9.3
6283				    8.7
6295				    7.9
6307				    7.9
6319				    7.9
6331				    7.9
6343				    7.9
6355				    7.9
6366				    7.9
6378				    7.9
6390				    7.9
6401				    7.5
6413				    7.0
6425				    6.9
6436				    7.3
6448				    7.3
6460				    7.3
6472				    7.6
6484				    7.6
6495				    7.5
6507				    7.3
6519				    6.8
6530				    6.8
6542				    6.8
6554				    7.1
6565				    7.1
6577				    7.2
6588				    7.2
6600				    7.2
6612				    6.9
6624				    6.9
6636				    7.0
6648				    7.0
6659				    7.2
6672				    7.2
6683				    6.9
6696				    7.2
6707				    7.2
6719				    7.2
6731				    7.1
6743				    7.1
6755				    7.1
6767				    7.0
6779				    7.0
6791				    7.0
6803				    6.8
6814				    6.8
6826				    6.8
6837				    6.8
6849				    6.8
6860				    6.8
6872				    6.6
6884				    6.6
6896				    6.6
6908				    6.1
6920				    6.2
6931				    6.2
6943				    5.9
6955				    5.8
6967				    5.8
6979				    5.8
6991				    5.9
7003				    5.9
7015				    6.1
7027				    6.2
7039				    6.4
7051				    6.4
7063				    6.4
7075				    6.3
7088				    6.3
7100				    6.4
7112				    6.8
7124				    7.3
7136				    7.3
7148				    7.3
7160				    7.4
7172				    7.5
7184				    7.5
7195				    7.3
7207				    7.2
7219				    7.4
7232				    7.4
7243				    7.4
