12963				    52.167
12975				    52.167
12986				    52.167
12997				    52.729
13009				    25.214
13020				    25.214
13032				    25.214
13043				    9.559
13055				    1.734
13067				    1.734
13078				    2.088
13090				    1.626
13102				    6.098
13113				    2.302
13125				    3.861
13136				    3.861
13148				    2.165
13159				    1.724
13171				    1.724
13182				    9.004
13193				    6.107
13205				    5.782
13216				    6.091
13227				    8.553
13239				    2.296
13250				    1.455
13263				    1.058
13274				    4.865
13286				    4.865
13297				    13.895
13309				    2.044
13321				    1.455
13332				    1.455
13343				    9.189
13355				    3.311
13367				    0.225
13378				    1.061
13389				    1.061
13401				    11.292
13412				    12.826
13424				    0.667
13435				    0.639
13447				    1.825
13459				    7.694
13471				    7.694
13482				    10.19
13493				    10.19
13505				    12.888
13516				    14.199
13528				    3.786
13539				    4.724
13550				    4.724
13562				    4.724
13573				    4.724
13585				    4.724
13596				    29.333
13608				    29.333
13619				    50.75
13631				    24.389
13642				    7.923
13654				    11.083
13665				    13.543
