13122				    2.8	
13134				    2.8	
13146				    2.8	
13158				    4.7	
13170				    5.3	
13182				    5.3	
13194				    6.1	
13206				    10.1	
13218				    10.2	
13230				    11.2	
13242				    11.8	
13254				    11.8	
13266				    11.8	
13278				    9.5	
13290				    14.8	
13302				    14.8	
13314				    18.6	
13325				    23.4	
13337				    24.4	
13349				    25.3	
13361				    35.6	
13372				    45.1	
13384				    48.5	
13396				    55.6	
13408				    51.4	
13420				    76.9	
13432				    81.5
13444				    79.4
13455				    57.6
13467				    51.8
13479				    32.1
13491				    17.8
13503				    8.7
13516				    25.8
13528				    27.5
13540				    29.3
13552				    33.4
13563				    33.4
