0				    10
11				    10
21				    10
32				    16
43				    20
54				    20
65				    27
76				    31
87				    40
98				    46
109				    54
120				    69
131				    80
142				    82
153				    115
164				    140
175				    156
185				    160
196				    170
207				    202
218				    228
228				    267
239				    291
250				    297
261				    306
272				    323
283				    328
294				    384
305				    419
316				    439
327				    475
338				    493
349				    511
360				    574
370				    585
382				    585
393				    598
403				    610
414				    612
425				    616
436				    646
447				    646
458				    694
468				    721
479				    727
490				    765
502				    766
