5018				    49.674
5030				    49.674
5041				    49.674
5052				    49.674
5064				    48.499
5075				    48.499
5086				    48.499
5097				    48.499
5108				    48.499
5119				    51.653
5130				    57.473
5141				    62.486
5152				    68.945
5163				    70.259
5174				    71.587
5183				    71.587
5190				    71.587
5197				    73.739
5203				    75.354
5210				    78.626
5216				    79.005
5223				    78.508
5230				    77.087
5236				    77.01
5243				    77.349
5249				    77.307
5256				    77.307
5262				    77.307
5269				    73.953
5275				    73.863
5282				    74.128
5289				    75.204
5295				    75.758
5302				    76.688
5308				    76.688
5315				    80.551
5321				    79.922
5328				    80.019
5334				    80.019
5341				    78.191
5347				    78.003
5354				    76.4
5360				    77.343
5367				    78.702
5374				    80.391
5380				    82.617
5387				    83.154
5393				    83.133
5400				    79.224
5407				    79.224
5413				    79.224
5420				    79.224
5427				    79.224
5433				    79.224
5440				    87.459
5447				    93.96
5454				    114.492
5460				    106.938
5467				    104.823
5473				    102.129
5480				    100.997
5486				    100.498
5493				    97.838
5500				    97.72
5506				    98.557
5513				    100.063
5520				    87.628
5526				    75.029
5533				    71.237
5539				    74.281
5546				    75.993
5552				    79.694
5559				    84.037
5565				    86.565
5572				    92.34
5579				    94.164
5585				    96.196
5592				    100.319
5600				    105.994
5611				    105.994
5622				    108.282
5633				    109.498
5645				    110.982
5656				    111.494
5667				    114.183
5678				    112.602
5689				    112.602
5701				    120.622
5712				    124.067
5723				    126.85
5735				    127.551
5745				    127.936
5753				    133.1
5762				    136.818
5771				    138.15
5779				    139.563
5787				    139.602
5796				    146.402
5804				    142.093
5812				    141.402
5820				    143.768
5829				    144.802
5837				    144.802
5845				    144.802
5853				    144.802
5861				    144.802
