13211				    30.045
13219				    30.045
13227				    30.045
13235				    30.045
13244				    30.045
13252				    30.045
13260				    30.045
13269				    9.974
13277				    4.654
13285				    4.654
13294				    4.654
13302				    4.654
13310				    6.358
13319				    5.868
13332				    6.861
13343				    6.861
13354				    7.185
13365				    8.729
13376				    8.729
13388				    4.132
13398				    4.221
13409				    4.221
13420				    4.221
13431				    3.114
13443				    3.114
13454				    6.276
13465				    5.905
13476				    5.905
13487				    10.446
13499				    10.557
13509				    3.154
13520				    2.842
13531				    3.702
13542				    3.221
13553				    5.043
13564				    5.043
13576				    15.019
13587				    6.62
13598				    6.697
13609				    4.855
13620				    3.031
13631				    2.579
13642				    4.385
13653				    3.566
13664				    6.682
13675				    6.682
13687				    7.583
13698				    7.583
13709				    3.648
13720				    7.807
13731				    7.807
13743				    7.807
13754				    4.221
13765				    4.545
13776				    4.545
13787				    6.112
13798				    5.354
13809				    5.392
13820				    4.606
13831				    5.835
13842				    1.037
13853				    8.674
13865				    8.206
13876				    0.943
13887				    1.972
13898				    2.43
13909				    5.1
13920				    6.977
13931				    4.743
13942				    3.153
13954				    4.561
13965				    1.481
13976				    1.132
