0				    33.639
4				    33.639
9				    33.639
13				    33.639
18				    33.639
23				    33.639
27				    33.639
32				    33.639
36				    33.639
41				    33.639
46				    33.639
50				    25.102
55				    25.102
59				    4.983
64				    4.983
68				    4.983
73				    4.983
78				    4.983
83				    4.983
88				    4.983
93				    4.983
98				    4.983
103				    4.983
107				    4.983
112				    2.405
117				    0.265
122				    0.265
127				    0.265
131				    0.265
136				    0.265
141				    0.265
146				    0.265
151				    1.435
156				    2.691
161				    2.874
166				    2.319
171				    2.319
175				    2.104
180				    2.104
185				    3.811
190				    8.032
195				    8.032
200				    10.649
205				    12.703
210				    12.703
215				    12.703
220				    12.703
225				    12.703
230				    12.703
235				    12.703
240				    12.318
245				    12.318
250				    12.138
255				    5.436
259				    5.436
264				    4.551
269				    4.214
274				    4.214
279				    7.112
284				    8.719
289				    8.719
294				    10.015
299				    10.015
303				    11.737
308				    10.774
313				    10.774
318				    11.918
323				    11.918
328				    11.918
334				    18.095
339				    18.095
345				    18.095
350				    22.407
355				    21.171
361				    21.171
366				    21.171
372				    21.171
377				    21.171
383				    21.171
389				    21.171
394				    21.171
400				    21.171
405				    27.535
412				    27.535
416				    27.535
421				    27.535
426				    27.535
431				    31.043
435				    31.043
440				    10.619
444				    10.619
448				    10.619
452				    10.619
457				    7.071
461				    7.071
465				    6.966
469				    6.966
473				    8.274
477				    6.272
481				    4.191
485				    4.191
490				    3.142
494				    3.142
498				    1.329
502				    1.329
506				    2.967
510				    2.967
514				    7.536
518				    7.536
522				    7.536
526				    7.536
530				    10.346
534				    10.346
538				    11.385
542				    11.385
546				    7.515
550				    7.515
555				    8.085
559				    6.658
564				    6.658
569				    5.921
573				    5.921
578				    7.261
582				    7.261
587				    7.261
592				    7.009
596				    8.887
601				    8.933
606				    8.933
611				    8.933
616				    7.315
622				    7.315
629				    7.315
635				    7.315
642				    7.315
648				    7.315
655				    7.315
662				    7.315
669				    7.72
676				    7.72
682				    10.916
689				    13.49
696				    13.49
703				    13.49
710				    24.023
717				    24.676
723				    24.676
730				    24.676
737				    24.676
743				    24.676
750				    24.676
757				    23.127
763				    23.127
770				    10.581
777				    10.581
783				    10.581
790				    5.55
796				    5.55
803				    5.434
810				    2.725
816				    2.725
823				    2.725
830				    9.748
837				    6.953
843				    6.953
850				    5.647
857				    3.946
863				    3.946
870				    4.441
877				    4.441
883				    6.559
890				    6.559
897				    6.559
903				    3.934
910				    3.4
917				    3.4
924				    3.4
930				    5.231
937				    5.321
944				    5.321
951				    5.569
958				    5.569
965				    5.569
972				    5.569
979				    5.569
985				    5.569
990				    11.447
995				    11.447
1000				    11.447
1004				    11.447
1009				    11.447
1013				    11.447
1018				    11.447
1023				    11.447
1028				    10.661
1033				    10.661
1037				    10.661
1042				    15.442
1047				    16.014
1052				    16.014
1057				    16.014
1061				    14.761
1066				    13.658
1071				    13.658
1075				    10.759
1080				    10.759
1085				    10.759
1089				    10.759
1094				    10.759
1099				    10.853
1103				    10.853
1108				    10.853
1112				    8.882
1117				    8.995
1121				    8.995
1126				    8.995
1130				    6.377
1135				    6.377
1139				    6.377
1144				    6.377
1149				    6.377
1154				    6.377
1158				    5.085
1163				    5.085
1167				    4.733
1172				    6.575
1177				    6.575
1181				    8.92
1186				    8.92
1191				    5.489
1196				    4.588
1200				    4.588
1205				    6.007
1209				    6.007
1214				    4.946
1219				    5.787
1224				    5.787
1228				    5.787
1233				    5.787
1238				    8.894
1243				    7.528
1247				    7.528
1252				    4.404
1257				    4.404
1262				    4.711
1266				    6.884
1271				    6.884
1276				    6.884
1281				    6.884
1285				    6.884
1290				    7.027
1295				    7.027
1300				    8.736
1305				    8.736
1310				    8.736
1314				    8.864
1319				    8.864
1324				    10.415
1328				    10.415
1334				    10.415
1346				    18.334
1357				    18.334
1369				    18.334
1381				    18.334
1392				    18.491
1404				    15.805
1416				    12.293
1428				    12.293
1439				    12.293
1450				    12.832
1462				    12.832
1473				    7.267
1485				    7.267
1497				    8.095
1508				    6.013
1520				    6.195
1532				    4.293
1543				    3.68
1555				    3.172
1566				    3.83
1577				    7.076
1590				    6.429
