26628				    33.551
26639				    33.551
26650				    33.551
26661				    33.551
26672				    24.874
26683				    4.487
26694				    4.487
26705				    4.487
26716				    5.992
26727				    6.188
26738				    1.888
26749				    1.888
26760				    2.177
26771				    2.61
26782				    0.603
26793				    6.285
26805				    4.792
26816				    5.927
26827				    2.482
26838				    4.248
26849				    4.134
26860				    2.833
26871				    2.833
26882				    13.164
26893				    4.126
26904				    1.598
26916				    7.896
26926				    9.706
26937				    9.706
26949				    4.899
26960				    8.838
26971				    6.092
26982				    0.694
26993				    1.726
27004				    4.019
27015				    6.508
27026				    2.441
27037				    2.378
27048				    2.378
27059				    5.401
27070				    2.186
27081				    2.186
27092				    8.653
27103				    6.4
27114				    6.983
27125				    5.572
27136				    1.593
27147				    6.093
27158				    3.783
27169				    4.337
27180				    2.303
27191				    6.126
27202				    0.381
27214				    1.427
27225				    3.673
27236				    3.673
27247				    3.784
27258				    4.723
27269				    3.619
27281				    6.05
27291				    4.841
27302				    2.431
