10411				    41.078
10419				    41.078
10427				    41.078
10436				    41.078
10444				    38.318
10452				    41.204
10460				    41.204
10468				    41.204
10476				    36.331
10484				    35.28
10492				    37.874
10500				    37.874
10509				    35.686
10517				    37.267
10526				    37.44
10537				    36.278
10548				    36.278
10560				    41.884
10572				    45.866
10583				    46.705
10594				    39.183
10605				    39.835
10617				    43.715
10628				    48.175
10639				    45.856
10651				    47.249
10662				    53.67
10674				    60.722
10686				    58.699
10697				    62.683
10709				    63.658
10720				    65.373
10732				    68.026
