5730				    2.9	
5742				    2.9	
5753				    2.9	
5764				    5.5
5776				    5.5
5787				    5.5
5799				    8.1
5810				    11.0
5821				    10.9
5833				    14.3
5844				    16.2
5855				    18.3
5866				    19.7
5877				    19.7
5888				    19.7
5899				    16.4
5911				    28.7
5922				    28.7
5933				    32.5
5944				    36.6
5955				    38.8
5966				    35.0
5978				    53.1
5989				    60.3
6000				    58.3
6011				    62.1
6023				    69.5
6035				    77.6
6043				    75.0
6050				    73.7
6056				    71.3
6063				    76.5
6070				    75.8
6077				    74.1
6083				    76.6
6090				    76.9
6097				    71.2
6104				    68.8
6110				    67.5
6117				    66.7
6124				    66.7
6130				    66.7
