2983				    5.538
2990				    20.496
2997				    5.538
3004				    20.496
3011				    5.277
3019				    20.496
3026				    5.422
3033				    20.496
3040				    5.091
3047				    20.496
3054				    5.091
3060				    20.496
3067				    5.091
3074				    20.496
3081				    7.485
3088				    17.964
3095				    7.485
3102				    8.466
3109				    7.996
3116				    8.466
3123				    7.996
3130				    8.466
3137				    10.678
3144				    8.466
3151				    12.984
3158				    8.466
3165				    6.25
3172				    8.466
3179				    6.25
3187				    8.466
3194				    6.25
3201				    8.466
3208				    5.722
3215				    7.396
3222				    5
3229				    3.407
3236				    5.36
3243				    3.328
3250				    5.36
3257				    3.328
3264				    5.36
3271				    3.328
3278				    5.36
3285				    3.328
3292				    10.865
3299				    13.178
3306				    16.001
3313				    13.351
3320				    16.001
3327				    13.516
3334				    16.001
3341				    13.516
3348				    18.195
3355				    17.97
3362				    18.195
3370				    17.97
3377				    16.643
3384				    17.97
3391				    16.643
3398				    17.97
3405				    18.391
3411				    18.24
3419				    18.391
3425				    18.24
3433				    18.391
3440				    18.24
3447				    21.389
3454				    24.737
3461				    21.957
3468				    26.966
3475				    21.957
3482				    26.966
3488				    25.107
3496				    27.338
3503				    25.869
3510				    27.338
3516				    25.65
3523				    24.126
3530				    25.65
3537				    24.126
3544				    25.65
3551				    23.329
3558				    21.309
3565				    18.819
3572				    21.309
3579				    18.819
3586				    21.309
3593				    18.819
3600				    21.309
3608				    18.819
3615				    22.081
3622				    18.577
3629				    10.391
3636				    11.298
3643				    10.524
3650				    11.298
3657				    11.079
3664				    14.722
3671				    11.079
3678				    14.722
3685				    11.6
3692				    15.271
3699				    14.853
3706				    19.604
3713				    14.853
3720				    19.604
3727				    14.853
3734				    19.604
3740				    15.419
3748				    19.604
3759				    15.967
3771				    9.928
3782				    15.86
3793				    9.941
3805				    15.86
3816				    9.941
3827				    12.432
3839				    9.941
3850				    7.149
3861				    8.974
3872				    6.409
3883				    5.362
3895				    6.409
3906				    4.461
3917				    4.459
3928				    3.882
3939				    4.459
3950				    3.882
3962				    4.459
3973				    3.882
3984				    4.687
3995				    3.882
4007				    4.216
4019				    4.477
4030				    4.657
4041				    5.932
4053				    4.657
4064				    5.932
4075				    4.657
4087				    5.311
4099				    5.914
4110				    5.33
4121				    4.953
4133				    2.999
4144				    4.953
4155				    2.999
4166				    4.699
4177				    4.654
4189				    3.405
4200				    5.775
4211				    4.101
4222				    5.987
4233				    4.101
4244				    5.46
4255				    5.724
4266				    5.46
4277				    6.993
4288				    5.46
4299				    8.598
4311				    3.635
4322				    8.598
4333				    5.395
4345				    11.327
4356				    6.378
4367				    12.582
				    6.378
				    12.675
				    5.735
				    12.675
				    7.083
				    13.097
				    7.083
				    13.097
				    7.083
				    13.097
				    15.362
				    13.097
				    17.092
				    21.682
				    19.469
				    21.682
				    22.831
				    21.682
				    22.831
				    21.682
				    24.563
				    31.615
				    22.166
				    31.615
				    22.166
				    31.615
				    22.166
				    41.86
				    26.743
				    41.86
				    26.632
				    41.86
				    27.131
				    51.762
				    24.497
				    51.762
				    23.051
				    60.044
				    18.936
				    60.044
				    18.167
				    52.318
				    12.828
				    35.647
				    11.434
				    27.764
				    11.434
				    27.764
				    10.675
				    27.764
				    10.675
				    27.764
				    10.675
				    27.697
				    5.036
				    12.488
				    2.357
				    12.488
				    2.357
				    13.524
				    7.7
				    14.15
				    9.196
				    15.096
				    9.978
				    16.03
				    6.122
				    19.209
				    5.001
				    18.802
				    4.334
				    15.86
				    3.934
				    15.86
				    3.934
				    14.594
				    1.847
				    11.781
				    0.916
				    9.98
				    5.105
				    9.98
				    5.105
				    12.719
				    11.835
				    10.047
				    9.518
				    8.219
				    9.518
				    6.356
				    2.2
				    6.396
				    2.2
				    6.421
				    2.179
				    5.399
				    1.718
				    5.399
				    1.718
				    6.157
				    6.161
				    7.56
				    8.991
				    7.56
				    9.19
				    9.837
				    8.806
				    10.159
				    9.701
				    10.763
				    7.937
				    9.22
				    3.073
				    6.662
				    3.258
				    6.662
				    3.258
				    6.662
				    3.258
				    9.133
				    8.372
				    9.133
				    6.308
				    8.282
				    7.199
				    10.428
				    9.753
				    10.428
				    9.753
				    18.768
				    8.904
				    7.232
				    7.198
				    7.632
				    7.198
				    7.632
				    7.198
				    5.43
				    6.506
				    6.597
				    6.77
				    6.597
				    6.77
				    6.473
				    5.326
				    6.473
				    4.395
				    5.701
				    3.926
				    6.102
				    4.307
				    5.035
				    4.403
				    5.035
				    3.637
				    4.939
				    3.707
				    4.939
				    5.016
				    7.659
				    7.274
				    7.032
				    8.121
				    8.535
				    7.05
