14224				    2.9	
14230				    2.9	
14236				    2.9	
14242				    2.9	
14248				    2.9	
14254				    2.9	
14260				    3.6
14266				    5.5
14272				    5.5
14278				    5.5
14284				    5.5
14291				    5.5
14297				    7.8
14303				    8.7
14309				    8.7
14315				    9.5
14321				    10.1
14327				    10.1
14333				    10.5
14339				    10.5
14346				    10.5
14352				    10.5
14358				    10.5
14364				    10.5
14371				    10.5
14377				    10.5
14383				    10.5
14389				    10.5
14395				    10.5
14401				    10.5
14408				    6.6
14414				    6.9
14419				    6.9
14425				    6.9
14431				    6.9
14438				    8.7
14444				    9.3
14450				    10.9
14456				    12.1
14462				    14.8
14469				    16.1
14480				    25.1
14491				    31.1
14502				    38.0
14513				    43.9
14523				    45.9
14534				    49.7
14547				    68.1
14557				    73.0
14568				    76.1
14579				    70.2
14591				    71.8
14602				    66.3
14613				    61.7
14624				    59.6
14635				    73.2
14646				    75.3
14658				    71.1
14669				    69.5
