4107				    39.054
4119				    39.054
4130				    39.054
4142				    39.054
4154				    42.909
4166				    42.909
4177				    42.909
4189				    42.227
4200				    45.242
4212				    45.687
4224				    45.687
4235				    41.784
4247				    47.915
4260				    48.169
4272				    46.706
4283				    43.446
4295				    45.341
4307				    51.933
4319				    61.657
4331				    55.722
4343				    58.375
4354				    58.375
4366				    70.097
4377				    77.594
4390				    75.77
4402				    77.232
4414				    62.844
4426				    56.9
4438				    56.975
4450				    69.789
4462				    79.609
4474				    79.5
4486				    85.999
4498				    93.7
4510				    95.144
4523				    80.324
4534				    74.392
4546				    69.593
4558				    65.394
4570				    65.394
4582				    65.394
4594				    65.394
4606				    65.394
4618				    65.394
4630				    65.394
4642				    65.394
4654				    65.394
4666				    65.394
