11356				    19.005
11367				    19.005
11379				    19.005
11390				    16.393
11401				    4.503
11413				    4.503
11424				    4.557
11436				    2.549
11448				    5.098
11459				    4.936
11471				    2.9
11483				    2.827
11494				    4.319
11506				    1.343
11517				    1.545
11529				    2.185
11541				    2.286
11552				    1.276
11564				    1.036
11575				    2.663
11587				    2.264
11597				    11.215
11605				    8.054
11614				    9.468
11622				    12.837
11631				    10.397
11639				    10.815
11648				    10.815
11656				    15.239
11665				    16.131
11673				    12.235
11681				    6.244
11689				    0.822
11697				    1.281
11706				    0.996
11714				    2.546
11722				    3.88
11731				    3.88
11739				    14.416
11747				    14.416
11756				    20.065
11764				    4.127
11772				    3.24
11780				    5.487
11789				    5.487
11797				    9.044
11805				    12.489
11814				    12.408
11822				    5.395
11831				    1.559
11839				    2.673
11847				    2.673
11856				    2.673
11864				    15.529
11873				    1.869
11881				    1.993
11890				    2.977
11898				    3.36
11907				    2.071
11916				    1.254
11925				    1.216
11933				    0.854
11941				    6.883
11949				    5.798
11957				    5.798
