35540				    60.612
35551				    60.612
35563				    60.612
35575				    60.612
35586				    60.612
35597				    60.238
35609				    69.008
35620				    69.008
35632				    69.008
35643				    69.008
35655				    66.05
35667				    54.807
35678				    54.807
35690				    54.807
35701				    54.807
35712				    54.807
35724				    59.764
35736				    66.847
35748				    72.886
35760				    55.372
35771				    55.372
35783				    53.879
35795				    56.162
35807				    56.162
35819				    67.215
35830				    70.009
35841				    74.944
35853				    76.203
35864				    70.805
35876				    71.529
35887				    77.381
35899				    81.218
35910				    91.5
35922				    91.5
35932				    110.735
35939				    111.966
35945				    111.966
35951				    111.966
35956				    125.314
35962				    125.314
35967				    125.506
35973				    121.307
35981				    121.614
35992				    130.567
36004				    137.842
36015				    139.413
36026				    154.082
36038				    170.577
36049				    171.849
36060				    175.839
36072				    179.486
36084				    180.268
36095				    193.341
36107				    209.317
36118				    209.317
36129				    221.115
36141				    229.383
36152				    241.455
36164				    243.278
36175				    246.244
36187				    253.209
36199				    255.147
36210				    270.709
36221				    265.897
36233				    272.867
36244				    280.82
36256				    282.953
36267				    291.207
36279				    299.766
36290				    299.766
36302				    309.234
36313				    312.771
36324				    314.294
36336				    332.969
36347				    344.566
36359				    337.22
36371				    342.572
36382				    345.949
36393				    347.162
36405				    355.781
36416				    363.712
36428				    363.712
36439				    363.712
36452				    382.268
