1615				    63.904
1626				    63.904
1637				    63.904
1649				    63.904
1660				    63.904
1671				    63.556
1682				    67.291
1693				    67.291
1705				    67.291
1715				    67.291
1727				    67.291
1738				    61.484
1749				    61.484
1761				    61.484
1772				    61.484
1783				    61.484
1794				    61.484
1805				    61.484
1816				    74.216
1827				    74.216
1838				    94.302
1850				    108.881
1862				    108.881
1873				    111.181
1884				    111.181
1896				    108.062
1907				    97.289
1919				    97.706
1930				    90.707
1941				    92.714
1953				    93.723
1964				    101.154
1975				    100.669
1986				    98.215
1997				    98.215
2009				    98.215
2020				    98.215
2031				    104.061
2043				    108.478
2054				    119.101
2066				    115.971
2077				    115.971
2088				    118.426
2099				    117.901
2111				    117.901
2122				    117.901
2133				    117.901
2144				    108.11
2155				    108.11
2166				    108.11
2178				    103.828
2189				    103.828
2201				    103.828
2212				    103.828
2223				    103.828
2235				    103.828
2246				    109.113
2257				    111.994
2269				    115.922
2282				    109.219
2293				    110.296
2304				    115.679
2315				    121.737
2327				    132.108
2338				    132.108
2349				    132.108
2360				    132.108
2371				    131.715
2383				    131.715
2394				    131.766
2405				    130.471
2416				    130.471
2429				    135.222
2440				    134.804
2452				    134.68
2463				    134.68
2474				    137.417
2485				    139.002
2496				    142.376
2507				    135.382
2519				    135.382
2530				    136.423
2541				    126.876
2552				    125.128
2563				    123.183
2575				    125.214
2586				    124.305
2598				    124.305
2609				    124.305
2620				    124.305
2631				    127.118
2643				    130.771
2654				    126.774
2665				    126.648
2677				    130.857
2688				    132.784
2699				    131.247
2710				    131.247
2722				    135.062
2733				    135.062
2744				    135.062
2755				    133.477
2766				    132.269
2777				    129.91
2789				    129.77
2800				    129.77
2811				    133.84
2822				    134.192
2833				    134.89
2844				    134.89
2856				    140.58
2867				    140.58
2878				    140.58
2889				    140.717
2901				    140.717
2912				    140.717
2923				    140.717
2934				    146.004
2945				    146.277
2956				    145.843
2968				    146.606
2979				    155.231
2990				    146.296
3001				    144.482
3012				    145.43
3023				    143.386
3035				    143.386
3046				    130.833
3058				    130.833
3069				    131.082
3080				    136.116
3091				    129.707
3103				    129.707
3114				    130.364
3125				    132.478
3136				    141.841
3147				    141.841
3159				    141.984
3170				    142.225
3181				    142.225
3192				    145.667
3203				    145.427
3214				    145.427
3226				    145.427
3237				    151.952
3248				    148.939
3259				    149.045
3270				    146.146
3281				    142.356
