2832				    4.125
2841				    22.634
2849				    4.125
2857				    22.634
2865				    3.64
2874				    22.634
2882				    4.338
2890				    22.634
2898				    3.98
2907				    22.634
2916				    3.6
2924				    22.634
2933				    3.6
2941				    22.634
2949				    5.35
2958				    16.39
2966				    5.35
2974				    16.01
2982				    6.201
2990				    12.419
2998				    6.201
3007				    12.419
3015				    4.5
3023				    12.419
3031				    3.15
3039				    12.419
3048				    3.808
3056				    12.419
3064				    3.354
3073				    5.084
3081				    3.354
3089				    5.084
3098				    2.971
3106				    2.886
3114				    2.918
3122				    2.886
3130				    3.113
3138				    3.89
3147				    3.113
3155				    3.89
3164				    4.001
3172				    3.89
3180				    3.362
3188				    1.446
3197				    2.452
3205				    1.586
3214				    2.452
3222				    1.586
3231				    2.452
3239				    1.586
3247				    7.11
3256				    6.388
3264				    3.108
3272				    2.363
3280				    3.284
3288				    2.62
3296				    4.05
3304				    4.436
3312				    2.935
3320				    1.326
3328				    3.273
3337				    2.648
3345				    2.651
3353				    1.845
3362				    2.651
3370				    2.663
3378				    3.651
3386				    2.081
3395				    3.651
3403				    3.25
3411				    3.186
3419				    3.092
3427				    3.186
3436				    3.034
3444				    4.962
3452				    4.44
3460				    4.962
3468				    4.44
3477				    4.962
3485				    4.44
3493				    11.583
3502				    6.178
3510				    11.056
3518				    2.995
3527				    11.056
3535				    2.995
3543				    11.056
3552				    2.995
3560				    11.025
3569				    1.382
3577				    8.691
3586				    1.036
3594				    8.691
3602				    1.036
3611				    7.409
3620				    3.409
3628				    7.409
3637				    2.585
3646				    3.33
3654				    1.331
3662				    3.33
3671				    2.516
3680				    6.112
3688				    4.464
3697				    6.112
3705				    4.464
3714				    7.064
3723				    5.389
3731				    5.431
3740				    3.261
3748				    5.778
3756				    7.204
3764				    6.651
3772				    5.978
3781				    8.563
3789				    6.412
3797				    8.563
3806				    5.672
3814				    7.844
3822				    3.283
3830				    7.844
3838				    3.283
3847				    7.844
3855				    3.283
3863				    7.844
3871				    3.283
3879				    7.844
3887				    3.283
3896				    7.844
3904				    3.283
3912				    22.651
3921				    21.722
3929				    22.651
3938				    21.722
3946				    21.24
3955				    21.722
3963				    12.656
				    7.206
				    12.945
				    8.34
				    12.945
				    8.34
				    7.48
				    3.022
				    5.941
				    1.072
				    6.422
				    2.357
				    6.422
				    4.48
				    6.422
				    1.255
				    6.422
				    1.255
				    10.225
				    11.045
				    10.225
				    10.276
				    10.331
				    1.029
				    10.447
				    0.875
				    10.447
				    0.875
				    3.971
				    1.848
				    3.579
				    1.848
				    4.208
				    5.489
				    4.208
				    6.786
				    4.168
				    6.994
				    3.107
				    6.677
				    3.107
				    6.677
				    6.622
				    7.665
				    6.622
				    8.699
				    9.37
				    7.178
				    9.37
				    7.178
				    9.37
				    7.178
				    4.666
				    2.988
				    4.666
				    2.844
				    2.818
				    3.88
				    3.544
				    1.718
				    4.491
				    1.738
				    4.491
				    1.738
				    4.491
				    1.738
				    5.427
				    4.852
				    5.267
				    4.852
				    4.908
				    4.584
				    5.287
				    4.774
				    6.837
				    6.136
				    7.037
				    6.136
				    7.327
				    6.59
				    7.087
				    6.59
				    8.224
				    9.677
				    7.965
				    9.677
				    7.965
				    7.891
				    4.417
				    3.926
				    4.246
				    4.147
				    4.246
				    4.147
				    6.553
				    4.825
				    4.219
				    2.996
				    4.219
				    2.996
				    4.219
				    2.996
				    4.219
				    2.996
				    11.937
				    6.622
				    8.907
				    5.419
				    5.631
				    3.798
				    5.631
				    3.798
				    6.494
				    3.57
				    6.495
				    3.57
				    3.496
				    2.956
				    3.496
				    2.956
				    3.496
				    2.956
				    7.61
				    10.474
				    4.568
				    3.885
				    4.251
				    3.885
				    4.251
				    4.89
				    4.251
				    6.898
				    4.251
				    6.898
				    2.615
				    4.686
				    3.974
				    3.774
