14221				    10
14232				    10
14242				    10
14253				    10
14263				    20
14274				    20
14285				    20
14296				    28
14307				    40
14318				    42
14329				    50
14339				    61
14350				    70
14361				    92
14372				    109
14383				    118
14394				    134
14405				    185
14415				    232
14426				    253
14437				    286
14448				    299
14458				    342
14469				    371
14480				    427
14490				    503
14501				    518
14512				    594
14523				    614
14533				    696
14544				    748
14555				    758
