9117				    10
9129				    10
9141				    10
9152				    10
9164				    20
9176				    20
9188				    20
9200				    20
9212				    35
9224				    40
9236				    40
9249				    42
9260				    80
9273				    80
9284				    82
9296				    92
9308				    123
9320				    163
9332				    167
9343				    175
9355				    175
9366				    175
9378				    183
9390				    201
9402				    247
9414				    249
9426				    305
9437				    203
9449				    202
9461				    202
9473				    199
9485				    175
9497				    116
9510				    116
9522				    116
9534				    213
9546				    213
9559				    213
9571				    214
9582				    214
9595				    214
