19464				    290.048
19475				    290.048
19486				    290.048
19497				    290.048
19508				    290.048
19518				    290.048
19531				    290.048
19542				    290.048
19553				    290.048
19563				    290.048
19574				    290.048
19585				    290.048
19596				    290.048
19607				    290.048
19617				    290.048
19628				    290.048
19639				    290.048
19650				    290.048
19661				    290.048
19672				    290.048
19683				    290.048
19693				    290.048
19704				    290.048
19716				    290.048
19726				    290.048
19737				    290.048
19748				    290.048
19759				    297.722
19770				    297.722
19781				    297.722
19791				    297.722
19802				    297.722
19813				    297.722
19824				    297.722
19835				    297.722
19846				    297.722
19857				    297.722
19868				    297.722
19878				    297.722
19889				    297.722
19900				    297.722
19911				    297.722
19922				    297.722
19933				    297.722
19944				    297.722
19955				    297.722
19966				    297.722
19977				    297.722
19988				    297.722
19999				    297.722
20010				    297.722
20021				    297.722
20032				    297.722
20042				    294.163
20053				    295.111
20064				    295.111
20075				    295.111
20086				    295.111
20097				    295.111
20108				    295.111
20119				    295.111
20129				    295.111
20140				    295.111
20151				    295.111
20162				    295.111
20173				    295.111
20184				    295.111
20195				    295.111
20206				    295.111
20217				    295.111
20228				    295.111
20239				    295.111
20249				    295.111
20260				    295.111
20271				    295.111
20282				    295.111
20293				    295.111
20304				    295.111
20315				    290.669
20326				    288.442
20337				    287.492
20348				    287.576
20359				    302.357
20370				    305.468
20381				    307.102
20392				    307.102
20402				    307.102
20413				    307.102
20424				    307.102
20435				    307.102
20446				    307.102
20457				    307.102
20468				    307.102
20479				    307.102
20490				    307.102
20501				    307.102
20512				    307.102
20523				    307.102
20534				    307.102
20545				    307.102
20558				    307.102
20569				    307.102
20580				    307.102
20591				    307.102
20601				    307.102
20612				    307.102
20623				    307.102
20634				    308.85
20645				    312.566
20656				    309.914
20667				    310.003
20678				    314.424
20689				    324.002
20700				    324.002
20711				    333.759
20722				    338.873
20733				    338.873
20743				    338.873
20754				    338.873
20765				    338.873
20776				    338.873
20787				    338.873
20798				    338.873
20809				    338.873
20819				    338.873
20830				    338.873
20841				    338.873
20852				    338.873
20863				    338.873
20874				    338.873
20884				    338.873
20895				    338.873
20906				    338.873
20917				    338.873
20928				    338.873
20939				    338.873
20950				    338.873
20961				    338.873
20972				    339.013
20983				    339.117
20993				    339.954
21004				    348.347
21016				    349.661
21028				    347.613
21038				    347.613
21049				    358.993
21061				    373.471
21071				    377.901
21082				    377.901
21093				    376.26
21104				    376.712
21115				    376.712
21126				    376.712
21137				    376.712
21148				    376.712
21159				    376.712
21170				    376.712
21181				    376.712
21192				    376.712
21203				    376.712
21214				    376.712
21225				    376.712
21237				    376.712
21248				    376.712
21259				    376.712
21270				    376.712
21281				    376.712
21291				    376.712
21303				    376.712
21314				    376.712
21324				    376.712
21335				    376.712
21346				    376.51
21357				    376.51
21367				    383.975
21378				    387.468
21389				    387.468
21400				    387.468
21412				    394.838
21423				    394.838
21434				    413.497
21445				    413.497
21456				    435.777
21466				    440.048
21477				    440.048
21488				    450.131
21499				    460.881
21511				    459.508
21522				    457.67
21533				    459.736
21544				    469.597
21555				    471.689
21566				    479.798
21577				    491.466
21588				    508.242
21599				    515.579
21610				    526.558
21621				    526.558
21632				    536.819
21643				    552.161
21654				    563.293
21666				    563.293
21676				    570.132
21687				    570.132
21698				    595.136
21709				    595.136
21720				    595.136
21731				    595.136
21742				    595.136
21752				    595.136
21763				    595.136
21774				    595.136
21785				    595.136
21796				    595.136
21807				    595.136
21818				    595.136
21829				    595.136
21840				    595.136
21851				    595.136
21861				    595.136
21873				    595.136
21884				    595.136
21894				    595.136
21905				    595.136
21916				    595.136
21927				    595.136
21938				    595.136
21949				    596.73
21959				    596.73
21970				    596.73
21981				    606.288
21992				    610.867
22003				    612.62
22014				    618.711
22025				    601.628
22036				    601.628
22047				    619.015
22058				    606.605
22069				    607.544
22080				    614.184
22091				    636.066
22102				    649.216
22113				    649.216
22124				    649.216
22136				    676.741
