19182				    10
19193				    10
19204				    10
19215				    10
19226				    10
19237				    10
19248				    10
19259				    10
19270				    10
19281				    10
19292				    10
19303				    10
19313				    10
19324				    10
19335				    10
19346				    10
19357				    13
19368				    14
19379				    15
19390				    15
19401				    15
19412				    15
19423				    15
19434				    15
19444				    15
19455				    15
19466				    15
19477				    15
19488				    15
19499				    15
19509				    15
19520				    16
19531				    26
19542				    26
19554				    30
19565				    30
19576				    30
19586				    30
19597				    30
19608				    30
19619				    30
19630				    30
19642				    30
19652				    30
19663				    30
19674				    30
19685				    30
19696				    36
19708				    46
19718				    47
19729				    59
19740				    60
19751				    60
19762				    60
19773				    60
19783				    60
19795				    60
19805				    60
19816				    60
19827				    60
19838				    60
19849				    60
19860				    60
19871				    60
19882				    66
19893				    68
19904				    85
19915				    97
19925				    97
19937				    105
19948				    119
19959				    119
19970				    119
19981				    119
19991				    120
20002				    120
20013				    120
20024				    120
20036				    120
20046				    120
20058				    120
20069				    120
20080				    120
20091				    124
20101				    124
20112				    126
20123				    157
20134				    158
20146				    168
20157				    197
20168				    197
20179				    209
20190				    210
20201				    232
20212				    238
20223				    238
20234				    238
20245				    240
20256				    240
20267				    240
20278				    240
20289				    240
20300				    240
20311				    240
20321				    240
20332				    240
20343				    240
20354				    248
20365				    250
20376				    269
20387				    269
20397				    284
20408				    300
20419				    315
20430				    324
20441				    326
20452				    326
20463				    378
20474				    379
20485				    383
20497				    383
20507				    405
20518				    429
20529				    429
20540				    451
20551				    451
20562				    469
20573				    475
20584				    475
20595				    475
20606				    479
20617				    479
20627				    479
20638				    479
20649				    479
20660				    480
20671				    480
20682				    480
20693				    480
20704				    480
20715				    480
20726				    490
20737				    492
20748				    502
20759				    524
20770				    524
20781				    553
20792				    553
20803				    559
20814				    572
20825				    572
20836				    575
20847				    612
20858				    612
20869				    625
20880				    626
20891				    658
20902				    673
20913				    688
20924				    688
20935				    699
20946				    716
20957				    729
20969				    733
20979				    745
20991				    745
