6601				    19.073
6609				    19.073
6617				    19.073
6625				    19.073
6633				    12.209
6641				    3.867
6650				    3.867
6658				    3.867
6666				    3.867
6675				    3.867
6683				    1.898
6691				    1.68
6699				    1.533
6707				    2.007
6716				    2.094
6724				    1.408
6732				    1.616
6740				    1.338
6748				    4.345
6756				    5.174
6764				    4.366
6772				    1.334
6780				    1.72
6788				    1.777
6797				    1.777
6805				    1.777
6813				    7.067
6821				    2.287
6829				    1.818
6837				    1.818
6845				    1.818
6853				    2.359
6861				    1.644
6869				    2.059
6877				    2.468
6885				    0.485
6893				    0.54
6901				    2.341
6909				    3.021
6917				    1.614
6925				    3.349
6933				    8.617
6941				    4.358
6949				    1.072
6957				    2.3
6965				    1.178
6974				    1.813
6982				    1.206
6990				    1.029
6998				    4.445
7006				    2.754
7014				    2.754
7022				    10.146
7030				    3.579
7038				    2.184
7046				    4.23
7055				    4.738
7063				    3.524
7071				    1.346
7079				    2.202
7087				    2.202
7095				    2.088
7103				    2.088
7112				    4.291
7120				    4.291
