10618				    19.941
10629				    19.941
10640				    19.941
10647				    19.941
10653				    16.281
10660				    2.887
10666				    2.887
10673				    2.887
10680				    2.887
10686				    2.887
10692				    3.229
10699				    1.988
10706				    1.619
10712				    1.784
10719				    1.277
10725				    1.37
10732				    1.027
10738				    0.979
10744				    1.263
10751				    1.927
10757				    1.927
10764				    2.181
10770				    2.033
10777				    3.002
10784				    1.088
10796				    1.088
10806				    1.088
10817				    1.088
10828				    20.134
10839				    13.119
10850				    13.119
10861				    13.119
10865				    13.119
10869				    13.54
10873				    14.042
10877				    14.042
10880				    14.042
10884				    12.905
10888				    12.905
10892				    4.442
10896				    2.65
10899				    2.168
10903				    0.549
10907				    0.483
10910				    0.309
10914				    1.149
10918				    1.09
10921				    2.167
10925				    0.681
10928				    1.95
10932				    1.948
10935				    1.948
10939				    1.948
10942				    2.084
10946				    2.127
10950				    1.844
10954				    1.369
10958				    1.354
10963				    2.045
10967				    2.102
10971				    2.04
10977				    2.04
10982				    5.653
10988				    7.279
10994				    7.415
11000				    9.181
11006				    9.181
11012				    10.49
11018				    13.567
11025				    15.477
