10901				    2.9	
10912				    2.9	
10924				    2.9	
10935				    2.9	
10947				    3.4
10958				    4.7
10969				    4.7
10980				    5.5
10992				    8.6
11003				    8.5
11014				    8.5
11025				    8.5
11037				    7.0
11048				    12.3
11059				    12.3
11070				    15.7
11082				    15.7
11093				    17.9
11104				    24.3
11116				    25.7
11128				    28.6
11140				    34.5
11151				    34.7
11162				    39.7
11174				    50.7
11186				    59.2
11197				    66.8
11208				    63.9
11220				    70.7
11231				    62.4
11243				    67.2
11255				    62.1
11267				    59.7
11278				    75.4
11290				    15.6
11301				    14.0
11313				    11.9
11325				    12.7
11337				    12.7
