6105				    10
6116				    10
6127				    10
6138				    10
6149				    10
6160				    15
6171				    19
6182				    19
6193				    19
6204				    19
6216				    23
6227				    26
6238				    31
6249				    34
6259				    34
6267				    38
6275				    43
6284				    44
6292				    48
6300				    49
6308				    59
6316				    60
6324				    67
6332				    67
6340				    67
6348				    67
6356				    68
6364				    86
6372				    88
6380				    92
6388				    92
6396				    92
6404				    96
6413				    96
6421				    96
6429				    96
6437				    96
6446				    96
6454				    96
6462				    96
6470				    96
6478				    96
6486				    96
6494				    96
6502				    96
6510				    96
6519				    96
6527				    96
6535				    96
6543				    96
6551				    96
6559				    96
6567				    96
6576				    96
6584				    96
6592				    96
6600				    96
6608				    96
6617				    96
6625				    96
6633				    96
6641				    96
6649				    96
6657				    96
6665				    96
6673				    96
6681				    96
6689				    96
6697				    96
6705				    96
6713				    96
6721				    96
6729				    96
6737				    96
6745				    96
6754				    96
6762				    96
6770				    96
6778				    96
6786				    96
6794				    96
6803				    96
6811				    96
6819				    96
6827				    96
6835				    96
6843				    96
6851				    96
6859				    96
6868				    96
6876				    96
6884				    96
6892				    96
6900				    96
6908				    96
6916				    96
6924				    96
6933				    96
6941				    96
6949				    96
6957				    96
6965				    96
6974				    96
6982				    68
6990				    68
6998				    68
7007				    68
7015				    68
7023				    68
7031				    68
7039				    68
7047				    68
7056				    68
7064				    68
7072				    68
7080				    68
7088				    68
7096				    68
7104				    68
7113				    68
7121				    68
7129				    68
7138				    68
7146				    68
7154				    68
7162				    68
7171				    68
7179				    68
7187				    68
7196				    68
7204				    68
7213				    68
7221				    68
7230				    68
7237				    68
7246				    68
7254				    68
7262				    68
7270				    68
7278				    68
7286				    68
7295				    68
7303				    68
7311				    68
7319				    68
7327				    68
7335				    68
7344				    68
7352				    68
7360				    68
7368				    68
7377				    68
7385				    68
7393				    68
7401				    68
7409				    68
7418				    68
7426				    68
7434				    68
7442				    68
7451				    68
7459				    68
7467				    68
7475				    68
7483				    68
7491				    68
7500				    68
7507				    68
7515				    68
7523				    68
7531				    68
7540				    68
7548				    68
7556				    68
7565				    68
7573				    68
7582				    68
7590				    68
7598				    68
7606				    68
7615				    68
7623				    68
7631				    68
7639				    68
7647				    68
7655				    68
7663				    68
7671				    68
7680				    68
