11786				    44.809
11794				    44.809
11802				    44.809
11810				    44.809
11819				    44.809
11827				    44.809
11836				    50.51
11844				    50.51
11852				    50.51
11860				    50.51
11868				    50.51
11877				    45.05
11885				    45.168
11894				    45.168
11902				    49.911
11910				    52.624
11919				    52.078
11927				    52.078
11935				    49.803
11944				    49.803
11952				    51.903
11961				    56.29
11969				    56.29
11977				    58.036
11986				    66.474
11994				    65.885
12002				    64.157
12010				    64.157
12019				    64.157
12028				    64.157
12036				    74.969
12044				    71.456
12052				    70.862
12060				    70.862
12069				    73.51
12077				    74.236
12085				    79.394
12094				    79.394
12102				    81.84
12111				    97.672
12119				    83.84
12127				    83.991
12135				    87.684
12144				    87.684
12152				    93.225
12160				    99.973
12168				    99.65
12177				    101.314
12185				    102.281
12193				    110.333
12201				    110.333
12209				    115.175
12218				    110.741
12226				    110.741
12235				    115.817
12243				    117.072
12251				    120.638
12260				    120.638
12268				    118.346
12277				    118.346
12285				    118.346
12294				    122.78
12302				    129.07
12311				    129.07
12319				    136.156
12327				    124.043
12335				    124.043
12344				    124.073
12352				    124.885
12361				    125.014
12369				    123.963
12377				    122.948
12386				    122.948
12394				    124.552
12402				    124.632
12410				    123.53
12419				    123.53
12427				    123.795
12436				    126.939
12444				    126.939
12452				    127.945
12460				    127.945
12468				    127.945
12477				    135.166
12485				    128.459
12493				    128.459
12501				    128.459
12510				    132.855
12518				    128.673
12527				    128.673
12535				    128.462
12544				    128.462
12552				    128.393
12560				    126.893
12568				    121.373
12576				    121.373
12585				    121.373
12593				    126.187
12601				    120.091
12609				    120.334
12617				    122.088
12625				    122.088
12634				    122.088
12642				    132.278
12650				    129.287
12659				    126.413
12667				    124.471
12675				    124.471
12684				    124.76
12692				    123.055
12700				    121.976
12709				    111.967
12717				    111.967
12725				    102.571
12734				    102.571
12742				    92.969
12750				    92.504
12759				    89.035
12767				    89.035
12776				    90.152
12784				    90.152
12792				    92.214
12801				    97.569
12809				    94.834
12817				    95.497
12825				    95.497
12834				    95.497
12842				    103.407
12850				    104.061
