7468				    10
7480				    10
7491				    10
7503				    10
7514				    10
7526				    10
7539				    11
7550				    12
7562				    17
7574				    17
7585				    17
7597				    17
7608				    17
7620				    17
7631				    21
7643				    22
7654				    34
7665				    34
7677				    34
7688				    34
7700				    34
7711				    34
7723				    38
7735				    38
7746				    67
7758				    68
7770				    68
7781				    68
7793				    68
7804				    68
7816				    68
7828				    70
7840				    75
7851				    75
7863				    81
7874				    93
7886				    110
7898				    122
7909				    122
7921				    126
7932				    136
7944				    136
7955				    136
7967				    136
7979				    140
7991				    142
8002				    150
8013				    161
8025				    163
8036				    165
8048				    193
8060				    196
8071				    212
8083				    227
8095				    241
8107				    245
8118				    257
8130				    257
8141				    271
8153				    271
8164				    271
8176				    271
8187				    278
8199				    284
8211				    292
8222				    307
8234				    307
8245				    321
8257				    322
8268				    342
8280				    342
8292				    363
8303				    388
8315				    389
8327				    405
8338				    407
8350				    435
8361				    450
8373				    450
8384				    470
8396				    478
8408				    492
8419				    494
8431				    508
8443				    526
8455				    542
8467				    542
8478				    542
8490				    542
8502				    542
8514				    566
8525				    570
8537				    578
8548				    580
8560				    594
8571				    602
8583				    610
8595				    610
8607				    633
8619				    635
8630				    661
8642				    663
8653				    674
8665				    691
8676				    692
8688				    713
8699				    728
8711				    729
8723				    743
