2974				    10
2986				    10
2997				    10
3008				    12
3019				    12
3030				    20
3042				    20
3053				    20
3064				    21
3076				    24
3087				    28
3098				    28
3110				    29
3121				    33
3132				    33
3143				    40
3154				    41
3165				    48
3176				    48
3187				    50
3198				    50
3209				    56
3220				    56
3231				    56
3243				    56
3254				    56
3265				    56
3276				    56
3288				    56
3299				    56
3310				    56
3321				    62
3333				    64
3344				    64
3355				    64
3366				    64
3378				    64
3389				    64
3400				    64
3411				    64
3422				    64
3433				    64
3445				    64
3456				    64
3467				    64
3479				    64
3490				    64
3501				    64
3512				    64
3524				    64
3535				    64
3546				    64
3558				    64
3569				    64
3580				    64
3591				    64
3602				    64
3613				    64
3624				    64
3635				    64
3646				    64
3657				    64
3669				    64
3680				    64
3692				    64
3703				    46
3714				    46
3725				    46
3736				    46
3748				    46
3760				    46
3771				    46
3782				    46
3793				    46
3804				    46
3815				    46
3827				    46
3838				    46
3849				    46
3861				    46
3872				    46
3883				    46
3894				    46
3906				    46
3917				    46
3928				    46
3939				    46
3950				    46
3961				    46
3972				    46
3983				    46
3994				    46
4006				    46
4017				    46
4028				    46
4039				    46
4050				    46
4062				    46
4073				    46
4084				    46
4097				    46
4108				    46
4119				    46
4130				    46
4141				    46
4153				    46
4164				    46
4175				    46
4186				    46
4198				    46
4209				    46
4221				    46
4232				    46
4244				    46
4255				    46
4266				    46
4277				    46
4289				    46
4300				    46
4311				    46
4322				    46
4333				    46
4345				    46
4356				    46
4367				    46
4378				    46
4389				    46
4400				    46
4412				    46
4423				    46
4434				    46
4445				    46
4456				    46
4467				    46
4478				    46
4490				    46
4501				    46
4512				    46
4523				    46
4534				    46
4546				    46
4557				    46
4569				    46
4580				    46
4591				    46
4602				    46
4614				    46
4625				    46
4636				    46
4647				    46
4658				    46
4669				    46
4681				    46
4693				    46
