1509				    50.089
1521				    50.089
1534				    50.089
1545				    49.019
1557				    47.35
1569				    47.35
1580				    47.35
1592				    45.058
1604				    44.172
1616				    44.172
1627				    44.613
1639				    44.006
1651				    52.845
1662				    56.142
1674				    52.319
1686				    43.931
1698				    46.084
1709				    50.702
1722				    51.029
1734				    52.842
1746				    55.603
1758				    56.999
1770				    55.929
1782				    55.929
1793				    56.766
1806				    52.415
1818				    57.009
1829				    52.797
1841				    52.612
1854				    52.662
1865				    60.314
1878				    68.035
1890				    67.432
1902				    68.484
1914				    63.064
1926				    51.949
1937				    54.305
1949				    46.104
1961				    48.783
1973				    50.853
1986				    51.316
1998				    51.54
2010				    53.759
2021				    56.467
2033				    58.206
2045				    62.021
