3389				    15.102
3398				    102.556
3406				    7.619
3414				    102.556
3422				    10.59
3430				    102.556
3439				    10.59
3447				    102.556
3455				    10.59
3464				    102.556
3472				    10.59
3480				    102.556
3488				    4.924
3497				    102.556
3505				    4.881
3513				    102.556
3521				    6.647
3529				    102.556
3538				    7.95
3546				    102.556
3554				    1.173
3562				    102.556
3570				    1.083
3578				    102.556
3586				    0.485
3594				    102.556
3602				    0.485
3610				    102.556
3618				    0.485
3626				    102.556
3634				    8.342
3642				    102.556
3650				    6.682
3658				    102.556
3666				    5.684
3674				    102.556
3682				    6.795
3690				    102.556
3698				    6.795
3706				    102.556
3714				    3.14
3722				    102.556
3730				    3.14
3738				    102.556
3746				    3.14
3754				    102.556
3762				    5.208
3770				    102.556
3778				    0.556
3787				    102.556
3795				    2.157
3803				    102.556
3811				    3.736
3819				    102.556
3828				    3.736
3836				    102.556
3844				    3.419
3852				    80.976
3861				    3.419
3869				    80.976
3877				    3.419
3885				    80.976
3893				    8.686
3901				    28.056
3909				    6.395
3917				    27.654
3926				    8.066
3934				    27.654
3942				    6.32
3950				    27.654
3958				    4.874
3966				    27.654
3974				    4.874
3982				    27.654
3991				    4.874
3999				    27.654
4007				    7.395
4015				    27.654
4023				    7.608
4031				    27.654
4039				    6.102
4047				    27.654
4055				    6.102
4063				    27.654
4071				    6.102
4079				    27.654
4088				    7.186
4096				    27.654
4104				    9.959
4112				    27.654
4120				    6.318
4128				    27.654
4136				    6.318
4144				    27.654
4152				    6.318
4160				    27.654
4168				    13.56
4177				    27.654
4184				    10.088
4193				    27.654
4201				    10.088
4209				    27.654
4217				    10.088
4225				    27.654
4233				    13.902
4241				    27.654
4249				    7.253
4257				    27.654
4265				    7.253
4273				    27.654
4281				    7.131
4289				    27.654
4297				    7.131
4305				    27.654
4314				    7.811
4322				    27.654
4330				    7.811
4338				    27.654
4346				    7.811
4354				    27.654
4362				    15.592
4370				    27.654
4378				    14.835
4386				    27.654
4394				    13.262
4402				    27.654
4410				    8.049
4419				    27.654
4427				    8.049
4435				    35.497
4443				    9.829
4452				    34.806
4459				    9.829
4467				    34.806
4475				    8.93
4483				    34.806
4491				    10.066
4499				    33.105
4510				    10.066
4521				    12.434
4532				    13.871
4543				    10.788
4554				    8.147
4565				    10.788
4576				    9.213
4587				    10.788
4598				    4.93
4609				    10.788
4620				    4.794
4631				    10.788
4642				    4.223
4652				    10.788
4663				    6.484
4674				    10.788
4686				    6.736
4697				    10.788
4708				    7.389
4719				    10.788
4730				    11.116
4742				    10.788
4753				    11.116
4764				    10.788
4775				    11.116
4786				    10.788
4797				    7.731
4808				    10.788
4819				    7.731
4830				    10.788
4841				    8.023
4852				    10.788
4863				    8.023
4874				    10.788
4885				    8.936
4896				    10.788
4907				    7.678
4918				    10.788
4930				    8.193
4941				    10.788
4952				    8.59
4964				    10.788
4974				    8.59
4985				    10.788
4997				    8.59
5008				    10.788
5019				    6.728
5030				    12.724
5041				    7.643
5052				    19.723
5063				    7.643
5074				    20.182
5085				    7.751
5096				    13.624
5107				    7.751
5119				    9.257
5130				    7.751
5141				    8.177
5152				    7.751
5163				    3.88
5174				    7.751
5185				    3.88
5196				    7.751
5207				    7.341
5218				    7.751
5228				    13.34
5240				    12.094
5251				    13.34
5262				    2.97
5272				    13.34
5284				    2.97
5294				    13.34
5305				    1.615
5317				    13.34
5328				    1.615
5339				    13.34
5349				    7.222
5361				    13.34
5372				    10.395
5383				    13.34
5394				    12.815
5405				    13.34
5416				    12.815
5427				    13.34
5438				    12.815
5449				    13.34
5460				    13.388
5471				    13.34
5482				    12.402
5493				    13.34
5504				    14.657
5515				    13.34
5526				    10.399
5537				    13.34
5549				    9.81
5560				    13.34
5571				    8.5
5582				    13.34
5593				    8.5
5604				    13.34
5616				    12.643
				    13.34
				    8.703
				    13.34
				    8.987
				    13.34
				    8.239
				    13.34
				    8.239
				    13.34
				    5.024
				    13.34
				    3.7
				    13.34
				    3.7
				    13.34
				    3.867
				    13.34
				    3.152
				    27.944
				    3.288
				    29.581
				    3.288
				    29.581
				    3.288
				    33.768
				    9.474
				    21.459
				    9.474
				    20.517
				    9.474
				    19.747
				    9.474
				    20.493
				    17.073
				    18.583
				    17.073
				    18.583
				    17.073
				    5.349
				    17.073
				    8.498
				    16.25
				    11.372
				    16.595
				    11.372
				    7.739
				    11.372
				    4.156
				    11.372
				    4.308
				    11.372
				    4.733
				    18.107
				    6.801
				    18.107
				    8.027
				    18.107
				    8.027
				    18.107
				    8.027
				    18.107
				    11.27
				    18.107
				    8.827
				    18.107
				    8.827
				    18.107
				    8.972
				    20.215
				    8.794
				    23.287
				    8.794
				    3.688
				    8.888
				    3.688
				    8.888
				    3.23
				    8.888
				    7.513
				    8.888
				    3.594
				    8.888
				    2.427
				    8.888
				    2.427
				    8.888
				    11.015
				    10
				    7.283
				    5.66
				    7.283
				    3.283
				    8.027
				    3.283
				    8.027
				    6.989
				    6.064
				    4.758
				    5.767
				    4.758
				    5.767
				    4.758
				    5.767
				    10.014
				    5.767
				    1.296
				    5.767
				    6.352
				    5.767
				    6.352
				    5.767
				    12.699
				    6.43
				    8.95
				    1.046
				    8.95
				    4.887
				    8.95
				    3.488
				    14.944
				    2.836
				    14.944
				    5.254
				    16.802
				    2.723
				    16.802
				    7.113
				    16.802
				    5.339
				    16.802
				    3.039
				    16.802
				    3.039
				    16.802
				    8.857
				    17.006
				    6.731
				    5.828
				    2.911
				    2.927
				    2.911
				    3.742
				    2.911
				    7.756
				    4.839
				    6.127
				    4.839
				    8.91
				    4.839
				    8.91
				    4.839
				    8.572
				    9.632
				    4.687
				    9.632
				    9.547
				    9.632
				    9.547
				    9.632
				    10.263
				    9.863
				    5.494
				    5.767
				    5.494
				    5.767
				    12.344
				    9.186
				    12.344
				    7.916
				    12.344
				    2.331
				    12.344
				    2.678
				    12.344
				    2.678
				    12.344
				    9.678
				    19.039
				    9.008
				    19.039
				    7.265
				    19.039
				    5.866
				    19.039
				    7.322
				    19.039
				    7.322
				    30.62
				    3.71
				    30.62
				    6.261
				    30.62
				    6.261
				    29.503
				    8.193
				    7.199
				    2.143
				    6.54
				    2.143
				    8.001
				    2.143
				    1.968
				    8.11
				    7.661
				    8.11
				    7.661
				    8.11
				    7.661
				    8.11
				    1.489
				    17.267
				    1.469
				    17.267
				    2.637
				    17.267
				    5.707
				    17.13
				    5.14
				    17.13
				    6.531
				    15.701
				    6.573
				    13.583
				    6.573
				    5.644
				    6.573
				    5.628
				    6.573
				    3.947
				    7.083
				    5.409
				    7.083
				    5.535
				    7.083
				    2.077
				    7.083
				    3.241
				    7.083
				    4.847
