4145				    41.073
4156				    41.073
4167				    41.073
4178				    40.748
4189				    42.986
4201				    42.986
4212				    36.372
4223				    37.749
4235				    42.375
4246				    39.888
4257				    39.584
4269				    40.447
4281				    40.719
4292				    37.927
4303				    40.653
4314				    37.659
4326				    39.823
4337				    39.958
4348				    47.398
4360				    49.727
4371				    48.086
4382				    49.924
4393				    48.911
4404				    48.475
4415				    60.232
4426				    71.338
4438				    77.476
4449				    82.183
4461				    85.927
4472				    85.927
4483				    97.472
4494				    123.904
4505				    111.504
