12051				    19.041
12062				    19.041
12073				    19.041
12084				    12.953
12096				    4.209
12107				    4.393
12118				    4.552
12129				    1.99
12140				    2.376
12151				    2.543
12162				    1.403
12173				    2.253
12184				    2.253
12195				    1.935
12206				    1.485
12217				    2.608
12229				    2.122
12240				    0.889
12251				    0.889
12262				    0.889
12273				    0.889
12284				    0.889
12295				    14.404
12306				    2.787
12317				    4.413
12328				    7.217
12339				    8.718
12350				    7.026
12361				    7.037
12372				    1.744
12383				    2.887
12394				    2.17
12405				    4.419
