26808				    10
26819				    10
26831				    10
26843				    10
26854				    10
26866				    10
26878				    10
26889				    10
26900				    10
26912				    10
26923				    10
26935				    10
26947				    16
26958				    17
26969				    17
26980				    17
26992				    17
27003				    17
27014				    17
27026				    17
27038				    17
27049				    17
27060				    17
27071				    19
27083				    19
27095				    27
27107				    34
27118				    34
27129				    34
27140				    34
27152				    34
27163				    34
27175				    34
27186				    34
27198				    34
27210				    34
27221				    34
27232				    37
27244				    37
27255				    48
27266				    64
27278				    68
27290				    68
27301				    68
27312				    68
27324				    68
27335				    68
27347				    68
27358				    68
27370				    68
27382				    70
27394				    79
27405				    79
27416				    84
27428				    101
27439				    101
27451				    111
27463				    113
27474				    133
27486				    135
27497				    135
27508				    135
27520				    135
27531				    136
27543				    136
27555				    136
27567				    136
27578				    136
27590				    136
27601				    138
27613				    139
27624				    146
27635				    146
27647				    146
27658				    146
27670				    146
27681				    146
27692				    146
27704				    146
27715				    146
27727				    146
27738				    146
27749				    146
27760				    146
27772				    146
27783				    146
27795				    146
27807				    146
27818				    146
27830				    146
27842				    146
27853				    146
27864				    146
27876				    146
27888				    146
27899				    146
27910				    146
27922				    146
27933				    146
27945				    146
27956				    146
27968				    146
27980				    146
27991				    146
28003				    146
28015				    146
28026				    146
28037				    146
28048				    146
28060				    146
28071				    146
28083				    146
28095				    146
28106				    146
28117				    146
28129				    146
28140				    146
28151				    147
28163				    147
28174				    147
28186				    147
28197				    147
28208				    147
28220				    147
28231				    147
28243				    147
28254				    147
28266				    147
28277				    147
28288				    147
28300				    147
28311				    147
28322				    147
28334				    147
28345				    147
28356				    147
28368				    147
28379				    147
28391				    147
28402				    147
28415				    147
28427				    147
28438				    147
28450				    147
28462				    147
28473				    147
28485				    147
28496				    147
28507				    147
28519				    147
28531				    147
28542				    147
28553				    148
28565				    148
28577				    148
28588				    148
28599				    148
28611				    148
28622				    148
28634				    148
28645				    148
28656				    148
28668				    148
28680				    148
28691				    148
