27713				    83.723
27725				    83.723
27737				    83.723
27749				    83.723
27760				    67.546
27772				    65.756
27784				    63.022
27797				    63.022
27809				    63.022
27821				    54.685
27833				    52.425
27845				    52.425
27857				    50.016
27869				    47.241
27881				    47.241
27893				    51.559
27905				    51.157
27917				    51.197
27929				    54.426
27941				    55.574
27953				    57.215
27965				    57.215
27976				    67.078
27989				    68.182
28001				    71.182
28013				    80.391
28024				    89.818
28036				    89.818
28049				    89.818
28061				    100.319
28073				    100.319
28085				    100.319
28097				    104.075
28109				    101.108
28121				    104.48
28133				    107.718
28145				    109.698
28157				    103.383
28169				    107.33
28181				    107.33
28193				    113.154
28205				    125.938
28217				    130.492
28229				    148.406
28240				    148.216
28252				    150.221
28264				    159.661
28276				    159.661
28288				    159.661
28301				    186.118
28313				    186.118
28325				    186.118
28337				    201.617
28348				    203.145
28360				    203.145
28373				    211.204
28385				    218.526
28397				    216.574
28409				    197.953
28421				    196.535
28433				    194.85
28445				    187.32
28457				    171.559
28469				    169.272
28481				    166.342
28493				    163.149
28505				    162.614
28517				    163.783
28529				    160.736
28541				    160.736
28553				    161.641
28565				    168.147
28576				    170.041
28588				    176.199
28600				    179.565
28612				    197.365
28625				    197.365
28637				    205.368
28649				    208.321
28661				    212.486
28673				    219.635
28685				    219.635
28697				    227.323
28709				    225.884
28720				    221.621
28732				    221.174
28744				    220.356
28757				    218.183
28768				    202.147
28781				    202.147
28793				    203.916
28805				    194.241
28817				    194.241
28829				    190.959
28841				    190.959
28853				    191.642
28865				    189.31
28877				    189.31
28889				    189.765
28901				    183.634
28913				    181.79
28924				    181.79
28936				    177.469
28949				    177.469
28961				    177.469
28973				    178.841
28985				    178.257
28997				    175.316
29008				    175.316
29021				    174.217
29033				    170.632
29045				    166.837
29057				    164.935
29069				    165.158
29081				    165.158
29093				    166.981
29105				    166.81
29117				    166.48
29129				    168.699
29141				    167.714
29153				    167.701
29165				    167.701
29177				    168.758
29189				    170.885
29201				    172.005
29213				    175.178
29225				    176.094
29237				    176.855
29249				    176.855
29260				    178.755
29272				    178.755
29285				    179.608
29297				    179.24
29309				    179.24
29321				    179.342
29333				    178.777
29345				    178.777
29357				    178.412
29369				    178.412
29380				    176.337
29393				    175.055
29404				    175.055
29417				    170.187
29429				    170.187
29441				    170.012
29453				    170.012
29465				    172.827
