12143				    38.013
12151				    38.013
12159				    38.013
12168				    38.013
12176				    37.231
12184				    40.456
12192				    40.456
12200				    40.456
12208				    40.456
12216				    37.314
12224				    38.347
12232				    41.97
12240				    45.291
12248				    39.601
12256				    39.743
12264				    44.619
12272				    41.344
12284				    38.073
12295				    36.708
12306				    41.061
12317				    48.482
12327				    45.971
12338				    42.284
12349				    42.163
12360				    40.918
12371				    45.731
12382				    56.134
12393				    65.83
12404				    69.701
12415				    71.774
12427				    74.291
12438				    68.503
12449				    72.171
12460				    72.651
12471				    79.424
12482				    92.035
12493				    99.767
12504				    111.206
12515				    119.347
12526				    125.217
12537				    127.846
