6612				    2.2	
6623				    2.2	
6635				    2.2	
6646				    2.2	
6657				    2.2	
6668				    3.9
6679				    3.9
6690				    3.9
6701				    3.9
6712				    3.9
6724				    5.8
6735				    6.5
6746				    6.5
6757				    6.7
6769				    7.4
6780				    8.7
6792				    9.0
6803				    9.7
6814				    10.5
6825				    10.5
6836				    14.1
6848				    15.8
6859				    16.7
6870				    16.7
6881				    16.7
6892				    16.7
6903				    16.7
6914				    15.0
6925				    10.0
6937				    10.7
6948				    10.7
6958				    17.6
6966				    17.6
6974				    21.0
6982				    31.4
6991				    31.4
6999				    30.4
7007				    29.2
7016				    26.0
7024				    31.3
7032				    34.3
7041				    33.5
7049				    33.8
7057				    33.9
7065				    31.7
7073				    30.2
7081				    29.5
7089				    29.5
7097				    27.5
7105				    27.5
7114				    27.5
7122				    27.5
7130				    24.7
7138				    19.8
7146				    19.6
7154				    19.7
7162				    19.5
7171				    19.3
7179				    18.8
7187				    18.6
7195				    18.5
7204				    18.4
7212				    17.8
7220				    17.4
7229				    17.4
7237				    17.8
7246				    18.2
7254				    19.6
7262				    19.9
7270				    19.9
7278				    18.9
7286				    18.4
7294				    18.1
7303				    16.8
7311				    16.6
7319				    16.6
7327				    16.1
7336				    17.2
7347				    17.4
