0				    1.6	
12				    1.6	
23				    1.6	
34				    1.6	
45				    2.1
57				    3.7
68				    3.7
79				    3.7
90				    3.7
101				    4.1
113				    6.3
125				    7.1
136				    7.5
147				    7.5
158				    7.5
169				    9.5
181				    12.8
192				    12.5
204				    11.9
215				    15.5
226				    16.3
237				    17.2
248				    23.0
259				    26.0
271				    25.6
282				    26.1
294				    26.1
305				    23.8
317				    22.7
328				    20.7
339				    20.0
350				    18.6
362				    16.8
373				    16.8
385				    15.5
396				    14.5
408				    14.9
420				    14.8
431				    14.3
442				    13.1
453				    12.3
465				    12.1
476				    11.8
488				    11.6
499				    11.6
511				    11.0
522				    12.2
533				    11.4
545				    11.2
557				    11.6
568				    11.4
580				    11.2
591				    11.7
602				    11.8
613				    11.8
625				    11.4
636				    12.2
648				    12.3
660				    11.7
671				    11.8
683				    11.5
694				    12.1
705				    12.1
717				    11.9
729				    11.7
740				    11.3
751				    11.4
763				    12.1
774				    12.1
785				    11.5
797				    11.6
808				    11.9
819				    12.0
831				    8.9
842				    9.0
853				    10.2
865				    11.6
877				    11.6
888				    11.9
899				    14.8
911				    15.2
922				    15.0
933				    15.0
945				    14.3
956				    13.6
967				    13.6
979				    13.6
990				    12.4
1001				    11.7
1013				    11.7
1024				    11.4
1036				    11.4
1047				    9.8
1059				    10.0
1070				    9.8
1081				    9.8
1093				    9.4
1104				    9.3
1115				    9.0
1127				    8.8
1138				    8.8
1149				    9.2
1160				    9.4
1173				    9.4
1184				    9.4
1196				    8.9
1207				    8.9
1218				    8.4
1230				    8.4
1241				    8.2
1253				    7.4
1264				    7.4
1275				    7.3
1286				    7.1
1298				    7.1
1309				    6.7
1321				    6.7
1332				    6.5
1343				    6.4
1355				    6.4
1366				    6.0
1378				    5.9
1389				    5.8
1400				    5.8
1412				    5.7
1423				    5.6
1434				    5.5
1446				    5.5
1457				    5.5
1469				    5.3
1481				    5.2
1492				    5.1
1504				    5.1
1516				    5.1
1528				    5.1
1540				    5.1
1551				    5.1
1562				    5.2
1574				    5.2
1585				    5.2
1596				    5.2
1608				    5.3
1619				    5.3
1631				    5.4
1642				    5.5
1654				    5.5
1665				    5.6
1677				    5.6
1689				    5.6
1700				    5.7
1712				    5.6
1723				    5.6
1734				    5.6
1746				    5.6
1757				    5.6
1769				    5.6
1780				    5.6
1792				    5.6
1803				    5.7
1814				    5.7
1825				    5.7
1836				    5.7
1848				    5.7
1859				    5.6
1870				    5.6
1882				    5.6
1893				    4.3
1905				    4.4
1917				    4.4
1928				    4.5
1940				    4.6
1951				    4.6
1963				    4.6
1974				    4.6
1985				    4.7
1997				    4.7
2008				    4.7
2020				    4.7
2031				    4.8
2042				    4.8
2053				    4.8
2065				    4.8
2077				    4.8
2088				    5.1
2099				    5.1
2110				    5.2
2121				    5.2
2133				    5.2
2145				    5.2
2156				    5.2
2167				    5.3
2178				    5.9
2190				    6.0
2201				    7.6
2212				    7.6
2224				    7.6
2236				    8.1
2247				    8.2
2259				    8.1
2270				    8.1
2281				    8.1
2293				    7.3
2304				    7.3
2316				    7.2
2327				    8.0
2338				    8.0
2349				    11.4
2361				    11.4
2372				    12.9
2383				    13.0
2394				    13.2
2406				    13.6
2417				    13.4
2429				    13.3
2440				    15.6
2451				    16.6
2462				    16.6
2473				    17.0
2485				    16.6
2496				    16.5
2507				    16.0
2518				    15.2
2530				    15.2
2541				    15.2
2553				    14.5
2564				    14.8
2576				    14.8
2587				    13.6
2599				    11.9
2610				    12.2
2622				    11.8
2634				    11.8
2645				    11.6
2657				    11.5
2669				    12.0
2680				    12.0
2691				    11.8
2702				    11.8
2713				    11.2
2725				    11.2
2736				    10.4
2748				    10.1
2759				    10.3
2771				    10.0
2782				    9.5
2793				    9.4
2805				    9.4
2816				    9.4
2827				    9.1
2838				    10.5
2850				    10.5
2861				    10.1
2873				    10.0
2885				    9.9
2897				    9.8
2908				    9.1
2919				    9.0
2931				    9.0
2942				    8.7
2953				    8.1
2965				    8.1
2976				    7.7
2988				    7.4
2999				    7.2
3011				    7.1
3022				    7.1
3034				    6.6
3045				    6.6
3057				    6.6
3068				    6.7
3080				    6.7
3091				    6.7
3102				    6.7
3113				    6.4
3125				    6.4
3136				    6.4
3147				    6.1
3158				    6.1
3170				    6.1
3181				    6.1
3192				    5.8
3204				    5.9
3215				    5.9
3226				    5.9
3238				    5.9
3249				    5.6
3260				    5.8
3272				    5.9
3283				    5.9
3295				    6.1
3306				    6.1
3317				    6.0
3329				    6.4
3340				    6.6
3352				    6.6
3363				    6.5
3374				    6.5
3386				    6.8
3397				    6.8
3408				    6.7
3420				    6.3
3432				    6.2
3444				    6.2
3456				    6.4
3467				    6.5
3479				    6.5
3490				    6.5
3501				    6.1
3513				    6.1
3525				    6.1
3536				    6.1
3547				    6.5
3559				    6.5
3570				    6.5
3581				    6.4
3593				    6.4
3605				    6.4
3616				    6.2
3627				    5.6
3638				    5.6
3650				    5.6
3661				    5.5
3673				    5.4
3685				    5.4
3696				    5.4
3707				    5.4
3718				    5.3
3730				    5.1
3741				    5.2
3753				    5.2
3765				    5.2
3777				    5.2
3789				    5.2
3800				    4.9
3811				    4.9
3822				    4.9
3834				    4.9
3845				    4.9
3857				    4.9
3869				    4.9
3880				    4.9
3891				    4.9
3903				    4.9
3914				    4.8
3925				    4.8
3937				    4.8
3949				    4.9
3960				    5.1
3971				    5.1
3982				    6.0
3993				    6.0
4005				    6.2
4017				    7.1
4028				    7.1
4039				    6.6
4050				    6.6
4061				    6.6
4073				    6.5
4084				    9.3
4095				    9.3
4106				    9.3
4118				    9.3
4129				    11.2
4141				    11.2
4152				    11.6
4164				    11.6
4175				    11.6
4186				    13.5
4198				    13.5
4209				    13.5
4220				    13.3
4232				    12.9
4243				    12.6
4254				    12.6
4265				    10.8
4277				    10.9
4288				    10.5
4300				    10.2
4311				    10.0
4322				    9.7
4333				    8.8
4345				    8.1
4356				    8.1
4367				    7.9
4379				    6.9
4390				    6.9
4401				    6.6
4413				    6.6
4425				    6.8
4436				    7.0
4448				    7.0
4459				    7.3
4470				    7.8
4481				    8.0
4493				    8.0
4505				    8.0
4517				    7.4
4529				    7.1
4540				    7.1
4552				    6.6
4563				    6.5
4575				    6.5
4586				    6.3
4597				    5.7
4609				    5.7
4621				    5.7
4632				    5.6
4644				    5.6
4655				    5.6
4667				    5.6
4678				    5.6
4689				    5.6
4701				    5.6
4712				    5.6
4724				    5.6
4736				    5.5
4747				    5.5
4758				    5.5
4770				    5.3
4781				    5.3
4793				    5.2
4804				    5.2
4816				    5.1
4827				    5.1
4838				    5.1
4849				    5.1
4861				    5.1
4872				    5.1
4883				    5.1
4895				    5.0
4906				    5.0
4918				    5.0
4930				    4.9
4941				    4.9
4953				    4.9
4964				    4.7
4975				    4.7
4987				    4.7
4998				    4.7
5009				    4.7
5021				    4.7
5033				    4.7
5045				    4.7
5056				    4.8
5067				    5.0
5079				    5.0
5090				    5.0
5101				    5.0
5112				    4.9
5124				    4.9
5136				    5.0
5147				    5.8
5158				    6.0
5170				    6.0
5181				    6.0
5192				    5.9
5204				    6.1
5215				    6.1
5226				    6.1
5238				    7.0
5249				    7.1
5261				    7.2
5272				    7.2
5284				    8.5
5295				    8.8
5306				    8.8
5318				    9.1
5329				    9.6
5341				    9.6
5352				    9.6
5364				    9.4
5375				    9.3
5386				    9.2
5398				    8.6
5410				    8.2
5421				    7.8
5433				    7.6
5445				    7.4
5457				    7.4
5468				    6.7
5480				    6.6
5492				    6.6
5504				    6.6
5515				    6.7
5527				    6.8
5538				    6.8
5549				    6.3
5561				    6.5
5572				    6.5
5584				    6.2
5595				    6.3
5607				    6.2
5618				    6.2
5629				    5.7
5641				    5.7
5652				    5.7
5664				    5.8
5675				    5.7
5687				    5.9
5698				    5.9
5709				    6.0
5721				    6.0
5733				    6.2
5744				    6.3
5756				    6.2
5767				    6.1
5778				    6.1
5789				    6.2
5801				    6.2
5812				    6.2
5824				    6.0
5835				    6.0
5847				    6.0
5858				    5.9
5870				    6.3
5881				    6.4
5893				    6.5
5904				    6.5
5915				    6.4
5927				    6.6
5938				    6.6
5949				    6.3
5961				    6.3
5973				    6.3
5984				    6.1
5995				    5.8
6006				    5.8
6018				    5.7
6029				    5.8
6041				    5.8
6052				    6.1
6064				    6.1
6076				    6.1
6087				    6.1
6098				    6.1
6110				    6.2
6122				    6.1
6133				    6.2
6145				    6.2
6156				    6.2
6167				    6.2
6178				    6.0
6189				    6.1
6201				    6.1
6213				    6.1
6224				    6.1
6236				    6.2
6247				    6.2
6258				    6.2
6269				    6.8
6281				    6.8
6293				    6.6
6304				    6.5
6315				    6.5
6326				    6.6
6338				    6.5
6349				    6.3
6361				    6.3
6373				    6.3
6384				    6.1
6396				    6.1
6407				    5.7
6418				    5.5
6430				    5.4
6441				    5.4
6452				    5.3
6464				    5.4
6475				    7.6
6487				    8.1
6498				    8.1
6510				    8.0
6521				    8.0
6532				    9.9
6544				    10.2
6555				    10.2
6566				    12.0
6578				    12.0
6589				    12.2
6601				    12.2
6612				    11.6
6623				    11.3
6635				    12.1
6646				    12.1
6657				    11.5
6669				    11.5
6681				    11.4
6692				    10.7
6704				    10.7
6715				    10.0
6726				    10.4
6738				    10.4
6749				    10.4
6761				    9.3
6772				    9.1
6784				    9.1
6796				    8.7
6807				    8.4
6819				    8.4
6830				    8.1
6841				    8.1
6853				    8.0
6864				    7.6
6875				    7.6
6886				    7.4
6898				    7.1
6909				    7.1
6921				    6.8
6932				    6.8
6943				    6.8
6955				    6.1
6966				    6.0
6977				    6.0
6989				    5.8
7000				    5.8
7012				    5.8
7024				    5.6
7035				    5.6
7047				    4.9
7058				    4.9
7070				    4.7
7081				    4.7
7093				    4.6
7104				    4.4
7116				    4.4
7128				    4.4
7139				    4.3
7150				    4.3
7162				    4.4
7173				    4.5
7185				    4.5
7196				    4.5
7208				    4.3
7220				    4.3
7231				    4.1
7242				    4.1
7254				    4.0
7265				    3.9
7277				    3.9
7288				    3.9
7301				    3.9
7312				    3.9
7324				    3.8
7336				    3.8
7347				    3.8
7358				    3.7
7369				    3.7
7381				    3.6
7393				    3.6
7404				    3.6
7416				    3.6
7428				    3.6
7439				    3.6
7450				    3.6
7461				    3.5
7473				    3.5
7484				    3.4
7496				    3.4
7507				    3.3
7519				    3.2
7530				    3.3
7541				    3.3
7553				    3.4
7564				    3.4
7576				    3.4
7587				    3.4
7598				    3.5
7609				    3.5
7621				    3.5
7633				    3.5
7644				    4.0
7656				    4.1
7668				    4.5
7680				    4.5
7691				    4.8
7702				    4.8
7714				    5.8
7725				    6.1
7737				    6.3
7749				    6.3
7761				    6.3
7772				    6.2
7784				    6.1
7795				    6.1
7807				    5.8
7818				    5.8
7829				    5.3
7840				    5.2
7852				    5.2
7864				    4.9
7876				    4.6
7888				    4.6
7899				    4.5
7910				    4.5
7922				    4.4
7933				    4.3
7945				    4.2
7956				    4.2
7968				    4.3
7979				    4.3
7990				    4.4
8002				    4.4
8013				    4.4
8025				    4.3
8037				    4.2
8048				    4.2
8059				    4.2
8071				    4.0
8082				    4.0
8093				    4.0
8105				    4.0
8116				    2.7
8128				    2.7
8140				    2.7
8152				    2.8
8163				    2.8
8174				    2.9
8186				    3.2
8198				    4.5
8209				    4.5
8221				    4.5
8232				    6.3
8244				    6.7
8256				    6.7
8267				    7.1
8278				    7.3
8289				    7.4
8301				    7.3
8312				    7.3
8324				    7.2
8336				    7.6
8347				    7.6
8358				    7.6
8369				    7.6
8381				    7.6
8392				    7.9
8404				    7.7
8415				    7.7
8426				    7.7
8438				    7.3
8449				    7.5
8461				    8.0
8472				    8.0
8484				    8.6
8495				    9.0
8506				    9.0
8518				    9.0
8529				    7.7
8540				    8.0
8552				    7.9
8563				    7.6
8575				    7.6
8586				    7.2
8597				    7.1
8609				    7.1
8621				    7.1
8632				    5.9
8644				    5.9
8655				    5.9
8666				    5.2
8678				    4.9
8689				    4.9
8701				    4.9
8712				    4.6
8724				    4.3
8736				    4.3
8747				    4.2
8758				    4.2
8770				    4.3
8781				    4.2
8793				    4.1
8805				    4.1
8816				    4.1
8828				    4.2
8839				    4.2
8851				    4.3
8862				    4.3
8873				    4.2
8885				    4.1
8897				    4.1
8909				    4.0
8921				    4.0
8932				    3.9
8943				    3.8
8954				    3.8
8965				    3.6
8977				    3.6
8988				    3.5
8999				    3.5
9011				    3.5
9022				    3.5
9033				    3.4
9045				    3.4
9056				    3.4
9068				    3.4
9079				    3.5
9090				    3.5
9101				    3.5
9113				    3.5
9124				    3.6
9135				    3.8
9147				    3.9
9158				    4.0
9169				    4.2
9181				    4.3
9193				    4.3
9204				    4.2
9215				    4.5
9226				    4.5
9237				    4.5
9249				    4.4
9261				    4.4
9272				    4.4
9284				    4.4
9295				    4.1
9306				    4.1
9318				    4.1
9329				    4.0
9341				    4.0
9353				    3.8
9364				    3.8
9376				    3.8
9387				    3.7
9398				    3.8
9409				    3.9
9421				    4.1
9432				    4.1
9444				    4.2
9455				    4.9
9466				    5.1
9478				    5.1
9489				    5.1
9501				    5.1
9512				    5.1
9524				    5.0
9535				    4.8
9547				    4.8
9558				    4.7
9570				    4.5
9581				    4.3
9593				    4.1
9605				    4.1
9616				    4.1
9628				    3.9
9639				    3.0
9650				    2.9
9662				    2.9
9673				    2.9
9685				    2.9
9696				    2.8
9708				    2.8
9719				    2.8
9731				    2.8
9742				    2.7
9753				    2.7
9765				    2.7
9776				    2.7
9788				    2.8
9799				    2.8
9810				    2.8
9821				    2.8
9833				    2.9
9844				    2.9
9856				    2.9
9867				    2.9
9878				    2.9
9889				    2.8
9901				    2.9
9912				    2.9
9923				    2.9
9935				    2.9
9946				    2.8
9957				    2.8
9969				    2.9
9981				    3.0
9992				    3.2
10003				    3.7
10015				    4.5
10026				    4.8
10037				    5.0
10049				    5.5
10060				    6.1
10071				    6.1
10082				    6.4
10093				    6.7
10105				    7.2
10116				    7.2
10127				    7.2
10138				    6.8
10150				    6.8
10161				    6.7
10173				    7.2
10184				    7.6
10196				    7.8
10207				    8.0
10218				    8.0
10230				    8.3
10241				    8.3
10253				    8.0
10264				    7.8
10275				    7.8
10287				    7.5
10298				    7.6
10309				    7.6
10320				    7.6
10332				    6.7
10343				    6.6
10355				    6.6
10366				    6.5
10377				    6.8
10389				    6.8
10400				    7.3
10412				    7.3
10423				    7.2
10434				    7.1
10445				    6.8
10457				    6.8
10468				    6.1
10480				    6.1
10491				    5.5
10502				    5.5
10513				    5.1
10525				    4.7
10537				    4.6
10548				    4.4
10560				    4.4
10571				    4.3
10583				    4.0
10594				    4.0
10606				    3.8
10617				    3.7
10628				    3.7
10639				    3.7
10650				    3.6
10662				    3.6
10673				    3.6
10685				    3.4
10696				    3.4
10708				    3.2
10719				    3.2
10730				    3.2
10741				    2.9
10753				    2.9
10764				    2.9
10777				    2.8
10788				    2.8
10800				    2.8
10811				    2.7
10822				    2.7
10834				    2.7
10845				    2.8
10857				    2.8
10868				    3.0
10880				    3.0
10892				    3.1
10903				    3.1
10914				    3.1
10926				    3.1
10937				    3.1
10949				    3.0
10961				    3.0
10972				    3.0
10984				    3.0
10995				    3.0
11006				    3.0
11018				    3.0
11029				    3.1
11041				    3.1
11052				    3.3
11064				    3.5
11075				    3.6
11086				    3.8
11098				    4.1
11109				    4.4
11120				    4.4
11132				    4.3
11144				    4.3
11155				    4.4
11166				    4.4
11178				    4.4
11189				    4.3
11201				    4.3
11212				    4.3
11223				    4.1
11234				    4.1
11245				    3.6
11257				    3.3
11268				    3.3
11279				    3.2
11291				    3.0
11302				    2.9
11313				    2.7
11325				    2.7
11336				    2.6
11348				    2.5
11360				    2.5
11372				    2.4
11383				    2.4
11394				    2.2
11405				    2.2
11417				    2.0
11428				    2.0
11439				    1.9
11450				    1.9
11462				    1.9
11473				    1.9
11484				    1.9
11496				    1.9
11508				    2.3
11519				    2.5
11530				    2.5
11541				    3.7
11553				    3.9
11565				    4.5
11576				    4.9
11587				    5.1
11598				    5.2
11610				    5.2
11621				    5.3
11632				    5.2
11643				    5.3
11654				    5.4
11666				    5.5
11677				    5.8
11688				    5.8
11699				    5.9
11710				    6.1
11722				    6.2
11733				    6.2
11745				    5.9
11757				    5.9
11768				    5.8
11780				    5.7
11792				    5.7
11803				    5.7
11814				    5.0
11826				    4.8
11837				    4.7
11849				    4.6
11861				    4.6
11872				    4.5
11883				    4.5
11894				    4.4
11905				    4.4
11917				    4.4
11928				    4.3
11939				    4.2
11951				    4.1
11962				    4.0
11973				    4.0
11985				    4.0
11997				    4.0
12008				    3.7
12021				    3.7
12033				    3.7
12044				    3.7
12056				    3.6
12067				    3.5
12078				    3.6
12090				    3.6
12101				    3.5
12113				    3.5
12125				    3.4
12136				    3.4
12147				    3.5
12159				    3.5
12170				    3.5
12182				    3.4
12194				    3.4
12205				    3.4
12217				    3.4
12229				    3.4
12241				    3.4
12252				    3.4
12264				    3.3
12275				    3.3
12287				    3.2
12298				    3.2
12310				    3.1
12322				    3.1
12333				    3.1
12345				    3.0
12356				    2.9
12368				    2.9
12380				    2.7
12391				    2.6
12402				    2.5
12414				    2.5
12425				    2.4
12437				    2.4
12449				    2.4
12461				    2.4
12472				    2.4
12484				    2.6
12495				    2.6
12507				    2.8
12518				    2.8
12530				    2.8
12542				    3.1
12553				    3.3
12565				    3.4
12577				    3.5
12589				    3.5
12600				    3.5
12612				    3.5
12624				    3.5
12636				    3.5
12648				    3.4
12660				    3.4
12672				    3.4
12684				    3.4
12696				    3.4
12708				    3.4
12720				    3.4
12731				    3.2
12743				    3.2
12754				    3.2
12766				    3.1
12778				    3.1
12789				    3.1
12801				    3.0
12813				    2.9
12824				    2.9
12836				    2.9
12848				    2.9
12859				    2.6
12871				    2.6
12882				    2.6
12894				    2.5
12906				    2.4
12917				    2.4
12929				    2.4
12941				    2.2
12953				    2.2
12965				    2.1
12977				    2.1
12988				    2.0
13000				    1.8
13012				    1.8
13024				    1.6
13036				    1.5
13049				    1.5
13061				    1.5
13073				    1.5
13084				    1.5
13097				    1.5
13108				    1.4
13120				    1.4
13132				    1.4
13145				    1.4
13157				    1.4
13168				    1.4
13180				    1.4
13193				    1.4
13204				    1.4
13216				    1.4
13228				    1.4
13240				    1.4
13251				    1.4
13263				    1.3
13274				    1.3
13286				    1.3
13298				    1.3
13310				    1.3
13322				    1.3
13334				    1.3
13346				    1.3
13358				    1.5
13369				    1.7
13381				    3.0
13393				    3.0
13404				    3.5
13416				    2.9
13428				    3.3
13439				    3.4
13451				    6.0
13463				    7.6
13474				    7.6
13486				    7.8
13497				    8.2
13509				    8.4
13521				    8.4
13532				    7.8
13544				    7.4
13556				    7.4
13567				    7.1
13579				    8.2
13590				    8.2
13602				    7.8
13614				    7.8
13625				    7.4
13637				    7.4
13649				    7.4
13661				    7.4
13673				    7.3
13685				    7.2
13696				    7.2
13708				    6.9
13720				    6.6
13731				    6.5
13743				    6.5
13755				    6.5
13766				    6.5
13778				    5.9
13789				    5.8
13801				    5.6
13813				    5.5
13825				    5.4
13837				    5.2
13849				    5.2
13860				    5.2
13872				    4.6
13884				    4.6
13895				    4.6
13907				    4.5
13919				    4.2
13930				    4.2
13942				    3.9
13953				    3.9
13965				    3.7
13977				    3.6
13989				    3.5
14001				    3.5
14012				    3.6
14024				    3.6
14036				    3.7
14048				    3.7
14059				    3.7
14071				    3.8
14082				    3.8
14094				    3.8
14105				    3.9
14118				    3.9
14129				    3.7
14141				    3.7
14153				    3.7
14165				    3.6
14176				    3.5
14188				    3.5
14199				    3.5
14211				    3.3
14223				    3.3
14234				    3.2
14246				    3.2
14257				    3.2
14269				    2.8
14280				    2.8
14292				    2.8
14304				    2.8
14315				    2.8
14327				    2.7
14339				    2.7
14350				    2.7
14362				    2.6
14374				    2.6
14386				    2.5
14398				    2.5
14409				    2.5
14421				    2.5
14433				    2.5
14445				    2.5
14456				    2.4
14468				    2.4
14479				    2.4
14491				    2.4
14502				    2.4
14514				    2.4
14525				    2.4
14537				    2.3
14549				    2.3
14560				    2.3
14572				    2.3
14584				    2.4
14595				    2.4
14607				    2.4
14618				    2.4
14630				    2.4
14642				    2.4
14654				    2.4
14665				    2.4
14677				    2.5
14689				    2.5
14701				    2.5
14713				    2.5
14724				    2.5
14736				    2.5
14747				    2.5
14759				    2.4
14770				    2.4
14781				    2.4
14793				    2.4
14805				    2.4
14817				    2.4
14828				    2.5
14840				    2.5
14851				    2.8
14863				    2.9
14875				    2.9
14887				    3.0
14898				    3.0
14910				    3.5
14922				    3.6
14933				    3.6
14945				    3.6
14957				    3.9
14969				    3.9
14981				    4.0
14993				    4.0
15004				    3.9
15016				    3.9
15027				    3.8
15039				    3.8
15050				    3.7
15062				    3.6
15074				    3.6
15086				    3.6
15098				    2.8
15110				    2.8
15122				    2.7
15133				    2.7
15145				    2.7
15156				    2.7
15168				    2.6
15179				    2.6
15191				    2.6
15202				    2.6
15214				    2.6
15226				    2.6
15237				    2.6
15249				    2.6
15261				    2.6
15273				    2.7
15285				    2.7
15297				    2.7
15309				    2.7
15320				    2.7
15332				    2.6
15344				    2.6
15356				    2.6
15368				    2.6
15379				    2.6
15391				    2.6
15403				    2.6
15414				    2.5
15426				    2.6
15438				    2.6
15449				    3.0
15461				    3.2
15473				    3.2
15484				    3.2
15496				    3.4
15508				    3.4
15520				    3.4
15531				    2.4
15543				    2.5
15555				    2.5
15566				    2.4
15578				    2.4
15589				    2.4
15601				    3.1
15612				    3.1
15624				    3.1
15636				    4.0
15647				    4.7
15658				    4.7
15670				    5.1
15681				    6.1
15693				    6.1
15705				    6.2
15716				    6.4
15728				    6.5
15740				    6.5
15752				    6.7
15763				    6.7
15775				    6.7
15786				    6.3
15798				    6.1
15809				    6.2
15821				    6.1
15833				    6.1
15845				    6.1
15856				    6.1
15867				    5.8
15879				    5.8
15891				    5.6
15902				    5.6
15914				    5.6
15926				    5.4
15938				    5.4
15949				    5.0
15961				    5.0
15973				    4.9
15984				    4.8
15996				    4.5
16007				    4.5
16019				    4.4
16030				    4.1
16042				    3.9
16054				    3.9
16065				    3.7
16077				    3.6
16088				    3.4
16100				    3.4
16112				    3.4
16124				    3.4
16135				    2.9
16147				    2.9
16158				    2.9
16170				    2.9
16182				    2.8
16193				    2.8
16205				    2.8
16217				    2.8
16229				    2.8
16241				    2.8
16253				    2.8
16264				    2.8
16276				    2.7
16288				    2.7
16300				    2.6
16311				    2.6
16323				    2.6
16334				    2.6
16346				    2.5
16357				    2.4
16369				    2.4
16380				    2.4
16392				    2.3
16404				    2.3
16416				    2.3
16428				    2.2
16440				    2.2
16452				    2.2
16463				    2.1
16475				    2.1
16487				    2.1
16498				    2.1
16510				    2.1
16522				    2.1
16533				    2.1
16545				    2.1
16557				    2.1
16569				    2.1
16581				    1
16592				    1
16604				    1
16615				    1
16628				    1
16639				    1
16651				    1
16663				    1
16674				    1
16686				    1
16698				    1
16709				    1
16721				    1
16732				    1
16744				    1
16756				    1
16767				    1
16778				    1
16790				    1
16802				    1
16814				    1
16825				    1
16837				    1
16848				    1
16860				    1
16871				    1
16883				    1
16895				    1
16906				    4.0
16918				    4.0
16929				    4.0
16941				    4.0
16953				    5.3
16965				    5.3
16977				    5.3
16988				    5.4
16999				    5.7
17011				    5.8
17022				    5.7
17034				    4.4
17045				    4.6
17058				    4.5
17069				    4.9
17081				    4.9
17093				    4.9
17106				    4.6
17117				    4.4
17129				    4.4
17140				    4.4
17152				    4.2
17163				    4.2
17175				    4.1
17186				    4.1
17198				    3.9
17209				    3.8
17221				    3.8
17233				    3.8
17245				    3.8
17257				    3.8
