7077				    2.6	
7089				    2.6	
7100				    2.6	
7112				    2.6	
7124				    2.6	
7136				    4.2	
7148				    4.2	
7160				    5.1	
7171				    7.6	
7183				    8.3	
7194				    9.2	
7206				    9.8	
7218				    13.4	
7229				    13.6	
7241				    18.6	
7253				    18.6	
7265				    18.3	
7277				    25.7	
7289				    25.7	
7301				    26.3	
7313				    26.6	
7325				    29.7	
7336				    31.7	
7348				    31.5	
7360				    28.4
7371				    21.8
7383				    22.4
7395				    28.3
7406				    28.3
7418				    27.2
7430				    15.1
7442				    12.8
7453				    11.1
7465				    10.0
7476				    11.3
7488				    11.3
7500				    13.6
7512				    35.6
7524				    35.0
7536				    37.0
7548				    37.4
7559				    31.7
7571				    27.9
7582				    21.0
7594				    21.2
7606				    18.1
7617				    16.8
7629				    9.7
7641				    19.8
7653				    19.9
