15652				    33.474
15660				    33.474
15668				    33.474
15676				    33.474
15684				    33.474
15692				    33.474
15700				    33.474
15709				    33.474
15717				    33.474
15726				    7.499
15734				    7.499
15742				    7.499
15750				    7.499
15757				    7.499
15763				    10.069
15770				    9.791
15776				    7.723
15783				    7.354
15790				    7.354
15796				    7.354
15803				    7.482
15809				    2.239
15816				    2.239
15822				    4.781
15829				    4.692
15836				    4.222
15842				    4.111
15849				    4.111
15856				    4.111
15863				    6.48
15869				    6.48
15876				    5.013
15882				    5.013
15889				    4.729
15896				    4.729
15902				    3.956
15909				    4.779
15916				    4.868
15927				    5.274
15938				    5.577
15949				    1.263
15960				    1.263
15971				    5.56
15982				    4.897
15993				    3.739
16005				    8.195
16016				    8.293
16027				    8.293
16038				    6.929
16049				    0.902
16060				    2.725
16071				    3.692
16083				    8.998
16094				    4.038
16105				    0.899
16116				    2.804
16127				    5.816
16138				    9.505
16150				    3.96
16161				    3.819
16173				    4.195
16184				    5.645
16195				    5.645
16207				    4.186
16218				    4.588
16229				    7.541
16240				    8.748
16251				    2.86
16262				    1.547
16273				    3.17
16284				    0.739
16296				    4.587
16307				    2.409
16319				    8.813
16330				    5.637
16343				    2.115
16354				    2.115
16365				    3.478
16376				    1.001
16387				    2.948
16399				    2.367
16410				    6.526
