14453				    10
14464				    10
14475				    10
14486				    13
14497				    20
14508				    20
14519				    22
14531				    27
14542				    40
14553				    41
14564				    53
14576				    62
14588				    66
14599				    72
14610				    115
14621				    132
14632				    144
14644				    149
14654				    185
14666				    215
14677				    282
14688				    291
14700				    328
14711				    340
14723				    399
14734				    442
14745				    497
14756				    545
14767				    584
14778				    653
14790				    713
14801				    752
