39632				    60.366
39644				    60.366
39655				    60.366
39666				    60.366
39678				    60.366
39690				    60.366
39701				    60.748
39713				    71.726
39725				    71.726
39737				    50.457
39749				    50.457
39761				    50.457
39772				    51.397
39784				    51.182
39796				    53.993
39808				    53.993
39819				    50.708
39831				    51.221
39842				    59.622
39854				    59.622
39865				    59.622
39877				    78.503
39889				    53.877
39900				    55.722
39912				    67.243
39924				    68.771
39936				    74.804
39948				    80.584
39960				    80.799
39971				    86.385
39983				    101.504
39994				    104.209
40006				    104.209
40017				    118.395
40029				    120.207
40040				    124.139
40052				    137.317
40064				    138.006
40076				    124.249
40087				    135.806
40099				    137.091
40111				    152.355
40122				    152.355
40134				    158.305
40145				    161.692
40157				    165.082
40169				    178.395
40182				    187.933
40194				    186.542
40206				    173.321
40218				    159.864
40229				    154.409
40241				    142.11
40253				    142.445
40265				    120.148
40276				    124.366
40288				    124.366
40300				    99.541
40312				    61.165
40324				    61.165
40335				    65.34
40347				    81.518
40359				    96.596
40370				    97.816
40382				    93.287
40394				    93.452
40405				    106.184
40417				    103.396
40429				    110.456
40441				    101.87
40452				    106.033
40464				    104.121
