14479				    67.432
14490				    67.432
14502				    67.432
14513				    67.432
14524				    67.432
14536				    60.928
14548				    60.766
14559				    60.766
14571				    60.766
14583				    60.766
14595				    60.425
14607				    60.385
14619				    60.385
14631				    55.638
14643				    48.008
14654				    51.65
14665				    51.65
14677				    66.163
14689				    55.945
14700				    56.694
14712				    57.808
14724				    58.174
14735				    58.332
14747				    58.332
14758				    63.636
14770				    69.945
14782				    80.056
14793				    81.281
14805				    81.87
14816				    83.008
14828				    88.174
14840				    92.093
14852				    91.749
14864				    92.139
14875				    102.649
14887				    113.969
14899				    118.687
14911				    119.717
14923				    129.608
14934				    129.608
14946				    144.756
14957				    156.719
14969				    157.957
14980				    165.068
14992				    165.068
15004				    174.46
15016				    177.478
15028				    186.184
15040				    201.479
15052				    204.939
15064				    208.728
15076				    207.522
15087				    208.406
15098				    221.024
15110				    225.43
15121				    226.095
15133				    245.242
15144				    250.992
15156				    251.351
15168				    266.852
15179				    266.852
15191				    253.917
15203				    261.04
15214				    262.044
15226				    276.059
15237				    276.781
15249				    283.996
15260				    294.181
15272				    308.976
15283				    309.593
15294				    313.619
