2959				    10
2970				    10
2981				    10
2992				    10
3003				    10
3013				    10
3024				    20
3035				    20
3046				    20
3056				    20
3067				    20
3078				    20
3089				    23
3100				    28
3112				    30
3123				    31
3133				    32
3145				    32
3156				    40
3167				    44
3178				    47
3190				    50
3200				    58
3211				    62
3222				    66
3233				    72
3244				    87
3255				    93
3266				    101
3277				    107
3288				    113
3300				    117
3311				    127
3322				    140
3333				    144
3344				    145
3355				    168
3366				    189
3377				    200
3389				    206
3400				    212
3411				    212
3422				    212
3433				    224
3444				    224
3455				    224
3466				    224
3477				    224
3488				    224
3499				    224
3510				    224
3521				    224
3532				    312
3543				    312
3554				    312
3565				    312
3576				    312
3587				    312
3598				    312
3609				    312
3620				    312
3631				    312
3641				    312
3653				    324
3664				    334
3675				    336
3686				    336
3696				    336
3707				    336
3719				    336
3730				    336
3741				    336
3752				    336
