27527				    47.155
27539				    47.155
27550				    47.155
27561				    47.155
27572				    45.809
27583				    48.176
27594				    52.804
27605				    52.804
27616				    48.458
27627				    48.458
27639				    50.854
27650				    50.359
27661				    50.164
27672				    51.993
27683				    58.085
27694				    49.535
27705				    50.788
27716				    50.788
27727				    60.761
27738				    59.184
27749				    61.316
27760				    61.691
27771				    61.691
27782				    67.769
27793				    72.863
27804				    72.863
27815				    80.369
27826				    81.491
27837				    85.039
27848				    92.748
27860				    92.748
27871				    97.642
27882				    99.077
27893				    104.446
27905				    109.64
27915				    109.64
27926				    112.228
27937				    112.228
27948				    118.651
27959				    112.043
27970				    112.43
27981				    116.354
27992				    116.354
28003				    119.704
28014				    119.105
28025				    119.105
28036				    122.405
28047				    122.048
28058				    123.581
28069				    125.297
28081				    120.41
28092				    121.256
28103				    122.206
28114				    119.72
28125				    120.183
28136				    122.783
28147				    122.678
28158				    122.678
28169				    124.726
28180				    129.469
28191				    130.74
28202				    130.784
28213				    122.467
28224				    123.172
28235				    123.172
28246				    120.992
28257				    119.293
28268				    119.293
28279				    122.88
28290				    120.538
28301				    118.798
28313				    120.468
28324				    119.509
28335				    118.627
28346				    118.922
28357				    119.156
28368				    120.358
28379				    120.358
28390				    127.133
28401				    123.076
28412				    120.332
28424				    118.832
28435				    118.281
28446				    118.281
28457				    123.385
28469				    128.613
28480				    127.659
28491				    126.942
