3965				    1
3971				    1
3978				    1
3985				    1
3991				    1
3998				    1
4004				    1
4011				    1
4018				    1
4024				    1
4031				    1
4037				    1
4043				    1
4050				    1
4057				    1
4063				    1
4070				    1
4076				    1
4082				    1
4089				    1
4095				    1
4102				    1
4108				    1
4115				    1
4122				    1
4133				    1
4144				    1
4155				    1
4165				    1.0	
4176				    1.0	
4187				    1.0	
4198				    1.0	
4209				    1.0	
4220				    1.0	
4231				    1.0	
4242				    1.0	
4253				    2.1	
4264				    4.1	
4274				    4.1	
4285				    4.1	
4296				    4.1	
4307				    4.1	
4318				    4.1	
4329				    4.1	
4340				    4.1	
4350				    4.1	
4361				    4.1	
4372				    4.1	
4383				    4.8	
4394				    6.8	
4404				    6.8	
4416				    6.8	
4426				    6.8	
4437				    6.8	
4448				    6.8	
4459				    6.8	
4469				    6.8	
4480				    7.4	
4491				    8.5	
4502				    8.5	
4513				    11.7	
4524				    13.5	
4535				    13.7	
4546				    13.7	
4557				    13.7	
4567				    13.7	
4578				    13.7	
4589				    13.7	
4600				    13.7	
4611				    13.7	
4622				    15.2	
4633				    15.3	
4644				    15.4	
4655				    15.6	
4666				    17.5	
4676				    17.5	
4687				    17.5	
4698				    15.7	
4709				    18.3	
4720				    18.3	
4731				    18.3	
4741				    18.6	
4752				    18.6	
4763				    25.8	
4774				    30.6	
4785				    31.8	
4796				    31.8	
4806				    42.1	
4817				    47.6	
4828				    50.2	
4839				    54.8	
4851				    54.8	
4862				    54.8	
4872				    54.8	
4883				    54.0	
4894				    58.1	
4905				    58.7	
4916				    58.7	
4926				    58.2	
4938				    57.8	
4949				    57.8	
4960				    57.8	
4971				    57.8	
4982				    57.8	
4993				    57.8	
5003				    57.8	
5014				    57.8	
5025				    57.8	
5036				    57.8	
5047				    57.8	
5057				    57.8	
