25601				    33.581
25609				    33.581
25617				    33.581
25625				    33.581
25633				    33.581
25642				    33.581
25650				    24.965
25658				    4.417
25667				    4.417
25676				    4.417
25684				    4.417
25692				    4.417
25701				    5.024
25709				    4.198
25717				    0.505
25725				    0.505
25734				    0.505
25742				    0.505
25751				    0.677
25759				    2.577
25767				    3.551
25775				    3.791
25783				    5.474
25791				    10.845
25800				    10.901
25808				    10.901
25816				    1.793
25824				    1.793
25832				    8.073
25841				    3.616
25849				    2.784
25857				    2.492
25866				    3.448
25874				    5.461
25882				    2.16
25891				    3.443
25899				    5.776
25907				    5.776
25915				    5.233
25923				    1.734
25931				    1.734
25939				    1.734
25948				    11.319
25956				    2.866
25964				    1.405
25972				    4.883
25980				    11.113
25988				    11.113
25996				    5.932
26004				    4.947
26012				    6.518
26020				    4.931
26028				    7.238
26036				    3.143
26044				    4.831
26052				    1.031
26060				    2.699
26068				    5.674
26076				    8.566
26084				    9.933
26092				    1.217
26100				    2.786
26108				    4.223
26116				    6.964
26125				    5.707
26133				    5.667
26141				    1.273
26150				    1.273
26158				    3.559
26166				    3.559
26174				    10.349
26182				    6.732
26191				    8.229
26199				    8.201
26207				    8.201
26215				    6.216
26223				    7.328
26231				    10.708
26240				    10.708
26248				    5.22
26256				    5.22
26264				    5.22
26272				    8.433
26281				    1.59
26289				    5.139
26297				    4.41
26306				    4.41
26314				    4.41
26322				    8.33
26330				    3.918
26338				    3.918
26347				    3.392
26355				    4.029
26363				    4.029
26371				    3.245
26379				    4.71
26388				    4.96
26396				    6.546
26404				    0.324
26412				    0.324
26420				    8.701
26428				    8.701
