31385				    33.615
31391				    33.615
31398				    33.615
31405				    33.615
31412				    33.615
31419				    33.615
31426				    33.615
31432				    33.615
31439				    21.669
31446				    4.365
31452				    4.365
31459				    4.365
31465				    4.365
31472				    4.365
31478				    5.844
31485				    5.523
31492				    4.514
31498				    3.219
31505				    3.219
31511				    3.219
31518				    3.965
31524				    2.405
31531				    2.523
31537				    3.322
31544				    2.8
31550				    2.8
31557				    3.994
31563				    5.764
31570				    8.401
31577				    8.401
31583				    3.06
31590				    3.06
31596				    3.526
31603				    3.526
31610				    3.526
31616				    11.297
31623				    12.55
31630				    12.55
31636				    9.922
31643				    9.922
31649				    10.179
31656				    12.064
31662				    13.411
31669				    7.458
31676				    8.025
31682				    7.964
31689				    7.064
31695				    7.064
31702				    6.523
31709				    6.523
31715				    7.037
31722				    5.602
31729				    4.959
31735				    2.647
31742				    4.226
31748				    4.292
31755				    4.292
31762				    6.103
31768				    3.586
31775				    4.427
31782				    3.94
31789				    3.6
31795				    4.075
31802				    3.512
31809				    3.512
31815				    6.974
31822				    6.974
31829				    6.528
31836				    6.528
31842				    6.528
31849				    4.156
31855				    3.258
31862				    5.944
31868				    4.867
31875				    5.476
31881				    5.476
31888				    5.126
31894				    7.284
31901				    5.818
31908				    5.746
31914				    5.746
31921				    9.254
31927				    14.12
31934				    12
31940				    6.975
31947				    8.144
31953				    8.239
31960				    8.239
31967				    8.239
31974				    12.969
31981				    12.969
31988				    12.969
31994				    12.969
32001				    7.092
32007				    5.66
32014				    6.38
32021				    6.49
32027				    3.106
32034				    4.136
32041				    4.136
32047				    3.141
32054				    4.315
32060				    8.284
32067				    6.745
32073				    6.87
32080				    6.87
32087				    6.87
32093				    7.878
32100				    10.269
32107				    3.7
32113				    3.7
32120				    3.663
32127				    3.663
32134				    5.349
32140				    5.349
32147				    5.349
32154				    5.11
32160				    5.11
32167				    5.11
32174				    5.362
32180				    5.903
32187				    5.896
32194				    5.164
32200				    6.638
32207				    5.13
32213				    5.13
32220				    5.899
32227				    5.899
32234				    7.882
32240				    7.882
32247				    10.059
32253				    7.874
32260				    5.789
32266				    5.789
32273				    5.789
32280				    7.794
32286				    6.406
32293				    6.406
32299				    6.133
32306				    4.254
32313				    4.49
32319				    4.962
32326				    4.382
32333				    3.739
32339				    5.406
32346				    5.406
32353				    9.375
32359				    6.791
32366				    6.791
32373				    6.791
32380				    7.525
32386				    3.763
32393				    4.268
