1784				    10
1793				    10
1802				    10
1811				    10
1819				    10
1828				    10
1837				    10
1846				    10
1854				    19
1864				    20
1873				    20
1881				    20
1890				    20
1899				    22
1907				    25
1916				    27
1925				    27
1934				    28
1943				    31
1951				    32
1960				    32
1969				    36
1978				    40
1987				    42
1995				    46
2004				    46
2013				    48
2022				    50
2030				    50
2039				    55
2047				    56
2056				    64
2065				    66
2073				    66
2082				    74
2091				    76
2100				    76
2109				    80
2117				    80
2126				    80
2135				    80
2143				    80
2152				    80
2161				    96
2170				    96
2179				    96
2188				    96
2196				    96
2205				    96
2214				    96
2223				    96
2232				    117
2241				    162
2249				    177
2258				    181
2267				    185
2275				    185
2284				    199
2293				    219
2302				    241
2310				    243
2319				    243
2329				    238
2337				    238
2346				    238
2355				    238
2364				    238
2373				    238
2382				    238
2391				    248
2400				    264
2412				    272
2424				    298
2436				    298
2448				    298
