4081				    1.2	
4093				    1.2	
4104				    1.2	
4117				    1.2	
4129				    1.2	
4141				    3.0	
4153				    3.0	
4165				    3.0	
4177				    3.3	
4189				    8.3	
4200				    9.1	
4211				    9.1	
4223				    10.0	
4234				    14.7	
4246				    17.4	
4259				    18.0	
4270				    22.0	
4282				    23.9	
4294				    25.3	
4306				    27.8	
4318				    27.3	
4330				    27.0	
4342				    27.5	
4354				    29.6
4366				    26.5
4378				    26.5
4390				    25.4
4402				    24.2
4414				    22.0
4425				    20.3
4437				    18.3
4448				    19.6
4460				    19.6
4472				    19.7
4484				    19.7
4495				    19.7
4507				    19.7
4518				    18.7
4530				    18.7
4542				    18.7
4553				    16.9
4565				    15.3
4577				    15.3
4589				    11.8
4600				    8.4
4612				    8.0
4624				    8.0
4635				    7.7
4647				    8.1
4659				    8.7
4670				    9.4
4682				    11.0
4694				    16.0
4705				    16.3
4717				    15.5
4728				    14.5
4739				    13.3
4751				    12.5
4763				    12.4
4774				    11.9
4786				    11.9
4798				    14.0
