8481				    4.021
8492				    20.521
8503				    3.096
8515				    20.521
8526				    3.736
8538				    20.521
8549				    2.373
8561				    20.521
8573				    1.213
8585				    11.332
8596				    2.473
8608				    7.576
8619				    2.734
8631				    7.576
8642				    2.508
8654				    7.923
8665				    2.508
8676				    3.536
8688				    1.588
8699				    4.869
8710				    1.806
8722				    4.869
8733				    1.806
8745				    0.92
8758				    4.489
8769				    1.806
8781				    2.394
8792				    1.67
8804				    1.968
8815				    3.697
8827				    1.968
8839				    1.744
8850				    4.387
8861				    1.189
8873				    2.894
8885				    3.667
8896				    2.569
8908				    2.885
8919				    3.048
				    2.559
				    3.136
				    2.711
				    3.044
				    5.103
				    2.489
				    3.109
				    2.489
				    0.738
				    2.489
				    1.577
				    6.127
				    3.175
				    3.477
				    0.596
				    2.603
				    1.158
				    4.449
				    0.108
				    4.449
				    0.726
				    4.449
				    2.309
				    10.192
				    1.091
				    2.772
				    4.538
				    2.772
				    4.538
				    4.654
				    5.287
				    1.268
				    5.287
				    0.766
				    5.287
				    4.242
				    5.287
				    4.618
				    5.287
