1194				    10
1201				    10
1209				    10
1217				    10
1225				    10
1233				    10
1241				    10
1249				    15
1257				    20
1265				    20
1273				    20
1281				    20
1289				    20
1297				    20
1305				    20
1313				    20
1321				    26
1330				    29
1338				    29
1346				    29
1354				    29
1362				    30
1370				    30
1378				    30
1386				    30
1394				    30
1402				    31
1410				    31
1418				    31
1426				    31
1433				    31
1441				    31
1449				    31
1457				    31
1465				    31
1473				    31
1481				    31
1489				    31
1497				    32
1505				    32
1514				    32
1521				    33
1530				    33
1538				    33
1545				    33
1553				    33
1561				    33
1569				    33
1577				    33
1585				    33
1593				    33
1601				    34
1609				    34
1617				    34
1626				    34
1634				    34
1641				    34
1649				    34
1657				    34
1665				    34
1674				    35
1682				    35
1690				    35
1698				    35
1706				    35
1714				    35
1722				    35
1731				    35
1739				    35
1747				    35
1755				    35
1762				    35
1770				    35
1778				    36
1786				    36
1795				    36
1803				    37
1815				    37
1825				    38
1836				    38
1847				    38
1858				    38
1869				    38
1880				    39
1890				    39
1901				    39
1913				    39
1924				    39
1935				    40
1945				    40
1956				    40
1967				    40
1978				    41
1989				    41
2000				    41
2011				    41
2023				    41
2034				    41
2045				    41
2056				    42
2068				    42
2079				    42
2090				    42
2101				    43
2112				    43
2124				    43
2135				    43
2147				    43
2158				    43
2169				    43
2181				    44
2192				    44
2203				    44
2215				    45
2226				    45
2238				    45
2249				    45
2257				    45
2265				    45
2274				    45
2282				    45
2290				    45
2298				    45
2306				    45
2315				    45
2323				    46
2331				    46
2339				    47
2347				    47
2355				    47
2364				    47
2372				    47
2380				    47
2389				    47
2397				    47
2405				    47
2413				    47
2421				    47
2430				    48
2438				    48
2446				    48
2454				    49
2463				    49
2471				    49
2479				    49
2488				    49
2496				    49
2505				    49
2513				    49
2522				    50
2530				    50
2539				    50
2547				    50
2555				    50
2563				    50
2572				    50
2580				    50
2588				    50
2597				    50
2605				    50
2613				    51
2622				    51
2630				    51
2639				    51
2647				    51
2655				    52
2664				    52
2675				    52
2686				    52
2698				    52
2709				    52
2721				    52
2732				    52
2743				    53
2754				    53
2766				    53
2777				    54
2788				    54
2800				    54
2811				    55
2822				    55
2833				    55
2844				    55
2856				    55
2868				    55
2879				    55
2890				    56
2901				    56
2913				    56
2924				    56
2935				    57
2948				    58
2959				    58
2970				    58
2981				    58
2992				    58
3003				    58
3015				    58
3026				    58
3037				    59
3048				    59
3060				    59
3071				    59
3082				    59
3093				    59
3104				    60
3116				    60
3128				    60
3139				    60
3150				    60
3161				    60
3172				    60
3184				    61
3195				    61
3206				    61
3217				    61
3228				    61
3239				    62
3250				    62
3262				    62
3273				    63
3284				    63
3295				    63
3306				    63
3317				    63
3328				    63
3339				    63
3350				    63
3361				    64
3372				    64
3383				    64
3394				    65
3405				    65
3416				    65
3428				    65
3439				    65
3450				    65
3461				    65
