8272				    10
8283				    10
8294				    10
8305				    10
8317				    10
8328				    14
8339				    20
8350				    20
8361				    20
8372				    21
8383				    21
8395				    29
8405				    29
8416				    29
8427				    29
8438				    29
8449				    29
8460				    29
8471				    29
8482				    29
8493				    29
8504				    29
8516				    29
8527				    29
8538				    29
8549				    29
8560				    29
8571				    30
8583				    30
8594				    30
8605				    30
8615				    30
8627				    30
8638				    30
8649				    30
8660				    30
8671				    30
8682				    31
8693				    31
8703				    31
8714				    31
8725				    31
8736				    31
8747				    31
8758				    31
8769				    32
8780				    32
8791				    32
8802				    32
8813				    32
8824				    32
8835				    32
8845				    33
8856				    33
8867				    33
8878				    33
8888				    33
8899				    33
8910				    33
8921				    33
8932				    34
8942				    34
8953				    34
8964				    34
8975				    34
8986				    34
8996				    34
9007				    34
9018				    34
9029				    34
9040				    35
9050				    35
9061				    35
9072				    35
9083				    35
9094				    35
9105				    35
9116				    36
9127				    36
9137				    36
9148				    36
9160				    36
9171				    36
9182				    36
9192				    36
9203				    36
9214				    36
9225				    37
9236				    37
9247				    37
9258				    37
9269				    37
9281				    37
9292				    37
9304				    37
9315				    37
9326				    38
9338				    38
9349				    38
9360				    38
9371				    38
9382				    38
9394				    38
9405				    38
9416				    39
9427				    39
9438				    39
9449				    39
9460				    39
9471				    39
9482				    39
9493				    39
9504				    39
9515				    39
9526				    39
9537				    39
