36158				    
36169				    1.7	
36181				    1.7	
36193				    1.7	
36205				    1.7	
36217				    2.6	
36229				    3.1	
36241				    3.1	
36252				    3.1	
36263				    3.1	
36275				    3.8	
36286				    7.3	
36298				    7.3	
36309				    7.3	
36321				    7.3	
36333				    7.5	
36344				    12.3	
36356				    12.7	
36367				    12.7	
36378				    16.6	
36390				    17.2	
36402				    19.6	
36413				    19.3	
36425				    19.0	
36436				    17.4	
36448				    17.4	
36459				    18.7	
36471				    18.7	
36482				    20.3	
36494				    20.3	
36506				    24.8	
36517				    23.5	
36529				    24.3	
36541				    25.1	
36553				    25.1	
36565				    23.6	
36577				    25.5	
36589				    26.0	
36601				    29.0
36612				    29.0
36623				    28.0
36635				    25.1
36647				    22.6
36658				    21.4
36670				    19.7
36682				    19.2
36693				    17.9
36705				    16.7
36717				    16.3
36729				    15.1
36740				    15.0
36752				    14.6
36763				    13.7
36775				    13.0
36786				    13.0
36798				    13.0
36809				    12.2
36821				    12.2
36833				    11.8
36845				    8.6
36857				    8.3
36869				    8.3
36881				    6.7
36893				    6.6
36905				    6.3
36917				    5.4
36929				    4.7
36941				    4.7
36953				    4.7
36965				    3.6
36976				    3.6
36987				    3.2
36999				    7.8
37010				    7.8
37022				    7.9
37033				    8.0
37045				    8.3
37056				    8.4
37068				    8.4
