9.166813000	0.039882000
9.207824000	0.037399000
9.207860000	0.037421000
9.210858000	0.040363000
9.210891000	0.040391000
9.210903000	0.040313000
9.211887000	0.041291000
9.216091000	0.045413000
9.216128000	0.045444000
9.216145000	0.045380000
9.216164000	0.045393000
9.241840000	0.033991000
9.241878000	0.034024000
9.245878000	0.037990000
9.245916000	0.038025000
9.251869000	0.040988000
9.251908000	0.041022000
9.254901000	0.043922000
9.254941000	0.043958000
9.254949000	0.043909000
9.254954000	0.043911000
9.254959000	0.043051000
9.254965000	0.043052000
9.255071000	0.038952000
9.255808000	0.039684000
9.255849000	0.039697000
9.255856000	0.039701000
9.275978000	0.034110000
9.276017000	0.034144000
9.276025000	0.034118000
9.276829000	0.034919000
9.276883000	0.034901000
9.281837000	0.039852000
9.281875000	0.039818000
9.284827000	0.042766000
9.284865000	0.038959000
9.285869000	0.039958000
9.285906000	0.039960000
9.285914000	0.039965000
9.289848000	0.037950000
9.289886000	0.037983000
9.291839000	0.039823000
9.291885000	0.039865000
9.294831000	0.039901000
9.295812000	0.040877000
9.295865000	0.040884000
9.301927000	0.046943000
9.301964000	0.046869000
9.306841000	0.051742000
9.306876000	0.051739000
9.310121000	0.054980000
9.310151000	0.054916000
9.310157000	0.054916000
9.310162000	0.054839000
9.310167000	0.054838000
9.310172000	0.054757000
9.310237000	0.054816000
9.310250000	0.054416000
9.310254000	0.054416000
9.310259000	0.054309000
9.310264000	0.054310000
9.310269000	0.054266000
9.310343000	0.054338000
9.320088000	0.044081000
9.320122000	0.044110000
9.320140000	0.044091000
9.320160000	0.044012000
9.320278000	0.043417000
9.320295000	0.043401000
9.320502000	0.038632000
9.320540000	0.038632000
9.321794000	0.036939000
9.326860000	0.042000000
9.326918000	0.042026000
9.326935000	0.042040000
9.329873000	0.043976000
9.329908000	0.044007000
9.329925000	0.043995000
9.329976000	0.044043000
9.329988000	0.043980000
9.330029000	0.044017000
9.330133000	0.040257000
9.330186000	0.040305000
9.330198000	0.040295000
9.330239000	0.040333000
9.330292000	0.038421000
9.331827000	0.039949000
9.331853000	0.039924000
9.331878000	0.039945000
9.334974000	0.040115000
9.335011000	0.040148000
9.335026000	0.039188000
9.335032000	0.039189000
9.335045000	0.039172000
9.335062000	0.039186000
9.335141000	0.033187000
9.335181000	0.033222000
9.336832000	0.034809000
9.336885000	0.034857000
9.339869000	0.033002000
9.339914000	0.033042000
9.339933000	0.033032000
9.340007000	0.033104000
9.346883000	0.036741000
9.346921000	0.036774000
9.350871000	0.040682000
9.350918000	0.040674000
9.350933000	0.040641000
9.350939000	0.040587000
9.356809000	0.036696000
9.360959000	0.040811000
9.361008000	0.040719000
9.361017000	0.040715000
9.361028000	0.040602000
9.361034000	0.040506000
9.361040000	0.040504000
9.361936000	0.041362000
9.361980000	0.041309000
9.366879000	0.046111000
9.366912000	0.046017000
9.378848000	0.057902000
9.378890000	0.057939000
9.378903000	0.057901000
9.378910000	0.057858000
9.378916000	0.057858000
9.378931000	0.057822000
9.378989000	0.057829000
9.380856000	0.059691000
9.380909000	0.059095000
9.390901000	0.064019000
9.390936000	0.064008000
9.390941000	0.064000000
9.390954000	0.061055000
9.391888000	0.061973000
9.391923000	0.061988000
9.395140000	0.065157000
9.395175000	0.065181000
9.395181000	0.065143000
9.395185000	0.065041000
9.395190000	0.063303000
9.395394000	0.058502000
9.395419000	0.048503000
9.395427000	0.044515000
9.395433000	0.044503000
9.397028000	0.046070000
9.400871000	0.049907000
9.400905000	0.049851000
9.400921000	0.049861000
9.400936000	0.049796000
9.405073000	0.048239000
9.410271000	0.053432000
9.410482000	0.049491000
9.410498000	0.049501000
9.410506000	0.049448000
9.411879000	0.050815000
9.411906000	0.050837000
9.411911000	0.050691000
9.411916000	0.050689000
9.411919000	0.050688000
9.416858000	0.055624000
9.416888000	0.055651000
9.419877000	0.058609000
9.419910000	0.058637000
9.419923000	0.058646000
9.419929000	0.058648000
9.421939000	0.060618000
9.421968000	0.060643000
9.421976000	0.060647000
9.421980000	0.060647000
9.421984000	0.060647000
9.421987000	0.060023000
9.424977000	0.063008000
9.425008000	0.063036000
9.425018000	0.063043000
9.425021000	0.063032000
9.425126000	0.063124000
9.425157000	0.063152000
9.425162000	0.063154000
9.425166000	0.058265000
9.425169000	0.058264000
9.425173000	0.058265000
9.425176000	0.058236000
9.425186000	0.058242000
9.425282000	0.058332000
9.425311000	0.058274000
9.425316000	0.058273000
9.425319000	0.058273000
9.425330000	0.058202000
9.425340000	0.046464000
9.425434000	0.046550000
9.425437000	0.046538000
9.425439000	0.046500000
9.425441000	0.046498000
9.425487000	0.046540000
9.425489000	0.046490000
9.425539000	0.046536000
9.425542000	0.046535000
9.425593000	0.046544000
9.425595000	0.046541000
9.425646000	0.046588000
9.425660000	0.046555000
9.425801000	0.046692000
9.425817000	0.046704000
9.425853000	0.044980000
9.426809000	0.045931000
9.429828000	0.048910000
9.429938000	0.049016000
9.430228000	0.039302000
9.430238000	0.039307000
9.430282000	0.039321000
9.430290000	0.039322000
9.431855000	0.040800000
9.431866000	0.040805000
9.431953000	0.040811000
9.436830000	0.045682000
9.436848000	0.044935000
9.440062000	0.048144000
9.440092000	0.048152000
9.440102000	0.048159000
9.440110000	0.048069000
9.440114000	0.044949000
9.440117000	0.044947000
9.440121000	0.044709000
9.440124000	0.044709000
9.440127000	0.043079000
9.446861000	0.049808000
9.452016000	0.054924000
9.452045000	0.054950000
9.452054000	0.054866000
9.455041000	0.057846000
9.455070000	0.057717000
9.455078000	0.057722000
9.455086000	0.057641000
9.455090000	0.057639000
9.455094000	0.057561000
9.455097000	0.057558000
9.455100000	0.057479000
9.455104000	0.057477000
9.455115000	0.057454000
9.456852000	0.059188000
9.456882000	0.059167000
9.459815000	0.062097000
9.459837000	0.062068000
9.459866000	0.062086000
9.459919000	0.062096000
9.459926000	0.062100000
9.459973000	0.062097000
9.459980000	0.062101000
9.460026000	0.062096000
9.460034000	0.062101000
9.460080000	0.062096000
9.460088000	0.062101000
9.460134000	0.062096000
9.460146000	0.062106000
9.460151000	0.062059000
9.460154000	0.062060000
9.460239000	0.062094000
9.460250000	0.062102000
9.460254000	0.062055000
9.469892000	0.071690000
9.469923000	0.071670000
9.469933000	0.071677000
9.469938000	0.071621000
9.469941000	0.071620000
9.469944000	0.071567000
9.470031000	0.071651000
9.470043000	0.071629000
9.470047000	0.071630000
9.470050000	0.071582000
9.470110000	0.071639000
9.470123000	0.071601000
9.470162000	0.071637000
9.470172000	0.071596000
9.470216000	0.071637000
9.470226000	0.071596000
9.470270000	0.071637000
9.470325000	0.071642000
9.470432000	0.071746000
9.470443000	0.071706000
9.470448000	0.071708000
9.470451000	0.071660000
9.470486000	0.071693000
9.470495000	0.071650000
9.470499000	0.071652000
9.470539000	0.069645000
9.470549000	0.069650000
9.470593000	0.069665000
9.470647000	0.069715000
9.470656000	0.069677000
9.470701000	0.069719000
9.470709000	0.069677000
9.470755000	0.069719000
9.470916000	0.065821000
9.470927000	0.065827000
9.470936000	0.060643000
9.470940000	0.060640000
9.470970000	0.060479000
9.471023000	0.060528000
9.471025000	0.060522000
9.471075000	0.060537000
9.471077000	0.060537000
9.471079000	0.060536000
9.471185000	0.059290000
9.479861000	0.067962000
9.479883000	0.067981000
9.480059000	0.068126000
9.480066000	0.068129000
9.480176000	0.068236000
9.480183000	0.068180000
9.480230000	0.068224000
9.480284000	0.063403000
9.480293000	0.063400000
9.489926000	0.058052000
9.490059000	0.049817000
9.494893000	0.054642000
9.499856000	0.047818000
9.504827000	0.052776000
9.504858000	0.052799000
9.510058000	0.054995000
9.510088000	0.055013000
9.510097000	0.055014000
9.510102000	0.054983000
9.510105000	0.054982000
9.510109000	0.054893000
9.514832000	0.059610000
9.514861000	0.059555000
9.514871000	0.059467000
9.514877000	0.058002000
9.514982000	0.055150000
9.515011000	0.055140000
9.515015000	0.055085000
9.515023000	0.055039000
9.515033000	0.054995000
9.515037000	0.054945000
9.515298000	0.055155000
9.515318000	0.055125000
9.515323000	0.055076000
9.515326000	0.055027000
9.516869000	0.046939000
9.516890000	0.046929000
9.521852000	0.051811000
9.521878000	0.051758000
9.522942000	0.052772000
9.522974000	0.052751000
9.522985000	0.052708000
9.522991000	0.052653000
9.522996000	0.052612000
9.524851000	0.054411000
9.524884000	0.054391000
9.524893000	0.054347000
9.524905000	0.054305000
9.532127000	0.061316000
9.533177000	0.062255000
9.533213000	0.062234000
9.533223000	0.062191000
9.533227000	0.062140000
9.533231000	0.062058000
9.539945000	0.068755000
9.540008000	0.060130000
9.540023000	0.059959000
9.540274000	0.060203000
9.541825000	0.061644000
9.541846000	0.061659000
9.542991000	0.062755000
9.543019000	0.062729000
9.543028000	0.062731000
9.551996000	0.062019000
9.552918000	0.062936000
9.552947000	0.062937000
9.552956000	0.062943000
9.552960000	0.062887000
9.552964000	0.062889000
9.554924000	0.064809000
9.554961000	0.064842000
9.554971000	0.064805000
9.554975000	0.064806000
9.554979000	0.064759000
9.555083000	0.064860000
9.555114000	0.064842000
9.555120000	0.064845000
9.555123000	0.064797000
9.555127000	0.064799000
9.555131000	0.064754000
9.555231000	0.064851000
9.555260000	0.064830000
9.556886000	0.066453000
9.556903000	0.066419000
9.559887000	0.069400000
9.559909000	0.069373000
9.559916000	0.069377000
9.559921000	0.069333000
9.560031000	0.069440000
9.560049000	0.069407000
9.560053000	0.069408000
9.560058000	0.069365000
9.560062000	0.069365000
9.560067000	0.069320000
9.560172000	0.069422000
9.560190000	0.069380000
9.560194000	0.069381000
9.560198000	0.069346000
9.560231000	0.069376000
9.560238000	0.069334000
9.561858000	0.070951000
9.561876000	0.070909000
9.562926000	0.071956000
9.562944000	0.071878000
9.562949000	0.071877000
9.562953000	0.071799000
9.562986000	0.071827000
9.564942000	0.073701000
9.564958000	0.073711000
9.564962000	0.073680000
9.564966000	0.073681000
9.565043000	0.073707000
9.565048000	0.073709000
9.565051000	0.073661000
9.565054000	0.073661000
9.565104000	0.073661000
9.565108000	0.073662000
9.565201000	0.073704000
9.565210000	0.073709000
9.565214000	0.073663000
9.565219000	0.073666000
9.565265000	0.073660000
9.565287000	0.073680000
9.565390000	0.073732000
9.565407000	0.073746000
9.565415000	0.073703000
9.566859000	0.075144000
9.569902000	0.078134000
9.569922000	0.078151000
9.569928000	0.078108000
9.569952000	0.078130000
9.570008000	0.078135000
9.571889000	0.076978000
9.572920000	0.078004000
9.572933000	0.073053000
9.573012000	0.073127000
9.573029000	0.068178000
9.573033000	0.068170000
9.573037000	0.062955000
9.576920000	0.066826000
9.576938000	0.066815000
9.580071000	0.069945000
9.580090000	0.069915000
9.580095000	0.069917000
9.580099000	0.065245000
9.580103000	0.065235000
9.580108000	0.065216000
9.580113000	0.065218000
9.589839000	0.074837000
9.589856000	0.074850000
9.589860000	0.074840000
9.589930000	0.074622000
9.589936000	0.074624000
9.589940000	0.074625000
9.590005000	0.074664000
9.590011000	0.074667000
9.590015000	0.074669000
9.590058000	0.074663000
9.590062000	0.074664000
9.590112000	0.074711000
9.590117000	0.074623000
9.590167000	0.074666000
9.590171000	0.074667000
9.590221000	0.074630000
9.590225000	0.074628000
9.590311000	0.074711000
9.590319000	0.074687000
9.590326000	0.074691000
9.590332000	0.074694000
9.590398000	0.074713000
9.590403000	0.074716000
9.590406000	0.074716000
9.590410000	0.073527000
9.590441000	0.073555000
9.590445000	0.073549000
9.590495000	0.073570000
9.590499000	0.068630000
9.590549000	0.068675000
9.590604000	0.068720000
9.590607000	0.068667000
9.590611000	0.067647000
9.590713000	0.067744000
9.590718000	0.067736000
9.590721000	0.067706000
9.590727000	0.067707000
9.590768000	0.067744000
9.590772000	0.067701000
9.590824000	0.067749000
9.590830000	0.067751000
9.590880000	0.067755000
9.590886000	0.067756000
9.590935000	0.066062000
9.590942000	0.066064000
9.590991000	0.066101000
9.590998000	0.066089000
9.591800000	0.066888000
9.591814000	0.066899000
9.592870000	0.067864000
9.592880000	0.067869000
9.592921000	0.060755000
9.592974000	0.060802000
9.592979000	0.060804000
9.593027000	0.060811000
9.593031000	0.060812000
9.593092000	0.060870000
9.593145000	0.060833000
9.595852000	0.062649000
9.595941000	0.062733000
9.595959000	0.062739000
9.595964000	0.062718000
9.595968000	0.062719000
9.596833000	0.063581000
9.596963000	0.063613000
9.599983000	0.066627000
9.600001000	0.066642000
9.600006000	0.066565000
9.600111000	0.066664000
9.600128000	0.060160000
9.600133000	0.060161000
9.600251000	0.060234000
9.600268000	0.060248000
9.600273000	0.060165000
9.600278000	0.060164000
9.600326000	0.060029000
9.600349000	0.058508000
9.600353000	0.058501000
9.600357000	0.057344000
9.600362000	0.057337000
9.600408000	0.057364000
9.600520000	0.048502000
9.600552000	0.047611000
9.600556000	0.047603000
9.600561000	0.047583000
9.600627000	0.047646000
9.600688000	0.047609000
9.600831000	0.047746000
9.600836000	0.045884000
9.600886000	0.045918000
9.600893000	0.045900000
9.600941000	0.045945000
9.600945000	0.045837000
9.600995000	0.045739000
9.601828000	0.046540000
9.601833000	0.046496000
9.645872000	0.040868000
