44.847758000	0.067272000
44.899670000	0.051030000
44.899707000	0.051055000
44.899713000	0.051040000
44.906837000	0.058160000
44.906869000	0.058141000
44.906874000	0.058141000
44.906877000	0.058053000
44.906895000	0.058067000
44.907771000	0.058911000
44.959690000	0.059993000
44.959747000	0.060045000
44.959757000	0.060018000
44.959768000	0.060025000
44.966857000	0.067068000
44.966907000	0.067114000
44.966914000	0.060054000
44.966921000	0.060057000
44.966926000	0.059947000
44.966932000	0.059949000
44.966938000	0.059906000
44.966948000	0.059913000
44.966952000	0.059824000
44.967835000	0.060701000
44.967859000	0.060650000
44.967869000	0.060654000
44.967875000	0.060585000
44.967881000	0.060083000
44.967886000	0.060084000
44.999806000	0.040075000
44.999841000	0.040102000
44.999850000	0.039989000
44.999854000	0.039990000
45.019726000	0.059813000
45.019760000	0.059844000
45.019769000	0.059753000
45.027762000	0.067740000
45.027790000	0.060894000
45.027798000	0.060897000
45.027803000	0.060753000
45.027806000	0.060750000
45.027818000	0.060699000
45.027821000	0.060698000
45.027825000	0.060649000
45.027828000	0.060647000
45.027945000	0.060713000
45.027953000	0.060716000
45.027956000	0.060668000
45.027960000	0.060668000
45.028865000	0.061521000
45.028884000	0.061536000
45.028891000	0.061038000
45.028894000	0.061028000
45.028898000	0.060996000
45.028901000	0.060995000
45.028905000	0.060946000
45.028908000	0.060945000
45.039807000	0.039973000
45.039835000	0.039988000
45.046712000	0.046843000
45.046741000	0.046870000
45.059813000	0.040060000
45.059844000	0.040078000
45.059860000	0.040076000
45.079848000	0.052065000
45.079879000	0.052083000
45.079888000	0.052045000
45.079893000	0.052040000
45.086796000	0.058868000
45.086826000	0.058891000
45.086834000	0.058835000
45.086839000	0.058787000
45.086844000	0.058740000
45.086847000	0.058691000
45.086851000	0.057963000
45.086855000	0.057933000
45.086859000	0.057883000
45.086869000	0.057840000
45.101760000	0.061920000
45.101796000	0.055062000
45.101803000	0.041965000
45.101808000	0.041862000
45.139745000	0.059860000
45.139782000	0.059871000
45.139788000	0.052957000
45.139794000	0.052819000
45.146691000	0.059665000
45.146834000	0.059705000
45.146855000	0.059639000
45.146860000	0.059554000
45.146863000	0.059470000
45.146867000	0.059386000
45.146870000	0.059302000
45.154772000	0.052987000
45.154803000	0.052976000
45.159749000	0.057808000
45.199745000	0.059968000
45.199786000	0.059969000
45.199792000	0.059876000
45.199796000	0.059789000
45.207761000	0.061048000
45.207793000	0.060952000
45.207806000	0.060915000
45.207811000	0.060848000
45.207815000	0.060818000
45.208855000	0.061807000
45.208878000	0.061777000
45.208884000	0.054090000
45.208888000	0.054057000
45.208892000	0.053970000
45.216700000	0.056921000
45.223693000	0.063871000
45.247793000	0.048018000
45.247836000	0.048025000
45.259821000	0.059917000
45.259870000	0.059923000
45.259878000	0.052095000
45.259884000	0.051961000
45.267911000	0.059936000
45.267955000	0.059857000
45.267960000	0.059743000
45.267964000	0.059680000
45.267968000	0.059094000
45.267972000	0.059065000
45.268715000	0.059704000
45.276781000	0.067678000
45.283755000	0.074614000
45.283780000	0.067055000
45.283786000	0.060066000
45.283795000	0.035965000
45.291755000	0.043891000
45.298672000	0.038823000
45.307831000	0.047821000
45.314776000	0.054701000
45.314807000	0.054676000
45.314813000	0.046869000
45.314816000	0.046828000
45.314820000	0.046734000
45.314824000	0.046651000
45.339874000	0.071605000
45.339911000	0.071599000
45.354834000	0.086469000
45.354875000	0.086133000
45.354881000	0.078077000
45.354885000	0.071109000
45.354888000	0.071069000
45.354892000	0.071000000
45.354897000	0.070980000
45.354901000	0.063108000
45.354905000	0.056204000
45.354909000	0.047050000
45.355868000	0.041071000
45.379880000	0.065041000
45.379920000	0.065029000
45.386802000	0.071860000
45.386833000	0.071837000
45.386838000	0.071790000
45.405946000	0.066045000
45.406001000	0.066062000
45.424767000	0.069908000
45.424810000	0.069783000
45.424929000	0.069850000
45.424966000	0.069788000
45.424972000	0.069707000
45.424978000	0.069625000
45.424982000	0.069540000
45.424985000	0.069457000
45.424989000	0.069367000
45.439689000	0.084026000
45.439723000	0.084007000
45.439729000	0.083844000
45.447852000	0.067936000
45.447884000	0.067932000
45.447889000	0.061065000
45.447893000	0.061036000
45.447897000	0.060989000
45.447900000	0.041928000
45.447904000	0.041820000
45.479671000	0.054874000
45.479706000	0.054866000
45.486815000	0.061865000
45.486856000	0.061755000
45.486864000	0.061709000
45.486869000	0.061612000
45.486875000	0.061526000
45.486881000	0.061439000
45.486886000	0.061356000
45.487732000	0.062161000
45.487755000	0.048037000
45.487761000	0.048011000
45.487765000	0.047918000
45.487768000	0.039889000
45.519724000	0.071802000
45.519768000	0.071744000
45.526784000	0.078669000
45.526817000	0.078611000
45.526824000	0.078528000
45.526827000	0.078493000
45.526831000	0.047135000
45.539722000	0.052815000
45.539758000	0.052796000
45.559802000	0.072784000
45.559838000	0.072724000
45.566743000	0.079546000
45.566783000	0.079491000
45.566791000	0.079412000
45.566804000	0.079053000
45.566810000	0.079019000
45.566933000	0.079089000
45.566952000	0.079054000
45.566959000	0.079008000
45.567669000	0.047913000
45.567690000	0.047829000
45.567696000	0.040850000
45.575690000	0.048692000
45.582767000	0.055714000
45.582799000	0.043050000
45.592740000	0.052863000
45.600730000	0.060771000
45.600782000	0.060742000
45.600790000	0.040957000
45.608721000	0.048844000
45.615775000	0.048998000
45.615809000	0.048861000
45.615815000	0.048787000
45.615819000	0.048730000
45.615823000	0.048682000
45.615827000	0.048632000
45.616737000	0.049486000
45.632740000	0.065433000
45.632788000	0.065107000
45.632795000	0.065068000
45.632799000	0.065019000
45.632803000	0.064969000
45.633675000	0.057914000
45.633717000	0.050923000
45.641755000	0.040987000
45.648693000	0.047749000
45.648723000	0.047749000
45.648730000	0.039981000
45.648733000	0.032929000
45.679718000	0.063873000
45.679766000	0.063820000
45.679772000	0.063647000
45.679777000	0.063564000
45.686800000	0.070050000
45.686841000	0.054064000
45.686847000	0.054020000
45.686851000	0.053971000
45.686854000	0.053872000
45.686859000	0.053792000
45.686863000	0.053161000
45.686867000	0.053048000
45.686871000	0.045092000
45.687798000	0.045975000
45.687817000	0.045898000
45.687822000	0.045816000
45.695757000	0.053659000
45.702772000	0.060585000
45.702805000	0.060578000
45.702811000	0.054093000
45.702815000	0.054065000
45.702923000	0.054096000
45.702951000	0.054091000
45.739824000	0.060065000
45.739862000	0.059908000
45.739871000	0.059827000
45.746751000	0.059579000
45.746787000	0.059497000
45.746792000	0.059383000
45.746799000	0.059273000
45.746806000	0.059162000
45.746873000	0.059114000
45.746886000	0.059075000
45.746890000	0.059037000
45.746894000	0.058988000
45.747692000	0.059732000
45.759681000	0.063905000
45.759716000	0.056916000
45.759721000	0.056887000
45.766802000	0.063855000
45.766836000	0.063843000
45.766841000	0.063747000
45.766845000	0.063715000
45.779831000	0.039979000
45.779872000	0.039893000
45.779878000	0.039846000
45.787736000	0.047604000
45.795823000	0.055601000
45.810855000	0.064077000
45.810890000	0.064067000
45.810895000	0.064016000
45.810899000	0.063970000
45.810903000	0.063922000
45.810907000	0.063874000
45.810910000	0.063824000
45.810914000	0.063776000
45.810925000	0.063733000
45.810929000	0.063686000
45.810932000	0.063636000
45.818638000	0.071290000
45.825776000	0.078375000
45.825801000	0.078096000
45.825807000	0.066101000
45.825811000	0.065966000
45.825815000	0.065881000
45.825882000	0.059057000
45.825892000	0.059032000
45.840820000	0.073862000
45.840857000	0.073812000
45.840864000	0.061002000
45.840868000	0.060962000
45.840873000	0.060870000
45.840877000	0.060792000
45.840880000	0.053107000
45.848744000	0.052884000
45.855713000	0.044828000
45.855750000	0.044787000
45.855755000	0.044699000
45.856648000	0.045559000
45.864675000	0.053490000
45.871861000	0.060593000
45.871893000	0.060541000
45.871898000	0.060463000
45.871902000	0.060383000
45.871906000	0.060304000
45.871910000	0.060270000
45.879641000	0.060982000
45.879672000	0.053879000
45.879744000	0.053913000
45.886661000	0.060774000
45.901790000	0.075852000
45.901826000	0.075780000
45.901832000	0.075733000
45.901836000	0.075683000
45.901840000	0.060988000
45.901852000	0.060944000
45.901856000	0.060831000
45.901861000	0.060718000
45.902698000	0.061437000
45.902727000	0.061407000
45.910745000	0.069367000
45.919766000	0.070978000
45.919800000	0.063130000
45.926714000	0.062014000
45.926755000	0.054871000
45.926766000	0.054841000
45.926772000	0.054748000
45.934742000	0.062631000
45.934786000	0.062586000
45.941713000	0.069445000
45.941748000	0.069401000
45.941754000	0.062087000
45.949790000	0.070092000
45.949833000	0.070079000
45.956751000	0.070062000
45.971809000	0.069988000
45.971834000	0.069714000
45.971839000	0.069477000
45.971849000	0.069397000
45.971854000	0.069317000
45.971860000	0.069143000
45.971866000	0.069115000
45.971871000	0.069064000
45.972715000	0.069855000
45.972731000	0.061937000
45.972736000	0.052941000
45.972740000	0.052904000
45.999778000	0.079849000
45.999810000	0.079804000
45.999815000	0.079803000
46.006771000	0.086680000
46.006789000	0.086691000
46.006858000	0.086720000
46.006875000	0.080126000
46.006882000	0.080085000
46.006887000	0.080034000
46.006891000	0.079982000
46.007650000	0.072869000
46.007666000	0.072859000
46.007733000	0.065990000
46.007739000	0.065956000
46.019787000	0.063001000
46.099726000	0.059814000
