17.524550000	0.063778000
17.579595000	0.054496000
17.579628000	0.054519000
17.579632000	0.054492000
17.579634000	0.054490000
17.586538000	0.061340000
17.586550000	0.061347000
17.586553000	0.061306000
17.586555000	0.061305000
17.586625000	0.061322000
17.586642000	0.061336000
17.619451000	0.039799000
17.626402000	0.042136000
17.626413000	0.042143000
17.626433000	0.037563000
17.626550000	0.037676000
17.626555000	0.033204000
17.633400000	0.040046000
17.633413000	0.035667000
17.659445000	0.061696000
17.659473000	0.057306000
17.659481000	0.057310000
17.666441000	0.059851000
17.666464000	0.059870000
17.666470000	0.055485000
17.666474000	0.055486000
17.666476000	0.051063000
17.666479000	0.051062000
17.666481000	0.046621000
17.666483000	0.046620000
17.666486000	0.043391000
17.666616000	0.043518000
17.666632000	0.040237000
17.666635000	0.040237000
17.667478000	0.037822000
17.667482000	0.037823000
17.679428000	0.046479000
17.679433000	0.046481000
17.679435000	0.043278000
17.694456000	0.058295000
17.694484000	0.055032000
17.694487000	0.055032000
17.694490000	0.051776000
17.694497000	0.051780000
17.694500000	0.048546000
17.694503000	0.048545000
17.694506000	0.045262000
17.699430000	0.039962000
17.699443000	0.039965000
17.699445000	0.038298000
17.706388000	0.039929000
17.706458000	0.038357000
17.706463000	0.038359000
17.706480000	0.036941000
17.706483000	0.036942000
17.714481000	0.043499000
17.721488000	0.050503000
17.721512000	0.049089000
17.721516000	0.049090000
17.721523000	0.047607000
17.721525000	0.047606000
17.721531000	0.046222000
17.721533000	0.046220000
17.721537000	0.044788000
17.721539000	0.044786000
17.722401000	0.044212000
17.722413000	0.044221000
17.737580000	0.057954000
17.737616000	0.057989000
17.737619000	0.056552000
17.737622000	0.055078000
17.737625000	0.052230000
17.737628000	0.043148000
17.737631000	0.042419000
17.738486000	0.041777000
17.738499000	0.041787000
17.738508000	0.040414000
17.746430000	0.048332000
17.753589000	0.055450000
17.753606000	0.054076000
17.753609000	0.054077000
17.753612000	0.052638000
17.753614000	0.052637000
17.753617000	0.051204000
17.753619000	0.051204000
17.753621000	0.049765000
17.753623000	0.049764000
17.754412000	0.049056000
17.754420000	0.049061000
17.754490000	0.047753000
17.754493000	0.047754000
17.754500000	0.046321000
17.754503000	0.046322000
17.754505000	0.044853000
17.755362000	0.045707000
17.755371000	0.044280000
17.755374000	0.044279000
17.763451000	0.050919000
17.778470000	0.065935000
17.778511000	0.064535000
17.778515000	0.063100000
17.778518000	0.061690000
17.778525000	0.056292000
17.778528000	0.054928000
17.778530000	0.053681000
17.778533000	0.052387000
17.778536000	0.051113000
17.799428000	0.070732000
17.799457000	0.070686000
17.799461000	0.069457000
17.806364000	0.075147000
17.806386000	0.068785000
17.806390000	0.068139000
17.806472000	0.067198000
17.806475000	0.066214000
17.806478000	0.065204000
17.806488000	0.064238000
17.807495000	0.064255000
17.807502000	0.063304000
17.807505000	0.062267000
17.807507000	0.061342000
17.807510000	0.060328000
17.808356000	0.060226000
17.824406000	0.075295000
17.831571000	0.081485000
17.831605000	0.080502000
17.831615000	0.079544000
17.831624000	0.078594000
17.831627000	0.077590000
17.831630000	0.076731000
17.832514000	0.076867000
17.838476000	0.082110000
17.838506000	0.081424000
17.838510000	0.080708000
17.838513000	0.079998000
17.838515000	0.079251000
17.838518000	0.078537000
17.838521000	0.077850000
17.847399000	0.085991000
17.854426000	0.092295000
17.854456000	0.091607000
17.854485000	0.090950000
17.854489000	0.090239000
17.854492000	0.089524000
17.854495000	0.088805000
17.854497000	0.088092000
17.855390000	0.088949000
17.855410000	0.088288000
17.870457000	0.091953000
17.870476000	0.091584000
17.870480000	0.090862000
17.870484000	0.090186000
17.893406000	0.112389000
17.893437000	0.111667000
17.893443000	0.110957000
17.893591000	0.110424000
17.893596000	0.109677000
17.893601000	0.108991000
17.900568000	0.115212000
17.900603000	0.114568000
17.900607000	0.113820000
17.900609000	0.113105000
17.900616000	0.112425000
17.900624000	0.101173000
17.901529000	0.101694000
17.919503000	0.119637000
17.919527000	0.118994000
17.926485000	0.125948000
17.926619000	0.120240000
17.926627000	0.120244000
17.926632000	0.119887000
17.926637000	0.119890000
17.926640000	0.119177000
17.926644000	0.119178000
17.926647000	0.118469000
17.926655000	0.118476000
17.927424000	0.118524000
17.927433000	0.118530000
17.927439000	0.117853000
17.927441000	0.117851000
17.927443000	0.117240000
17.927447000	0.117242000
17.927449000	0.116527000
17.927452000	0.116527000
17.927454000	0.115908000
17.928494000	0.116945000
17.928506000	0.116334000
17.928509000	0.116336000
17.928584000	0.115714000
17.928588000	0.115715000
17.943551000	0.130068000
17.943576000	0.130089000
17.943583000	0.129448000
17.943585000	0.129447000
17.943598000	0.128789000
17.943601000	0.128789000
17.952493000	0.128068000
17.952514000	0.128085000
17.968347000	0.143563000
17.975495000	0.150708000
17.975517000	0.143940000
17.975524000	0.143945000
17.975527000	0.143917000
17.975530000	0.143588000
17.975532000	0.143588000
17.975534000	0.142936000
17.975537000	0.142937000
17.975549000	0.142298000
17.975551000	0.142299000
17.975557000	0.141620000
17.975561000	0.141620000
17.975569000	0.140948000
17.975572000	0.140948000
17.976559000	0.141323000
17.976563000	0.141325000
17.976568000	0.140668000
17.976570000	0.140667000
17.976577000	0.140018000
17.976579000	0.140017000
17.982433000	0.145258000
17.982453000	0.145277000
17.982460000	0.144625000
17.982463000	0.143972000
17.982465000	0.143622000
17.982467000	0.143622000
17.982628000	0.143148000
17.982633000	0.143151000
17.982648000	0.142518000
17.982650000	0.142519000
17.991404000	0.150611000
17.991431000	0.150635000
17.991510000	0.150067000
18.007421000	0.165975000
18.022595000	0.180503000
18.022605000	0.180511000
18.022611000	0.179800000
18.022614000	0.175197000
18.022616000	0.174847000
18.022619000	0.168175000
18.022621000	0.167845000
18.022623000	0.167845000
18.022626000	0.167779000
18.023456000	0.168026000
18.023467000	0.168034000
18.023470000	0.167383000
18.023472000	0.167381000
18.023486000	0.166744000
18.023488000	0.166743000
18.023491000	0.166097000
18.029581000	0.172185000
18.029603000	0.171550000
18.029609000	0.171552000
18.029617000	0.170884000
18.029619000	0.170883000
18.029621000	0.170263000
18.030384000	0.171023000
18.030491000	0.160027000
18.031367000	0.160899000
18.031384000	0.160579000
18.031389000	0.160580000
18.036419000	0.164960000
18.036441000	0.164979000
18.036458000	0.164348000
18.036462000	0.164350000
18.037501000	0.144074000
18.037515000	0.144083000
18.037522000	0.143756000
18.037525000	0.143756000
18.059395000	0.164972000
18.059421000	0.164996000
18.066532000	0.171454000
18.066554000	0.171473000
18.066561000	0.170832000
18.066564000	0.170833000
18.066567000	0.170185000
18.066569000	0.170184000
18.066571000	0.165986000
18.066574000	0.165985000
18.066576000	0.165933000
18.066580000	0.165586000
18.066582000	0.165586000
18.066584000	0.164961000
18.067588000	0.165963000
18.067593000	0.165319000
18.067595000	0.165319000
18.067598000	0.164674000
18.067600000	0.164673000
18.067603000	0.164031000
18.067605000	0.164031000
18.067607000	0.163387000
18.068507000	0.148985000
18.068512000	0.148663000
18.068518000	0.142013000
18.068520000	0.141685000
18.069376000	0.142539000
18.076348000	0.148865000
18.076535000	0.149050000
18.099524000	0.171395000
18.099546000	0.171416000
18.099552000	0.170772000
18.099556000	0.170773000
18.099559000	0.170127000
18.099561000	0.170126000
18.099564000	0.169484000
18.099566000	0.169484000
18.099568000	0.168818000
18.106402000	0.175650000
18.106439000	0.175039000
18.106445000	0.175042000
18.106448000	0.174403000
18.106451000	0.174402000
18.106453000	0.173774000
18.107465000	0.174783000
18.107477000	0.174114000
18.107495000	0.163915000
18.124391000	0.180414000
18.131507000	0.186871000
18.131524000	0.178688000
18.131528000	0.156015000
18.131534000	0.155662000
18.131537000	0.155002000
18.138474000	0.161326000
18.138485000	0.160679000
18.138488000	0.160008000
18.138491000	0.159329000
18.138493000	0.158746000
18.139402000	0.158976000
18.139405000	0.158329000
18.140438000	0.157989000
18.163393000	0.180606000
18.163408000	0.179941000
18.163462000	0.179365000
18.163468000	0.178702000
18.163471000	0.172046000
18.163475000	0.171698000
18.164430000	0.141828000
18.164441000	0.141479000
18.164457000	0.140873000
18.170517000	0.146285000
18.170530000	0.145647000
18.170535000	0.145005000
18.170539000	0.144364000
18.170543000	0.143719000
18.170547000	0.140949000
18.171392000	0.141437000
18.186416000	0.155838000
18.186423000	0.155187000
18.186429000	0.154552000
18.186435000	0.153889000
18.187433000	0.150987000
18.187444000	0.150650000
18.195517000	0.157997000
18.195546000	0.157474000
18.202507000	0.142763000
18.203447000	0.136540000
18.219355000	0.151793000
18.219371000	0.151195000
18.219376000	0.150548000
18.226443000	0.156971000
18.226447000	0.156260000
18.226449000	0.155671000
18.226452000	0.154997000
18.226455000	0.154380000
18.226461000	0.153738000
18.226463000	0.153060000
18.227451000	0.153401000
18.227471000	0.151102000
18.257406000	0.157865000
18.257420000	0.157519000
18.257492000	0.156960000
18.257503000	0.156294000
18.257506000	0.156223000
18.257578000	0.151135000
18.257589000	0.150777000
18.257609000	0.150148000
18.257612000	0.149538000
18.257615000	0.148887000
18.258474000	0.134066000
18.258477000	0.126964000
18.266474000	0.134608000
18.273499000	0.136194000
18.273524000	0.130772000
18.290366000	0.142165000
18.297546000	0.143884000
18.297550000	0.138388000
18.304432000	0.139880000
18.304451000	0.134446000
18.304458000	0.128943000
18.304585000	0.123647000
18.304601000	0.118212000
18.313443000	0.121591000
18.313447000	0.116162000
18.313453000	0.110746000
18.326440000	0.118285000
18.326444000	0.112807000
18.326447000	0.107383000
18.326450000	0.101912000
18.327496000	0.097530000
18.343595000	0.108182000
18.343602000	0.102738000
18.344357000	0.098042000
18.344570000	0.092781000
18.345418000	0.088167000
18.360581000	0.097884000
18.361531000	0.093414000
18.376465000	0.102898000
18.376497000	0.097445000
18.391434000	0.106934000
18.391455000	0.101529000
18.391460000	0.101490000
18.391465000	0.096084000
18.391468000	0.090636000
18.391472000	0.085165000
18.399335000	0.091184000
18.406413000	0.096360000
18.406444000	0.094484000
18.406470000	0.092676000
18.406479000	0.090833000
18.406482000	0.088933000
18.406484000	0.087079000
18.414511000	0.093244000
18.414525000	0.091384000
18.421468000	0.096424000
18.421491000	0.094602000
18.429386000	0.100628000
18.436522000	0.105855000
18.436536000	0.104022000
18.436541000	0.102155000
18.436545000	0.100291000
18.437460000	0.099332000
18.452431000	0.112430000
18.452462000	0.110556000
18.452483000	0.108737000
18.452488000	0.106866000
18.452493000	0.104996000
18.460465000	0.111066000
18.467519000	0.116277000
18.467547000	0.114368000
18.467552000	0.112558000
18.468352000	0.111457000
18.476381000	0.117612000
18.476406000	0.115794000
18.483522000	0.121037000
18.491453000	0.126850000
18.498394000	0.132130000
18.498548000	0.130440000
18.498563000	0.128552000
18.498569000	0.128494000
18.498591000	0.126727000
18.506411000	0.129925000
18.513404000	0.135912000
18.529422000	0.137971000
18.529435000	0.137015000
18.537437000	0.143132000
18.537442000	0.141291000
18.559390000	0.161364000
18.559406000	0.159484000
18.566385000	0.164555000
18.574438000	0.167997000
18.599370000	0.191977000
18.606502000	0.197223000
18.606516000	0.195350000
18.606519000	0.193509000
18.606541000	0.191632000
18.606547000	0.189757000
18.614412000	0.195788000
18.614441000	0.191984000
18.639493000	0.215170000
18.639509000	0.209135000
18.646449000	0.208972000
18.646485000	0.207136000
18.646500000	0.205280000
18.646504000	0.203411000
18.646507000	0.201540000
18.659540000	0.206143000
18.659545000	0.204275000
18.666498000	0.209308000
18.666503000	0.207483000
18.666506000	0.205618000
18.674393000	0.211601000
18.681532000	0.213049000
18.681546000	0.211164000
18.681583000	0.209354000
18.681586000	0.207455000
18.681589000	0.204215000
18.681592000	0.204144000
18.699469000	0.215926000
18.706512000	0.215037000
18.706534000	0.208112000
18.706541000	0.207142000
18.707394000	0.206122000
18.707406000	0.204259000
18.715462000	0.210420000
18.768371000	0.045796000
