2.748285000	0.167091000
2.891022000	0.142227000
2.891059000	0.142253000
2.891064000	0.142229000
2.891074000	0.142234000
2.891097000	0.142218000
2.893021000	0.144139000
2.893058000	0.144080000
2.893062000	0.144078000
2.893070000	0.144058000
2.893073000	0.144059000
3.061050000	0.170001000
3.061064000	0.170010000
3.062998000	0.171823000
3.065011000	0.173833000
3.068183000	0.176917000
3.068215000	0.176946000
3.068228000	0.176849000
3.068231000	0.176847000
3.068234000	0.176740000
3.068332000	0.176832000
3.068345000	0.175304000
3.068349000	0.175303000
3.068351000	0.175257000
3.068361000	0.175265000
3.068371000	0.175218000
3.068423000	0.175253000
3.070084000	0.176875000
3.071003000	0.177758000
3.071034000	0.177738000
3.071078000	0.177779000
3.260027000	0.198969000
3.261018000	0.199957000
3.261050000	0.199936000
3.261055000	0.199937000
3.261067000	0.198053000
3.264972000	0.201954000
3.265006000	0.199973000
3.268009000	0.202971000
3.268054000	0.199849000
3.268059000	0.199849000
3.268062000	0.199723000
3.268160000	0.199818000
3.268188000	0.199823000
3.268192000	0.199824000
3.268195000	0.199747000
3.268206000	0.199750000
3.268217000	0.199678000
3.268301000	0.199753000
3.268330000	0.199748000
3.269976000	0.201390000
3.270005000	0.201372000
3.271017000	0.202380000
3.271072000	0.202387000
3.271125000	0.202436000
3.271233000	0.202495000
3.271244000	0.202502000
3.272996000	0.204205000
3.273006000	0.204211000
3.273051000	0.204207000
3.273060000	0.204212000
3.273158000	0.204261000
3.273167000	0.204266000
3.273170000	0.202042000
3.441109000	0.181053000
3.441122000	0.181061000
3.474972000	0.204560000
3.490027000	0.216972000
3.491018000	0.217960000
3.491071000	0.217964000
3.491081000	0.217971000
3.491125000	0.217963000
3.491134000	0.217970000
3.680060000	0.238944000
3.680092000	0.238973000
3.680982000	0.239808000
3.681014000	0.239837000
3.681019000	0.239802000
3.681032000	0.239812000
3.681119000	0.239844000
3.685046000	0.243768000
3.685075000	0.243754000
3.690014000	0.248632000
3.690045000	0.248660000
3.691039000	0.249614000
3.691072000	0.249585000
3.691077000	0.249587000
3.691081000	0.249551000
3.691090000	0.249502000
3.703439000	0.261847000
3.703544000	0.261909000
3.703556000	0.261918000
3.703560000	0.261867000
3.703586000	0.261890000
3.708682000	0.266942000
3.708793000	0.267050000
3.709231000	0.267428000
3.719862000	0.244847000
3.719878000	0.244858000
3.719883000	0.244831000
3.719888000	0.244709000
3.719891000	0.244639000
3.719894000	0.244610000
3.754990000	0.279603000
3.755027000	0.279553000
3.760006000	0.284440000
3.760037000	0.284379000
3.761003000	0.285257000
3.761034000	0.285207000
3.761039000	0.284906000
3.761055000	0.284868000
3.761065000	0.284823000
3.764933000	0.288638000
3.765061000	0.288712000
3.767993000	0.291591000
3.768023000	0.291566000
3.783729000	0.292323000
3.858144000	0.178061000
3.858156000	0.178068000
3.858160000	0.178040000
3.858238000	0.178115000
3.860037000	0.179033000
3.860066000	0.179057000
3.860104000	0.179068000
3.861012000	0.179973000
3.861032000	0.179894000
3.861093000	0.179949000
3.861105000	0.179908000
3.861144000	0.179943000
3.864966000	0.183701000
3.864987000	0.183718000
3.870047000	0.184982000
3.870077000	0.185007000
3.871078000	0.185980000
3.871107000	0.186006000
3.871111000	0.181076000
3.871115000	0.181075000
3.871119000	0.181053000
3.871122000	0.181052000
3.872986000	0.181924000
3.873005000	0.181938000
3.873009000	0.181734000
3.873012000	0.181733000
3.873093000	0.181767000
3.873103000	0.181774000
3.873106000	0.181687000
3.873109000	0.181684000
3.873202000	0.181702000
3.873212000	0.181706000
3.873237000	0.169788000
3.873254000	0.169795000
3.873267000	0.169717000
3.874978000	0.171425000
3.874998000	0.171408000
3.875030000	0.171436000
3.878005000	0.174352000
3.878030000	0.174374000
3.878057000	0.174336000
3.878070000	0.174346000
3.885009000	0.176317000
3.889965000	0.181270000
3.889999000	0.181184000
3.890003000	0.181183000
3.891042000	0.181799000
3.891075000	0.181828000
3.898110000	0.178238000
3.898239000	0.178364000
3.898255000	0.178345000
3.898258000	0.178345000
3.898262000	0.178261000
3.898265000	0.178258000
3.898268000	0.178185000
3.898345000	0.178257000
3.899978000	0.179813000
3.899992000	0.179821000
3.900968000	0.180722000
3.900993000	0.180741000
3.901023000	0.180736000
3.901041000	0.180751000
3.901046000	0.180706000
3.901077000	0.180734000
3.903630000	0.183236000
3.903669000	0.183272000
3.903676000	0.183226000
3.903680000	0.183227000
3.903685000	0.148668000
3.903690000	0.148668000
3.903695000	0.148644000
3.903699000	0.148645000
3.903705000	0.148603000
3.903710000	0.148605000
3.903714000	0.148559000
3.903719000	0.148561000
3.903935000	0.143907000
3.903966000	0.143933000
3.904038000	0.143974000
3.904051000	0.143983000
3.904055000	0.143885000
3.904091000	0.143914000
3.904198000	0.143994000
3.904210000	0.144003000
3.904252000	0.143228000
3.904264000	0.143235000
3.905076000	0.143778000
3.905097000	0.143795000
3.908015000	0.146668000
3.908047000	0.146697000
3.908059000	0.146586000
3.908064000	0.146585000
3.908080000	0.146489000
3.908131000	0.146534000
3.908150000	0.146441000
3.908185000	0.146471000
3.908208000	0.146381000
3.908237000	0.146404000
3.908260000	0.146392000
3.908266000	0.146395000
3.908290000	0.146368000
3.908342000	0.146417000
3.908367000	0.146391000
3.908372000	0.146393000
3.908377000	0.146347000
3.908448000	0.146415000
3.908456000	0.146372000
3.908500000	0.146413000
3.908508000	0.146370000
3.908555000	0.146414000
3.908561000	0.146370000
3.908608000	0.146414000
3.908615000	0.146370000
3.908662000	0.146414000
3.908669000	0.146370000
3.908716000	0.146415000
3.908723000	0.146370000
3.909984000	0.147629000
3.910000000	0.147593000
3.910011000	0.145066000
3.914973000	0.150024000
3.920020000	0.154954000
3.920100000	0.155031000
3.921012000	0.152999000
3.921028000	0.153010000
3.921032000	0.152941000
3.921036000	0.152942000
3.928059000	0.144286000
3.928065000	0.144289000
3.929977000	0.145566000
3.930026000	0.145610000
3.930030000	0.145580000
3.931030000	0.146576000
3.931046000	0.146533000
3.931051000	0.146533000
3.931054000	0.146497000
3.931086000	0.146525000
3.934977000	0.150368000
3.937958000	0.153346000
3.938006000	0.153345000
3.938010000	0.153346000
3.938060000	0.153346000
3.938066000	0.153347000
3.938114000	0.153347000
3.938119000	0.153349000
3.938166000	0.153347000
3.938170000	0.153348000
3.938219000	0.153347000
3.938223000	0.153347000
3.938273000	0.153348000
3.938277000	0.153349000
3.938327000	0.153272000
3.938331000	0.153274000
3.939971000	0.154871000
3.939986000	0.154884000
3.941051000	0.155900000
3.941068000	0.155914000
3.941073000	0.155870000
3.941077000	0.155871000
3.941080000	0.155825000
3.941084000	0.155826000
3.943027000	0.157719000
3.943044000	0.157734000
3.943048000	0.157687000
3.943052000	0.157688000
3.943207000	0.157793000
3.943213000	0.157796000
3.943217000	0.157751000
3.943221000	0.157752000
3.944987000	0.159469000
3.945000000	0.159479000
3.949968000	0.164397000
3.949985000	0.164411000
3.950953000	0.165329000
3.951002000	0.165375000
3.951010000	0.165333000
3.951055000	0.165375000
3.951109000	0.165359000
3.951117000	0.165364000
3.952966000	0.167148000
3.952981000	0.167160000
3.953021000	0.167131000
3.953031000	0.167138000
3.953077000	0.167136000
3.953082000	0.167138000
3.954928000	0.168933000
3.954978000	0.168981000
3.957987000	0.171938000
3.958068000	0.172012000
3.958085000	0.171983000
3.958090000	0.171985000
3.958094000	0.171940000
3.958123000	0.171966000
3.958129000	0.171922000
3.958192000	0.171982000
3.958198000	0.171938000
3.958202000	0.171939000
3.984968000	0.126819000
3.984981000	0.126828000
3.987985000	0.129797000
3.987998000	0.129807000
3.988068000	0.129825000
3.988085000	0.129839000
3.988089000	0.129793000
3.988093000	0.129794000
3.988211000	0.129862000
3.988227000	0.129875000
3.988233000	0.129830000
3.988237000	0.129831000
3.988242000	0.128186000
3.988246000	0.128184000
3.988267000	0.128141000
3.988271000	0.128142000
3.989946000	0.129705000
3.989971000	0.129724000
3.990967000	0.130605000
3.990973000	0.130606000
3.991054000	0.130566000
3.991070000	0.130577000
3.991075000	0.130050000
3.994981000	0.133953000
3.995068000	0.133968000
3.998022000	0.136919000
3.998040000	0.136891000
3.998045000	0.136893000
3.998049000	0.136848000
3.998155000	0.136951000
3.999992000	0.138737000
4.000007000	0.138749000
4.001052000	0.139744000
4.001069000	0.139757000
4.001073000	0.139711000
4.001077000	0.139712000
4.001082000	0.139666000
4.003007000	0.138028000
4.003024000	0.138041000
4.003029000	0.138009000
4.003096000	0.138073000
4.003113000	0.138040000
4.005043000	0.139967000
4.005058000	0.134990000
4.009987000	0.139914000
4.010003000	0.139887000
4.011024000	0.140903000
4.011046000	0.140862000
4.011052000	0.140864000
4.011062000	0.139964000
4.011067000	0.139964000
4.011184000	0.140047000
4.013103000	0.141963000
4.013120000	0.141859000
4.013125000	0.141858000
4.013129000	0.141748000
4.013140000	0.141753000
4.013144000	0.141644000
4.013208000	0.141703000
4.013213000	0.141680000
4.013261000	0.141725000
4.013266000	0.141679000
4.013269000	0.141680000
4.013272000	0.141632000
4.013366000	0.141723000
4.013371000	0.141677000
4.013374000	0.141677000
4.013378000	0.141630000
4.013420000	0.140422000
4.013472000	0.140471000
4.013476000	0.140434000
4.013480000	0.140435000
4.013526000	0.140429000
4.013531000	0.140431000
4.013580000	0.140431000
4.013584000	0.140432000
4.013634000	0.140428000
4.013637000	0.140428000
4.013687000	0.140467000
4.013692000	0.140433000
4.013739000	0.140477000
4.014966000	0.141701000
4.014983000	0.141673000
4.018065000	0.144752000
4.018081000	0.144765000
4.018149000	0.144787000
4.018165000	0.144800000
4.018170000	0.144802000
4.018174000	0.144757000
4.018180000	0.144760000
4.018184000	0.144761000
4.018334000	0.144864000
4.018438000	0.144965000
4.018444000	0.144968000
4.019993000	0.146470000
4.020011000	0.146485000
4.021023000	0.147494000
4.021040000	0.147463000
4.021044000	0.147465000
4.021048000	0.147462000
4.021167000	0.147537000
4.023019000	0.149386000
4.023035000	0.149399000
4.023104000	0.149420000
4.023120000	0.149434000
4.023124000	0.149435000
4.023129000	0.149392000
4.023133000	0.149393000
4.023138000	0.148149000
4.023246000	0.148253000
4.023263000	0.148268000
4.023268000	0.148233000
4.023272000	0.148234000
4.023359000	0.148319000
4.023365000	0.148279000
4.023437000	0.148348000
4.023469000	0.148377000
4.023473000	0.145454000
4.023477000	0.145454000
4.023483000	0.145243000
4.031167000	0.146151000
4.034981000	0.149960000
4.034996000	0.145005000
4.038081000	0.148063000
4.040011000	0.149986000
4.040028000	0.149928000
4.041047000	0.149984000
4.041063000	0.149993000
4.041068000	0.149931000
4.044978000	0.146861000
4.049954000	0.151831000
4.049971000	0.151722000
4.050969000	0.152675000
4.051022000	0.152723000
4.051029000	0.152677000
4.051078000	0.152678000
4.051085000	0.152680000
4.054977000	0.156521000
4.054993000	0.156486000
4.058004000	0.159491000
4.058021000	0.159458000
4.058026000	0.159412000
4.058059000	0.158072000
4.058123000	0.158088000
4.058131000	0.158090000
4.058173000	0.157187000
4.058178000	0.157148000
4.058226000	0.157188000
4.058231000	0.157143000
4.058279000	0.157143000
4.058283000	0.157133000
4.058331000	0.157140000
4.058335000	0.157096000
4.058384000	0.157139000
4.058389000	0.154435000
4.058438000	0.154017000
4.065043000	0.160572000
4.065061000	0.160539000
4.069992000	0.165465000
4.070014000	0.165435000
4.070970000	0.166337000
4.071021000	0.166380000
4.071029000	0.166338000
4.071078000	0.166337000
4.071086000	0.165992000
4.073003000	0.167868000
4.073019000	0.164977000
4.073024000	0.164937000
4.073142000	0.165047000
4.074976000	0.166833000
4.074992000	0.166836000
4.078049000	0.169852000
4.078065000	0.169860000
4.078069000	0.169820000
4.078073000	0.169816000
4.078176000	0.169874000
4.078182000	0.169872000
4.078186000	0.169830000
4.078190000	0.169827000
4.078246000	0.169843000
4.078251000	0.169840000
4.161099000	0.075948000
