12.695162000	0.032958000
12.740148000	0.034554000
12.740188000	0.034585000
12.745119000	0.039438000
12.745152000	0.039464000
12.748140000	0.042370000
12.748172000	0.042397000
12.750155000	0.044317000
12.750193000	0.044351000
12.753185000	0.047272000
12.753223000	0.047307000
12.788151000	0.047973000
12.788196000	0.048013000
12.788205000	0.047993000
12.788211000	0.047996000
12.788468000	0.043326000
12.788495000	0.043348000
12.788503000	0.043328000
12.788509000	0.043331000
12.788514000	0.040352000
12.790320000	0.042153000
12.790350000	0.042151000
12.790363000	0.042161000
12.793192000	0.043009000
12.793229000	0.043041000
12.793236000	0.042965000
12.793241000	0.042967000
12.793246000	0.040033000
12.795124000	0.041906000
12.795155000	0.041868000
12.795162000	0.041872000
12.825240000	0.037054000
12.825290000	0.037098000
12.830207000	0.041893000
12.830246000	0.041929000
12.833110000	0.044756000
12.833147000	0.044790000
12.833155000	0.044718000
12.833220000	0.044777000
12.833234000	0.044746000
12.833272000	0.044781000
12.833285000	0.044756000
12.833327000	0.044795000
12.833340000	0.044758000
12.833436000	0.044851000
12.833450000	0.044816000
12.833456000	0.044819000
12.833461000	0.044775000
12.833524000	0.044835000
12.835158000	0.044816000
12.835195000	0.044849000
12.838172000	0.047752000
12.838198000	0.047771000
12.838209000	0.047742000
12.838254000	0.047782000
12.838272000	0.045052000
12.838306000	0.045082000
12.840150000	0.046888000
12.840186000	0.046921000
12.840193000	0.046833000
12.845139000	0.051773000
12.845177000	0.051729000
12.848131000	0.054678000
12.848169000	0.054681000
12.848176000	0.053030000
12.848182000	0.052946000
12.860141000	0.034863000
12.860181000	0.034778000
12.865127000	0.034886000
12.865175000	0.034863000
12.870185000	0.037048000
12.870223000	0.037081000
12.875115000	0.041943000
12.875153000	0.041978000
12.876178000	0.042950000
12.876216000	0.042985000
12.880140000	0.046861000
12.880177000	0.046895000
12.885194000	0.051860000
12.885230000	0.051893000
12.888154000	0.054709000
12.888191000	0.054743000
12.888288000	0.054814000
12.888330000	0.054853000
12.888344000	0.054813000
12.888352000	0.054818000
12.888359000	0.054779000
12.888366000	0.054783000
12.888373000	0.054741000
12.888447000	0.054812000
12.888472000	0.054787000
12.888613000	0.054926000
12.888639000	0.054901000
12.888668000	0.054926000
12.888722000	0.054927000
12.888776000	0.054977000
12.888831000	0.054988000
12.888882000	0.055036000
12.888895000	0.053710000
12.888910000	0.053720000
12.888915000	0.053691000
12.890221000	0.054994000
12.890250000	0.052067000
12.891150000	0.052885000
12.891169000	0.052900000
12.891205000	0.050824000
12.891228000	0.042925000
12.891259000	0.042557000
12.895120000	0.034948000
12.895148000	0.034971000
12.900131000	0.039940000
12.900177000	0.039969000
12.901136000	0.040838000
12.901177000	0.036018000
12.901193000	0.036024000
12.901202000	0.035998000
12.901211000	0.035956000
12.905142000	0.034929000
12.905185000	0.034967000
12.910137000	0.039905000
12.910172000	0.039797000
12.911161000	0.036018000
12.911197000	0.036049000
12.911216000	0.036055000
12.911234000	0.036058000
12.911243000	0.035037000
12.915080000	0.038869000
12.915137000	0.038914000
12.915159000	0.038921000
12.920150000	0.039983000
12.920187000	0.040015000
12.921169000	0.040985000
12.921205000	0.040995000
12.921218000	0.035997000
12.921230000	0.036005000
12.921236000	0.035998000
12.925132000	0.039834000
12.925170000	0.036989000
12.930187000	0.042001000
12.930230000	0.042032000
12.931194000	0.042983000
12.931232000	0.042915000
12.931253000	0.042929000
12.931265000	0.042925000
12.931271000	0.042876000
12.931292000	0.042893000
12.933206000	0.044803000
12.933242000	0.044782000
12.933254000	0.044789000
12.933272000	0.044803000
12.933503000	0.044996000
12.933526000	0.045014000
12.933538000	0.045022000
12.933544000	0.044981000
12.933549000	0.044981000
12.933554000	0.044983000
12.933629000	0.045002000
12.933657000	0.045026000
12.935078000	0.046443000
12.935129000	0.046452000
12.938167000	0.049486000
12.938183000	0.049499000
12.938213000	0.049481000
12.938225000	0.049488000
12.938235000	0.049494000
12.938246000	0.049459000
12.938374000	0.049583000
12.938427000	0.049632000
12.938438000	0.049600000
12.938449000	0.049608000
12.938460000	0.049617000
12.938465000	0.049576000
12.938480000	0.049588000
12.938500000	0.049599000
12.938587000	0.049649000
12.938599000	0.049658000
12.938611000	0.049660000
12.938622000	0.049507000
12.938627000	0.049507000
12.938632000	0.048392000
12.938696000	0.048451000
12.938710000	0.048451000
12.938802000	0.048471000
12.938813000	0.047653000
12.938824000	0.047661000
12.938835000	0.047669000
12.938840000	0.047624000
12.938857000	0.047638000
12.938910000	0.047688000
12.940133000	0.048908000
12.940163000	0.048893000
12.941125000	0.049853000
12.941179000	0.049904000
12.941233000	0.049954000
12.941245000	0.049816000
12.941353000	0.049818000
12.941384000	0.049746000
12.943096000	0.051301000
12.943136000	0.051284000
12.943144000	0.051184000
12.943257000	0.051195000
12.950184000	0.058116000
12.950228000	0.058158000
12.955129000	0.062898000
12.955185000	0.060041000
12.960135000	0.058895000
12.960199000	0.058955000
12.961240000	0.059992000
12.961286000	0.059997000
12.961300000	0.060007000
12.961313000	0.060016000
12.961323000	0.060022000
12.965159000	0.063855000
12.965197000	0.063853000
12.968110000	0.062918000
12.968172000	0.056900000
12.968188000	0.046987000
12.968201000	0.043041000
12.970225000	0.045048000
12.970260000	0.038949000
12.971194000	0.037942000
12.975139000	0.040035000
12.985145000	0.046688000
12.990136000	0.051273000
12.990198000	0.051330000
12.991188000	0.052313000
12.995170000	0.053759000
12.995223000	0.053500000
13.000167000	0.057048000
13.005125000	0.061466000
13.005162000	0.061161000
13.010131000	0.065876000
13.010159000	0.065886000
13.011194000	0.056033000
13.015101000	0.059649000
13.015126000	0.059095000
13.020100000	0.063767000
13.020128000	0.059940000
13.021264000	0.060995000
13.021290000	0.060905000
13.025140000	0.064454000
13.025171000	0.063874000
13.030185000	0.064993000
13.030214000	0.062046000
13.035168000	0.066946000
13.035248000	0.067017000
13.040103000	0.071773000
13.040117000	0.070967000
13.050131000	0.080459000
13.055098000	0.085147000
13.055113000	0.084860000
13.120133000	0.034937000
