2.166524000	0.046890000
2.207485000	0.039388000
2.207660000	0.039553000
2.207684000	0.039542000
2.207688000	0.039541000
2.230440000	0.062243000
2.230474000	0.062272000
2.230479000	0.062234000
2.230483000	0.062231000
2.230486000	0.062181000
2.231421000	0.063110000
2.266500000	0.059000000
2.266530000	0.055522000
2.266537000	0.055524000
2.266542000	0.052111000
2.266582000	0.052147000
2.267371000	0.049473000
2.267393000	0.049489000
2.267400000	0.046045000
2.268542000	0.038077000
2.283491000	0.051291000
2.283508000	0.051305000
2.283512000	0.047843000
2.283517000	0.047843000
2.283521000	0.044359000
2.284475000	0.045309000
2.292466000	0.049842000
2.299432000	0.056803000
2.299451000	0.053370000
2.299455000	0.053370000
2.300387000	0.050885000
2.316369000	0.049848000
2.316406000	0.048142000
2.316439000	0.048169000
2.324300000	0.052942000
2.331479000	0.060116000
2.331515000	0.057091000
2.331520000	0.057091000
2.331530000	0.054083000
2.331533000	0.054084000
2.340381000	0.059862000
2.340406000	0.059882000
2.340411000	0.059846000
2.340415000	0.056834000
2.340419000	0.056834000
2.355435000	0.068874000
2.355611000	0.069047000
2.355636000	0.066080000
2.355649000	0.066087000
2.356353000	0.063821000
2.356369000	0.063834000
2.364371000	0.068836000
2.371506000	0.075968000
2.371536000	0.072976000
2.371545000	0.072981000
2.371571000	0.070056000
2.371575000	0.070055000
2.371579000	0.067302000
2.371582000	0.067303000
2.380513000	0.073434000
2.380528000	0.073445000
2.380535000	0.070627000
2.380539000	0.070626000
2.396481000	0.080088000
2.403446000	0.085976000
2.403481000	0.083950000
2.410403000	0.086076000
2.425463000	0.093960000
2.425499000	0.092965000
2.433395000	0.098852000
2.440313000	0.103703000
2.455456000	0.115057000
2.455493000	0.114070000
2.455499000	0.112064000
2.470467000	0.125009000
2.485305000	0.129845000
2.493347000	0.136874000
2.500398000	0.141903000
2.501338000	0.136942000
2.516467000	0.144925000
2.516504000	0.143947000
2.516512000	0.142127000
2.524421000	0.148211000
2.531381000	0.153339000
2.531418000	0.150893000
2.531424000	0.149723000
2.555555000	0.159049000
2.556330000	0.152854000
2.556351000	0.151961000
2.571530000	0.161104000
2.571578000	0.161146000
2.594422000	0.168932000
2.594453000	0.168063000
2.601439000	0.175044000
2.601470000	0.173318000
2.601480000	0.168061000
2.601484000	0.167169000
2.601490000	0.161147000
2.601494000	0.160261000
2.602480000	0.161243000
2.602505000	0.159503000
2.602509000	0.147026000
2.615367000	0.158985000
2.615404000	0.157203000
2.623472000	0.163526000
2.630433000	0.159008000
2.646356000	0.160135000
2.646392000	0.152095000
2.646398000	0.145088000
2.654336000	0.151207000
2.661414000	0.144025000
2.661449000	0.142289000
2.679317000	0.158389000
2.679468000	0.154086000
2.686475000	0.154140000
2.694377000	0.161966000
2.694410000	0.160302000
2.701347000	0.145748000
2.702396000	0.145903000
2.702420000	0.144146000
2.717424000	0.145840000
2.748354000	0.153894000
2.749392000	0.147915000
2.749407000	0.146999000
2.772468000	0.168316000
2.772487000	0.166507000
2.787462000	0.172067000
2.787479000	0.171123000
2.787487000	0.163984000
2.787498000	0.157035000
2.788401000	0.142014000
2.804406000	0.157086000
2.819449000	0.140101000
2.819472000	0.132971000
2.839482000	0.145081000
2.846455000	0.151121000
2.846472000	0.145097000
2.854470000	0.142528000
2.877388000	0.150613000
2.893337000	0.151682000
2.901446000	0.145003000
2.908421000	0.137097000
2.909443000	0.123277000
2.932346000	0.131347000
2.955389000	0.139533000
2.962466000	0.131800000
2.962500000	0.116983000
2.979439000	0.119051000
2.986452000	0.120962000
2.986497000	0.115945000
3.010512000	0.124616000
3.017355000	0.126358000
3.025353000	0.129262000
3.025458000	0.124284000
3.032409000	0.126104000
3.040449000	0.129078000
3.047491000	0.130989000
3.064456000	0.132085000
3.064490000	0.109075000
3.071397000	0.108906000
3.079401000	0.114311000
3.101343000	0.121880000
3.103407000	0.116921000
3.119450000	0.130824000
3.134529000	0.123988000
3.134563000	0.121908000
3.134569000	0.117882000
3.135376000	0.114581000
3.159454000	0.134573000
3.166363000	0.134715000
3.166521000	0.128074000
3.167353000	0.122075000
3.182517000	0.130465000
3.182552000	0.123635000
3.197457000	0.130376000
3.219386000	0.147242000
3.226322000	0.149054000
3.226365000	0.143982000
3.226384000	0.122377000
3.242466000	0.133417000
3.257330000	0.135276000
3.257387000	0.120278000
3.280456000	0.138231000
3.287451000	0.140129000
3.287505000	0.140097000
3.287510000	0.128025000
3.299334000	0.132935000
3.306386000	0.137384000
3.306404000	0.132307000
3.319423000	0.136877000
3.319456000	0.134343000
3.326319000	0.128832000
3.342341000	0.122921000
3.359353000	0.132994000
3.366455000	0.137490000
3.366489000	0.132421000
3.375332000	0.132835000
3.383457000	0.126089000
3.398365000	0.138396000
3.406318000	0.125827000
3.421519000	0.134038000
3.421555000	0.131486000
3.444404000	0.149248000
3.444437000	0.142485000
3.445417000	0.136459000
3.451417000	0.137323000
3.451482000	0.129440000
3.459437000	0.132330000
3.479429000	0.147179000
3.486377000	0.141444000
3.486420000	0.124954000
3.487337000	0.118808000
3.493376000	0.120730000
3.509452000	0.132024000
3.539475000	0.153940000
3.546492000	0.144688000
3.546527000	0.136714000
3.547417000	0.122443000
3.548438000	0.116605000
3.563413000	0.116402000
3.572371000	0.120276000
3.587452000	0.130259000
3.603381000	0.146103000
3.610548000	0.148245000
3.610574000	0.143137000
3.610578000	0.131111000
3.611404000	0.124991000
3.611430000	0.122412000
3.617475000	0.123360000
3.617491000	0.118307000
3.617500000	0.108010000
3.617506000	0.077989000
3.617512000	0.070990000
3.632362000	0.083271000
3.633410000	0.079221000
3.648358000	0.089029000
3.657318000	0.092928000
3.680414000	0.108016000
3.681433000	0.093959000
3.687403000	0.083999000
3.687423000	0.076853000
3.688293000	0.075112000
3.703472000	0.085162000
3.703618000	0.080200000
3.703642000	0.075099000
3.719507000	0.085919000
3.726519000	0.087798000
3.726547000	0.082753000
3.739296000	0.090397000
3.746458000	0.092429000
3.746483000	0.087377000
3.746486000	0.082279000
3.746490000	0.077178000
3.747330000	0.072891000
3.747501000	0.064477000
3.762397000	0.074298000
3.762410000	0.069212000
3.777362000	0.079032000
3.777414000	0.073947000
3.778334000	0.074830000
3.793385000	0.084846000
3.808438000	0.094829000
3.808451000	0.088922000
3.808454000	0.081911000
3.824364000	0.095710000
3.824383000	0.085066000
3.840370000	0.093891000
3.840407000	0.091846000
3.855464000	0.102787000
3.855497000	0.098795000
3.855502000	0.094706000
3.856472000	0.091607000
3.856487000	0.084916000
3.871361000	0.093030000
3.879372000	0.094269000
3.886481000	0.094774000
3.886502000	0.088120000
3.886507000	0.081421000
3.895355000	0.083503000
3.906357000	0.089545000
3.907371000	0.085499000
3.922371000	0.095495000
3.922413000	0.090512000
3.922539000	0.085570000
3.938389000	0.095481000
3.938425000	0.090488000
3.959389000	0.101354000
3.959426000	0.096360000
3.966536000	0.098472000
3.966546000	0.093459000
3.966551000	0.088373000
3.966555000	0.083408000
3.966559000	0.078383000
3.999397000	0.106192000
4.006442000	0.108212000
4.006483000	0.103216000
4.006489000	0.098201000
4.006492000	0.098166000
4.006496000	0.093147000
4.007491000	0.085086000
4.007506000	0.082522000
4.007511000	0.077550000
4.007515000	0.069095000
4.023423000	0.082414000
4.023441000	0.064020000
4.023446000	0.061495000
4.038502000	0.071495000
4.038519000	0.066507000
4.038524000	0.061489000
4.053355000	0.071236000
4.053370000	0.066277000
4.053524000	0.054093000
4.053540000	0.047069000
4.053545000	0.044519000
4.068403000	0.054367000
4.068422000	0.049331000
4.079461000	0.055341000
4.086430000	0.057318000
4.086446000	0.052310000
4.086451000	0.047226000
4.094356000	0.050164000
4.119420000	0.070179000
4.126372000	0.072121000
4.126398000	0.067116000
4.127337000	0.063026000
4.142472000	0.073140000
4.142491000	0.068133000
4.157361000	0.077974000
4.157380000	0.072922000
4.172386000	0.083943000
4.172407000	0.079907000
4.172413000	0.075925000
4.173498000	0.072988000
4.207381000	0.102821000
4.207454000	0.098864000
4.214376000	0.105714000
4.214404000	0.101787000
4.214412000	0.097780000
4.215409000	0.094789000
4.221357000	0.094024000
4.221471000	0.087439000
4.238367000	0.097592000
4.245418000	0.097938000
4.245457000	0.091272000
4.252412000	0.091531000
4.252437000	0.084871000
4.253453000	0.079199000
4.268510000	0.089217000
4.269371000	0.085024000
4.269387000	0.080041000
4.277387000	0.082976000
4.284437000	0.077015000
4.284453000	0.074505000
4.301494000	0.086487000
4.308366000	0.088353000
4.308400000	0.083369000
4.309436000	0.079311000
4.324459000	0.089371000
4.324493000	0.084343000
4.324499000	0.079354000
4.339412000	0.089206000
4.339444000	0.084208000
4.354416000	0.094186000
4.354453000	0.089168000
4.369375000	0.099095000
4.369427000	0.094056000
4.369432000	0.089056000
4.369436000	0.084064000
4.379361000	0.088963000
4.386409000	0.090987000
4.386429000	0.085938000
4.386436000	0.080938000
4.387360000	0.076411000
4.395328000	0.084289000
4.402454000	0.086469000
4.418374000	0.093886000
4.425439000	0.098388000
4.425472000	0.093370000
4.425477000	0.086037000
4.432363000	0.090224000
4.447477000	0.093029000
4.447511000	0.090532000
4.462507000	0.093099000
4.462540000	0.090599000
4.462546000	0.085568000
4.485397000	0.103397000
4.485432000	0.098375000
4.500366000	0.108290000
4.500383000	0.103322000
4.500388000	0.098273000
4.500392000	0.093288000
4.500427000	0.088251000
4.509330000	0.092194000
4.516388000	0.094201000
4.516408000	0.088429000
4.516450000	0.083451000
4.539362000	0.101306000
4.539381000	0.096308000
4.546552000	0.097033000
4.546570000	0.093002000
4.561399000	0.096823000
4.569502000	0.100882000
4.576408000	0.103823000
4.577439000	0.090004000
4.639375000	0.046785000
