1.002934000	0.328765000
1.321528000	0.317020000
1.321554000	0.317035000
1.321558000	0.316988000
1.321565000	0.316991000
1.321569000	0.316165000
1.321572000	0.316165000
1.321575000	0.316119000
1.321585000	0.316126000
1.321591000	0.316083000
1.321593000	0.316082000
1.358157000	0.036612000
1.358206000	0.036656000
1.360105000	0.036087000
1.360124000	0.036102000
1.360131000	0.035977000
1.362836000	0.038678000
1.362873000	0.038686000
1.365965000	0.041775000
1.366002000	0.041709000
1.366015000	0.041719000
1.366085000	0.041705000
1.366098000	0.041712000
1.366161000	0.041677000
1.366169000	0.041682000
1.367939000	0.043370000
1.369919000	0.045344000
1.370023000	0.045407000
1.370078000	0.045459000
1.370091000	0.045428000
1.372915000	0.048249000
1.700006000	0.341813000
1.700844000	0.342644000
1.700871000	0.342632000
1.700886000	0.342643000
1.700892000	0.340774000
1.700956000	0.340835000
1.700960000	0.340812000
1.701011000	0.340860000
1.701014000	0.340768000
1.701076000	0.340824000
1.701094000	0.338231000
1.701167000	0.338299000
1.701178000	0.338287000
1.702871000	0.339977000
1.702896000	0.336903000
1.705884000	0.339886000
1.705918000	0.339886000
1.705924000	0.339889000
1.705935000	0.339840000
1.705949000	0.339843000
1.706001000	0.339860000
1.706003000	0.339859000
1.706053000	0.339862000
1.706056000	0.339862000
1.706106000	0.339861000
1.706122000	0.339874000
1.706128000	0.339825000
1.706133000	0.339825000
1.709920000	0.341971000
1.709974000	0.342022000
1.709982000	0.340056000
1.709987000	0.340058000
1.709992000	0.339962000
1.710868000	0.340835000
1.710930000	0.340842000
1.710947000	0.340808000
1.710993000	0.338057000
1.889586000	0.382340000
1.980911000	0.280047000
1.980929000	0.280021000
1.987833000	0.286609000
1.987869000	0.286437000
1.987887000	0.286452000
1.987952000	0.285064000
1.987955000	0.285063000
1.988004000	0.285079000
1.988006000	0.285079000
1.988057000	0.282149000
1.988060000	0.282146000
1.988109000	0.282154000
1.988111000	0.282153000
1.988113000	0.282073000
1.988162000	0.282115000
1.988225000	0.282109000
1.988885000	0.282766000
1.988938000	0.282760000
1.989915000	0.283733000
1.989929000	0.283715000
1.989935000	0.283719000
1.989940000	0.283674000
1.989944000	0.283675000
1.990022000	0.283703000
1.990871000	0.284549000
1.990924000	0.284552000
1.990937000	0.284562000
1.990942000	0.284518000
1.990947000	0.284520000
1.991033000	0.284555000
1.991045000	0.284565000
1.991142000	0.284612000
1.991159000	0.284626000
1.992805000	0.286222000
1.992825000	0.286240000
1.996846000	0.286899000
1.997853000	0.287902000
1.997879000	0.287871000
1.999884000	0.289873000
1.999917000	0.289811000
1.999924000	0.289812000
1.999988000	0.289795000
1.999990000	0.289791000
2.002853000	0.292566000
2.002895000	0.292602000
2.004909000	0.294016000
2.004946000	0.294048000
2.004966000	0.294025000
2.004971000	0.293798000
2.005279000	0.293770000
2.090906000	0.201303000
2.132838000	0.151915000
2.132866000	0.151918000
2.137845000	0.156840000
2.137876000	0.156824000
2.150025000	0.162164000
2.150062000	0.162152000
2.152829000	0.164857000
2.152863000	0.164846000
2.155845000	0.167770000
2.155873000	0.167749000
2.155897000	0.167729000
2.155908000	0.167674000
2.155949000	0.167224000
2.160004000	0.171276000
2.160026000	0.171247000
2.160034000	0.171252000
2.160038000	0.171205000
2.160041000	0.171206000
2.162913000	0.174010000
2.162942000	0.174036000
2.167854000	0.178909000
2.167882000	0.178934000
2.169961000	0.180966000
2.169990000	0.180992000
2.169998000	0.180950000
2.170003000	0.180952000
2.170006000	0.180904000
2.170009000	0.180904000
2.170909000	0.181753000
2.170937000	0.181778000
2.170946000	0.181736000
2.170958000	0.181745000
2.170969000	0.181706000
2.171041000	0.181775000
2.171054000	0.181737000
2.171092000	0.181772000
2.171103000	0.181732000
2.171200000	0.181826000
2.171273000	0.181844000
2.171284000	0.181852000
2.171291000	0.181812000
2.171295000	0.181813000
2.171299000	0.181766000
2.171302000	0.181766000
2.171305000	0.181718000
2.171308000	0.181718000
2.171311000	0.181671000
2.171378000	0.181735000
2.171387000	0.181693000
2.171432000	0.181735000
2.171441000	0.181693000
2.171489000	0.181738000
2.172823000	0.183021000
2.172843000	0.183039000
2.175934000	0.186011000
2.175966000	0.186040000
2.175971000	0.185997000
2.175975000	0.185998000
2.175978000	0.185950000
2.176076000	0.186045000
2.176104000	0.186025000
2.176109000	0.186028000
2.176112000	0.185980000
2.176116000	0.185981000
2.177834000	0.187648000
2.177881000	0.187693000
2.179838000	0.188958000
2.179886000	0.189003000
2.179896000	0.188965000
2.179938000	0.189004000
2.179993000	0.189010000
2.180857000	0.189871000
2.181022000	0.189983000
2.181036000	0.189994000
2.181074000	0.189985000
2.181085000	0.189994000
2.181128000	0.189977000
2.181141000	0.189986000
2.181145000	0.189945000
2.181148000	0.189944000
2.181151000	0.189897000
2.181154000	0.189896000
2.181157000	0.189848000
2.181179000	0.189866000
2.181190000	0.188371000
2.181193000	0.188371000
2.181284000	0.188423000
2.181296000	0.188432000
2.181319000	0.184463000
2.181323000	0.183448000
2.181337000	0.181430000
2.181389000	0.181243000
2.181401000	0.181224000
2.181441000	0.178557000
2.182886000	0.177945000
2.182905000	0.177599000
2.227938000	0.222627000
2.307905000	0.216985000
2.307938000	0.216968000
2.309966000	0.218949000
2.309998000	0.218919000
2.310003000	0.218879000
2.310016000	0.218839000
2.310024000	0.218686000
2.310028000	0.218653000
2.312908000	0.221485000
2.315923000	0.224447000
2.315951000	0.224420000
2.377053000	0.244190000
2.377069000	0.244172000
2.377074000	0.244124000
2.377184000	0.244182000
2.377220000	0.239348000
2.377226000	0.239322000
2.377232000	0.239276000
2.377866000	0.239856000
2.399912000	0.249854000
2.399960000	0.249862000
2.401092000	0.250954000
2.401120000	0.250979000
2.401129000	0.250938000
2.401148000	0.250954000
2.406041000	0.253188000
2.406088000	0.253229000
2.406098000	0.253199000
2.406267000	0.253363000
2.406353000	0.253400000
2.406368000	0.253410000
2.406378000	0.253371000
2.406384000	0.253373000
2.406389000	0.250523000
2.406394000	0.250525000
2.406522000	0.250619000
2.406538000	0.250632000
2.406555000	0.250596000
2.406561000	0.250599000
2.406566000	0.250425000
2.406571000	0.250422000
2.406575000	0.250397000
2.406580000	0.250398000
2.406585000	0.250355000
2.407818000	0.251585000
2.407868000	0.251587000
2.409884000	0.253601000
2.409892000	0.253559000
2.409980000	0.253644000
2.410007000	0.253621000
2.410015000	0.253626000
2.410019000	0.253579000
2.410913000	0.254470000
2.410925000	0.254433000
2.410932000	0.254437000
2.410935000	0.250914000
2.410966000	0.250935000
2.411020000	0.250964000
2.411029000	0.250970000
2.411033000	0.250925000
2.411130000	0.251019000
2.412972000	0.250037000
2.412992000	0.250045000
2.415913000	0.248038000
2.415942000	0.248054000
2.415950000	0.245967000
2.416055000	0.246060000
2.416083000	0.246060000
2.416091000	0.246064000
2.416096000	0.245974000
2.416099000	0.245972000
2.416103000	0.245172000
2.416106000	0.245163000
2.416117000	0.245154000
2.416210000	0.245244000
2.416239000	0.245192000
2.416243000	0.245192000
2.416246000	0.245149000
2.416348000	0.245247000
2.416379000	0.245229000
2.416383000	0.245231000
2.417850000	0.246646000
2.417877000	0.246596000
2.417885000	0.246596000
2.419895000	0.248568000
2.419924000	0.248594000
2.419932000	0.248549000
2.419937000	0.248552000
2.419948000	0.248511000
2.420929000	0.249490000
2.420947000	0.249454000
2.421025000	0.249529000
2.421053000	0.249507000
2.421061000	0.249512000
2.421065000	0.249467000
2.421068000	0.249468000
2.421072000	0.248234000
2.421176000	0.248329000
2.421205000	0.245249000
2.421213000	0.245252000
2.422827000	0.246835000
2.422838000	0.246842000
2.427878000	0.251783000
2.427901000	0.251801000
2.430166000	0.252299000
2.430193000	0.252318000
2.430204000	0.252278000
2.430210000	0.252279000
2.430215000	0.252256000
2.432859000	0.254896000
2.432885000	0.254873000
2.432903000	0.253046000
2.435952000	0.256059000
2.435981000	0.256081000
2.435990000	0.256048000
2.435994000	0.255997000
2.435997000	0.255128000
2.436001000	0.254969000
2.436004000	0.254964000
2.436007000	0.254928000
2.436114000	0.255031000
2.436142000	0.255008000
2.436146000	0.255008000
2.436149000	0.254965000
2.436152000	0.254965000
2.436255000	0.255021000
2.436284000	0.255047000
2.436288000	0.255000000
2.436291000	0.255000000
2.436295000	0.254952000
2.436399000	0.255054000
2.436428000	0.255032000
2.436432000	0.255033000
2.436435000	0.254989000
2.436438000	0.254989000
2.436442000	0.254946000
2.437900000	0.256401000
2.439875000	0.258325000
2.439897000	0.258344000
2.439928000	0.258325000
2.439938000	0.258332000
2.439981000	0.258327000
2.439990000	0.258333000
2.440858000	0.259151000
2.440916000	0.259206000
2.440928000	0.259167000
2.441002000	0.259238000
2.441044000	0.259231000
2.441081000	0.259265000
2.441092000	0.259227000
2.441135000	0.259267000
2.441147000	0.259229000
2.441158000	0.258260000
2.441164000	0.258262000
2.441244000	0.258303000
2.441259000	0.258315000
2.441270000	0.258277000
2.441275000	0.258280000
2.441299000	0.258254000
2.441313000	0.258265000
2.441353000	0.258255000
2.441527000	0.258377000
2.471129000	0.243169000
2.529944000	0.222016000
2.529965000	0.222032000
2.529973000	0.222003000
2.529978000	0.219985000
2.530944000	0.220677000
2.530975000	0.220658000
2.530981000	0.220563000
2.530984000	0.220476000
2.531072000	0.220476000
2.531086000	0.218168000
2.536005000	0.220067000
2.536043000	0.220066000
2.577929000	0.261902000
2.581414000	0.204348000
2.581429000	0.204336000
2.581433000	0.204220000
2.590973000	0.213095000
2.590993000	0.213050000
2.591025000	0.213028000
2.591040000	0.212990000
2.591057000	0.212955000
2.591535000	0.191606000
2.591547000	0.191573000
2.591552000	0.190438000
2.591555000	0.190370000
2.591642000	0.185580000
2.591652000	0.185550000
2.591656000	0.185292000
2.592866000	0.186452000
2.592878000	0.186408000
2.597898000	0.191364000
2.597929000	0.190056000
2.599869000	0.189973000
2.599904000	0.189892000
2.599912000	0.189877000
2.599918000	0.188989000
2.600045000	0.189072000
2.602881000	0.191854000
2.607871000	0.196786000
2.607899000	0.196758000
2.610082000	0.197085000
2.610098000	0.194010000
2.610107000	0.193983000
2.610129000	0.182223000
2.617893000	0.179724000
2.622875000	0.182943000
2.622901000	0.181635000
2.627872000	0.186340000
2.629884000	0.188303000
2.687911000	0.216773000
2.709906000	0.179936000
2.710034000	0.180037000
2.710050000	0.179952000
2.712833000	0.181863000
2.712851000	0.181848000
2.715990000	0.184907000
2.716002000	0.179986000
2.716006000	0.179808000
2.716037000	0.179578000
2.716041000	0.179532000
2.716045000	0.179481000
2.722894000	0.144948000
2.727884000	0.146459000
2.727901000	0.146447000
2.729889000	0.148322000
2.740067000	0.149078000
2.740073000	0.149037000
2.742935000	0.151847000
2.742952000	0.151778000
2.745876000	0.154670000
2.747901000	0.156360000
2.749916000	0.158319000
2.749930000	0.158283000
2.750045000	0.158341000
2.750062000	0.158309000
2.752940000	0.161129000
2.755938000	0.164080000
2.759940000	0.167067000
2.762868000	0.169945000
2.762887000	0.169911000
2.767882000	0.169958000
2.767899000	0.169944000
2.770902000	0.172838000
2.770918000	0.172823000
2.770996000	0.172847000
2.771012000	0.172812000
2.771017000	0.171124000
2.771022000	0.171085000
2.771026000	0.171032000
2.772868000	0.172812000
2.772883000	0.172777000
2.775910000	0.175714000
2.775925000	0.173017000
2.775930000	0.168038000
2.820996000	0.044797000
