2.874099000	0.032901000
2.914090000	0.031749000
2.919089000	0.036741000
2.919123000	0.036751000
2.924028000	0.041653000
2.924069000	0.041642000
2.927085000	0.044656000
2.927109000	0.044633000
2.927127000	0.044649000
2.927133000	0.044606000
2.927198000	0.044669000
2.949085000	0.034976000
2.949129000	0.035017000
2.953241000	0.034129000
2.953276000	0.034159000
2.953284000	0.034103000
2.953289000	0.034105000
2.959073000	0.035023000
2.964043000	0.039979000
2.964081000	0.039995000
2.967050000	0.042961000
2.967095000	0.039995000
2.967107000	0.040002000
2.967180000	0.040030000
2.967202000	0.040049000
2.967217000	0.040009000
2.977144000	0.049928000
2.977184000	0.049923000
2.977190000	0.049926000
2.977195000	0.049887000
2.977199000	0.049888000
2.994110000	0.044991000
2.994151000	0.045027000
2.999079000	0.049918000
2.999118000	0.049954000
3.002087000	0.048821000
3.002140000	0.048869000
3.002151000	0.048841000
3.002159000	0.048846000
3.002167000	0.048750000
3.002276000	0.048853000
3.002299000	0.048785000
3.002307000	0.048787000
3.002314000	0.043212000
3.002388000	0.043281000
3.004040000	0.039969000
3.004073000	0.039997000
3.004082000	0.039971000
3.006055000	0.041941000
3.009080000	0.041998000
3.009123000	0.042034000
3.014113000	0.046983000
3.014150000	0.047016000
3.017117000	0.049923000
3.017152000	0.049954000
3.017163000	0.039989000
3.017169000	0.039990000
3.019084000	0.041867000
3.019102000	0.041882000
3.022117000	0.044809000
3.022154000	0.044840000
3.022162000	0.044767000
3.022167000	0.044766000
3.022172000	0.044688000
3.022184000	0.044605000
3.022279000	0.044608000
3.022324000	0.044559000
3.029033000	0.034893000
3.029090000	0.034908000
3.033112000	0.034004000
3.033144000	0.033996000
3.039053000	0.036933000
3.039092000	0.036802000
3.043117000	0.040822000
3.043156000	0.040756000
3.043167000	0.040763000
3.043173000	0.040724000
3.043178000	0.040725000
3.044117000	0.041614000
3.044153000	0.041646000
3.047138000	0.044579000
3.047176000	0.044613000
3.047193000	0.044578000
3.047199000	0.044580000
3.047210000	0.044538000
3.047215000	0.044539000
3.047367000	0.044641000
3.047386000	0.044657000
3.047391000	0.044611000
3.047396000	0.044612000
3.047401000	0.043338000
3.047405000	0.043337000
3.049075000	0.044974000
3.049122000	0.045018000
3.049132000	0.044978000
3.052112000	0.047955000
3.052149000	0.046064000
3.054070000	0.047979000
3.054116000	0.045005000
3.057080000	0.047963000
3.057125000	0.047896000
3.057145000	0.047907000
3.057155000	0.043014000
3.058131000	0.043986000
3.058167000	0.043987000
3.058180000	0.043997000
3.058186000	0.041043000
3.058191000	0.041043000
3.058195000	0.040958000
3.059085000	0.041789000
3.059133000	0.040037000
3.062090000	0.042949000
3.062135000	0.039990000
3.064068000	0.041877000
3.064110000	0.041802000
3.067076000	0.044757000
3.067129000	0.038049000
3.068074000	0.038917000
3.074122000	0.044959000
3.074166000	0.044914000
3.078045000	0.048759000
3.078099000	0.048808000
3.078118000	0.048777000
3.078128000	0.048736000
3.078137000	0.048740000
3.079079000	0.049621000
3.079113000	0.049613000
3.082069000	0.048936000
3.082109000	0.048968000
3.082119000	0.048946000
3.082189000	0.048966000
3.082191000	0.043111000
3.082194000	0.043106000
3.082241000	0.043115000
3.084070000	0.044850000
3.084112000	0.036732000
3.088207000	0.040824000
3.088237000	0.039131000
3.088250000	0.039137000
3.088261000	0.039144000
3.088266000	0.039125000
3.088271000	0.039003000
3.089016000	0.039744000
3.089067000	0.039792000
3.092082000	0.042804000
3.092119000	0.042812000
3.092131000	0.042820000
3.092144000	0.042829000
3.092149000	0.042830000
3.092154000	0.042790000
3.092260000	0.042892000
3.092295000	0.042923000
3.092307000	0.042931000
3.092319000	0.042901000
3.092327000	0.042905000
3.092332000	0.042906000
3.092420000	0.042991000
3.092435000	0.042961000
3.094065000	0.044587000
3.094107000	0.044625000
3.097205000	0.047719000
3.097241000	0.045102000
3.097258000	0.045114000
3.097271000	0.045115000
3.097279000	0.045119000
3.097284000	0.043182000
3.097289000	0.043180000
3.097293000	0.043164000
3.097314000	0.043180000
3.097359000	0.040247000
3.097638000	0.040519000
3.097686000	0.040549000
3.097696000	0.040555000
3.097702000	0.040470000
3.097706000	0.040469000
3.098372000	0.041131000
3.098409000	0.041164000
3.098422000	0.040264000
3.098435000	0.040272000
3.098445000	0.040271000
3.099225000	0.041048000
3.099261000	0.041048000
3.102071000	0.043855000
3.102100000	0.043881000
3.102112000	0.043890000
3.102123000	0.043811000
3.102192000	0.043875000
3.102207000	0.043887000
3.102218000	0.043895000
3.102228000	0.043823000
3.102297000	0.043886000
3.102311000	0.043897000
3.102322000	0.043905000
3.102348000	0.043236000
3.102367000	0.043250000
3.102377000	0.043257000
3.102454000	0.043331000
3.102474000	0.043161000
3.102485000	0.043168000
3.102495000	0.043174000
3.102512000	0.043186000
3.104051000	0.041934000
3.104074000	0.041951000
3.104208000	0.042081000
3.107124000	0.044994000
3.107160000	0.044962000
3.107174000	0.044972000
3.107187000	0.044982000
3.107198000	0.044990000
3.107204000	0.043109000
3.107209000	0.043109000
3.107345000	0.043242000
3.107380000	0.043275000
3.108094000	0.043954000
3.108130000	0.043987000
3.108142000	0.043996000
3.108153000	0.044004000
3.108164000	0.041050000
3.108171000	0.041048000
3.109047000	0.041886000
3.109113000	0.041944000
3.114063000	0.045956000
3.114108000	0.045995000
3.117144000	0.042989000
3.117191000	0.043030000
3.117211000	0.043022000
3.117221000	0.043026000
3.118145000	0.040059000
3.118188000	0.040094000
3.118204000	0.040042000
3.118209000	0.040039000
3.118213000	0.040035000
3.118217000	0.039995000
3.119090000	0.040860000
3.119122000	0.040850000
3.122097000	0.043817000
3.122129000	0.043841000
3.122140000	0.043036000
3.122150000	0.043041000
3.122175000	0.043032000
3.122194000	0.043046000
3.122199000	0.040100000
3.122203000	0.040099000
3.122333000	0.040187000
3.122354000	0.040201000
3.124030000	0.041872000
3.124055000	0.041848000
3.127065000	0.044852000
3.127101000	0.044844000
3.127117000	0.044852000
3.127128000	0.044690000
3.127134000	0.044687000
3.127151000	0.044690000
3.128067000	0.045562000
3.128095000	0.045583000
3.128113000	0.044011000
3.128123000	0.044015000
3.128190000	0.044057000
3.129036000	0.044885000
3.129081000	0.044925000
3.132064000	0.047815000
3.132113000	0.047805000
3.132158000	0.047761000
3.132166000	0.047763000
3.134009000	0.049603000
3.134031000	0.049623000
3.137147000	0.052735000
3.137174000	0.052759000
3.137182000	0.052734000
3.137190000	0.052738000
3.137196000	0.052742000
3.137199000	0.052741000
3.137216000	0.052691000
3.137229000	0.052700000
3.137264000	0.052732000
3.137271000	0.052736000
3.137320000	0.052782000
3.137331000	0.052791000
3.137373000	0.052797000
3.137430000	0.052851000
3.137437000	0.052856000
3.137445000	0.052861000
3.137538000	0.052951000
3.137547000	0.052918000
3.137592000	0.052960000
3.137646000	0.049417000
3.137654000	0.049421000
3.138037000	0.049793000
3.138146000	0.049899000
3.138153000	0.049898000
3.138159000	0.049901000
3.138166000	0.049874000
3.138200000	0.049905000
3.139061000	0.050763000
3.139068000	0.050768000
3.142089000	0.053785000
3.142106000	0.053800000
3.142145000	0.053106000
3.142154000	0.053110000
3.142199000	0.053120000
3.142208000	0.053125000
3.142255000	0.050146000
3.142263000	0.050149000
3.142310000	0.050184000
3.142319000	0.050190000
3.142326000	0.050188000
3.142333000	0.050192000
3.142364000	0.050193000
3.142371000	0.050197000
3.142417000	0.050241000
3.142424000	0.050245000
3.142470000	0.050288000
3.142524000	0.050339000
3.142532000	0.050247000
3.144038000	0.051748000
3.144058000	0.051756000
3.147093000	0.054788000
3.147122000	0.054809000
3.147131000	0.054815000
3.147145000	0.054821000
3.147152000	0.054804000
3.147237000	0.054886000
3.147268000	0.054914000
3.147276000	0.054919000
3.147283000	0.054923000
3.147298000	0.054868000
3.148082000	0.055649000
3.148098000	0.055657000
3.148180000	0.055736000
3.148210000	0.054115000
3.148218000	0.054117000
3.149091000	0.054974000
3.149120000	0.054999000
3.154104000	0.056873000
3.154134000	0.056898000
3.157131000	0.059883000
3.157159000	0.059908000
3.157167000	0.059902000
3.157174000	0.059906000
3.157178000	0.059902000
3.157182000	0.059843000
3.157284000	0.059938000
3.157301000	0.059952000
3.157305000	0.059952000
3.157312000	0.059957000
3.157343000	0.059984000
3.157349000	0.059986000
3.157442000	0.060076000
3.157458000	0.060089000
3.157462000	0.059798000
3.157466000	0.059797000
3.157552000	0.059880000
3.157568000	0.059894000
3.157572000	0.059895000
3.157575000	0.059896000
3.157796000	0.060102000
3.158131000	0.060336000
3.158149000	0.060348000
3.158153000	0.060349000
3.158158000	0.060351000
3.158191000	0.060381000
3.158197000	0.060384000
3.159098000	0.061282000
3.159116000	0.060717000
3.162105000	0.063701000
3.162195000	0.063779000
3.162214000	0.063795000
3.162221000	0.063792000
3.162226000	0.063794000
3.162231000	0.063788000
3.162236000	0.063558000
3.162307000	0.063623000
3.162317000	0.063630000
3.162365000	0.063114000
3.162373000	0.063117000
3.162379000	0.063112000
3.162385000	0.063114000
3.162514000	0.060423000
3.162530000	0.060434000
3.162534000	0.060427000
3.162538000	0.060428000
3.162542000	0.060424000
3.162546000	0.060425000
3.162623000	0.060494000
3.162630000	0.060488000
3.162678000	0.060477000
3.162685000	0.060481000
3.162732000	0.060520000
3.162741000	0.060526000
3.162788000	0.060564000
3.162796000	0.060570000
3.164034000	0.061800000
3.164059000	0.061814000
3.168075000	0.065769000
3.168086000	0.065777000
3.168160000	0.065843000
3.168177000	0.065857000
3.168181000	0.065853000
3.168185000	0.065854000
3.169140000	0.066779000
3.169158000	0.066794000
3.172144000	0.069772000
3.172161000	0.069786000
3.172165000	0.069782000
3.172169000	0.069783000
3.172202000	0.069735000
3.172208000	0.069737000
3.172298000	0.069819000
3.172315000	0.069833000
3.172319000	0.069829000
3.174053000	0.071560000
3.174070000	0.071569000
3.174176000	0.071673000
3.177151000	0.074633000
3.177168000	0.074648000
3.177172000	0.073106000
3.177276000	0.073206000
3.177292000	0.073213000
3.177296000	0.073214000
3.177300000	0.073082000
3.177304000	0.073083000
3.177308000	0.070158000
3.177423000	0.070268000
3.177510000	0.070342000
3.177527000	0.070356000
3.177531000	0.070350000
3.177535000	0.070351000
3.177539000	0.070346000
3.177542000	0.070347000
3.177546000	0.070320000
3.177550000	0.070321000
3.177554000	0.070322000
3.177658000	0.070424000
3.177675000	0.070438000
3.177679000	0.070439000
3.177683000	0.070312000
3.177686000	0.070310000
3.177690000	0.070302000
3.177762000	0.070371000
3.177766000	0.069646000
3.177815000	0.069690000
3.177820000	0.069684000
3.177886000	0.069747000
3.177891000	0.069743000
3.177894000	0.069744000
3.177940000	0.069778000
3.177945000	0.069681000
3.177993000	0.069723000
3.178116000	0.069840000
3.178127000	0.069846000
3.178133000	0.069030000
3.178138000	0.069030000
3.178144000	0.069016000
3.178225000	0.069091000
3.179036000	0.064939000
3.179049000	0.064946000
3.182113000	0.067993000
3.182137000	0.068012000
3.182141000	0.064965000
3.182162000	0.064980000
3.184070000	0.066868000
3.184086000	0.066878000
3.188081000	0.070705000
3.188100000	0.070715000
3.188129000	0.070738000
3.188134000	0.070737000
3.188182000	0.070005000
3.188187000	0.070004000
3.189122000	0.070921000
3.189136000	0.070654000
3.192105000	0.073618000
3.192124000	0.073631000
3.192155000	0.073353000
3.192163000	0.073046000
3.192217000	0.073087000
3.192226000	0.070102000
3.192274000	0.070137000
3.192283000	0.070135000
3.192331000	0.070148000
3.192338000	0.070150000
3.192344000	0.070058000
3.192350000	0.070055000
3.194021000	0.071716000
3.194073000	0.071726000
3.197176000	0.074817000
3.197193000	0.073147000
3.197199000	0.073139000
3.197204000	0.070119000
3.197208000	0.070113000
3.197213000	0.070099000
3.197344000	0.070185000
3.197360000	0.070193000
3.197365000	0.070191000
3.197370000	0.070165000
3.197376000	0.070166000
3.197380000	0.069295000
3.198076000	0.069985000
3.198095000	0.069992000
3.198101000	0.069993000
3.198106000	0.069986000
3.198188000	0.070045000
3.198197000	0.070050000
3.199099000	0.070948000
3.199116000	0.070914000
3.204045000	0.075839000
3.204061000	0.075851000
3.207165000	0.078101000
3.207184000	0.078110000
3.207190000	0.078096000
3.207196000	0.078097000
3.207201000	0.075111000
3.207268000	0.075171000
3.207276000	0.075148000
3.207282000	0.075150000
3.207333000	0.075188000
3.207341000	0.075191000
3.207389000	0.075235000
3.207397000	0.075205000
3.207447000	0.075250000
3.207455000	0.075254000
3.207461000	0.075256000
3.207467000	0.075258000
3.207561000	0.075326000
3.207571000	0.073545000
3.207580000	0.073544000
3.207588000	0.070423000
3.207670000	0.070500000
3.207678000	0.070498000
3.207684000	0.070497000
3.207689000	0.070495000
3.207764000	0.070544000
3.207771000	0.070548000
3.207835000	0.070609000
3.207842000	0.070609000
3.207902000	0.070633000
3.208086000	0.070810000
3.208094000	0.070766000
3.208142000	0.070807000
3.214036000	0.076658000
3.214052000	0.076617000
3.218088000	0.080646000
3.218105000	0.080655000
3.218110000	0.080566000
3.218115000	0.080564000
3.218241000	0.080644000
3.219067000	0.081416000
3.219082000	0.081424000
3.222118000	0.084457000
3.222134000	0.084092000
3.222138000	0.083988000
3.222142000	0.083985000
3.222174000	0.084010000
3.222180000	0.084010000
3.222267000	0.084063000
3.222283000	0.083217000
3.222287000	0.083214000
3.222291000	0.080189000
3.222417000	0.080306000
3.222433000	0.080282000
3.222438000	0.080280000
3.222442000	0.080237000
3.222658000	0.080446000
3.222674000	0.080414000
3.222678000	0.080410000
3.222682000	0.080366000
3.222686000	0.080363000
3.224053000	0.081723000
3.224070000	0.081733000
3.227154000	0.084813000
3.227173000	0.084804000
3.227178000	0.084802000
3.227182000	0.084761000
3.227214000	0.084786000
3.227220000	0.084744000
3.227307000	0.084778000
3.227324000	0.084788000
3.227328000	0.083276000
3.227331000	0.083264000
3.227456000	0.080340000
3.227472000	0.080344000
3.227477000	0.080342000
3.227481000	0.080332000
3.227484000	0.080327000
3.227488000	0.080228000
3.227507000	0.080233000
3.227511000	0.080230000
3.227599000	0.080311000
3.227605000	0.080303000
3.227652000	0.079560000
3.227656000	0.079561000
3.227706000	0.079603000
3.227710000	0.079507000
3.227760000	0.079545000
3.227764000	0.079542000
3.227768000	0.078654000
3.227814000	0.078687000
3.229038000	0.074911000
3.229060000	0.074920000
3.232126000	0.074973000
3.232139000	0.074975000
3.232181000	0.075009000
3.264353000	0.031992000
