5.481223000	0.047096000
5.524027000	0.041482000
5.524060000	0.041505000
5.527002000	0.044379000
5.527022000	0.044391000
5.527037000	0.044325000
5.527043000	0.044325000
5.527134000	0.044331000
5.527163000	0.044354000
5.527173000	0.044278000
5.527187000	0.044287000
5.559029000	0.034979000
5.564121000	0.040066000
5.564166000	0.040078000
5.569007000	0.044916000
5.571039000	0.044025000
5.571076000	0.044058000
5.571091000	0.043938000
5.571097000	0.043939000
5.571103000	0.043821000
5.571999000	0.044710000
5.572032000	0.044705000
5.572046000	0.044714000
5.572075000	0.044695000
5.572087000	0.044703000
5.572155000	0.044720000
5.572182000	0.044743000
5.572187000	0.044696000
5.572192000	0.044697000
5.573956000	0.046411000
5.573980000	0.046431000
5.609002000	0.049940000
5.609059000	0.049990000
5.612041000	0.047890000
5.612080000	0.047921000
5.612088000	0.047892000
5.612095000	0.047895000
5.612201000	0.043182000
5.612242000	0.043220000
5.612249000	0.041182000
5.614071000	0.042999000
5.614107000	0.042917000
5.614113000	0.042920000
5.615997000	0.044757000
5.616025000	0.044782000
5.616054000	0.044714000
5.616072000	0.044726000
5.616108000	0.044681000
5.619017000	0.047584000
5.619074000	0.047063000
5.622026000	0.050012000
5.622079000	0.050039000
5.622100000	0.050057000
5.622115000	0.050034000
5.622123000	0.050039000
5.622261000	0.050092000
5.622285000	0.050112000
5.622314000	0.050027000
5.622323000	0.050029000
5.622331000	0.050005000
5.622338000	0.050008000
5.622347000	0.049974000
5.622355000	0.049979000
5.622426000	0.049999000
5.622452000	0.050023000
5.622462000	0.049980000
5.622474000	0.048439000
5.652090000	0.043046000
5.652136000	0.043049000
5.653973000	0.044882000
5.659097000	0.047027000
5.662063000	0.049989000
5.662101000	0.049989000
5.662112000	0.049997000
5.662118000	0.049892000
5.662123000	0.049892000
5.662128000	0.048030000
5.662197000	0.048094000
5.662207000	0.048079000
5.662250000	0.048118000
5.662393000	0.048213000
5.662413000	0.048230000
5.662419000	0.048185000
5.662425000	0.048188000
5.664057000	0.049770000
5.664086000	0.049796000
5.669094000	0.054732000
5.669124000	0.054759000
5.669132000	0.054727000
5.672131000	0.057723000
5.672144000	0.056124000
5.672152000	0.056083000
5.672156000	0.056033000
5.672160000	0.055990000
5.672164000	0.055945000
5.672293000	0.053252000
5.672322000	0.053231000
5.677126000	0.055071000
5.677150000	0.055054000
5.677154000	0.054874000
5.677230000	0.054782000
5.677232000	0.054732000
5.677282000	0.054729000
5.677285000	0.054680000
5.677334000	0.054675000
5.677336000	0.054623000
5.677339000	0.054572000
5.678952000	0.056130000
5.678977000	0.056101000
5.682054000	0.059124000
5.682066000	0.059082000
5.682073000	0.059035000
5.682081000	0.058988000
5.682145000	0.058998000
5.682156000	0.058955000
5.682160000	0.058905000
5.682199000	0.058890000
5.694011000	0.041886000
5.696991000	0.044693000
5.697006000	0.044647000
5.697086000	0.044631000
5.697116000	0.043111000
5.698976000	0.039845000
5.701972000	0.039881000
5.703060000	0.040964000
5.703089000	0.040980000
5.703098000	0.040950000
5.703102000	0.040951000
5.703106000	0.040905000
5.704080000	0.041876000
5.704113000	0.041859000
5.704125000	0.041868000
5.707064000	0.044660000
5.707092000	0.044683000
5.707100000	0.043023000
5.707104000	0.043023000
5.707108000	0.042983000
5.707111000	0.042982000
5.707209000	0.042988000
5.707237000	0.043007000
5.707241000	0.042979000
5.707245000	0.042980000
5.709019000	0.044704000
5.709049000	0.039931000
5.711995000	0.042866000
5.712024000	0.042878000
5.713147000	0.041006000
5.713183000	0.041034000
5.713193000	0.041017000
5.713196000	0.041017000
5.714074000	0.041761000
5.714103000	0.041786000
5.717058000	0.044666000
5.717087000	0.044691000
5.717096000	0.044667000
5.717101000	0.044669000
5.717232000	0.044752000
5.719166000	0.046683000
5.719322000	0.046787000
5.722065000	0.049528000
5.722094000	0.049506000
5.722103000	0.049512000
5.722233000	0.045091000
5.722244000	0.045098000
5.722288000	0.045108000
5.723001000	0.045814000
5.723029000	0.045777000
5.723038000	0.045779000
5.723106000	0.045815000
5.723114000	0.045819000
5.724021000	0.046678000
5.724030000	0.046684000
5.727066000	0.049678000
5.727096000	0.049705000
5.727105000	0.049664000
5.727117000	0.049673000
5.727128000	0.049635000
5.727211000	0.049715000
5.727242000	0.049696000
5.727248000	0.049699000
5.727251000	0.049653000
5.727261000	0.049660000
5.727271000	0.049621000
5.727374000	0.048405000
5.727403000	0.048430000
5.727407000	0.048402000
5.727410000	0.048403000
5.727531000	0.045471000
5.727561000	0.045498000
5.727566000	0.045471000
5.727570000	0.045472000
5.727675000	0.045525000
5.728988000	0.046835000
5.729015000	0.046812000
5.730055000	0.047849000
5.730069000	0.047813000
5.730110000	0.047852000
5.730122000	0.047759000
5.730164000	0.047796000
5.730179000	0.047782000
5.730219000	0.047818000
5.730231000	0.047780000
5.733030000	0.050575000
5.733043000	0.050539000
5.733155000	0.039121000
5.733978000	0.039939000
5.739002000	0.042002000
5.741047000	0.044044000
5.741076000	0.043969000
5.741087000	0.043976000
5.741101000	0.043959000
5.741104000	0.043958000
5.741245000	0.044026000
5.741264000	0.044042000
5.741269000	0.042280000
5.741274000	0.042281000
5.741278000	0.042197000
5.741284000	0.039295000
5.741289000	0.038207000
5.741294000	0.038200000
5.743057000	0.039937000
5.743089000	0.039966000
5.743093000	0.039872000
5.743096000	0.038975000
5.743100000	0.036014000
5.743104000	0.035978000
5.744016000	0.036787000
5.744036000	0.034997000
5.749019000	0.039947000
5.749053000	0.039928000
5.753082000	0.043900000
5.754171000	0.042141000
5.754191000	0.041002000
5.757020000	0.043654000
5.757044000	0.042936000
5.757048000	0.039955000
5.758974000	0.041856000
5.758996000	0.039807000
5.763040000	0.040952000
5.763076000	0.040957000
5.763081000	0.040840000
5.763085000	0.040780000
5.763089000	0.040054000
5.764012000	0.040901000
5.764044000	0.040017000
5.767047000	0.039957000
5.768973000	0.041851000
5.772067000	0.044834000
5.772101000	0.044836000
5.772113000	0.044719000
5.772117000	0.044566000
5.772122000	0.044538000
5.773980000	0.046285000
5.774088000	0.046360000
5.779044000	0.051263000
5.784039000	0.056205000
5.784071000	0.055052000
5.787095000	0.057019000
5.787127000	0.056998000
5.787132000	0.056947000
5.787136000	0.056898000
5.787265000	0.054225000
5.787294000	0.054133000
5.788995000	0.045778000
5.789019000	0.044991000
5.789058000	0.044983000
5.791974000	0.042885000
5.799000000	0.045873000
5.799033000	0.044845000
5.804000000	0.049771000
5.804040000	0.047004000
5.805008000	0.047935000
5.805038000	0.047913000
5.807022000	0.048034000
5.807094000	0.048066000
5.809082000	0.046015000
5.813987000	0.050883000
5.814026000	0.050822000
5.817011000	0.053720000
5.818969000	0.055585000
5.818996000	0.055525000
5.822007000	0.057968000
5.822059000	0.057952000
5.822113000	0.055047000
5.822167000	0.053166000
5.822179000	0.043108000
5.823966000	0.039900000
5.829009000	0.041720000
5.829049000	0.040033000
5.829078000	0.040009000
5.834030000	0.044890000
5.834055000	0.044839000
5.837018000	0.047726000
5.837049000	0.047707000
5.837061000	0.047665000
5.837065000	0.047615000
5.837129000	0.047625000
5.837235000	0.047678000
5.839001000	0.049390000
5.839033000	0.049368000
5.842059000	0.052340000
5.842114000	0.052339000
5.842169000	0.052343000
5.842180000	0.052300000
5.842222000	0.052288000
5.842236000	0.052246000
5.842240000	0.050248000
5.842274000	0.050248000
5.847021000	0.047997000
5.847032000	0.047970000
5.847040000	0.043013000
5.847115000	0.042879000
5.847127000	0.042829000
5.847131000	0.042098000
5.849074000	0.043983000
5.852023000	0.044992000
5.852057000	0.044955000
5.852132000	0.043023000
5.852151000	0.038131000
5.852158000	0.038105000
5.852164000	0.035128000
5.854011000	0.035019000
5.854034000	0.034996000
5.859109000	0.037095000
5.859141000	0.037076000
5.863992000	0.041873000
5.869048000	0.046875000
5.869081000	0.046856000
5.869087000	0.046809000
5.869091000	0.046739000
5.869095000	0.046695000
5.869099000	0.046645000
5.872039000	0.049531000
5.872071000	0.049509000
5.872076000	0.049459000
5.872080000	0.049411000
5.872091000	0.048119000
5.877159000	0.048122000
5.877175000	0.048088000
5.877181000	0.048044000
5.877185000	0.047829000
5.877194000	0.043106000
5.877202000	0.040158000
5.877273000	0.040189000
5.878972000	0.041814000
5.879010000	0.041762000
5.879028000	0.041730000
5.879081000	0.041734000
5.879092000	0.040064000
5.883989000	0.044934000
5.887127000	0.045061000
5.887160000	0.045036000
5.889077000	0.046903000
5.889110000	0.046879000
5.889115000	0.046835000
5.889121000	0.046752000
5.889124000	0.046721000
5.889129000	0.046673000
5.892125000	0.045099000
5.892153000	0.045089000
5.892231000	0.045109000
5.894223000	0.047047000
5.897047000	0.049825000
5.897060000	0.049786000
5.897071000	0.049745000
5.897293000	0.048186000
5.897311000	0.045259000
5.897316000	0.045233000
5.897320000	0.045173000
5.897323000	0.045127000
5.897327000	0.045075000
5.897330000	0.045023000
5.897334000	0.043308000
5.897337000	0.043270000
5.900047000	0.040915000
5.900078000	0.040909000
5.900082000	0.036067000
5.904752000	0.035681000
5.904778000	0.035516000
5.909001000	0.039669000
5.909033000	0.039608000
5.910042000	0.040536000
5.910083000	0.040496000
5.910088000	0.040442000
5.913994000	0.041928000
5.914024000	0.041925000
5.917161000	0.044968000
5.917178000	0.044905000
5.917183000	0.044828000
5.917187000	0.040015000
5.919011000	0.041788000
5.919100000	0.041813000
5.920083000	0.042742000
5.920101000	0.042671000
5.920106000	0.042594000
5.920111000	0.042561000
5.920133000	0.042530000
5.920139000	0.042482000
5.923971000	0.046260000
5.923986000	0.046222000
5.927026000	0.047993000
5.927033000	0.047947000
5.927037000	0.047845000
5.927143000	0.047898000
5.932034000	0.048018000
5.932127000	0.044972000
5.932132000	0.044940000
5.933103000	0.040922000
5.933117000	0.038873000
5.933971000	0.036914000
5.934016000	0.036709000
5.939072000	0.038998000
5.939089000	0.038977000
5.943083000	0.042855000
5.943103000	0.042782000
5.943113000	0.042702000
5.943120000	0.042621000
5.943125000	0.042588000
5.944026000	0.043435000
5.944047000	0.043403000
5.947102000	0.046404000
5.949050000	0.048298000
5.949075000	0.048269000
5.952080000	0.051221000
5.952093000	0.051179000
5.952099000	0.047325000
5.952134000	0.047315000
5.952190000	0.043162000
5.952275000	0.043211000
5.952284000	0.042206000
5.952330000	0.042225000
5.952337000	0.042180000
5.952343000	0.038323000
5.954006000	0.039960000
6.002085000	0.044782000
