17.079628000	0.059763000
17.159533000	0.079096000
17.159575000	0.079128000
17.159580000	0.079064000
17.159591000	0.079067000
17.174499000	0.093893000
17.174545000	0.093933000
17.174550000	0.093852000
17.174707000	0.093912000
17.199536000	0.039971000
17.199581000	0.040011000
17.199589000	0.039925000
17.199595000	0.039927000
17.206599000	0.046854000
17.206639000	0.046888000
17.206653000	0.046827000
17.206659000	0.046827000
17.206665000	0.032130000
17.206670000	0.032130000
17.214528000	0.039957000
17.221579000	0.047004000
17.221618000	0.046927000
17.221625000	0.046930000
17.239553000	0.039983000
17.239592000	0.040016000
17.246639000	0.047025000
17.246678000	0.047061000
17.246686000	0.047022000
17.246692000	0.047024000
17.246697000	0.046980000
17.246703000	0.046983000
17.246708000	0.046936000
17.246714000	0.046938000
17.246720000	0.046897000
17.246723000	0.046897000
17.246727000	0.040098000
17.246730000	0.040096000
17.246733000	0.039958000
17.246736000	0.039956000
17.246746000	0.039910000
17.247465000	0.040625000
17.247487000	0.040575000
17.247493000	0.040578000
17.259576000	0.052589000
17.259605000	0.052615000
17.259614000	0.052576000
17.266664000	0.059623000
17.266697000	0.052140000
17.266706000	0.052144000
17.266710000	0.045102000
17.266714000	0.045101000
17.266718000	0.045077000
17.266721000	0.045077000
17.266725000	0.044973000
17.267536000	0.045777000
17.279636000	0.040053000
17.279667000	0.040079000
17.279675000	0.040058000
17.279680000	0.040060000
17.286594000	0.039927000
17.286624000	0.039951000
17.286634000	0.039800000
17.286638000	0.039797000
17.286641000	0.039752000
17.286645000	0.039752000
17.294483000	0.047517000
17.301529000	0.054559000
17.301555000	0.054537000
17.301565000	0.054545000
17.301569000	0.054495000
17.301574000	0.054215000
17.301578000	0.054161000
17.301582000	0.054099000
17.301594000	0.054015000
17.316501000	0.049761000
17.316609000	0.049718000
17.316628000	0.049070000
17.316633000	0.036972000
17.339482000	0.059787000
17.339531000	0.052900000
17.339540000	0.052877000
17.339546000	0.052782000
17.346625000	0.045076000
17.346664000	0.045102000
17.346674000	0.045074000
17.346679000	0.045076000
17.346685000	0.045035000
17.346689000	0.045036000
17.346696000	0.044995000
17.346701000	0.044997000
17.346707000	0.044953000
17.346712000	0.044955000
17.346716000	0.044909000
17.346721000	0.044911000
17.347567000	0.045708000
17.347591000	0.045728000
17.347601000	0.045689000
17.355562000	0.053647000
17.362536000	0.060572000
17.362563000	0.060596000
17.362572000	0.046045000
17.362576000	0.046043000
17.362580000	0.046019000
17.362583000	0.046019000
17.378598000	0.061981000
17.385602000	0.068983000
17.385639000	0.068974000
17.385651000	0.068984000
17.385657000	0.068921000
17.385663000	0.068920000
17.385668000	0.068897000
17.385673000	0.068899000
17.385678000	0.068856000
17.386472000	0.069647000
17.386494000	0.069620000
17.386505000	0.069628000
17.386510000	0.046994000
17.386515000	0.046991000
17.392566000	0.053000000
17.392593000	0.053023000
17.392601000	0.052980000
17.392605000	0.052980000
17.392609000	0.052934000
17.392613000	0.052934000
17.393518000	0.053787000
17.393536000	0.046884000
17.393544000	0.046886000
17.393555000	0.046812000
17.394561000	0.047813000
17.400552000	0.053754000
17.400581000	0.053778000
17.400590000	0.053737000
17.400595000	0.053738000
17.400598000	0.053692000
17.400702000	0.053792000
17.400732000	0.053771000
17.415460000	0.068495000
17.415521000	0.068502000
17.415537000	0.067939000
17.415541000	0.059955000
17.415545000	0.052976000
17.415550000	0.052949000
17.415553000	0.052895000
17.415557000	0.029927000
17.439493000	0.053795000
17.439549000	0.053796000
17.439555000	0.053748000
17.454678000	0.068815000
17.454711000	0.068210000
17.454717000	0.068181000
17.454721000	0.062134000
17.454725000	0.062096000
17.454728000	0.062047000
17.454732000	0.061200000
17.454736000	0.061163000
17.462545000	0.067970000
17.470463000	0.069889000
17.470494000	0.069882000
17.470500000	0.069779000
17.470503000	0.069743000
17.470507000	0.054976000
17.470511000	0.054935000
17.470515000	0.054886000
17.470526000	0.054844000
17.477430000	0.061695000
17.477461000	0.061672000
17.484504000	0.068664000
17.484537000	0.068644000
17.484542000	0.044998000
17.484547000	0.044880000
17.484551000	0.044837000
17.499487000	0.044781000
17.499521000	0.044767000
17.499526000	0.044668000
17.506534000	0.051578000
17.506573000	0.051592000
17.506584000	0.051549000
17.514541000	0.059452000
17.529531000	0.074388000
17.529568000	0.067006000
17.529581000	0.059097000
17.529585000	0.059042000
17.529589000	0.058952000
17.529592000	0.058921000
17.529597000	0.058875000
17.529600000	0.058826000
17.529604000	0.058777000
17.539605000	0.068726000
17.539640000	0.068708000
17.546623000	0.069167000
17.546653000	0.069165000
17.546658000	0.062126000
17.546662000	0.062094000
17.546666000	0.061996000
17.546669000	0.061917000
17.546672000	0.061822000
17.546677000	0.047160000
17.546680000	0.047124000
17.547484000	0.047827000
17.547503000	0.040943000
17.547508000	0.040906000
17.547512000	0.040813000
17.547515000	0.032951000
17.579613000	0.050056000
17.579652000	0.049951000
17.586517000	0.056720000
17.586552000	0.056718000
17.586558000	0.056670000
17.586561000	0.056620000
17.586565000	0.056571000
17.586569000	0.056521000
17.586572000	0.056474000
17.586576000	0.056426000
17.586580000	0.046946000
17.595444000	0.055774000
17.602503000	0.055854000
17.602543000	0.055844000
17.602551000	0.055802000
17.602557000	0.055755000
17.602566000	0.055712000
17.602575000	0.055668000
17.602589000	0.055628000
17.602720000	0.055707000
17.602740000	0.055672000
17.602746000	0.055250000
17.610660000	0.063122000
17.617464000	0.069812000
17.617497000	0.069810000
17.617504000	0.069766000
17.617510000	0.069719000
17.617516000	0.037869000
17.617522000	0.037844000
17.617527000	0.030981000
17.639585000	0.052986000
17.639632000	0.052908000
17.639640000	0.052825000
17.639646000	0.052745000
17.646540000	0.059604000
17.646577000	0.059586000
17.646593000	0.059549000
17.646599000	0.059493000
17.646604000	0.051135000
17.646610000	0.044080000
17.646616000	0.043885000
17.646623000	0.035940000
17.646629000	0.035769000
17.659512000	0.048545000
17.659551000	0.048531000
17.659558000	0.048484000
17.659564000	0.048434000
17.666509000	0.055324000
17.666542000	0.049050000
17.681642000	0.064092000
17.681676000	0.064073000
17.681682000	0.064026000
17.681686000	0.063978000
17.681690000	0.063928000
17.681694000	0.063882000
17.681697000	0.042078000
17.681701000	0.042028000
17.681704000	0.041981000
17.681708000	0.041888000
17.682568000	0.036003000
17.690583000	0.043782000
17.697549000	0.050683000
17.697588000	0.050671000
17.697595000	0.050623000
17.697600000	0.050574000
17.697607000	0.050526000
17.697612000	0.050475000
17.697618000	0.050428000
17.697623000	0.050379000
17.719486000	0.072189000
17.719549000	0.072199000
17.719568000	0.060029000
17.719576000	0.059994000
17.726547000	0.066909000
17.726581000	0.066888000
17.726588000	0.066840000
17.726591000	0.060059000
17.726595000	0.060022000
17.726599000	0.044933000
17.726609000	0.044885000
17.726614000	0.044792000
17.726618000	0.044706000
17.726622000	0.044619000
17.726625000	0.044532000
17.727476000	0.045293000
17.727499000	0.045223000
17.735601000	0.053284000
17.735633000	0.053262000
17.735638000	0.053213000
17.742570000	0.059984000
17.742602000	0.051988000
17.742608000	0.045026000
17.742612000	0.044964000
17.742616000	0.044912000
17.759544000	0.061784000
17.759580000	0.061763000
17.759585000	0.061713000
17.759589000	0.061664000
17.774516000	0.076536000
17.774549000	0.055034000
17.774555000	0.054995000
17.774559000	0.054913000
17.774562000	0.054834000
17.774566000	0.047996000
17.774576000	0.047824000
17.774579000	0.047774000
17.774583000	0.047727000
17.790582000	0.063672000
17.797484000	0.070521000
17.797616000	0.070599000
17.797630000	0.070559000
17.797635000	0.070470000
17.797640000	0.070441000
17.797644000	0.070391000
17.797647000	0.070339000
17.797650000	0.070155000
17.798493000	0.070956000
17.798505000	0.062876000
17.798509000	0.062841000
17.804626000	0.068858000
17.804657000	0.062064000
17.804662000	0.062032000
17.804667000	0.061960000
17.804670000	0.045063000
17.804687000	0.044977000
17.805540000	0.045653000
17.805562000	0.031017000
17.819588000	0.044876000
17.819622000	0.044859000
17.826476000	0.051611000
17.826508000	0.051550000
17.826625000	0.051627000
17.826655000	0.051603000
17.826661000	0.051553000
17.841616000	0.066447000
17.841652000	0.051045000
17.841657000	0.044147000
17.841661000	0.044039000
17.841664000	0.043983000
17.841668000	0.043908000
17.841672000	0.043838000
17.841678000	0.043792000
17.841686000	0.043746000
17.841691000	0.043698000
17.857551000	0.059051000
17.864489000	0.065939000
17.864536000	0.065932000
17.864544000	0.065887000
17.864550000	0.059897000
17.864556000	0.059738000
17.864561000	0.059704000
17.864567000	0.059611000
17.871582000	0.066533000
17.871615000	0.066479000
17.871620000	0.066396000
17.871624000	0.066308000
17.871627000	0.066273000
17.871631000	0.066223000
17.871635000	0.066076000
17.871638000	0.066039000
17.871641000	0.052029000
17.871645000	0.051995000
17.871649000	0.045151000
17.871778000	0.045243000
17.879484000	0.052838000
17.886503000	0.059818000
17.886534000	0.059772000
17.886540000	0.059703000
17.893511000	0.051865000
17.893542000	0.051831000
17.893547000	0.051734000
17.894621000	0.052716000
17.894650000	0.052656000
17.894655000	0.052569000
17.909494000	0.067321000
17.909528000	0.067316000
17.909533000	0.067267000
17.909536000	0.067217000
17.909540000	0.051963000
17.909544000	0.045028000
17.909548000	0.044642000
17.909552000	0.044574000
17.909558000	0.044523000
17.909562000	0.044472000
17.909566000	0.044419000
17.919593000	0.054389000
17.919611000	0.048005000
17.919616000	0.047952000
17.919621000	0.047823000
17.926669000	0.054796000
17.926686000	0.054775000
17.926692000	0.054728000
17.926697000	0.054681000
17.927612000	0.055543000
17.927630000	0.055509000
17.927635000	0.055462000
17.928465000	0.056239000
17.936482000	0.064203000
17.943619000	0.071287000
17.943645000	0.064132000
17.943651000	0.057122000
17.943655000	0.057093000
17.943660000	0.057046000
17.943665000	0.050127000
17.943670000	0.050058000
17.943674000	0.049947000
17.959577000	0.064931000
17.959596000	0.064918000
17.959601000	0.064871000
17.959606000	0.050088000
17.966601000	0.057020000
17.966618000	0.056943000
17.966624000	0.056783000
17.966630000	0.056703000
17.966635000	0.056626000
17.967466000	0.057381000
18.019579000	0.051965000
