9.749802000	0.033101000
9.794590000	0.036535000
9.799663000	0.041598000
9.799697000	0.041561000
9.804751000	0.046607000
9.804801000	0.046629000
9.807638000	0.049463000
9.807662000	0.049438000
9.807667000	0.049440000
9.807676000	0.049399000
9.807739000	0.049459000
9.829616000	0.034994000
9.829660000	0.032009000
9.831588000	0.031901000
9.831610000	0.030419000
9.831690000	0.030494000
9.834618000	0.030441000
9.839602000	0.034826000
9.839620000	0.032428000
9.842670000	0.035473000
9.842689000	0.032490000
9.842693000	0.032489000
9.842697000	0.029524000
9.844591000	0.031413000
9.849762000	0.033613000
9.849780000	0.033625000
9.854559000	0.035418000
9.856821000	0.037675000
9.856839000	0.037615000
9.856843000	0.034681000
9.856846000	0.034679000
9.864649000	0.035003000
9.864679000	0.035025000
9.868331000	0.037333000
9.868360000	0.037358000
9.868365000	0.034912000
9.868368000	0.034910000
9.868379000	0.032503000
9.869669000	0.033788000
9.869685000	0.031399000
9.874611000	0.036320000
9.874634000	0.033927000
9.877628000	0.036916000
9.877666000	0.034543000
9.877670000	0.034542000
9.877673000	0.032153000
9.877776000	0.032252000
9.877793000	0.029901000
9.879879000	0.031974000
9.879902000	0.029633000
9.884581000	0.034307000
9.888647000	0.035988000
9.888675000	0.036011000
9.888679000	0.035932000
9.888692000	0.033648000
9.888791000	0.033742000
9.888794000	0.031344000
9.889572000	0.032117000
9.894679000	0.035028000
9.894713000	0.035056000
9.898722000	0.036849000
9.898757000	0.036879000
9.898762000	0.034700000
9.898766000	0.034699000
9.898769000	0.032450000
9.899618000	0.032079000
9.912712000	0.043997000
9.912747000	0.042867000
9.912752000	0.041752000
9.912763000	0.040655000
9.912767000	0.039547000
9.912770000	0.038448000
9.912774000	0.037306000
9.914627000	0.038049000
9.914672000	0.038089000
9.917650000	0.039993000
9.917668000	0.040007000
9.917672000	0.038882000
9.917675000	0.038880000
9.919637000	0.039768000
9.919654000	0.039780000
9.919661000	0.038707000
9.919667000	0.038708000
9.919780000	0.037855000
9.922635000	0.040705000
9.922648000	0.039659000
9.922654000	0.039660000
9.922657000	0.038664000
9.922688000	0.038690000
9.922696000	0.037683000
9.922740000	0.037722000
9.922794000	0.036753000
9.922803000	0.036758000
9.922849000	0.035781000
9.924544000	0.035878000
9.924614000	0.035943000
9.927699000	0.038509000
9.927714000	0.038522000
9.927718000	0.037582000
9.927722000	0.037583000
9.927725000	0.036637000
9.927728000	0.036635000
9.927860000	0.035855000
9.927995000	0.035985000
9.928002000	0.035063000
9.929650000	0.036707000
9.929721000	0.035888000
9.929727000	0.035889000
9.929730000	0.035022000
9.929735000	0.034104000
9.929774000	0.031022000
9.934672000	0.035415000
9.934684000	0.034689000
9.939889000	0.039089000
9.939913000	0.038346000
9.939920000	0.037573000
9.939926000	0.036841000
9.945444000	0.032315000
9.945468000	0.031535000
9.954575000	0.039924000
9.959733000	0.044414000
9.959764000	0.043743000
9.959769000	0.043073000
9.959773000	0.042381000
9.959785000	0.041727000
9.959835000	0.041105000
9.964652000	0.045852000
9.964690000	0.045291000
9.967655000	0.047628000
9.967710000	0.047022000
9.967718000	0.046372000
9.967762000	0.045764000
9.969625000	0.046960000
9.969660000	0.046350000
9.969670000	0.045810000
9.969675000	0.045271000
9.969680000	0.044783000
9.969683000	0.044250000
9.974613000	0.048660000
9.974637000	0.048177000
9.977639000	0.050633000
9.977674000	0.050150000
9.977682000	0.049692000
9.977687000	0.049169000
9.977691000	0.048640000
9.977695000	0.048195000
9.977759000	0.047787000
9.977764000	0.047360000
9.977813000	0.046972000
9.977817000	0.046537000
9.977867000	0.046152000
9.982721000	0.051002000
9.982756000	0.050601000
9.982767000	0.050175000
9.982772000	0.049747000
9.982776000	0.049314000
9.982841000	0.048938000
9.982845000	0.048507000
9.982895000	0.048121000
9.982902000	0.047715000
9.982950000	0.047348000
9.982964000	0.046945000
9.983246000	0.046809000
9.984637000	0.047759000
9.984644000	0.047381000
9.989793000	0.052108000
9.989815000	0.051714000
9.989819000	0.051274000
9.989823000	0.050895000
9.989826000	0.050440000
9.989830000	0.050068000
9.990673000	0.050502000
9.990682000	0.050073000
9.990685000	0.049660000
9.990689000	0.049248000
9.990725000	0.048871000
9.990729000	0.048871000
9.990820000	0.048538000
9.990829000	0.048159000
9.990872000	0.047789000
9.990876000	0.047380000
9.990926000	0.047014000
9.990930000	0.046603000
9.994596000	0.049831000
9.994602000	0.049424000
9.997667000	0.052097000
9.997678000	0.051668000
9.997682000	0.051256000
9.997685000	0.050845000
9.997720000	0.050474000
9.997730000	0.043128000
9.997954000	0.043137000
9.997962000	0.043142000
9.998006000	0.042776000
9.998012000	0.038260000
9.999658000	0.039694000
9.999667000	0.039700000
9.999671000	0.039289000
9.999675000	0.039289000
9.999785000	0.038986000
10.002571000	0.041770000
10.002623000	0.041385000
10.002626000	0.041386000
10.002630000	0.040982000
10.002684000	0.041034000
10.002687000	0.040625000
10.002732000	0.040668000
10.002738000	0.040234000
10.002786000	0.040280000
10.002789000	0.039874000
10.002840000	0.039922000
10.002843000	0.039527000
10.002900000	0.039582000
10.002904000	0.039584000
10.002950000	0.039249000
10.002956000	0.039253000
10.004580000	0.040465000
10.004661000	0.040544000
10.007655000	0.042979000
10.007668000	0.042987000
10.007708000	0.042758000
10.007715000	0.042762000
10.007762000	0.042398000
10.007766000	0.042399000
10.007816000	0.042039000
10.007823000	0.042043000
10.007826000	0.040147000
10.007830000	0.040146000
10.007869000	0.039962000
10.007873000	0.039964000
10.007946000	0.039610000
10.007952000	0.039613000
10.007997000	0.039246000
10.008106000	0.039353000
10.008110000	0.038941000
10.008113000	0.038942000
10.008159000	0.038510000
10.008163000	0.038508000
10.008245000	0.038246000
10.008255000	0.038253000
10.008310000	0.038307000
10.008313000	0.037900000
10.008363000	0.037948000
10.009670000	0.038844000
10.009680000	0.038851000
10.009684000	0.038449000
10.009718000	0.038481000
10.009771000	0.038115000
10.015998000	0.041367000
10.016034000	0.041192000
10.017591000	0.042747000
10.017627000	0.042345000
10.017637000	0.039973000
10.017644000	0.039765000
10.019601000	0.041721000
10.019635000	0.041347000
10.019643000	0.041353000
10.019658000	0.040955000
10.019851000	0.041146000
10.019858000	0.040738000
10.024663000	0.045541000
10.024698000	0.045164000
10.027650000	0.048115000
10.027685000	0.047706000
10.027701000	0.047719000
10.027753000	0.047770000
10.027808000	0.047417000
10.027815000	0.047422000
10.027820000	0.047016000
10.027824000	0.047018000
10.027861000	0.046641000
10.027865000	0.046643000
10.027953000	0.046318000
10.027958000	0.046320000
10.028009000	0.045264000
10.028015000	0.045264000
10.028018000	0.044778000
10.028061000	0.044818000
10.028065000	0.044643000
10.028115000	0.044691000
10.028170000	0.044369000
10.028173000	0.044370000
10.028226000	0.044098000
10.028611000	0.044482000
10.028715000	0.044209000
10.028719000	0.044211000
10.028723000	0.043887000
10.028726000	0.043888000
10.028769000	0.043559000
10.028773000	0.043560000
10.028824000	0.043610000
10.028878000	0.043319000
10.028882000	0.043321000
10.028885000	0.042976000
10.028931000	0.043020000
10.029576000	0.043290000
10.029632000	0.043343000
10.029684000	0.043098000
10.064600000	0.078012000
10.069624000	0.082657000
10.069655000	0.082670000
10.069663000	0.082377000
10.069669000	0.082375000
10.069682000	0.082047000
10.069734000	0.082097000
10.072649000	0.084663000
10.072679000	0.084690000
10.072688000	0.084322000
10.072693000	0.084324000
10.072758000	0.084042000
10.072764000	0.084046000
10.072811000	0.083753000
10.072885000	0.083825000
10.072938000	0.083530000
10.072944000	0.083534000
10.072992000	0.083580000
10.072997000	0.083192000
10.073045000	0.083237000
10.073052000	0.082963000
10.073055000	0.082963000
10.073059000	0.082626000
10.073150000	0.082714000
10.073155000	0.082377000
10.073205000	0.082425000
10.073211000	0.082125000
10.073214000	0.082127000
10.073217000	0.081851000
10.073311000	0.081943000
10.073315000	0.081668000
10.073318000	0.081669000
10.073322000	0.081363000
10.074534000	0.082573000
10.074587000	0.082375000
10.077674000	0.085460000
10.077706000	0.085213000
10.077715000	0.085220000
10.077723000	0.084948000
10.077729000	0.084952000
10.077735000	0.084655000
10.077800000	0.084718000
10.077806000	0.084722000
10.077906000	0.084568000
10.077912000	0.084572000
10.077921000	0.084302000
10.077926000	0.084305000
10.077930000	0.084006000
10.077933000	0.084007000
10.077958000	0.083777000
10.077962000	0.083780000
10.078012000	0.083524000
10.078017000	0.083527000
10.078066000	0.083322000
10.078074000	0.083328000
10.078120000	0.083092000
10.078124000	0.083093000
10.078174000	0.082866000
10.078179000	0.082869000
10.078182000	0.082591000
10.078229000	0.082636000
10.078279000	0.082408000
10.078284000	0.082411000
10.078331000	0.082178000
10.079683000	0.083528000
10.079700000	0.083263000
10.079705000	0.083265000
10.079710000	0.083268000
10.079715000	0.082975000
10.082631000	0.085888000
10.082648000	0.085651000
10.082653000	0.085654000
10.082657000	0.085356000
10.082689000	0.085386000
10.082781000	0.085221000
10.082799000	0.085237000
10.082881000	0.085040000
10.082898000	0.085055000
10.082903000	0.084838000
10.082907000	0.081108000
10.137862000	0.136061000
10.137876000	0.127387000
10.137926000	0.117987000
10.137957000	0.059313000
10.184646000	0.034860000
