0.033982000	0.033950000
0.072987000	0.034549000
0.073025000	0.034577000
0.077914000	0.039441000
0.077953000	0.039476000
0.080969000	0.042401000
0.081001000	0.042428000
0.081005000	0.042345000
0.081009000	0.042344000
0.081018000	0.042278000
0.081021000	0.042275000
0.109036000	0.036021000
0.109073000	0.036053000
0.109947000	0.036894000
0.109978000	0.036922000
0.109989000	0.032049000
0.109993000	0.032046000
0.109996000	0.031942000
0.112881000	0.034823000
0.118073000	0.037082000
0.122909000	0.041913000
0.122940000	0.041897000
0.125992000	0.044946000
0.126019000	0.044931000
0.126093000	0.045002000
0.126146000	0.044958000
0.126149000	0.044955000
0.126152000	0.044874000
0.126199000	0.044915000
0.126250000	0.044882000
0.126261000	0.044886000
0.142952000	0.033889000
0.142987000	0.033919000
0.147919000	0.038818000
0.147958000	0.038854000
0.149933000	0.039965000
0.149980000	0.040007000
0.149985000	0.039895000
0.149988000	0.039895000
0.149991000	0.039848000
0.149995000	0.039849000
0.152943000	0.042700000
0.152982000	0.042733000
0.155896000	0.045565000
0.155949000	0.045613000
0.156003000	0.043101000
0.156013000	0.043106000
0.157916000	0.039822000
0.157955000	0.039856000
0.162931000	0.040002000
0.162965000	0.040030000
0.165947000	0.042982000
0.165977000	0.043008000
0.165982000	0.039973000
0.167926000	0.041912000
0.167957000	0.041912000
0.169970000	0.043922000
0.170001000	0.043885000
0.170007000	0.043884000
0.170011000	0.043856000
0.170074000	0.043916000
0.170905000	0.044697000
0.170959000	0.044748000
0.170969000	0.044714000
0.171013000	0.044755000
0.171022000	0.044712000
0.171067000	0.044655000
0.177958000	0.034981000
0.177991000	0.034945000
0.179982000	0.032038000
0.180024000	0.032045000
0.182968000	0.033013000
0.183003000	0.033043000
0.187927000	0.037832000
0.187959000	0.037861000
0.189980000	0.039832000
0.190012000	0.039860000
0.190019000	0.039771000
0.190023000	0.039769000
0.190026000	0.039691000
0.192987000	0.042646000
0.193018000	0.042593000
0.195967000	0.045536000
0.195997000	0.043028000
0.196015000	0.043039000
0.196029000	0.043014000
0.196054000	0.043035000
0.196060000	0.040155000
0.196071000	0.040163000
0.196123000	0.040168000
0.196140000	0.040182000
0.196144000	0.040137000
0.196227000	0.040217000
0.196230000	0.040137000
0.197968000	0.041872000
0.198002000	0.040060000
0.198013000	0.040064000
0.199976000	0.041999000
0.200018000	0.042037000
0.200029000	0.037075000
0.200033000	0.037074000
0.200037000	0.037042000
0.203079000	0.040081000
0.203110000	0.037142000
0.203121000	0.037148000
0.205931000	0.039934000
0.205970000	0.039970000
0.205985000	0.039894000
0.205991000	0.039894000
0.207976000	0.040029000
0.208007000	0.040026000
0.209917000	0.039925000
0.209936000	0.039911000
0.209941000	0.039863000
0.210023000	0.039893000
0.210047000	0.039863000
0.210051000	0.039141000
0.217919000	0.046955000
0.217949000	0.046932000
0.219943000	0.048916000
0.220104000	0.049029000
0.220129000	0.042150000
0.220136000	0.042149000
0.220200000	0.042179000
0.222962000	0.044893000
0.223002000	0.044927000
0.227960000	0.049836000
0.228005000	0.049831000
0.229962000	0.051782000
0.230008000	0.050004000
0.230017000	0.050006000
0.230022000	0.049964000
0.230025000	0.049962000
0.230029000	0.049962000
0.232967000	0.052854000
0.233008000	0.052892000
0.235984000	0.052993000
0.236016000	0.053020000
0.236028000	0.053029000
0.236036000	0.052993000
0.236058000	0.053011000
0.236277000	0.053227000
0.236301000	0.048351000
0.236304000	0.048350000
0.236307000	0.048335000
0.236311000	0.048316000
0.236314000	0.046312000
0.236317000	0.046310000
0.236320000	0.046304000
0.236323000	0.046283000
0.236326000	0.046283000
0.236329000	0.046283000
0.236332000	0.046193000
0.236384000	0.046239000
0.236403000	0.046255000
0.237927000	0.047697000
0.237957000	0.044948000
0.239940000	0.046926000
0.239968000	0.046944000
0.239983000	0.046934000
0.239993000	0.044006000
0.240067000	0.044075000
0.240084000	0.044082000
0.240976000	0.044956000
0.241015000	0.044992000
0.241031000	0.045005000
0.241045000	0.044969000
0.241051000	0.044972000
0.241056000	0.044974000
0.241164000	0.045079000
0.241194000	0.045065000
0.241205000	0.045072000
0.241315000	0.045180000
0.241346000	0.045208000
0.241357000	0.045102000
0.241367000	0.045105000
0.241371000	0.045106000
0.242918000	0.046650000
0.242949000	0.046648000
0.246000000	0.049696000
0.246032000	0.049724000
0.246043000	0.049733000
0.246053000	0.049704000
0.246057000	0.049705000
0.246061000	0.048070000
0.246073000	0.048076000
0.246167000	0.048160000
0.246202000	0.048192000
0.246213000	0.048185000
0.246217000	0.048185000
0.246220000	0.046208000
0.246480000	0.046454000
0.246505000	0.046385000
0.246509000	0.046384000
0.246512000	0.046303000
0.246517000	0.043412000
0.246523000	0.043405000
0.246527000	0.043345000
0.246530000	0.040566000
0.246534000	0.040553000
0.247913000	0.041898000
0.257983000	0.051961000
0.267969000	0.059967000
0.268013000	0.059997000
0.269944000	0.061911000
0.269973000	0.060046000
0.269983000	0.060050000
0.269987000	0.060012000
0.270050000	0.060069000
0.270065000	0.059976000
0.272934000	0.062678000
0.272978000	0.062716000
0.275950000	0.065661000
0.277970000	0.060031000
0.278008000	0.060063000
0.279944000	0.061970000
0.279980000	0.062001000
0.279992000	0.060032000
0.279996000	0.060031000
0.280061000	0.059941000
0.280930000	0.060796000
0.282933000	0.062679000
0.282977000	0.062717000
0.286002000	0.065737000
0.286040000	0.063053000
0.286053000	0.063059000
0.286057000	0.063049000
0.286061000	0.063024000
0.286076000	0.058091000
0.286171000	0.058176000
0.286224000	0.058210000
0.286229000	0.058193000
0.286232000	0.056248000
0.287952000	0.057955000
0.287990000	0.057976000
0.290003000	0.059956000
0.290042000	0.059990000
0.290058000	0.060003000
0.290062000	0.059917000
0.290066000	0.059915000
0.298950000	0.068796000
0.299097000	0.068941000
0.299129000	0.068970000
0.299140000	0.068900000
0.299159000	0.068913000
0.299166000	0.068917000
0.299169000	0.066179000
0.299173000	0.066171000
0.299176000	0.066163000
0.299180000	0.066164000
0.299183000	0.063177000
0.299286000	0.063275000
0.299329000	0.063307000
0.299333000	0.063308000
0.299336000	0.063303000
0.299340000	0.063055000
0.299343000	0.063055000
0.299601000	0.063310000
0.299644000	0.063350000
0.299648000	0.063351000
0.303995000	0.067607000
0.304026000	0.067635000
0.304036000	0.067642000
0.304065000	0.067668000
0.304075000	0.067675000
0.304142000	0.067634000
0.304164000	0.067650000
0.304174000	0.067658000
0.304177000	0.067658000
0.304181000	0.067659000
0.304466000	0.067864000
0.304479000	0.067871000
0.304488000	0.067877000
0.304497000	0.067883000
0.304503000	0.067886000
0.304506000	0.067855000
0.304510000	0.067856000
0.304513000	0.067856000
0.304517000	0.067857000
0.304520000	0.067772000
0.304523000	0.067768000
0.304526000	0.067768000
0.304529000	0.067768000
0.304539000	0.067776000
0.304725000	0.067928000
0.304728000	0.067927000
0.304730000	0.067927000
0.304732000	0.067926000
0.304735000	0.066788000
0.304737000	0.066785000
0.304984000	0.067022000
0.304988000	0.067023000
0.304990000	0.065032000
0.304992000	0.065029000
0.304994000	0.065018000
0.304996000	0.065017000
0.304999000	0.065010000
0.305001000	0.065002000
0.305003000	0.064987000
0.305005000	0.064985000
0.305007000	0.064930000
0.305010000	0.064929000
0.305235000	0.065146000
0.305269000	0.065177000
0.305272000	0.064271000
0.305276000	0.064268000
0.305279000	0.064256000
0.305282000	0.064255000
0.305285000	0.064247000
0.305288000	0.064246000
0.305292000	0.064217000
0.305295000	0.064216000
0.315964000	0.074883000
0.316001000	0.074917000
0.316016000	0.074929000
0.316031000	0.074942000
0.316061000	0.074876000
0.316067000	0.074877000
0.316218000	0.075019000
0.316245000	0.075043000
0.316252000	0.075043000
0.316256000	0.075044000
0.316260000	0.074923000
0.316263000	0.074922000
0.316266000	0.074915000
0.316270000	0.074916000
0.316474000	0.075113000
0.316512000	0.075148000
0.316516000	0.075131000
0.316519000	0.075131000
0.316522000	0.075132000
0.316525000	0.075132000
0.316528000	0.073589000
0.316532000	0.073588000
0.316536000	0.073582000
0.316732000	0.073776000
0.316768000	0.070746000
0.316773000	0.070746000
0.316776000	0.070739000
0.316782000	0.070742000
0.316786000	0.070739000
0.316789000	0.070739000
0.316792000	0.070715000
0.316795000	0.070715000
0.316799000	0.070716000
0.316802000	0.070717000
0.316806000	0.070718000
0.316988000	0.070897000
0.317016000	0.070830000
0.317020000	0.070830000
0.317023000	0.070830000
0.317026000	0.070830000
0.317030000	0.070823000
0.317033000	0.070823000
0.317036000	0.070548000
0.317039000	0.070548000
0.317246000	0.070752000
0.317275000	0.070778000
0.318018000	0.071519000
0.318049000	0.071547000
0.319948000	0.073427000
0.319970000	0.073365000
0.415273000	0.168186000
0.415523000	0.168170000
0.417892000	0.131000000
0.432132000	0.145079000
0.432152000	0.145096000
0.432169000	0.127696000
0.449480000	0.143725000
0.449829000	0.144071000
0.449850000	0.132578000
0.462083000	0.143291000
0.462325000	0.112010000
0.476922000	0.049444000
0.477010000	0.049409000
0.477018000	0.049058000
0.477021000	0.045957000
0.477025000	0.045928000
0.477886000	0.046762000
0.477892000	0.046742000
0.477941000	0.046624000
0.489043000	0.057702000
0.489072000	0.057705000
0.489080000	0.057684000
0.489084000	0.057074000
0.489088000	0.057055000
0.489091000	0.057024000
0.489199000	0.057109000
0.489225000	0.057114000
0.489233000	0.057103000
0.489237000	0.056944000
0.489241000	0.056211000
0.489245000	0.055181000
0.489348000	0.055262000
0.489375000	0.055272000
0.489383000	0.055264000
0.489393000	0.053323000
0.489397000	0.053292000
0.489587000	0.040136000
0.489627000	0.040150000
0.489631000	0.040101000
0.489635000	0.039637000
0.527967000	0.068855000
0.532901000	0.073769000
0.532949000	0.073804000
0.532958000	0.073800000
0.535964000	0.076752000
0.535991000	0.076663000
0.538980000	0.079633000
0.539027000	0.079666000
0.549041000	0.089666000
0.549077000	0.089620000
0.549086000	0.089616000
0.549090000	0.089519000
0.549094000	0.089503000
0.549097000	0.089492000
0.549109000	0.089491000
0.549116000	0.089484000
0.549287000	0.089610000
0.549314000	0.089546000
0.549322000	0.089539000
0.549326000	0.089529000
0.549330000	0.089519000
0.549335000	0.089510000
0.549339000	0.089492000
0.549352000	0.087346000
0.549446000	0.087419000
0.549471000	0.087429000
0.549479000	0.087414000
0.549483000	0.087402000
0.549487000	0.087338000
0.549490000	0.087278000
0.549594000	0.087368000
0.549620000	0.087381000
0.549628000	0.087377000
0.549632000	0.087368000
0.549637000	0.087247000
0.549640000	0.087223000
0.549743000	0.087310000
0.549772000	0.086664000
0.549776000	0.086650000
0.549779000	0.085758000
0.549786000	0.085731000
0.549789000	0.081789000
0.549892000	0.079824000
0.549921000	0.079830000
0.549925000	0.079817000
0.549929000	0.079804000
0.549932000	0.079640000
0.549943000	0.079628000
0.550049000	0.079588000
0.550060000	0.079576000
0.550063000	0.079560000
0.550066000	0.079545000
0.550103000	0.079565000
0.550112000	0.079535000
0.550157000	0.079460000
0.550166000	0.077176000
0.550210000	0.074181000
0.550220000	0.074149000
0.550264000	0.074164000
0.550281000	0.074088000
0.550285000	0.074042000
0.550288000	0.073987000
0.550371000	0.073969000
0.550381000	0.073968000
0.550425000	0.074001000
0.550435000	0.074000000
0.550438000	0.073992000
0.550441000	0.073975000
0.550479000	0.073473000
0.550489000	0.073474000
0.550918000	0.073881000
0.550932000	0.073042000
0.550935000	0.073039000
0.550939000	0.072993000
0.550942000	0.061876000
0.550945000	0.061868000
0.550948000	0.061841000
0.550951000	0.061731000
0.550954000	0.061723000
0.550957000	0.061698000
0.550960000	0.061591000
0.550963000	0.061583000
0.550967000	0.061556000
0.552977000	0.063360000
0.552988000	0.063366000
0.553013000	0.063364000
0.562977000	0.034979000
0.565950000	0.033028000
0.565980000	0.033025000
0.565989000	0.033027000
0.567998000	0.032013000
0.568027000	0.032031000
0.572951000	0.033951000
0.572980000	0.033947000
0.587986000	0.038915000
0.588026000	0.038943000
0.592945000	0.043831000
0.593005000	0.043885000
0.593018000	0.043710000
0.593024000	0.043705000
0.593029000	0.043672000
0.593034000	0.043568000
0.597939000	0.048463000
0.597968000	0.048463000
0.600949000	0.051335000
0.600978000	0.051353000
0.600986000	0.051332000
0.601091000	0.051435000
0.601118000	0.051355000
0.601127000	0.051360000
0.601132000	0.051220000
0.601136000	0.051219000
0.601139000	0.051192000
0.601256000	0.051305000
0.601284000	0.051285000
0.601288000	0.051286000
0.601292000	0.051238000
0.601295000	0.051238000
0.601298000	0.051191000
0.601309000	0.051199000
0.601318000	0.051157000
0.601424000	0.051260000
0.602956000	0.052741000
0.602983000	0.052765000
0.602995000	0.052723000
0.603002000	0.052725000
0.603070000	0.052750000
0.607989000	0.057666000
0.608018000	0.057643000
0.613034000	0.062656000
0.613063000	0.062633000
0.613072000	0.062639000
0.613076000	0.062592000
0.613080000	0.062593000
0.613083000	0.062157000
0.615975000	0.065046000
0.616005000	0.065025000
0.616013000	0.065030000
0.616025000	0.064992000
0.616035000	0.064999000
0.616125000	0.065039000
0.616155000	0.065066000
0.616179000	0.065039000
0.616192000	0.065049000
0.616196000	0.065002000
0.616274000	0.065077000
0.616302000	0.065055000
0.616306000	0.065056000
0.616309000	0.065008000
0.616312000	0.065008000
0.616424000	0.065069000
0.616453000	0.065095000
0.616457000	0.065048000
0.616460000	0.065049000
0.616464000	0.065002000
0.616467000	0.065001000
0.616471000	0.064954000
0.616483000	0.064963000
0.616588000	0.065018000
0.616598000	0.065025000
0.616642000	0.065018000
0.618189000	0.066562000
0.618218000	0.066540000
0.621004000	0.069323000
0.621026000	0.069294000
0.621034000	0.069299000
0.621038000	0.069253000
0.621144000	0.069356000
0.621201000	0.069362000
0.621269000	0.069427000
0.621279000	0.069386000
0.621286000	0.069391000
0.621290000	0.069344000
0.621293000	0.069344000
0.621296000	0.069296000
0.622947000	0.070944000
0.622970000	0.070846000
0.622981000	0.070853000
0.622986000	0.070828000
0.623053000	0.070892000
0.671659000	0.043776000
0.671734000	0.038707000
0.675952000	0.032966000
0.675977000	0.032975000
0.676005000	0.032933000
0.677910000	0.031924000
0.677929000	0.031893000
0.680019000	0.033932000
0.680061000	0.033921000
0.697972000	0.046584000
0.698000000	0.046514000
0.699969000	0.048438000
0.699998000	0.048410000
0.700006000	0.048407000
0.700009000	0.048320000
0.700012000	0.048271000
0.701097000	0.049249000
0.701125000	0.049266000
0.701133000	0.049233000
0.701138000	0.049227000
0.701141000	0.049135000
0.701145000	0.049041000
0.701249000	0.049130000
0.701277000	0.049139000
0.701281000	0.048270000
0.701285000	0.048258000
0.702961000	0.046930000
0.707983000	0.051921000
0.708011000	0.051859000
0.710993000	0.054835000
0.712981000	0.056710000
0.713009000	0.056726000
0.713018000	0.056722000
0.715974000	0.059652000
0.716001000	0.058028000
0.716010000	0.053044000
0.716074000	0.052060000
0.716082000	0.052050000
0.716126000	0.052066000
0.716138000	0.052034000
0.716149000	0.051981000
0.716179000	0.051904000
0.716231000	0.051937000
0.716239000	0.048245000
0.716245000	0.046082000
0.716248000	0.045936000
0.716336000	0.046005000
0.716343000	0.045192000
0.716350000	0.045164000
0.716390000	0.045154000
0.716401000	0.045106000
0.716405000	0.045060000
0.716442000	0.045035000
0.716453000	0.045025000
0.716496000	0.044985000
0.716549000	0.045016000
0.716561000	0.044937000
0.716565000	0.044932000
0.716602000	0.044872000
0.716621000	0.044882000
0.716654000	0.040683000
0.716664000	0.040680000
0.716707000	0.040695000
0.716967000	0.039043000
0.717018000	0.039084000
0.717026000	0.036975000
0.717074000	0.037004000
0.740999000	0.043005000
0.741012000	0.043006000
0.741053000	0.041061000
0.741060000	0.041057000
0.741106000	0.041080000
0.741113000	0.041083000
0.741160000	0.041059000
0.742964000	0.041845000
0.742971000	0.041841000
0.747976000	0.046817000
0.748005000	0.046843000
0.748014000	0.046746000
0.748024000	0.046751000
0.748028000	0.046718000
0.750921000	0.049608000
0.750969000	0.049567000
0.750978000	0.049570000
0.751073000	0.048091000
0.758044000	0.050039000
0.758072000	0.050056000
0.758081000	0.047065000
0.758991000	0.045988000
0.759040000	0.046026000
0.759048000	0.046015000
0.759091000	0.043096000
0.759099000	0.043092000
0.762959000	0.046934000
0.763064000	0.046984000
0.765925000	0.049837000
0.765935000	0.049800000
0.767982000	0.051835000
0.768092000	0.051909000
0.768109000	0.051923000
0.768120000	0.051884000
0.768126000	0.051884000
0.768129000	0.051842000
0.770928000	0.054638000
0.770961000	0.054620000
0.770974000	0.054627000
0.771042000	0.054646000
0.771055000	0.054656000
0.771063000	0.054616000
0.772874000	0.056424000
0.772925000	0.056423000
0.772933000	0.056428000
0.775960000	0.059404000
0.775978000	0.059419000
0.776013000	0.059406000
0.776229000	0.059611000
0.776239000	0.059581000
0.776247000	0.059586000
0.776252000	0.059541000
0.776255000	0.059541000
0.776320000	0.059557000
0.776349000	0.059583000
0.776353000	0.059374000
0.776356000	0.059333000
0.776359000	0.059329000
0.776364000	0.059283000
0.789042000	0.048033000
0.789074000	0.048057000
0.792901000	0.051843000
0.792922000	0.051857000
0.792950000	0.051839000
0.796973000	0.055855000
0.797001000	0.055837000
0.797009000	0.054041000
0.797013000	0.054038000
0.797076000	0.049077000
0.797129000	0.049118000
0.797138000	0.048610000
0.797235000	0.048702000
0.797243000	0.048661000
0.797250000	0.046309000
0.797254000	0.046278000
0.797257000	0.046274000
0.797288000	0.046210000
0.797397000	0.039332000
0.797450000	0.039372000
0.797957000	0.039861000
0.797986000	0.038974000
0.799035000	0.039990000
0.799063000	0.040011000
0.799071000	0.039975000
0.799078000	0.039975000
0.810990000	0.048013000
0.811018000	0.047949000
0.811045000	0.045113000
0.811123000	0.045184000
0.811134000	0.043128000
0.811254000	0.043150000
0.811281000	0.043165000
0.811290000	0.043137000
0.811294000	0.043138000
0.811374000	0.043123000
0.811384000	0.040432000
0.811390000	0.040420000
0.811428000	0.040434000
0.811438000	0.040387000
0.811441000	0.040381000
0.812931000	0.041835000
0.812941000	0.040051000
0.815963000	0.043033000
0.815971000	0.043033000
0.816017000	0.040044000
0.816024000	0.040041000
0.816091000	0.040073000
0.816100000	0.039864000
0.816171000	0.039927000
0.816204000	0.039865000
0.816221000	0.039877000
0.849220000	0.060156000
0.849243000	0.060174000
0.849269000	0.060168000
0.849322000	0.060218000
0.849331000	0.060132000
0.849374000	0.060170000
0.849384000	0.060099000
0.850929000	0.061638000
0.850947000	0.061570000
0.850980000	0.061597000
0.856530000	0.063613000
0.856565000	0.063639000
0.856577000	0.063622000
0.856581000	0.059587000
0.856593000	0.059587000
0.856603000	0.059575000
0.856606000	0.059575000
0.856609000	0.059528000
0.856612000	0.059477000
0.856864000	0.059722000
0.856894000	0.059653000
0.856900000	0.059653000
0.856907000	0.059614000
0.856910000	0.059614000
0.857924000	0.060579000
0.857945000	0.060597000
0.860956000	0.063549000
0.860984000	0.063525000
0.860993000	0.063014000
0.861005000	0.063013000
0.861097000	0.062041000
0.861125000	0.062057000
0.863004000	0.063912000
0.863033000	0.063938000
0.871868000	0.060857000
0.871895000	0.060872000
0.871903000	0.060853000
0.871969000	0.060841000
0.871979000	0.060840000
0.872100000	0.060824000
0.949072000	0.137785000
0.949083000	0.076962000
0.953042000	0.077041000
0.953071000	0.077040000
0.953079000	0.076989000
0.955929000	0.079793000
0.955980000	0.079791000
0.955990000	0.079748000
0.956033000	0.079738000
0.966741000	0.059078000
0.966772000	0.059095000
0.966782000	0.059078000
0.966786000	0.059079000
0.966790000	0.058927000
0.967957000	0.048225000
0.967985000	0.048238000
0.972941000	0.053172000
0.972996000	0.053142000
0.973007000	0.051871000
0.973049000	0.051877000
0.973057000	0.051825000
0.973168000	0.047040000
0.973222000	0.041958000
0.973230000	0.041949000
0.973237000	0.035264000
0.973276000	0.032279000
0.975022000	0.031979000
0.982965000	0.034978000
0.982994000	0.033943000
0.987930000	0.038868000
0.987964000	0.038884000
0.990966000	0.041838000
0.990994000	0.037929000
0.992925000	0.039849000
0.992953000	0.039859000
0.994006000	0.038058000
0.994043000	0.038056000
0.994051000	0.038057000
0.994055000	0.038003000
1.008220000	0.041455000
1.008250000	0.041472000
1.012911000	0.046107000
1.012944000	0.046137000
1.013911000	0.047007000
1.013966000	0.045987000
1.013987000	0.045996000
1.022997000	0.050041000
1.023026000	0.050023000
1.027921000	0.054909000
1.027948000	0.054894000
1.030946000	0.057884000
1.030968000	0.057795000
1.030997000	0.057770000
1.031004000	0.057770000
1.031048000	0.057767000
1.031100000	0.057817000
1.031107000	0.056053000
1.031376000	0.048388000
1.031385000	0.048383000
1.031482000	0.043526000
1.032942000	0.044971000
1.032970000	0.044981000
1.033091000	0.042104000
1.034946000	0.043947000
1.035000000	0.042053000
1.035009000	0.042050000
1.035017000	0.040981000
1.035021000	0.040973000
1.035967000	0.041890000
1.035975000	0.041895000
1.042897000	0.034653000
1.042918000	0.034660000
1.047975000	0.035039000
1.048004000	0.035052000
1.049977000	0.036044000
1.050005000	0.036022000
1.052946000	0.029927000
1.060008000	0.032066000
1.067965000	0.037003000
1.067998000	0.036997000
1.069972000	0.038920000
1.070004000	0.038893000
1.070009000	0.038620000
1.072988000	0.040024000
1.073021000	0.040019000
1.116692000	0.081737000
1.117952000	0.082938000
1.121221000	0.086156000
1.122010000	0.086031000
1.125969000	0.083046000
1.126024000	0.078014000
1.180034000	0.053949000
1.180087000	0.053948000
1.180096000	0.053903000
1.180255000	0.053955000
1.180263000	0.053953000
1.182922000	0.056571000
1.182948000	0.056539000
1.185965000	0.059546000
1.185999000	0.059536000
1.210003000	0.057025000
1.210035000	0.047019000
1.212962000	0.041796000
1.212990000	0.041809000
1.217938000	0.046732000
1.217983000	0.045007000
1.220982000	0.040908000
1.221014000	0.040897000
1.221019000	0.040720000
1.222987000	0.040034000
1.223019000	0.037015000
1.242911000	0.032870000
1.247983000	0.034987000
1.252909000	0.034916000
1.252941000	0.031931000
1.257925000	0.036887000
1.257963000	0.036824000
1.262951000	0.039941000
1.262987000	0.039938000
1.277928000	0.034993000
1.279944000	0.031938000
1.287927000	0.034995000
1.287959000	0.034989000
1.290505000	0.032555000
1.290543000	0.032555000
1.290552000	0.032510000
1.297978000	0.034996000
1.298025000	0.035006000
1.312980000	0.035018000
1.317970000	0.037999000
1.322972000	0.035018000
1.323004000	0.035018000
1.332959000	0.042422000
1.332992000	0.042414000
1.338082000	0.047453000
1.338121000	0.040107000
1.339955000	0.041912000
1.347944000	0.034916000
1.349977000	0.031984000
1.357968000	0.034973000
1.357999000	0.034971000
1.368012000	0.035030000
1.368056000	0.035004000
1.372943000	0.034836000
1.372994000	0.034850000
1.374992000	0.036792000
1.375024000	0.035044000
1.383010000	0.035039000
1.383045000	0.033046000
1.392895000	0.034901000
1.392926000	0.034900000
1.417987000	0.049938000
1.418023000	0.049932000
1.419985000	0.047009000
1.420017000	0.047009000
1.420022000	0.045003000
1.420026000	0.044959000
1.420046000	0.037013000
1.422910000	0.039830000
1.432993000	0.040077000
1.433025000	0.040075000
1.452897000	0.034884000
1.452930000	0.034880000
1.457969000	0.037962000
1.458001000	0.037947000
1.460001000	0.039859000
1.460033000	0.039803000
1.460149000	0.039831000
1.460180000	0.039821000
1.460184000	0.037258000
1.477146000	0.044126000
1.477163000	0.044106000
1.488047000	0.035121000
1.488087000	0.035130000
1.489950000	0.031953000
1.489982000	0.031950000
1.497925000	0.037896000
1.497956000	0.037885000
1.499994000	0.039819000
1.500026000	0.039824000
1.500031000	0.039726000
1.556009000	0.095623000
1.556377000	0.079218000
1.556403000	0.079132000
1.556495000	0.068414000
1.556506000	0.068389000
1.556526000	0.066549000
1.556579000	0.066565000
1.556592000	0.058641000
1.556631000	0.058644000
1.556641000	0.056620000
1.556683000	0.056537000
1.556693000	0.056507000
1.590135000	0.089900000
1.600073000	0.043687000
1.606055000	0.049635000
1.606130000	0.049630000
1.606183000	0.049652000
1.607945000	0.051359000
1.609991000	0.053355000
1.610043000	0.053355000
1.611069000	0.054325000
1.611126000	0.054336000
1.611137000	0.054294000
1.612991000	0.056096000
1.616133000	0.059185000
1.639991000	0.039908000
1.673048000	0.066986000
1.676153000	0.070017000
1.676185000	0.069996000
1.676193000	0.068233000
1.679983000	0.069986000
1.680060000	0.070012000
1.684139000	0.073066000
1.688032000	0.076901000
1.688069000	0.076905000
1.688235000	0.075237000
1.688250000	0.075235000
1.688338000	0.072173000
1.697950000	0.057948000
1.717949000	0.044874000
1.720100000	0.043937000
1.720162000	0.043932000
1.722949000	0.046620000
1.730055000	0.050056000
1.733010000	0.052936000
1.740092000	0.055944000
1.746030000	0.057966000
1.746159000	0.058046000
1.746177000	0.057933000
1.746181000	0.057913000
1.747958000	0.059612000
1.759969000	0.062005000
1.794484000	0.076511000
1.794512000	0.074389000
1.794648000	0.074452000
1.806068000	0.083112000
1.806385000	0.076323000
1.806534000	0.073516000
1.811128000	0.071025000
1.811467000	0.065427000
1.811605000	0.065437000
1.811652000	0.065437000
1.811755000	0.065468000
1.817981000	0.069998000
1.827167000	0.067172000
1.834095000	0.073821000
1.862767000	0.068265000
1.862793000	0.068254000
1.862926000	0.068268000
1.862956000	0.056864000
1.863090000	0.056686000
1.863095000	0.056534000
1.863098000	0.051951000
1.863102000	0.051616000
1.863113000	0.051481000
1.863116000	0.051429000
1.863120000	0.051352000
1.863124000	0.045111000
1.863128000	0.035941000
1.867938000	0.033824000
1.897969000	0.035185000
1.898007000	0.035197000
1.902911000	0.039964000
1.902941000	0.039136000
1.905972000	0.042113000
1.906008000	0.042095000
1.906013000	0.042047000
1.907918000	0.043898000
1.907949000	0.043868000
1.911102000	0.046970000
1.911133000	0.046949000
1.911138000	0.046900000
1.911142000	0.046850000
1.911146000	0.043190000
1.911149000	0.043157000
1.932965000	0.034963000
1.933006000	0.034967000
1.935070000	0.032134000
1.937943000	0.034976000
1.942956000	0.036953000
1.942989000	0.036956000
1.947919000	0.041783000
1.947959000	0.040015000
1.950937000	0.042963000
1.958228000	0.047100000
1.958260000	0.047092000
1.959976000	0.048683000
1.960009000	0.048601000
1.960014000	0.048488000
1.960018000	0.048403000
1.968149000	0.035157000
1.968181000	0.035151000
1.970014000	0.034923000
1.970046000	0.032077000
1.977917000	0.034938000
1.977949000	0.034931000
1.982966000	0.035021000
1.982998000	0.035018000
1.984995000	0.034036000
1.992942000	0.034692000
1.992973000	0.034686000
1.995023000	0.035025000
1.995054000	0.034981000
1.995060000	0.034934000
1.995064000	0.034825000
2.002959000	0.034787000
2.002991000	0.034771000
2.005211000	0.036895000
2.005243000	0.035202000
2.005248000	0.035171000
2.012934000	0.034989000
2.012965000	0.034978000
2.017967000	0.034974000
2.018000000	0.034939000
2.020999000	0.035977000
2.027990000	0.035022000
2.028023000	0.035022000
2.037970000	0.042920000
2.038012000	0.042931000
2.042980000	0.047776000
2.043012000	0.047690000
2.044969000	0.041983000
2.045002000	0.041980000
2.045007000	0.039769000
2.045011000	0.039734000
2.045015000	0.039637000
2.047944000	0.034989000
2.047971000	0.034986000
2.052891000	0.034901000
2.052917000	0.034880000
2.054993000	0.033971000
2.062971000	0.034958000
2.063003000	0.034944000
2.072933000	0.034932000
2.072966000	0.034926000
2.074986000	0.031984000
2.075017000	0.031945000
2.078024000	0.033032000
2.082936000	0.037905000
2.082975000	0.037847000
2.085904000	0.040684000
2.085958000	0.040650000
2.087979000	0.042582000
2.088004000	0.040037000
2.089979000	0.041980000
2.090011000	0.037099000
2.090016000	0.037068000
2.090020000	0.034999000
2.097920000	0.034922000
2.097960000	0.034925000
2.107923000	0.034962000
2.107955000	0.034959000
2.112020000	0.037008000
2.112065000	0.037018000
2.112071000	0.034030000
2.117946000	0.034977000
2.117984000	0.034981000
2.122900000	0.036967000
2.122938000	0.036967000
2.124962000	0.036962000
2.124994000	0.036944000
2.132965000	0.042964000
2.132997000	0.042962000
2.135014000	0.044881000
2.135045000	0.044825000
2.135051000	0.037105000
2.135055000	0.037071000
2.142958000	0.035013000
2.142989000	0.035010000
2.144992000	0.032941000
2.148001000	0.035861000
2.148032000	0.035853000
2.161014000	0.043042000
2.161045000	0.043030000
2.161050000	0.038125000
2.161054000	0.038094000
2.162922000	0.037938000
2.162970000	0.037953000
2.169980000	0.036992000
2.170012000	0.036975000
2.170017000	0.036884000
2.170022000	0.034981000
2.170026000	0.034953000
2.170029000	0.034849000
2.172924000	0.037657000
2.177945000	0.034960000
2.177984000	0.034963000
2.180985000	0.035958000
2.181017000	0.032989000
2.181022000	0.032956000
2.203036000	0.041996000
2.206000000	0.044928000
2.206032000	0.044859000
2.206050000	0.044789000
2.206059000	0.043094000
2.206190000	0.043194000
2.206458000	0.036450000
2.207946000	0.037898000
2.207960000	0.037812000
2.210966000	0.040730000
2.210997000	0.040668000
2.211002000	0.040586000
2.211006000	0.038061000
2.211009000	0.033038000
2.217953000	0.039945000
2.217986000	0.036979000
2.221005000	0.039956000
2.221046000	0.039900000
2.248961000	0.045918000
2.249113000	0.043091000
2.249145000	0.043064000
2.249150000	0.042955000
2.249160000	0.042947000
2.249178000	0.042867000
2.253048000	0.046569000
2.255950000	0.047996000
2.255999000	0.047996000
2.256010000	0.047953000
2.256100000	0.045108000
2.256112000	0.045085000
2.256116000	0.044983000
2.256120000	0.044872000
2.256216000	0.044850000
2.257923000	0.039942000
2.257949000	0.039931000
2.262937000	0.041897000
2.262969000	0.041880000
2.285977000	0.036988000
2.286030000	0.036890000
2.287961000	0.038305000
2.297982000	0.048271000
2.302903000	0.053087000
2.302950000	0.053047000
2.305963000	0.052889000
2.306025000	0.050049000
2.306030000	0.050023000
2.306138000	0.050029000
2.306167000	0.049927000
2.306171000	0.049888000
2.306175000	0.049800000
2.306180000	0.049767000
2.306191000	0.049725000
2.306491000	0.048551000
2.306519000	0.048541000
2.306524000	0.043565000
2.306527000	0.043531000
2.346581000	0.060596000
2.358185000	0.072149000
2.358255000	0.070289000
2.361199000	0.063210000
2.361225000	0.058302000
2.367985000	0.065029000
2.372946000	0.066961000
2.372977000	0.066922000
2.375998000	0.069840000
2.376072000	0.069876000
2.376251000	0.069741000
2.376306000	0.069657000
2.376415000	0.069621000
2.449322000	0.142034000
2.462911000	0.116323000
2.472949000	0.111738000
2.479972000	0.037920000
2.479999000	0.037697000
2.480008000	0.037513000
2.480011000	0.037132000
2.480015000	0.037051000
2.480095000	0.032026000
2.487975000	0.038771000
2.488003000	0.038789000
2.489968000	0.040730000
2.489997000	0.040703000
2.490006000	0.040705000
2.490018000	0.040674000
2.490113000	0.040680000
2.492934000	0.043479000
2.492960000	0.043489000
2.496088000	0.046551000
2.517973000	0.044993000
2.522988000	0.042994000
2.523019000	0.042992000
2.526004000	0.045902000
2.526036000	0.038039000
2.527982000	0.037992000
2.528013000	0.037991000
2.532925000	0.042791000
2.562968000	0.070002000
2.567950000	0.071848000
2.567982000	0.049981000
2.570966000	0.047952000
2.570996000	0.047903000
2.571001000	0.044975000
2.572919000	0.046856000
2.572958000	0.044955000
2.577916000	0.049868000
2.577948000	0.045001000
2.598063000	0.035057000
2.599951000	0.031979000
2.599982000	0.031976000
2.602971000	0.031983000
2.607978000	0.036962000
2.608009000	0.036868000
2.612929000	0.041673000
2.612960000	0.040009000
2.615956000	0.042970000
2.615988000	0.038045000
2.617924000	0.039945000
2.632949000	0.034856000
2.632983000	0.033007000
2.634962000	0.034955000
2.634993000	0.031995000
2.642952000	0.034947000
2.642984000	0.034947000
2.644988000	0.032038000
2.645020000	0.032036000
2.647924000	0.031946000
2.652921000	0.036909000
2.652957000	0.035011000
2.667962000	0.034989000
2.667996000	0.034986000
2.670020000	0.035037000
2.670053000	0.035037000
2.677892000	0.034918000
2.677929000	0.034884000
2.680010000	0.036853000
2.680050000	0.035035000
2.680057000	0.035005000
2.680062000	0.032105000
2.687957000	0.035006000
2.687989000	0.034996000
2.702937000	0.034946000
2.702971000	0.034955000
2.704970000	0.034922000
2.705010000	0.034926000
2.713992000	0.036068000
2.714026000	0.036071000
2.722974000	0.042938000
2.723007000	0.042902000
2.727976000	0.047832000
2.728008000	0.047762000
2.729977000	0.041998000
2.730009000	0.041996000
2.740972000	0.038011000
2.741014000	0.038026000
2.742933000	0.037933000
2.742966000	0.037933000
2.751125000	0.037109000
2.752948000	0.038894000
2.757911000	0.034914000
2.757943000	0.034908000
2.762938000	0.034940000
2.762969000	0.034937000
2.767958000	0.039868000
2.767989000	0.037985000
2.768001000	0.037960000
2.772965000	0.031956000
2.772997000	0.031951000
2.777984000	0.035023000
2.778017000	0.035019000
2.783002000	0.031850000
2.787941000	0.034966000
2.799932000	0.041994000
2.799989000	0.042003000
2.800008000	0.037044000
2.802934000	0.039902000
2.802967000	0.034982000
2.804993000	0.036500000
2.805025000	0.036487000
2.805031000	0.032044000
2.805043000	0.032018000
2.812938000	0.034931000
2.812971000	0.034927000
2.832883000	0.049859000
2.844976000	0.057012000
2.856197000	0.056239000
2.856229000	0.056192000
2.856254000	0.056135000
2.856266000	0.053308000
2.856271000	0.053276000
2.859916000	0.054901000
2.859928000	0.054881000
2.859971000	0.054827000
2.859991000	0.054760000
2.860928000	0.055605000
2.861075000	0.048110000
2.861088000	0.048086000
2.867912000	0.034998000
2.877944000	0.032936000
2.893015000	0.036791000
2.893048000	0.036785000
2.894022000	0.037659000
2.894084000	0.037626000
2.897979000	0.041485000
2.910983000	0.051058000
2.911004000	0.051026000
2.911009000	0.050944000
2.911012000	0.050888000
2.911034000	0.050099000
2.911087000	0.050006000
2.911098000	0.049966000
2.915975000	0.048040000
2.915990000	0.038023000
2.926033000	0.032995000
2.926066000	0.032991000
2.927934000	0.033890000
2.927966000	0.033874000
2.932904000	0.034903000
2.957101000	0.046105000
2.967937000	0.056898000
2.967970000	0.056878000
2.971104000	0.059962000
2.971167000	0.059973000
2.971331000	0.060084000
2.971491000	0.060192000
2.971510000	0.060158000
2.971547000	0.055560000
2.971603000	0.055569000
2.985353000	0.059292000
2.985368000	0.059269000
2.986960000	0.059000000
2.986982000	0.058970000
2.987062000	0.054131000
2.997996000	0.040867000
3.002958000	0.034993000
3.002986000	0.034989000
3.007919000	0.036788000
3.011018000	0.039840000
3.011051000	0.039694000
3.017953000	0.046447000
3.017984000	0.046423000
3.020958000	0.049338000
3.021008000	0.049344000
3.030978000	0.045616000
3.031017000	0.045607000
3.031022000	0.044048000
3.031027000	0.044014000
3.032885000	0.045817000
3.076426000	0.078407000
3.096405000	0.093428000
3.096437000	0.093418000
3.096443000	0.088504000
3.096465000	0.085424000
3.096558000	0.085480000
3.096586000	0.078612000
3.096591000	0.078580000
3.096595000	0.075611000
3.096599000	0.075581000
3.096603000	0.075535000
3.122934000	0.091923000
3.132014000	0.100875000
3.132061000	0.100783000
3.132069000	0.100751000
3.132074000	0.099171000
3.174982000	0.098529000
3.189338000	0.092905000
3.189373000	0.092899000
3.189382000	0.092800000
3.190087000	0.067113000
3.190185000	0.067179000
3.190217000	0.067031000
3.190224000	0.066935000
3.190229000	0.066854000
3.190929000	0.067519000
3.190950000	0.067485000
3.190982000	0.067464000
3.192888000	0.060851000
3.192901000	0.060802000
3.195920000	0.063759000
3.195944000	0.063690000
3.207931000	0.032925000
3.228019000	0.038658000
3.228065000	0.038666000
3.233078000	0.043581000
3.233118000	0.043014000
3.234946000	0.044739000
3.234977000	0.044734000
3.234984000	0.044642000
3.234988000	0.044559000
3.235000000	0.044057000
3.235917000	0.044930000
3.235938000	0.044899000
3.235970000	0.044878000
3.235980000	0.043082000
3.237888000	0.044939000
3.237902000	0.041962000
3.240938000	0.044964000
3.240950000	0.032988000
3.262951000	0.034891000
3.262986000	0.034889000
3.264999000	0.031888000
3.268501000	0.035356000
3.272946000	0.037974000
3.275005000	0.039997000
3.275037000	0.039936000
3.275041000	0.039858000
3.275045000	0.039782000
3.278030000	0.042096000
3.278062000	0.042084000
3.282940000	0.046911000
3.294971000	0.058859000
3.295003000	0.057107000
3.295008000	0.057063000
3.295012000	0.054067000
3.295076000	0.054040000
3.297944000	0.034967000
3.302958000	0.039945000
3.302990000	0.037969000
3.305307000	0.036784000
3.305353000	0.032385000
3.307927000	0.032900000
3.307957000	0.032898000
3.312944000	0.037786000
3.312973000	0.037725000
3.317928000	0.039875000
3.317979000	0.039890000
3.322978000	0.040017000
3.323011000	0.040017000
3.328188000	0.033190000
3.328262000	0.033223000
3.332969000	0.037882000
3.333023000	0.037888000
3.333035000	0.037847000
3.333075000	0.035097000
3.338028000	0.035043000
3.338059000	0.035007000
3.342947000	0.037608000
3.342980000	0.037044000
3.344956000	0.037004000
3.344980000	0.036999000
3.345007000	0.032038000
3.345019000	0.032019000
3.352979000	0.035007000
3.353012000	0.035005000
3.357004000	0.033998000
3.357035000	0.033994000
3.386981000	0.058761000
3.387017000	0.058747000
3.387022000	0.054029000
3.387026000	0.053997000
3.387029000	0.053948000
3.387933000	0.054802000
3.387964000	0.049915000
3.392959000	0.054871000
3.392982000	0.050013000
3.397917000	0.054909000
3.397958000	0.052986000
3.397964000	0.052951000
3.408984000	0.063921000
3.409027000	0.063912000
3.409034000	0.056032000
3.409040000	0.056000000
3.409167000	0.052141000
3.409222000	0.052160000
3.409238000	0.052078000
3.427932000	0.040920000
3.433020000	0.045970000
3.433053000	0.045900000
3.436959000	0.049714000
3.436989000	0.049656000
3.436995000	0.049035000
3.436999000	0.049016000
3.437067000	0.044089000
3.438000000	0.044928000
3.438031000	0.040079000
3.440986000	0.042994000
3.441019000	0.042985000
3.447942000	0.038922000
3.447978000	0.038913000
3.452958000	0.043838000
3.452991000	0.043810000
3.454977000	0.045743000
3.455009000	0.045722000
3.455014000	0.045669000
3.474960000	0.047004000
3.475000000	0.041957000
3.475007000	0.041926000
3.475075000	0.038095000
3.477922000	0.040909000
3.477953000	0.040880000
3.483030000	0.045902000
3.483061000	0.045841000
3.485517000	0.047495000
3.485549000	0.047490000
3.485554000	0.044545000
3.485558000	0.044489000
3.491044000	0.043079000
3.491133000	0.043127000
3.491141000	0.038160000
3.491147000	0.038128000
3.492931000	0.037932000
3.493029000	0.038000000
3.498002000	0.042875000
3.507940000	0.032953000
3.507973000	0.032945000
3.512945000	0.037860000
3.512985000	0.037807000
3.513000000	0.037769000
3.517963000	0.040015000
3.517996000	0.039999000
3.522950000	0.039894000
3.522990000	0.039866000
3.523062000	0.037518000
3.523079000	0.037500000
3.523086000	0.037395000
3.527943000	0.042164000
3.534977000	0.043901000
3.535016000	0.043798000
3.535023000	0.043739000
3.535094000	0.043754000
3.538014000	0.045065000
3.543505000	0.050451000
3.543550000	0.045519000
3.582934000	0.074966000
3.582975000	0.074982000
3.587987000	0.075009000
3.588019000	0.074995000
3.591011000	0.077933000
3.591043000	0.073057000
3.591048000	0.073024000
3.591052000	0.068075000
3.591056000	0.068042000
3.591068000	0.067997000
3.591160000	0.068042000
3.591189000	0.068018000
3.591193000	0.063229000
3.591197000	0.056194000
3.591334000	0.056293000
3.592944000	0.057841000
3.592996000	0.057820000
3.599034000	0.061011000
3.599093000	0.055581000
3.599283000	0.055727000
3.612937000	0.029974000
3.617948000	0.034951000
3.637924000	0.049914000
3.637960000	0.049905000
3.641949000	0.050916000
3.641981000	0.050909000
3.641987000	0.050808000
3.641991000	0.050637000
3.641994000	0.050596000
3.642992000	0.051475000
3.643156000	0.051550000
3.647973000	0.056332000
3.647999000	0.056304000
3.648003000	0.056254000
3.649972000	0.058169000
3.649994000	0.058137000
3.650024000	0.057063000
3.650034000	0.057030000
3.650077000	0.051016000
3.650100000	0.050889000
3.650221000	0.050929000
3.663387000	0.050422000
3.663419000	0.045439000
3.672934000	0.034979000
3.672968000	0.034988000
3.682963000	0.040987000
3.682996000	0.040984000
3.685198000	0.043085000
3.685235000	0.043033000
3.685243000	0.042953000
3.685256000	0.042237000
3.685262000	0.042094000
3.692943000	0.044953000
3.694994000	0.046968000
3.695035000	0.046957000
3.695040000	0.045054000
3.695044000	0.045015000
3.697937000	0.047856000
3.697969000	0.047743000
3.704954000	0.054649000
3.705028000	0.054677000
3.707964000	0.057560000
3.729579000	0.066170000
3.729738000	0.066295000
3.729845000	0.056887000
3.729861000	0.056865000
3.729865000	0.046878000
3.729870000	0.046846000
3.732911000	0.047688000
3.732923000	0.047202000
3.734920000	0.049145000
3.735137000	0.049262000
3.735169000	0.049207000
3.735175000	0.042210000
3.735179000	0.042170000
3.735183000	0.040153000
3.735920000	0.040851000
3.735941000	0.040827000
3.735973000	0.040806000
3.735983000	0.038019000
3.737937000	0.039936000
3.742985000	0.038001000
3.743018000	0.037977000
3.745115000	0.037131000
3.775041000	0.045442000
3.775075000	0.045318000
3.775082000	0.045229000
3.775088000	0.045187000
3.775892000	0.045938000
3.777977000	0.047970000
3.778010000	0.045090000
3.780975000	0.048004000
3.781014000	0.046085000
3.781021000	0.045857000
3.781026000	0.045825000
3.781032000	0.045703000
3.781038000	0.045591000
3.781043000	0.045565000
3.781059000	0.045126000
3.781170000	0.045192000
3.781187000	0.045157000
3.781193000	0.045081000
3.781198000	0.043252000
3.781279000	0.038271000
3.781296000	0.038207000
3.785977000	0.040855000
3.817978000	0.042915000
3.818012000	0.042880000
3.821774000	0.046588000
3.821806000	0.046565000
3.821811000	0.045901000
3.823223000	0.045224000
3.823285000	0.045247000
3.827971000	0.046970000
3.828004000	0.046937000
3.830995000	0.049875000
3.831026000	0.049847000
3.831031000	0.049793000
3.831035000	0.049746000
3.831038000	0.049701000
3.832949000	0.051561000
3.832980000	0.051540000
3.835948000	0.054456000
3.835980000	0.054435000
3.837932000	0.056335000
3.840966000	0.059315000
3.840999000	0.059296000
3.841120000	0.059364000
3.847994000	0.062007000
3.863046000	0.045039000
3.868007000	0.049963000
3.868048000	0.046247000
3.869001000	0.047154000
3.869063000	0.047129000
3.869068000	0.045818000
3.869071000	0.045774000
3.872924000	0.044925000
3.872962000	0.044931000
3.875952000	0.044931000
3.875979000	0.044923000
3.875985000	0.044828000
3.875988000	0.044743000
3.876056000	0.044747000
3.876068000	0.043093000
3.876108000	0.043097000
3.876119000	0.040144000
3.876160000	0.040153000
3.876169000	0.038210000
3.877902000	0.036908000
3.877923000	0.036894000
3.881560000	0.040416000
3.881610000	0.033593000
3.911057000	0.048004000
3.911318000	0.043289000
3.911350000	0.043259000
3.911357000	0.042334000
3.912993000	0.043787000
3.913006000	0.043746000
3.917957000	0.048603000
3.917988000	0.045039000
3.920932000	0.047947000
3.920992000	0.045022000
3.928024000	0.052019000
3.928066000	0.052004000
3.931018000	0.054905000
3.931050000	0.054886000
3.931055000	0.054839000
3.931058000	0.054790000
3.931062000	0.054741000
3.933009000	0.056634000
3.933043000	0.056617000
3.935906000	0.057991000
3.937915000	0.059960000
3.937945000	0.059937000
3.941122000	0.059535000
3.941152000	0.059513000
3.956016000	0.044949000
3.956100000	0.044755000
3.961322000	0.049936000
3.961367000	0.049879000
3.961613000	0.048610000
3.961782000	0.048758000
3.961886000	0.043903000
3.961897000	0.043878000
3.962058000	0.041094000
3.962068000	0.041060000
3.962115000	0.034054000
3.962129000	0.033994000
3.964944000	0.033899000
3.967934000	0.036855000
3.967952000	0.036772000
3.972954000	0.041693000
3.972986000	0.041627000
3.975573000	0.042536000
3.975604000	0.042530000
3.975704000	0.039781000
3.975717000	0.037776000
3.975721000	0.037749000
3.977968000	0.036826000
3.977988000	0.036770000
3.995074000	0.039052000
4.002969000	0.046861000
4.005062000	0.043717000
4.005075000	0.043692000
4.005084000	0.043450000
4.007920000	0.046117000
4.007964000	0.046073000
4.013013000	0.051070000
4.014994000	0.052931000
4.015026000	0.052903000
4.015045000	0.052874000
4.015049000	0.052823000
4.017946000	0.052990000
4.017979000	0.050034000
4.023043000	0.055050000
4.023075000	0.050098000
4.025011000	0.051998000
4.025047000	0.049453000
4.025054000	0.049381000
4.025060000	0.049350000
4.025066000	0.049306000
4.025072000	0.049259000
4.027903000	0.052035000
4.027943000	0.049961000
4.031032000	0.053004000
4.037936000	0.042852000
4.045010000	0.042002000
4.047945000	0.042873000
4.047997000	0.042468000
4.052978000	0.047389000
4.054973000	0.047026000
4.055000000	0.047017000
4.055052000	0.042030000
4.057984000	0.042963000
4.057997000	0.042929000
4.062949000	0.047781000
4.062982000	0.047726000
4.085052000	0.067078000
4.085585000	0.067575000
4.085623000	0.062553000
4.085631000	0.062493000
4.085637000	0.060596000
4.085642000	0.060544000
4.087904000	0.062751000
4.087934000	0.062719000
4.093020000	0.067707000
4.093051000	0.067650000
4.093057000	0.065120000
4.094999000	0.067029000
4.095030000	0.063981000
4.102906000	0.064945000
4.108964000	0.063947000
4.109305000	0.061336000
4.112926000	0.064920000
4.112959000	0.059960000
4.114027000	0.059049000
4.114049000	0.059045000
4.114147000	0.059091000
4.117957000	0.059966000
4.117986000	0.059971000
4.122003000	0.059031000
4.122048000	0.059038000
4.122947000	0.037887000
4.122979000	0.037369000
4.124201000	0.038538000
4.124217000	0.038499000
4.124223000	0.038449000
4.124230000	0.038399000
4.124236000	0.036311000
4.127901000	0.039943000
4.137936000	0.044894000
4.137968000	0.044885000
4.143013000	0.049832000
4.143045000	0.048025000
4.144284000	0.049211000
4.144316000	0.049100000
4.164066000	0.061144000
4.172900000	0.063904000
4.172928000	0.063611000
4.177970000	0.065016000
4.177996000	0.065016000
4.182944000	0.068906000
4.182977000	0.068812000
4.191038000	0.073061000
4.191070000	0.073050000
4.191076000	0.072958000
4.191088000	0.069058000
4.191093000	0.069025000
4.191097000	0.068123000
4.191193000	0.068176000
4.191207000	0.066993000
4.191212000	0.066807000
4.191218000	0.066752000
4.191231000	0.066707000
4.191361000	0.066780000
4.191375000	0.063455000
4.191380000	0.053417000
4.191385000	0.053388000
4.191391000	0.048351000
4.191396000	0.048289000
4.191462000	0.047151000
4.191514000	0.047167000
4.197979000	0.033906000
4.207937000	0.035020000
4.222100000	0.049139000
4.232460000	0.054473000
4.232473000	0.054450000
4.232478000	0.049511000
4.232939000	0.049933000
4.238791000	0.047731000
4.242200000	0.051088000
4.242230000	0.051030000
4.242235000	0.050994000
4.242250000	0.050959000
4.242254000	0.050887000
4.242930000	0.051459000
4.242956000	0.051436000
4.243987000	0.052395000
4.243999000	0.052376000
4.244016000	0.052339000
4.244084000	0.052355000
4.247947000	0.056164000
4.247980000	0.056143000
4.252073000	0.060182000
4.252090000	0.060146000
4.252097000	0.060099000
4.252103000	0.059988000
4.252958000	0.060812000
4.252988000	0.060789000
4.257987000	0.059998000
4.260248000	0.052284000
4.260261000	0.038131000
4.267924000	0.035454000
4.267965000	0.035466000
4.272940000	0.040340000
4.273072000	0.040107000
4.292678000	0.053875000
4.297976000	0.055750000
4.301992000	0.059711000
4.302024000	0.059701000
4.302029000	0.059653000
4.302033000	0.059603000
4.302040000	0.059089000
4.302929000	0.059936000
4.302958000	0.058961000
4.307956000	0.063921000
4.307988000	0.063891000
4.312310000	0.068164000
4.312349000	0.064374000
4.312390000	0.064382000
4.312981000	0.060894000
4.313013000	0.060861000
4.315965000	0.063729000
4.318109000	0.065793000
4.322006000	0.069023000
4.322038000	0.069025000
4.322044000	0.064051000
4.322120000	0.061865000
4.322935000	0.062660000
4.330343000	0.062390000
4.332156000	0.064166000
4.332188000	0.059227000
4.332193000	0.059112000
4.332958000	0.040255000
4.338049000	0.040052000
4.342108000	0.040094000
4.342120000	0.040065000
4.343001000	0.040848000
4.348804000	0.046563000
4.348836000	0.046507000
4.352137000	0.049188000
4.352171000	0.049190000
4.352175000	0.044197000
4.352179000	0.044162000
4.357924000	0.045589000
4.357962000	0.045567000
4.362063000	0.049606000
4.362096000	0.049093000
4.362243000	0.049203000
4.362928000	0.046942000
4.362960000	0.044845000
4.367959000	0.045930000
4.371946000	0.049875000
4.372092000	0.049968000
4.372121000	0.049958000
4.372343000	0.049748000
4.372939000	0.049982000
4.381971000	0.051619000
4.382022000	0.049839000
4.382029000	0.049794000
4.382991000	0.050658000
4.392035000	0.059060000
4.395952000	0.057894000
4.396114000	0.053997000
4.397958000	0.055814000
4.397989000	0.054961000
4.402104000	0.053273000
4.402119000	0.053251000
4.402124000	0.049958000
4.402128000	0.049917000
4.402897000	0.050585000
4.402929000	0.050523000
4.404010000	0.046054000
4.404023000	0.046035000
4.404028000	0.041937000
4.404032000	0.041906000
4.407998000	0.045745000
4.408030000	0.045076000
4.409974000	0.046974000
4.410129000	0.042142000
4.410167000	0.038199000
4.410173000	0.038067000
4.410176000	0.038039000
4.417897000	0.045528000
4.422154000	0.049194000
4.424974000	0.042981000
4.428299000	0.046245000
4.428336000	0.046190000
4.432026000	0.049009000
4.447935000	0.055882000
4.452959000	0.056987000
4.452994000	0.056875000
4.456133000	0.058153000
4.457951000	0.059934000
4.457985000	0.055873000
4.463302000	0.061159000
4.463335000	0.061094000
4.467965000	0.065635000
4.468074000	0.065155000
4.470995000	0.068029000
4.471028000	0.067011000
4.471034000	0.066955000
4.471038000	0.066873000
4.471143000	0.066937000
4.471178000	0.063158000
4.471182000	0.063064000
4.471186000	0.061189000
4.471189000	0.061038000
4.471292000	0.061101000
4.471334000	0.061044000
4.471339000	0.060962000
4.471342000	0.053422000
4.471350000	0.053401000
4.471448000	0.049266000
4.471477000	0.046470000
4.471482000	0.043153000
4.471487000	0.043123000
4.473296000	0.041226000
4.482938000	0.034977000
4.485069000	0.032084000
4.485102000	0.032083000
4.487982000	0.031832000
4.492917000	0.034937000
4.492945000	0.034929000
4.497910000	0.034580000
4.497934000	0.034568000
4.503015000	0.035019000
4.503047000	0.034953000
4.513960000	0.042938000
4.513992000	0.042936000
4.513998000	0.042832000
4.514002000	0.042681000
4.514107000	0.042738000
4.514135000	0.042662000
4.514139000	0.040818000
4.515997000	0.042598000
4.516028000	0.042576000
4.517910000	0.044364000
4.517934000	0.044357000
4.523005000	0.049359000
4.525980000	0.052275000
4.526412000	0.052660000
4.526444000	0.052638000
4.526449000	0.052589000
4.527989000	0.054075000
4.528019000	0.054052000
4.532954000	0.058933000
4.532986000	0.050025000
4.534035000	0.048943000
4.534067000	0.048936000
4.534073000	0.046069000
4.534077000	0.041143000
4.534080000	0.041106000
4.534084000	0.036158000
4.537920000	0.039957000
4.537946000	0.034909000
4.541981000	0.038867000
4.557955000	0.043972000
4.557990000	0.043974000
4.563020000	0.048894000
4.563052000	0.048887000
4.563057000	0.048793000
4.563061000	0.048709000
4.563065000	0.048626000
4.566016000	0.049998000
4.566055000	0.049941000
4.592965000	0.075039000
4.593002000	0.075037000
4.594986000	0.071967000
4.595018000	0.069013000
4.595023000	0.068589000
4.595027000	0.068551000
4.595031000	0.068457000
4.598367000	0.070357000
4.598400000	0.070346000
4.602932000	0.069956000
4.602964000	0.069951000
4.605962000	0.072850000
4.605994000	0.071931000
4.605998000	0.071896000
4.606103000	0.071899000
4.606140000	0.071847000
4.606144000	0.071761000
4.606148000	0.071727000
4.606152000	0.068210000
4.606155000	0.068182000
4.606610000	0.064601000
4.606625000	0.048640000
4.606629000	0.048608000
4.606633000	0.043586000
4.606637000	0.043555000
4.606640000	0.043431000
4.606644000	0.043318000
4.606648000	0.043203000
4.606652000	0.040602000
4.607908000	0.041822000
4.627933000	0.034936000
4.627969000	0.034935000
4.637928000	0.042915000
4.637970000	0.042920000
4.640228000	0.045077000
4.640262000	0.045019000
4.640267000	0.044932000
4.640271000	0.041876000
4.640274000	0.041843000
4.642922000	0.039963000
4.642954000	0.039959000
4.653296000	0.047306000
4.653329000	0.047312000
4.657977000	0.051850000
4.658009000	0.051388000
4.660954000	0.054285000
4.660988000	0.054257000
4.663026000	0.056194000
4.663057000	0.056138000
4.664981000	0.058019000
4.665021000	0.058011000
4.665027000	0.057963000
4.665031000	0.057913000
4.665035000	0.057864000
4.667906000	0.060680000
4.667956000	0.060677000
4.667967000	0.060634000
4.669132000	0.061745000
4.669165000	0.061724000
4.669170000	0.061248000
4.672978000	0.045020000
4.673010000	0.045017000
4.677954000	0.039998000
4.677987000	0.039991000
4.679999000	0.039748000
4.680030000	0.039741000
4.680034000	0.039645000
4.680052000	0.039570000
4.683163000	0.042587000
4.687969000	0.045025000
4.687999000	0.045022000
4.688004000	0.034685000
4.689963000	0.036606000
4.689995000	0.031996000
4.690000000	0.031931000
4.692897000	0.031919000
4.698036000	0.037020000
4.698067000	0.035020000
4.699993000	0.036909000
4.700025000	0.035021000
4.700030000	0.034980000
4.700034000	0.034884000
4.700048000	0.034805000
4.702915000	0.037583000
4.702946000	0.035019000
4.707987000	0.040025000
4.708036000	0.040024000
4.709918000	0.040763000
4.709956000	0.040767000
4.709963000	0.040683000
4.709969000	0.040607000
4.710036000	0.037031000
4.712987000	0.039946000
4.713018000	0.035036000
4.717984000	0.039966000
4.720174000	0.040149000
4.720210000	0.040086000
4.720227000	0.040073000
4.720243000	0.040037000
4.720249000	0.037070000
4.730167000	0.042173000
4.732895000	0.044871000
4.732934000	0.044853000
4.737972000	0.047982000
4.738005000	0.047975000
4.739998000	0.049866000
4.740029000	0.047107000
4.740054000	0.041991000
4.740071000	0.041976000
4.740114000	0.040094000
4.740127000	0.040003000
4.742958000	0.042795000
4.742989000	0.042725000
4.746160000	0.045804000
4.746401000	0.043460000
4.746433000	0.043446000
4.756072000	0.048059000
4.756114000	0.048054000
4.756121000	0.046171000
4.756127000	0.046125000
4.756133000	0.046084000
4.756137000	0.046015000
4.756209000	0.046038000
4.756221000	0.043212000
4.756300000	0.043254000
4.756413000	0.038402000
4.756466000	0.036269000
4.758501000	0.038266000
4.770595000	0.040419000
4.770627000	0.040430000
4.770632000	0.040372000
4.770640000	0.040324000
4.770644000	0.037724000
4.773064000	0.040107000
4.777974000	0.039979000
4.778046000	0.040013000
4.778056000	0.038036000
4.782982000	0.042919000
4.783012000	0.042891000
4.786041000	0.045821000
4.786073000	0.045820000
4.786077000	0.045771000
4.786082000	0.043103000
4.786086000	0.043069000
4.787955000	0.041770000
4.787986000	0.041563000
4.792951000	0.046491000
4.792984000	0.036884000
4.796972000	0.040757000
4.797003000	0.040683000
4.797008000	0.040634000
4.797118000	0.040697000
4.797150000	0.040677000
4.797915000	0.041393000
4.802986000	0.046411000
4.803018000	0.046342000
4.806993000	0.050229000
4.807024000	0.050172000
4.807029000	0.050090000
4.807033000	0.048505000
4.819354000	0.048732000
4.822949000	0.052288000
4.822974000	0.052211000
4.825023000	0.054218000
4.825175000	0.054303000
4.825206000	0.052132000
4.832939000	0.054955000
4.832972000	0.054906000
4.837953000	0.059848000
4.841336000	0.058328000
4.841348000	0.058309000
4.841352000	0.055284000
4.841356000	0.055252000
4.841814000	0.055609000
4.841830000	0.055536000
4.841833000	0.055452000
4.841837000	0.053855000
4.842966000	0.054952000
4.842994000	0.050015000
4.848345000	0.055330000
4.848377000	0.051378000
4.848382000	0.051350000
4.848385000	0.051242000
4.848389000	0.051194000
4.849076000	0.051782000
4.849239000	0.051298000
4.849276000	0.046263000
4.849283000	0.046202000
4.849298000	0.042278000
4.849405000	0.042341000
4.849419000	0.042253000
4.849425000	0.042171000
4.863985000	0.044620000
4.870999000	0.048034000
4.871125000	0.048124000
4.872924000	0.047880000
4.872955000	0.047759000
4.877951000	0.052706000
4.878017000	0.045055000
4.878091000	0.045090000
4.878110000	0.040137000
4.887988000	0.046646000
4.888001000	0.046178000
4.888015000	0.045029000
4.892959000	0.049924000
4.892977000	0.049846000
4.895917000	0.052698000
4.896023000	0.052723000
4.896033000	0.052650000
4.896077000	0.052653000
4.896087000	0.052609000
4.896221000	0.047854000
4.896250000	0.047846000
4.896356000	0.047860000
4.898008000	0.049427000
4.898114000	0.049451000
4.898129000	0.049029000
4.898170000	0.048906000
4.898180000	0.048873000
4.903020000	0.053665000
4.903045000	0.053631000
4.903969000	0.054501000
4.904000000	0.054486000
4.904004000	0.054437000
4.908207000	0.058586000
4.923077000	0.059081000
4.924127000	0.053117000
4.924159000	0.053008000
4.924164000	0.051214000
4.924168000	0.051186000
4.927983000	0.050000000
4.928010000	0.049953000
4.928015000	0.049909000
4.932934000	0.054766000
4.941390000	0.053392000
4.941404000	0.053335000
4.941419000	0.053299000
4.947992000	0.055018000
4.948030000	0.055014000
4.948048000	0.052122000
4.948054000	0.052024000
4.948060000	0.051975000
4.948967000	0.052811000
4.952943000	0.056697000
4.952975000	0.056701000
4.955965000	0.059585000
4.955998000	0.059576000
4.956003000	0.057969000
4.956007000	0.057881000
4.956076000	0.057899000
4.956094000	0.057866000
4.956200000	0.057919000
4.956237000	0.053196000
4.956240000	0.053100000
4.956244000	0.052248000
4.956349000	0.052326000
4.956378000	0.052261000
4.956383000	0.048169000
4.981062000	0.057978000
4.981092000	0.056943000
4.981104000	0.056922000
4.997252000	0.072876000
4.997267000	0.072809000
5.008048000	0.080046000
5.008068000	0.079995000
5.008074000	0.079917000
5.011480000	0.078538000
5.011506000	0.070108000
5.011511000	0.070070000
5.020981000	0.079416000
5.026217000	0.078200000
5.026237000	0.078097000
5.026242000	0.078062000
5.026343000	0.078107000
5.026371000	0.078079000
5.026376000	0.077387000
5.026379000	0.073413000
5.026395000	0.073388000
5.028005000	0.072017000
5.028020000	0.071998000
5.028032000	0.071946000
5.038041000	0.081835000
5.038074000	0.081705000
5.038079000	0.081676000
5.038186000	0.081730000
5.038214000	0.081705000
5.042995000	0.086431000
5.043026000	0.086409000
5.045992000	0.089321000
5.046022000	0.089297000
5.046027000	0.089249000
5.047992000	0.091160000
5.106307000	0.125233000
5.106325000	0.125119000
5.106330000	0.125075000
5.129696000	0.132433000
5.129720000	0.132040000
5.146042000	0.137978000
5.146095000	0.137945000
5.146100000	0.137826000
5.146104000	0.134612000
5.146218000	0.134645000
5.147996000	0.136382000
5.212197000	0.191202000
5.212429000	0.186195000
5.212512000	0.186251000
5.212535000	0.186168000
5.212617000	0.184601000
5.212628000	0.184579000
5.212632000	0.184492000
5.212635000	0.184412000
5.212721000	0.184417000
5.212732000	0.184347000
5.212736000	0.184270000
5.212740000	0.184237000
5.212789000	0.174720000
5.212880000	0.174783000
5.212894000	0.174685000
5.212898000	0.174642000
5.212901000	0.174547000
5.212931000	0.169910000
5.212941000	0.169851000
5.212984000	0.166966000
5.212995000	0.166941000
5.213037000	0.166892000
5.213048000	0.165034000
5.221808000	0.115490000
5.221832000	0.115457000
5.221855000	0.115428000
5.221916000	0.092205000
5.221920000	0.092121000
5.221930000	0.075873000
5.221940000	0.075820000
5.221944000	0.075707000
5.221948000	0.075668000
5.222025000	0.075648000
5.222036000	0.074013000
5.242962000	0.094934000
5.247949000	0.035733000
5.252930000	0.040473000
5.252967000	0.040387000
5.254060000	0.041434000
5.254095000	0.041420000
5.254102000	0.041372000
5.254105000	0.041308000
5.273078000	0.060246000
5.273110000	0.060220000
5.273947000	0.061008000
5.273966000	0.060973000
5.274000000	0.060955000
5.274052000	0.060543000
5.278052000	0.064461000
5.278086000	0.064414000
5.282925000	0.069172000
5.282968000	0.069134000
5.283943000	0.070027000
5.283967000	0.069970000
5.283972000	0.069937000
5.284103000	0.070015000
5.284116000	0.069969000
5.287911000	0.073715000
5.287936000	0.066113000
5.292956000	0.071096000
5.292989000	0.071054000
5.297940000	0.075910000
5.297970000	0.075909000
5.299951000	0.077797000
5.299971000	0.077736000
5.300002000	0.077681000
5.300013000	0.077651000
5.300056000	0.077638000
5.300072000	0.077602000
5.300998000	0.058014000
5.301027000	0.053051000
5.301045000	0.048085000
5.303022000	0.050021000
5.303056000	0.048967000
5.303061000	0.048938000
5.308408000	0.054183000
5.308573000	0.054262000
5.308608000	0.035502000
5.308617000	0.035480000
5.310036000	0.036074000
5.310069000	0.036061000
5.310075000	0.036014000
5.310079000	0.035969000
5.310083000	0.032003000
5.312908000	0.034804000
5.322934000	0.039972000
5.322965000	0.039968000
5.327966000	0.044003000
5.327998000	0.043999000
5.329926000	0.045812000
5.329964000	0.045820000
5.329971000	0.045774000
5.330034000	0.042107000
5.330047000	0.042084000
5.338004000	0.045025000
5.340001000	0.046983000
5.340033000	0.042073000
5.340047000	0.042047000
5.340052000	0.040088000
5.340137000	0.040130000
5.342992000	0.042928000
5.343025000	0.042913000
5.348017000	0.047853000
5.348066000	0.047850000
5.350067000	0.049052000
5.352945000	0.051894000
5.352976000	0.051832000
5.358012000	0.054966000
5.358045000	0.054925000
5.361099000	0.057867000
5.361130000	0.052699000
5.361136000	0.052541000
5.361140000	0.052508000
5.361143000	0.052412000
5.361147000	0.051088000
5.361151000	0.051053000
5.361163000	0.050968000
5.361285000	0.051001000
5.361313000	0.050989000
5.362995000	0.050073000
5.363016000	0.040061000
5.363021000	0.040033000
5.367997000	0.040009000
5.368029000	0.040008000
5.368958000	0.039010000
5.369968000	0.039982000
5.369999000	0.039958000
5.370004000	0.039914000
5.370017000	0.039876000
5.370028000	0.039833000
5.373050000	0.035019000
5.377927000	0.037899000
5.377965000	0.037818000
5.379903000	0.039717000
5.417927000	0.077682000
5.417961000	0.077623000
5.420030000	0.077010000
5.420073000	0.077017000
5.420079000	0.072019000
5.420084000	0.071985000
5.420111000	0.070018000
5.422994000	0.070023000
5.423034000	0.070026000
5.428141000	0.070101000
5.428179000	0.070103000
5.429970000	0.068845000
5.430002000	0.068832000
5.430007000	0.068698000
5.430019000	0.068632000
5.430031000	0.068532000
5.432974000	0.071357000
5.433008000	0.071273000
5.437941000	0.076091000
5.437978000	0.076097000
5.452963000	0.091029000
5.452997000	0.089985000
5.457989000	0.094935000
5.458022000	0.094914000
5.459942000	0.091918000
5.459973000	0.091863000
5.459992000	0.091007000
5.460003000	0.090008000
5.460103000	0.090078000
5.462905000	0.092786000
5.462955000	0.092755000
5.462972000	0.092716000
5.465987000	0.092916000
5.466160000	0.088208000
5.466178000	0.088190000
5.466184000	0.086264000
5.466187000	0.048236000
5.466191000	0.048213000
5.466265000	0.046202000
5.466275000	0.046158000
5.466319000	0.046114000
5.466329000	0.046043000
5.467920000	0.047553000
5.467938000	0.044922000
5.469941000	0.046891000
5.469957000	0.041793000
5.469996000	0.041789000
5.470049000	0.040057000
5.470059000	0.040035000
5.472961000	0.042839000
5.472992000	0.042780000
5.480018000	0.049719000
5.480062000	0.047063000
5.480073000	0.047004000
5.482996000	0.045031000
5.483028000	0.045024000
5.488001000	0.035014000
5.492961000	0.039935000
5.492993000	0.034982000
5.497933000	0.039884000
5.497965000	0.038002000
5.500012000	0.040014000
5.500055000	0.039943000
5.500063000	0.039868000
5.502952000	0.042670000
5.502984000	0.040056000
5.507974000	0.045010000
5.508013000	0.044999000
5.509980000	0.046913000
5.510012000	0.044001000
5.510017000	0.043842000
5.510020000	0.043797000
5.512977000	0.046704000
5.513008000	0.046682000
5.517969000	0.051591000
5.518001000	0.051569000
5.520027000	0.053539000
5.520076000	0.053536000
5.520083000	0.053489000
5.520089000	0.052160000
5.520170000	0.051715000
5.526034000	0.056081000
5.526066000	0.056063000
5.526179000	0.056123000
5.530060000	0.059951000
5.530072000	0.059910000
5.530152000	0.057166000
5.530163000	0.057131000
5.532944000	0.052888000
5.532966000	0.052855000
5.537959000	0.057756000
5.537991000	0.054968000
5.539956000	0.056888000
5.539988000	0.051960000
5.539993000	0.047005000
5.540006000	0.046978000
5.540016000	0.042056000
5.542880000	0.044884000
5.542918000	0.042869000
5.547940000	0.047811000
5.547967000	0.047799000
5.550075000	0.047096000
5.550107000	0.047102000
5.550112000	0.042106000
5.550116000	0.042066000
5.550120000	0.040113000
5.552932000	0.042894000
5.557919000	0.047779000
5.557933000	0.047706000
5.577970000	0.064971000
5.588026000	0.074991000
5.588083000	0.070092000
5.588088000	0.070058000
5.588092000	0.068030000
5.588189000	0.068013000
5.588200000	0.067982000
5.588288000	0.067970000
5.588316000	0.067905000
5.588321000	0.062265000
5.588324000	0.062230000
5.588328000	0.062128000
5.588461000	0.058395000
5.588491000	0.058390000
5.588495000	0.058338000
5.597132000	0.066924000
5.598014000	0.065056000
5.598045000	0.065000000
5.599967000	0.061986000
5.599987000	0.061969000
5.600021000	0.060043000
5.600031000	0.060021000
5.600074000	0.059968000
5.600084000	0.059888000
5.602921000	0.062644000
5.602971000	0.060066000
5.604976000	0.062036000
5.607984000	0.060026000
5.608017000	0.060023000
5.610016000	0.059919000
5.610049000	0.059914000
5.610166000	0.059912000
5.610198000	0.059821000
5.610203000	0.059705000
5.610207000	0.057256000
5.612993000	0.055066000
5.651945000	0.093928000
5.651994000	0.093937000
5.658036000	0.080039000
5.659977000	0.071900000
5.660008000	0.071877000
5.660027000	0.071829000
5.660051000	0.071739000
5.660075000	0.071589000
5.660080000	0.071555000
5.660144000	0.071519000
5.660156000	0.071444000
5.660198000	0.071399000
5.660250000	0.071413000
5.660261000	0.071370000
5.660264000	0.071319000
5.660268000	0.071270000
5.660271000	0.071219000
5.692016000	0.094857000
5.695964000	0.097923000
5.696008000	0.097898000
5.700251000	0.100268000
5.700265000	0.100237000
5.700269000	0.100188000
5.700273000	0.100141000
5.700396000	0.100210000
5.700425000	0.100179000
5.700430000	0.097489000
5.700441000	0.097460000
5.700453000	0.095461000
5.700536000	0.092524000
5.700563000	0.092508000
5.700568000	0.090524000
5.700572000	0.090491000
5.700576000	0.090383000
5.700579000	0.090352000
5.701975000	0.091648000
5.702004000	0.091590000
5.702008000	0.088988000
5.702013000	0.050025000
5.702120000	0.050098000
5.707925000	0.049867000
5.707955000	0.047957000
5.712895000	0.052862000
5.712920000	0.052769000
5.715953000	0.055750000
5.715972000	0.055716000
5.716006000	0.055700000
5.716015000	0.055656000
5.716069000	0.055657000
5.716081000	0.055617000
5.716162000	0.055645000
5.716191000	0.055622000
5.716202000	0.055580000
5.717902000	0.057227000
5.717955000	0.057227000
5.727908000	0.035857000
5.737973000	0.041975000
5.738971000	0.042939000
5.739003000	0.038744000
5.739009000	0.038703000
5.739020000	0.038604000
5.747899000	0.047451000
5.747933000	0.047379000
5.749010000	0.047015000
5.749064000	0.047037000
5.749081000	0.046942000
5.757937000	0.049992000
5.762962000	0.054981000
5.765101000	0.057070000
5.765116000	0.056973000
5.765121000	0.056944000
5.765133000	0.056862000
5.765973000	0.057661000
5.766006000	0.057641000
5.766011000	0.057592000
5.766015000	0.057543000
5.766121000	0.057594000
5.767914000	0.059333000
5.767938000	0.059304000
5.772979000	0.064291000
5.773012000	0.064270000
5.773018000	0.060102000
5.773117000	0.060164000
5.773147000	0.057178000
5.773152000	0.057139000
5.773156000	0.057077000
5.773159000	0.056973000
5.773163000	0.055249000
5.773259000	0.055296000
5.774952000	0.056938000
5.774980000	0.056913000
5.775006000	0.056885000
5.775022000	0.056848000
5.775060000	0.056831000
5.777969000	0.050038000
5.777992000	0.039990000
5.782962000	0.043964000
5.782995000	0.043966000
5.783000000	0.043866000
5.784957000	0.045736000
5.811846000	0.063919000
5.815005000	0.067040000
5.817920000	0.068889000
5.817933000	0.068856000
5.818009000	0.068880000
5.825034000	0.067070000
5.826065000	0.063076000
5.826333000	0.061221000
5.826365000	0.061105000
5.826375000	0.061031000
5.826379000	0.060941000
5.826383000	0.060382000
5.826483000	0.060451000
5.826511000	0.060367000
5.826516000	0.060330000
5.826527000	0.060291000
5.827901000	0.059967000
5.832892000	0.064920000
5.835054000	0.062047000
5.835069000	0.062033000
5.835914000	0.062771000
5.835934000	0.062650000
5.835966000	0.062640000
5.838039000	0.064665000
5.838067000	0.064638000
5.838073000	0.064591000
5.843038000	0.069503000
5.843069000	0.069479000
5.843075000	0.068105000
5.843079000	0.068065000
5.843083000	0.068015000
5.843086000	0.067967000
5.843100000	0.067928000
5.843185000	0.065202000
5.843213000	0.065146000
5.843217000	0.060232000
5.843222000	0.060206000
5.843232000	0.060117000
5.843372000	0.058393000
5.866047000	0.054179000
5.881419000	0.066405000
5.903072000	0.085145000
5.903138000	0.085110000
5.903254000	0.085183000
5.911344000	0.086287000
5.911381000	0.085294000
5.911689000	0.085333000
5.911715000	0.085317000
5.911722000	0.085220000
5.911729000	0.085197000
5.912062000	0.085437000
5.912083000	0.085399000
5.912111000	0.085352000
5.912127000	0.085317000
5.912132000	0.085268000
5.912138000	0.084228000
5.912217000	0.079318000
5.912274000	0.077211000
5.912330000	0.077246000
5.912553000	0.076626000
5.912571000	0.076600000
5.912607000	0.076584000
5.912715000	0.074657000
5.912732000	0.074634000
5.912738000	0.074589000
5.912743000	0.069683000
5.912989000	0.069884000
5.913010000	0.069807000
5.913017000	0.069780000
5.913022000	0.069715000
5.913028000	0.069649000
5.913046000	0.069619000
5.913100000	0.069620000
5.913116000	0.069582000
5.913182000	0.069594000
5.913197000	0.069556000
5.986632000	0.142988000
5.986640000	0.071631000
5.994318000	0.067782000
5.994758000	0.060389000
5.994786000	0.059604000
5.994795000	0.059505000
5.995533000	0.054456000
5.995757000	0.044761000
5.995769000	0.044757000
5.995810000	0.044777000
5.995818000	0.042792000
5.995824000	0.039762000
5.997979000	0.041897000
5.997987000	0.039963000
6.000925000	0.039191000
6.000963000	0.038062000
6.004959000	0.033537000
6.004989000	0.031946000
6.012954000	0.033827000
6.014950000	0.035678000
6.014982000	0.035667000
6.014999000	0.035558000
6.015010000	0.032022000
6.015052000	0.032028000
6.017962000	0.031650000
6.022895000	0.036279000
6.022926000	0.035786000
6.027952000	0.040771000
6.031261000	0.036919000
6.031293000	0.036501000
6.032967000	0.037413000
6.034948000	0.039175000
6.034999000	0.039177000
6.063256000	0.065272000
6.063557000	0.062599000
6.063609000	0.062615000
6.063662000	0.058677000
6.063674000	0.058658000
6.063714000	0.050733000
6.063725000	0.048747000
6.063767000	0.048759000
6.063778000	0.048718000
6.063820000	0.048711000
6.063830000	0.048667000
6.063872000	0.045882000
6.063883000	0.040962000
6.063929000	0.040977000
6.063942000	0.035963000
6.064950000	0.033666000
6.064969000	0.033648000
6.067974000	0.034983000
6.076067000	0.041104000
6.076123000	0.041119000
6.097924000	0.034646000
6.097956000	0.034389000
6.103017000	0.039400000
6.103050000	0.039381000
6.103055000	0.039336000
6.103058000	0.039285000
6.103062000	0.039237000
6.107968000	0.044091000
6.108000000	0.044063000
6.112965000	0.048979000
6.112998000	0.048949000
6.117911000	0.053804000
6.117941000	0.053739000
6.122957000	0.058714000
6.122989000	0.058692000
6.124948000	0.059986000
6.124985000	0.059979000
6.124990000	0.059924000
6.124996000	0.057005000
6.125008000	0.048913000
6.125018000	0.048874000
6.132961000	0.035010000
6.132992000	0.035014000
6.137980000	0.034935000
6.138018000	0.034937000
6.142932000	0.039749000
6.142965000	0.039695000
6.144969000	0.041611000
6.145002000	0.037007000
6.145010000	0.036985000
6.145013000	0.032021000
6.145017000	0.031988000
6.153056000	0.035120000
6.153093000	0.035125000
6.157940000	0.034956000
6.157973000	0.034952000
6.167914000	0.042935000
6.167947000	0.042932000
6.169939000	0.044830000
6.169970000	0.044774000
6.169975000	0.044691000
6.169981000	0.044615000
6.170085000	0.037102000
6.172874000	0.039842000
6.172922000	0.034917000
6.177967000	0.039925000
6.178000000	0.035044000
6.179996000	0.037003000
6.180028000	0.035036000
6.180033000	0.034993000
6.180047000	0.034963000
6.180053000	0.034917000
6.180059000	0.034870000
6.187924000	0.034844000
6.187962000	0.034845000
6.193131000	0.035168000
6.193162000	0.035160000
6.202984000	0.035047000
6.203027000	0.035056000
6.204956000	0.034996000
6.204987000	0.034991000
6.204993000	0.034888000
6.204997000	0.034849000
6.205000000	0.034754000
6.208004000	0.037719000
6.208035000	0.035128000
6.212884000	0.039949000
6.212920000	0.034925000
6.212937000	0.034906000
6.215035000	0.035012000
6.215067000	0.034939000
6.215073000	0.034906000
6.215077000	0.034809000
6.215081000	0.034726000
6.217930000	0.037483000
6.222935000	0.034980000
6.222967000	0.034977000
6.228160000	0.035002000
6.228195000	0.035000000
6.245957000	0.042935000
6.245996000	0.042941000
6.246069000	0.041086000
6.246086000	0.041068000
6.246092000	0.040974000
6.246097000	0.040887000
6.246103000	0.040806000
6.246110000	0.038085000
6.246116000	0.038044000
6.247953000	0.035045000
6.247975000	0.035031000
6.266963000	0.053967000
6.267969000	0.052912000
6.268001000	0.052905000
6.272944000	0.057751000
6.272982000	0.057701000
6.274927000	0.059559000
6.274952000	0.057000000
6.274958000	0.052001000
6.274979000	0.051984000
6.275032000	0.046847000
6.275088000	0.046864000
6.283013000	0.037030000
6.283045000	0.037028000
6.287924000	0.041845000
6.287962000	0.041829000
6.291048000	0.044856000
6.291079000	0.044832000
6.291084000	0.044781000
6.291090000	0.044730000
6.291102000	0.044688000
6.291105000	0.044637000
6.291109000	0.043138000
6.291549000	0.043538000
6.299907000	0.032915000
6.299942000	0.031946000
6.302972000	0.034943000
6.304059000	0.031083000
6.304101000	0.031090000
6.307900000	0.032953000
6.307931000	0.032939000
6.313315000	0.038272000
6.315009000	0.039909000
6.315041000	0.039895000
6.315047000	0.039848000
6.315050000	0.032010000
6.315054000	0.031978000
6.317931000	0.029975000
6.322980000	0.034985000
6.323014000	0.031939000
6.325072000	0.033513000
6.325104000	0.033468000
6.325109000	0.033428000
6.335003000	0.043269000
6.335036000	0.043249000
6.335042000	0.043203000
6.335047000	0.043155000
6.352152000	0.052221000
6.352183000	0.052213000
6.352189000	0.049195000
6.352193000	0.048106000
6.352197000	0.048033000
6.352200000	0.044279000
6.352204000	0.044250000
6.352208000	0.038871000
6.352220000	0.037189000
6.352919000	0.037848000
6.352939000	0.037800000
6.357995000	0.042800000
6.358022000	0.042771000
6.359926000	0.041969000
6.359964000	0.036960000
6.359971000	0.036928000
6.366022000	0.040928000
6.366054000	0.040926000
6.366060000	0.040835000
6.366063000	0.040795000
6.377934000	0.042903000
6.382968000	0.047903000
6.383001000	0.047835000
6.383007000	0.047753000
6.391739000	0.039561000
6.391771000	0.039544000
6.393009000	0.040681000
6.393041000	0.040620000
6.394015000	0.041504000
6.394047000	0.041445000
6.394055000	0.041365000
6.394159000	0.041381000
6.394208000	0.041393000
6.394220000	0.041285000
6.397940000	0.044962000
6.400934000	0.042917000
6.400971000	0.042909000
6.400981000	0.041023000
6.402931000	0.042936000
6.402962000	0.042901000
6.404976000	0.038927000
6.405008000	0.038927000
6.405014000	0.038827000
6.405018000	0.038791000
6.412913000	0.034952000
6.416105000	0.033115000
6.416143000	0.033122000
6.416148000	0.033026000
6.431115000	0.039354000
6.431147000	0.039352000
6.435959000	0.042928000
6.435991000	0.042922000
6.446038000	0.052001000
6.446153000	0.052085000
6.446333000	0.052155000
6.447980000	0.053766000
6.452898000	0.058628000
6.452911000	0.058594000
6.454116000	0.056155000
6.454147000	0.053188000
6.454153000	0.053154000
6.454260000	0.053161000
6.454288000	0.051336000
6.454292000	0.051307000
6.454296000	0.049298000
6.454299000	0.049267000
6.454303000	0.049173000
6.454400000	0.049182000
6.454428000	0.049118000
6.454433000	0.041489000
6.454946000	0.038809000
6.454967000	0.038800000
6.454974000	0.038704000
6.481133000	0.049991000
6.481166000	0.049988000
6.482920000	0.046933000
6.488948000	0.052929000
6.489227000	0.043158000
6.489259000	0.043089000
6.489265000	0.042905000
6.489269000	0.041278000
6.497279000	0.044371000
6.497311000	0.044309000
6.497316000	0.043174000
6.497320000	0.043141000
6.497323000	0.043039000
6.497335000	0.042911000
6.497986000	0.043524000
6.498048000	0.043535000
6.498062000	0.043495000
6.498067000	0.043433000
6.498071000	0.043391000
6.498074000	0.043339000
6.503012000	0.048223000
6.503033000	0.048189000
6.504964000	0.050005000
6.505003000	0.049999000
6.505010000	0.049949000
6.527935000	0.046779000
6.530954000	0.049759000
6.538037000	0.055092000
6.540365000	0.051398000
6.540397000	0.051148000
6.540403000	0.051119000
6.540406000	0.051021000
6.540410000	0.050933000
6.540977000	0.043676000
6.541188000	0.043848000
6.541200000	0.043764000
6.541244000	0.043719000
6.541254000	0.043638000
6.543016000	0.045307000
6.547932000	0.049924000
6.547957000	0.049901000
6.550986000	0.052884000
6.551018000	0.052863000
6.551023000	0.052815000
6.551027000	0.052765000
6.567070000	0.064043000
6.567095000	0.064028000
6.567118000	0.063998000
6.567171000	0.062174000
6.567381000	0.062346000
6.567392000	0.062301000
6.578015000	0.050060000
6.578046000	0.047082000
6.581004000	0.042940000
6.591263000	0.050870000
6.591298000	0.050870000
6.598134000	0.057605000
6.598177000	0.057556000
6.600990000	0.060274000
6.601031000	0.060037000
6.601039000	0.059842000
6.601044000	0.059793000
6.601050000	0.059748000
6.602891000	0.061535000
6.621494000	0.078468000
6.621809000	0.073856000
6.621841000	0.073851000
6.621849000	0.070836000
6.621854000	0.070808000
6.621858000	0.070711000
6.621864000	0.070630000
6.684764000	0.117673000
6.684886000	0.117760000
6.744386000	0.122497000
6.773038000	0.036624000
6.773067000	0.035124000
6.777916000	0.033689000
6.783230000	0.038983000
6.783258000	0.038986000
6.783267000	0.038887000
6.785216000	0.040804000
6.785245000	0.040808000
6.785259000	0.040707000
6.785263000	0.040700000
6.785267000	0.037317000
6.785888000	0.036921000
6.787902000	0.034938000
6.792915000	0.034937000
6.795133000	0.037144000
6.802945000	0.039880000
6.802988000	0.036871000
6.804943000	0.031932000
6.807987000	0.034927000
6.808023000	0.034919000
6.812954000	0.039708000
6.812992000	0.035056000
6.817965000	0.034701000
6.819985000	0.034747000
6.820017000	0.034736000
6.820023000	0.034643000
6.820035000	0.032113000
6.827896000	0.032741000
6.837950000	0.034967000
6.837989000	0.034968000
6.839945000	0.034975000
6.839976000	0.031958000
6.839983000	0.031912000
6.847916000	0.034930000
6.847953000	0.034921000
6.852921000	0.034934000
6.855019000	0.035011000
6.862910000	0.042861000
6.862940000	0.042824000
6.864959000	0.044799000
6.867903000	0.039987000
6.872898000	0.034922000
6.872958000	0.034944000
6.878033000	0.038067000
6.878065000	0.038067000
6.882935000	0.042826000
6.882971000	0.035030000
6.887997000	0.040022000
6.888029000	0.040001000
6.889969000	0.037020000
6.890001000	0.034955000
6.897940000	0.035004000
6.900951000	0.037984000
6.900983000	0.035996000
6.900988000	0.033058000
6.908004000	0.035074000
6.912911000	0.039939000
6.912950000	0.034890000
6.912959000	0.034863000
6.915109000	0.032144000
6.915140000	0.032129000
6.927945000	0.039920000
6.927978000	0.039868000
6.932947000	0.042956000
6.934945000	0.044916000
6.934977000	0.037012000
6.934982000	0.034009000
6.934994000	0.033983000
6.935005000	0.033950000
6.942975000	0.034939000
6.947953000	0.035017000
6.947999000	0.035018000
6.952951000	0.039917000
6.955965000	0.040835000
6.956008000	0.040828000
6.962999000	0.035031000
6.966012000	0.038010000
6.966044000	0.037970000
6.972947000	0.039963000
6.972979000	0.038007000
6.976028000	0.041026000
6.976072000	0.040969000
6.976078000	0.040893000
6.976082000	0.040809000
6.977922000	0.034920000
6.982926000	0.034933000
6.982965000	0.034937000
6.986000000	0.033019000
6.995997000	0.039994000
6.996029000	0.040001000
6.996106000	0.033078000
7.002915000	0.036876000
7.002947000	0.036840000
7.005936000	0.032966000
7.005968000	0.032961000
7.007922000	0.031860000
7.012985000	0.036879000
7.017896000	0.041729000
7.017926000	0.041660000
7.020905000	0.042961000
7.023105000	0.040154000
7.023136000	0.040148000
7.023142000	0.037120000
7.028124000	0.032104000
7.032946000	0.036833000
7.032979000	0.036825000
7.037933000	0.034996000
7.037971000	0.034996000
7.042978000	0.039905000
7.043010000	0.037047000
7.045816000	0.039816000
7.045848000	0.037899000
7.045865000	0.032854000
7.052998000	0.035076000
7.053030000	0.035077000
7.057025000	0.036100000
7.057058000	0.033927000
7.057063000	0.033897000
7.057067000	0.033772000
7.062920000	0.034764000
7.078047000	0.045073000
7.078080000	0.045071000
7.078085000	0.040126000
7.080020000	0.042031000
7.080065000	0.037059000
7.080076000	0.037023000
7.080082000	0.034244000
7.080088000	0.034218000
7.080094000	0.034125000
7.087924000	0.034903000
7.087951000	0.034903000
7.089939000	0.032891000
7.089963000	0.032882000
7.089990000	0.032771000
7.090000000	0.032694000
7.097944000	0.035003000
7.116017000	0.037948000
7.118007000	0.039908000
7.118039000	0.039842000
7.118044000	0.037993000
7.120973000	0.040810000
7.121005000	0.040801000
7.122883000	0.042581000
7.122916000	0.042532000
7.124954000	0.044478000
7.124986000	0.044469000
7.124991000	0.037044000
7.125096000	0.037116000
7.125124000	0.035165000
7.127957000	0.037959000
7.127990000	0.037943000
7.127995000	0.037896000
7.132927000	0.034955000
7.165986000	0.049959000
7.165999000	0.047965000
7.166006000	0.047944000
7.166113000	0.047946000
7.166140000	0.045140000
7.166145000	0.045116000
7.166148000	0.043237000
7.166152000	0.043209000
7.166273000	0.041297000
7.166302000	0.041296000
7.166306000	0.041191000
7.166310000	0.041157000
7.166314000	0.041062000
7.167922000	0.039942000
7.167974000	0.039965000
7.169952000	0.041867000
7.169977000	0.037025000
7.211898000	0.045905000
7.211918000	0.045897000
7.211998000	0.045866000
7.212981000	0.046688000
7.213003000	0.046675000
7.214951000	0.048511000
7.215001000	0.048476000
7.215013000	0.048433000
7.215054000	0.048436000
7.215107000	0.048435000
7.215119000	0.048393000
7.217936000	0.051157000
7.217960000	0.051127000
7.223007000	0.056120000
7.223041000	0.055103000
7.224955000	0.056972000
7.224986000	0.055014000
7.224991000	0.054981000
7.255109000	0.043195000
7.255142000	0.043196000
7.255148000	0.043141000
7.274958000	0.061958000
7.274990000	0.061950000
7.274995000	0.060023000
7.274999000	0.059989000
7.275088000	0.060024000
7.277937000	0.062821000
7.277969000	0.062802000
7.290948000	0.075730000
7.290982000	0.073026000
7.290988000	0.072996000
7.290991000	0.067959000
7.291097000	0.068028000
7.291135000	0.066159000
7.291139000	0.066132000
7.291143000	0.066038000
7.329263000	0.074131000
7.329294000	0.074131000
7.329299000	0.074039000
7.352984000	0.078004000
7.353016000	0.077921000
7.355082000	0.079918000
7.355112000	0.079892000
7.355116000	0.079842000
7.355182000	0.077222000
7.355193000	0.077197000
7.355196000	0.064224000
7.358008000	0.067001000
7.358040000	0.066924000
7.411617000	0.120487000
7.427043000	0.097753000
7.427105000	0.097746000
7.427245000	0.097710000
7.433317000	0.103602000
7.433357000	0.103512000
7.433365000	0.103483000
7.433370000	0.103435000
7.433378000	0.103390000
7.441025000	0.088018000
7.441054000	0.088008000
7.441059000	0.085957000
7.441062000	0.085929000
7.441167000	0.085980000
7.441196000	0.085959000
7.441201000	0.085911000
7.441204000	0.085862000
7.441208000	0.083177000
7.441211000	0.083142000
7.442955000	0.031322000
7.467963000	0.040894000
7.467997000	0.040864000
7.472934000	0.045664000
7.472966000	0.039615000
7.474066000	0.040645000
7.474097000	0.040610000
7.474215000	0.040650000
7.474245000	0.040629000
7.474249000	0.033204000
7.477933000	0.036856000
7.477956000	0.036770000
7.482951000	0.039976000
7.482984000	0.039928000
7.482989000	0.039835000
7.488034000	0.044787000
7.488082000	0.044748000
7.490966000	0.047543000
7.490997000	0.047508000
7.491001000	0.047462000
7.502986000	0.034998000
7.503023000	0.034999000
7.505008000	0.032052000
7.505042000	0.032052000
7.507930000	0.033843000
7.520919000	0.046794000
7.521046000	0.046810000
7.521059000	0.046784000
7.521099000	0.046725000
7.521111000	0.046649000
7.521152000	0.043200000
7.521164000	0.043173000
7.521168000	0.038188000
7.521172000	0.038165000
7.521175000	0.038067000
7.524007000	0.035931000
7.527977000	0.039819000
7.528010000	0.037018000
7.529982000	0.038961000
7.530013000	0.038934000
7.538001000	0.034984000
7.543022000	0.039969000
7.543058000	0.038021000
7.545990000	0.040921000
7.547959000	0.039997000
7.562990000	0.042042000
7.563024000	0.041968000
7.564989000	0.043881000
7.565047000	0.043885000
7.565142000	0.043931000
7.565172000	0.043910000
7.565177000	0.043861000
7.567912000	0.046543000
7.567943000	0.046522000
7.572979000	0.051505000
7.573001000	0.048978000
7.573082000	0.045082000
7.573094000	0.045060000
7.573101000	0.043097000
7.573107000	0.043074000
7.573188000	0.035166000
7.577954000	0.034908000
7.577994000	0.034902000
7.583119000	0.037107000
7.613034000	0.065053000
7.613078000	0.050064000
7.614997000	0.051946000
7.622926000	0.057911000
7.622959000	0.057904000
7.627945000	0.062782000
7.631001000	0.065809000
7.631033000	0.065742000
7.631039000	0.063106000
7.631043000	0.063077000
7.631047000	0.063028000
7.631152000	0.058155000
7.631180000	0.058129000
7.631184000	0.058092000
7.631187000	0.058046000
7.631190000	0.057993000
7.631194000	0.057947000
7.631299000	0.057998000
7.631328000	0.053339000
7.631332000	0.053305000
7.631447000	0.048300000
7.648049000	0.034977000
7.651062000	0.037957000
7.651094000	0.036071000
7.657916000	0.034962000
7.657951000	0.034961000
7.660926000	0.032954000
7.667962000	0.036934000
7.667995000	0.036930000
7.672957000	0.041782000
7.672988000	0.041664000
7.674940000	0.043579000
7.675082000	0.043611000
7.675113000	0.043600000
7.675118000	0.043531000
7.675122000	0.043484000
7.677913000	0.046222000
7.677938000	0.046192000
7.682959000	0.051160000
7.682991000	0.051139000
7.682995000	0.051088000
7.683000000	0.051040000
7.683104000	0.035028000
7.687951000	0.036867000
7.687983000	0.036853000
7.727956000	0.070015000
7.727989000	0.070021000
7.727994000	0.067042000
7.730934000	0.062949000
7.730966000	0.062947000
7.732975000	0.059996000
7.733007000	0.059992000
7.735983000	0.061022000
7.736013000	0.060910000
7.736018000	0.060881000
7.736022000	0.060793000
7.736085000	0.060798000
7.736097000	0.058167000
7.736190000	0.058215000
7.736290000	0.053309000
7.736317000	0.053303000
7.736322000	0.053199000
7.736325000	0.053159000
7.736329000	0.053066000
7.736332000	0.053004000
7.736335000	0.048357000
7.736339000	0.048329000
7.762970000	0.034986000
7.763002000	0.034989000
7.764996000	0.036894000
7.765018000	0.034057000
7.765047000	0.034050000
7.765057000	0.032054000
7.765061000	0.032023000
7.768023000	0.032014000
7.772992000	0.036941000
7.777939000	0.041844000
7.777970000	0.041827000
7.780968000	0.044769000
7.781000000	0.044686000
7.808002000	0.045004000
7.808034000	0.044998000
7.812966000	0.049838000
7.812997000	0.049783000
7.817927000	0.054629000
7.817956000	0.054578000
7.820992000	0.057557000
7.821024000	0.057539000
7.821029000	0.057490000
7.821033000	0.057440000
7.821037000	0.057391000
7.821041000	0.056030000
7.821052000	0.056000000
7.821146000	0.056037000
7.821173000	0.056018000
7.821177000	0.055970000
7.821181000	0.053125000
7.821185000	0.048171000
7.821289000	0.043328000
7.821318000	0.043320000
7.821322000	0.040331000
7.821326000	0.040298000
7.846006000	0.037982000
7.846020000	0.037947000
7.846127000	0.033139000
7.848250000	0.035225000
7.862948000	0.045001000
7.862982000	0.045001000
7.864960000	0.043946000
7.864992000	0.043934000
7.864998000	0.043834000
7.865107000	0.043798000
7.868025000	0.046675000
7.868073000	0.046681000
7.872938000	0.051493000
7.872977000	0.051480000
7.875957000	0.054407000
7.875983000	0.054372000
7.876006000	0.054297000
7.876093000	0.054294000
7.876101000	0.054215000
7.876107000	0.054133000
7.876111000	0.054096000
7.876197000	0.054129000
7.876202000	0.054080000
7.889226000	0.043209000
7.889417000	0.043377000
7.890071000	0.043918000
7.901154000	0.052878000
7.901168000	0.038191000
7.901274000	0.038261000
7.902949000	0.037962000
7.908056000	0.043036000
7.908074000	0.042944000
7.908079000	0.042907000
7.910973000	0.042907000
7.910992000	0.042845000
7.910997000	0.038027000
7.912969000	0.039964000
7.912986000	0.037007000
7.915942000	0.039930000
7.952937000	0.034637000
