8.401934000	0.052900000
8.531940000	0.121535000
8.531990000	0.121574000
8.536869000	0.126428000
8.536908000	0.126464000
8.539900000	0.129397000
8.539953000	0.129446000
8.549866000	0.139300000
8.549903000	0.139334000
8.549919000	0.139255000
8.549985000	0.139316000
8.597970000	0.065998000
8.611867000	0.079887000
8.611906000	0.079886000
8.616889000	0.084866000
8.616930000	0.080036000
8.617968000	0.081067000
8.618006000	0.081001000
8.618095000	0.081085000
8.618112000	0.078190000
8.618186000	0.078259000
8.681875000	0.141913000
8.681933000	0.141967000
8.686865000	0.136971000
8.689923000	0.140024000
8.689961000	0.140024000
8.689975000	0.140035000
8.689980000	0.139981000
8.690078000	0.140072000
8.690094000	0.140043000
8.690099000	0.140045000
8.690103000	0.092096000
8.690108000	0.092096000
8.690114000	0.078218000
8.690190000	0.078289000
8.690205000	0.078276000
8.690212000	0.078279000
8.690220000	0.073300000
8.690299000	0.073374000
8.690312000	0.073352000
8.690318000	0.073354000
8.690324000	0.072328000
8.691858000	0.073857000
8.691894000	0.073789000
8.691905000	0.073796000
8.695359000	0.077162000
8.695389000	0.077189000
8.695395000	0.077103000
8.695401000	0.077103000
8.695405000	0.077018000
8.695410000	0.077017000
8.716904000	0.034986000
8.716947000	0.035021000
8.717969000	0.036010000
8.718007000	0.036043000
8.718014000	0.031120000
8.718019000	0.031120000
8.721940000	0.031989000
8.721976000	0.032020000
8.726903000	0.036816000
8.726940000	0.036849000
8.729899000	0.039700000
8.729935000	0.039733000
8.729952000	0.039672000
8.730049000	0.039766000
8.730084000	0.039674000
8.730102000	0.039598000
8.731911000	0.041228000
8.731953000	0.040960000
8.734874000	0.042890000
8.736921000	0.041222000
8.736961000	0.041075000
8.751912000	0.034975000
8.751944000	0.035002000
8.752984000	0.036004000
8.753013000	0.036030000
8.753035000	0.035038000
8.753044000	0.035042000
8.753087000	0.035051000
8.756872000	0.038833000
8.756910000	0.038777000
8.759926000	0.041787000
8.759954000	0.041734000
8.759963000	0.041737000
8.760062000	0.038095000
8.760090000	0.038118000
8.760098000	0.038059000
8.760102000	0.038061000
8.761896000	0.034966000
8.761925000	0.034990000
8.762896000	0.035927000
8.762924000	0.035951000
8.762932000	0.033007000
8.762939000	0.033009000
8.763042000	0.033083000
8.763070000	0.033108000
8.766889000	0.036815000
8.766918000	0.036839000
8.769944000	0.039852000
8.769972000	0.039863000
8.769983000	0.039871000
8.769987000	0.039762000
8.770096000	0.039868000
8.770124000	0.039893000
8.770133000	0.039862000
8.770139000	0.039865000
8.770144000	0.039867000
8.770147000	0.039777000
8.770158000	0.039782000
8.770168000	0.039789000
8.771836000	0.039895000
8.771864000	0.039918000
8.774950000	0.043001000
8.774977000	0.042998000
8.774985000	0.043003000
8.774989000	0.043004000
8.774992000	0.042915000
8.774995000	0.042912000
8.775058000	0.042972000
8.775070000	0.042901000
8.775111000	0.042936000
8.775122000	0.042944000
8.775216000	0.042978000
8.775228000	0.042986000
8.775232000	0.042988000
8.775236000	0.042895000
8.775322000	0.042978000
8.775375000	0.043028000
8.775388000	0.043011000
8.775395000	0.043015000
8.775427000	0.043045000
8.775438000	0.043007000
8.775442000	0.043009000
8.775445000	0.043009000
8.775529000	0.043045000
8.775536000	0.043049000
8.775538000	0.043049000
8.775540000	0.043003000
8.775601000	0.043061000
8.775627000	0.043085000
8.775631000	0.043040000
8.776938000	0.044345000
8.776957000	0.042054000
8.777921000	0.043014000
8.777950000	0.043041000
8.777958000	0.043017000
8.777963000	0.043020000
8.777966000	0.043020000
8.777969000	0.042924000
8.779933000	0.044885000
8.779960000	0.044908000
8.779968000	0.044883000
8.779972000	0.044884000
8.779995000	0.044905000
8.780005000	0.044871000
8.780038000	0.044901000
8.780049000	0.044910000
8.780199000	0.045012000
8.780211000	0.045022000
8.780334000	0.045142000
8.797974000	0.062734000
8.798010000	0.062767000
8.798019000	0.062774000
8.798023000	0.062729000
8.801897000	0.066601000
8.801931000	0.066632000
8.806924000	0.071577000
8.806953000	0.071603000
8.807923000	0.070971000
8.807978000	0.071021000
8.808035000	0.071044000
8.808050000	0.071055000
8.808091000	0.071002000
8.809925000	0.072830000
8.809954000	0.072775000
8.809963000	0.072779000
8.809967000	0.072701000
8.810097000	0.072826000
8.810126000	0.072792000
8.810134000	0.072797000
8.810139000	0.058202000
8.810143000	0.058193000
8.810147000	0.057141000
8.810150000	0.057131000
8.810153000	0.057112000
8.810156000	0.038280000
8.846857000	0.071886000
8.846892000	0.071873000
8.848020000	0.072956000
8.848050000	0.072934000
8.848058000	0.072892000
8.848064000	0.072895000
8.848135000	0.072913000
8.851900000	0.076675000
8.851929000	0.076657000
8.856855000	0.081579000
8.856884000	0.081555000
8.857930000	0.082598000
8.857959000	0.082578000
8.857967000	0.082535000
8.857972000	0.082421000
8.857976000	0.082358000
8.861903000	0.086237000
8.861935000	0.086172000
8.866907000	0.091055000
8.866939000	0.091000000
8.867900000	0.090938000
8.867933000	0.089978000
8.867939000	0.089953000
8.867943000	0.089855000
8.867947000	0.087982000
8.871840000	0.091838000
8.871868000	0.061329000
8.876894000	0.066317000
8.876927000	0.066135000
8.877965000	0.066802000
8.881908000	0.070580000
8.886922000	0.040023000
8.886959000	0.038759000
8.896838000	0.044903000
8.896880000	0.039991000
8.897918000	0.039954000
8.897950000	0.039955000
8.897954000	0.039901000
8.897967000	0.039859000
8.898060000	0.036134000
8.902294000	0.040331000
8.902342000	0.034282000
8.906858000	0.038567000
8.906886000	0.035023000
8.906921000	0.034854000
8.911870000	0.039765000
8.911902000	0.039748000
8.916920000	0.044714000
8.916953000	0.044694000
8.919909000	0.047598000
8.919942000	0.047578000
8.919947000	0.047530000
8.919950000	0.047480000
8.922002000	0.049480000
8.922035000	0.049460000
8.922921000	0.045998000
8.922959000	0.044765000
8.922972000	0.035537000
8.922994000	0.035325000
8.923002000	0.035278000
8.926869000	0.029995000
8.926895000	0.029986000
8.931903000	0.033958000
8.931942000	0.033966000
8.932945000	0.034858000
8.932980000	0.034851000
8.932986000	0.034757000
8.932989000	0.030661000
8.933001000	0.030470000
8.936881000	0.034304000
8.936913000	0.034288000
8.941954000	0.039275000
8.941984000	0.039251000
8.942908000	0.036030000
8.942940000	0.036011000
8.942948000	0.035918000
8.951927000	0.044865000
8.951959000	0.044843000
8.952958000	0.045790000
8.952988000	0.041096000
8.953055000	0.041131000
8.953107000	0.036164000
8.953120000	0.036138000
8.956871000	0.036939000
8.956903000	0.036938000
8.959969000	0.039897000
8.960002000	0.039864000
8.960011000	0.039789000
8.960015000	0.037985000
8.960019000	0.037013000
8.961916000	0.038577000
8.961950000	0.038341000
8.962936000	0.039220000
8.966903000	0.043139000
8.966941000	0.043168000
8.971872000	0.048050000
8.971909000	0.048038000
8.972976000	0.049097000
8.973007000	0.049079000
8.973017000	0.049040000
8.973021000	0.049036000
8.973126000	0.049093000
8.976908000	0.052826000
8.976939000	0.052799000
8.979853000	0.055665000
8.979957000	0.055761000
8.979966000	0.055721000
8.980009000	0.055716000
8.980013000	0.055712000
8.980017000	0.055667000
8.980020000	0.055620000
8.981875000	0.057467000
8.981886000	0.057430000
8.982931000	0.056041000
8.982947000	0.056024000
8.982954000	0.051018000
8.982987000	0.051018000
8.982993000	0.049883000
8.983080000	0.049885000
8.986924000	0.050021000
8.986941000	0.050023000
8.989893000	0.047919000
8.989914000	0.047925000
8.989944000	0.047014000
8.989951000	0.047006000
8.990001000	0.047034000
9.022879000	0.079909000
9.093042000	0.141093000
9.093062000	0.141097000
9.093192000	0.140214000
9.111889000	0.158896000
9.111908000	0.158846000
9.112903000	0.159789000
9.113004000	0.159880000
9.113020000	0.156127000
9.113095000	0.156186000
9.116946000	0.160009000
9.116963000	0.156966000
9.121835000	0.161800000
9.126836000	0.166795000
9.126851000	0.166712000
9.131861000	0.171659000
9.131879000	0.171671000
9.134934000	0.172994000
9.134951000	0.172988000
9.134956000	0.172974000
9.134961000	0.172885000
9.134966000	0.172881000
9.135080000	0.172907000
9.136890000	0.174632000
9.136908000	0.174642000
9.139988000	0.177634000
9.140005000	0.177045000
9.140009000	0.177041000
9.140014000	0.176951000
9.140047000	0.173118000
9.140054000	0.173103000
9.140141000	0.173169000
9.140158000	0.168254000
9.140163000	0.168217000
9.140168000	0.167165000
9.140173000	0.167137000
9.140178000	0.167136000
9.141875000	0.168724000
9.142012000	0.168819000
9.145123000	0.168188000
9.145139000	0.168179000
9.145146000	0.168173000
9.145155000	0.165281000
9.145163000	0.165199000
9.186843000	0.041516000
