39.187656000	0.067507000
39.259757000	0.063110000
39.259806000	0.063150000
39.259814000	0.063125000
39.266688000	0.069995000
39.266720000	0.069976000
39.266725000	0.069977000
39.266748000	0.069894000
39.267804000	0.070947000
39.299721000	0.039929000
39.299767000	0.039967000
39.299776000	0.039930000
39.306701000	0.046851000
39.306748000	0.046837000
39.306760000	0.046841000
39.306767000	0.040056000
39.306833000	0.040118000
39.330743000	0.063909000
39.330785000	0.063947000
39.330793000	0.063906000
39.330802000	0.063912000
39.330809000	0.063822000
39.330822000	0.063828000
39.330827000	0.063747000
39.331818000	0.064732000
39.331855000	0.064024000
39.331862000	0.064026000
39.359813000	0.060057000
39.367700000	0.067939000
39.367739000	0.067945000
39.367747000	0.067950000
39.367754000	0.067861000
39.367766000	0.067867000
39.367772000	0.061042000
39.367778000	0.061036000
39.367783000	0.060991000
39.367789000	0.060993000
39.368874000	0.062010000
39.368900000	0.062029000
39.368911000	0.062015000
39.368917000	0.062018000
39.369688000	0.062737000
39.369709000	0.062755000
39.369720000	0.038946000
39.369727000	0.038947000
39.369732000	0.038816000
39.376705000	0.045785000
39.376766000	0.045793000
39.376780000	0.045804000
39.376792000	0.045719000
39.376798000	0.045719000
39.384683000	0.053520000
39.391826000	0.060657000
39.391855000	0.060605000
39.391864000	0.060608000
39.391868000	0.060530000
39.391872000	0.060528000
39.399758000	0.067913000
39.406686000	0.074837000
39.406712000	0.074833000
39.406726000	0.074844000
39.406734000	0.074762000
39.406737000	0.074760000
39.406741000	0.046894000
39.407681000	0.047829000
39.407696000	0.039966000
39.415757000	0.048023000
39.422674000	0.054769000
39.422703000	0.054794000
39.422712000	0.054749000
39.422819000	0.054761000
39.453854000	0.085715000
39.453892000	0.085677000
39.453897000	0.085676000
39.453901000	0.085625000
39.453904000	0.085624000
39.453908000	0.085565000
39.453911000	0.085565000
39.453915000	0.085521000
39.453918000	0.085024000
39.453921000	0.085013000
39.453924000	0.084990000
39.453928000	0.084990000
39.453931000	0.084227000
39.453935000	0.084219000
39.453945000	0.084196000
39.453948000	0.084195000
39.453955000	0.084152000
39.453961000	0.077233000
39.453967000	0.077192000
39.460721000	0.083933000
39.460772000	0.083953000
39.460782000	0.083959000
39.460787000	0.076080000
39.460791000	0.068942000
39.460794000	0.068933000
39.460797000	0.068911000
39.460800000	0.068911000
39.461752000	0.069774000
39.461811000	0.069827000
39.461823000	0.062044000
39.461830000	0.055124000
39.461834000	0.055112000
39.461838000	0.055081000
39.461841000	0.055081000
39.461844000	0.055036000
39.462649000	0.055838000
39.462658000	0.054967000
39.462665000	0.054965000
39.462814000	0.047032000
39.462822000	0.040125000
39.462828000	0.040100000
39.463732000	0.040891000
39.499750000	0.045869000
39.499786000	0.045706000
39.499798000	0.045665000
39.499803000	0.045577000
39.507669000	0.053362000
39.507702000	0.053314000
39.507708000	0.053238000
39.515732000	0.061181000
39.522777000	0.068132000
39.522809000	0.068123000
39.522814000	0.068074000
39.522819000	0.062040000
39.522822000	0.061956000
39.522826000	0.061915000
39.522830000	0.061825000
39.530683000	0.068909000
39.537670000	0.075843000
39.537702000	0.075820000
39.537708000	0.075776000
39.538746000	0.076091000
39.547741000	0.085034000
39.554767000	0.091941000
39.554806000	0.091932000
39.554814000	0.091075000
39.554820000	0.055044000
39.554826000	0.054921000
39.555747000	0.055765000
39.570742000	0.070707000
39.570783000	0.063091000
39.570791000	0.063024000
39.570798000	0.062922000
39.570804000	0.055049000
39.579791000	0.056991000
39.579823000	0.056978000
39.586815000	0.063872000
39.586848000	0.063813000
39.586860000	0.063785000
39.586864000	0.063736000
39.586868000	0.063685000
39.586871000	0.063636000
39.594693000	0.063983000
39.594732000	0.057035000
39.619681000	0.081853000
39.619719000	0.081840000
39.619724000	0.080955000
39.619728000	0.071964000
39.626830000	0.072037000
39.626863000	0.072015000
39.626868000	0.071966000
39.626873000	0.071914000
39.626877000	0.071864000
39.626881000	0.071111000
39.626884000	0.056114000
39.626888000	0.056063000
39.626892000	0.056012000
39.627707000	0.056772000
39.627735000	0.056744000
39.635655000	0.064608000
39.635688000	0.055870000
39.642731000	0.062845000
39.642764000	0.055921000
39.643645000	0.056651000
39.644782000	0.057736000
39.659788000	0.072635000
39.659822000	0.072576000
39.659828000	0.072495000
39.699794000	0.112377000
39.886820000	0.292094000
39.886854000	0.292093000
39.886864000	0.267151000
39.886870000	0.267124000
39.886874000	0.267030000
39.886878000	0.266953000
39.886884000	0.260026000
39.894732000	0.267822000
39.901639000	0.274627000
39.909676000	0.282577000
39.916813000	0.289627000
39.916845000	0.289621000
39.916850000	0.289572000
39.916854000	0.289523000
39.916858000	0.289473000
39.917673000	0.289952000
39.917694000	0.289931000
39.917700000	0.282022000
39.917704000	0.281988000
39.925778000	0.289962000
39.932729000	0.289970000
39.932778000	0.289982000
39.932784000	0.289112000
39.940633000	0.295825000
39.940673000	0.280856000
39.940680000	0.280832000
39.947802000	0.287852000
39.947835000	0.103054000
39.947841000	0.060980000
39.947845000	0.060942000
39.955711000	0.068683000
39.962769000	0.075624000
39.962802000	0.075540000
39.970678000	0.083283000
39.977792000	0.090366000
39.977828000	0.083067000
39.977834000	0.076152000
39.977838000	0.060861000
39.999740000	0.082676000
40.006692000	0.089622000
40.006725000	0.089573000
40.006738000	0.089580000
40.006744000	0.089511000
40.006750000	0.089060000
40.006763000	0.089030000
40.006768000	0.088982000
40.006773000	0.088934000
40.006779000	0.080963000
40.006784000	0.074012000
40.006789000	0.073974000
40.007692000	0.074838000
40.007713000	0.067054000
40.015709000	0.074852000
40.015742000	0.074845000
40.015748000	0.067923000
40.024681000	0.076821000
40.032751000	0.084792000
40.032801000	0.084753000
40.032809000	0.077075000
40.040639000	0.077847000
40.040666000	0.077837000
40.040671000	0.077743000
40.047725000	0.077019000
40.047758000	0.069935000
40.047764000	0.069904000
40.048711000	0.070751000
40.056699000	0.078644000
40.063713000	0.085570000
40.063744000	0.085513000
40.071768000	0.093450000
40.071801000	0.065083000
40.078754000	0.071807000
40.078787000	0.071773000
40.078792000	0.071722000
40.078796000	0.071669000
40.078800000	0.071618000
40.078804000	0.071569000
40.086654000	0.079369000
40.093794000	0.086456000
40.093826000	0.086435000
40.093832000	0.086122000
40.093836000	0.086085000
40.093840000	0.078108000
40.093845000	0.078071000
40.093848000	0.077975000
40.093852000	0.069149000
40.102574000	0.069787000
40.110680000	0.077839000
40.117738000	0.084859000
40.117789000	0.077133000
40.117794000	0.077100000
40.117798000	0.077052000
40.117802000	0.076948000
40.117806000	0.070053000
40.118718000	0.070934000
40.118750000	0.070870000
40.118756000	0.070012000
40.118760000	0.062034000
40.139699000	0.075959000
40.139735000	0.075873000
40.139740000	0.067944000
40.139744000	0.067912000
40.146822000	0.068040000
40.146853000	0.068031000
40.146858000	0.067934000
40.146862000	0.067845000
40.146866000	0.067762000
40.146869000	0.067678000
40.146874000	0.060198000
40.146877000	0.053061000
40.146881000	0.053013000
40.146885000	0.052926000
40.154692000	0.060651000
40.154737000	0.060615000
40.161700000	0.067485000
40.161734000	0.067427000
40.161739000	0.067340000
40.161855000	0.067416000
40.161884000	0.059279000
40.176651000	0.065944000
40.176685000	0.058909000
40.176691000	0.058748000
40.177676000	0.059694000
40.185794000	0.067712000
40.200749000	0.082577000
40.200803000	0.082544000
40.200810000	0.082070000
40.200816000	0.082042000
40.200822000	0.081996000
40.200827000	0.081947000
40.219736000	0.080012000
40.219770000	0.080011000
40.219775000	0.079918000
40.226851000	0.086902000
40.226884000	0.086848000
40.226895000	0.080046000
40.226901000	0.079997000
40.226906000	0.079907000
40.226909000	0.079829000
40.226913000	0.079748000
40.227731000	0.080481000
40.227772000	0.080441000
40.227780000	0.080368000
40.227786000	0.080336000
40.228653000	0.081150000
40.228666000	0.073937000
40.259762000	0.104923000
40.266833000	0.105109000
40.266866000	0.105100000
40.266872000	0.104997000
40.266876000	0.104953000
40.266880000	0.104860000
40.266883000	0.090208000
40.266888000	0.090175000
40.266893000	0.090120000
40.266897000	0.090032000
40.267723000	0.090020000
40.267743000	0.081921000
40.267749000	0.066952000
40.283747000	0.082855000
40.290720000	0.089798000
40.290758000	0.089783000
40.290770000	0.089743000
40.290774000	0.089685000
40.291961000	0.072196000
40.297777000	0.077980000
40.297810000	0.077962000
40.297815000	0.070941000
40.298843000	0.071796000
40.306738000	0.079640000
40.313727000	0.086503000
40.313761000	0.086418000
40.313767000	0.086300000
40.313771000	0.086217000
40.314656000	0.086899000
40.314688000	0.086886000
40.329797000	0.101942000
40.329831000	0.101923000
40.329836000	0.101874000
40.329840000	0.101177000
40.329844000	0.101124000
40.330748000	0.070946000
40.330779000	0.063918000
40.330784000	0.063867000
40.338798000	0.071787000
40.338832000	0.071740000
40.345686000	0.078507000
40.345736000	0.078469000
40.345741000	0.078386000
40.345745000	0.078352000
40.345749000	0.078302000
40.345995000	0.078259000
40.353752000	0.085973000
40.360684000	0.092851000
40.360723000	0.076952000
40.360730000	0.069983000
40.379727000	0.088820000
40.387683000	0.096722000
40.387716000	0.096655000
40.387721000	0.096573000
40.387725000	0.095736000
40.387729000	0.089924000
40.388682000	0.090837000
40.388808000	0.090863000
40.389631000	0.090755000
40.404696000	0.097926000
40.404731000	0.090975000
40.404736000	0.090946000
40.404740000	0.090849000
40.404744000	0.090755000
40.427808000	0.113130000
40.427829000	0.113113000
40.427835000	0.098014000
40.427840000	0.097980000
40.427845000	0.097881000
40.427850000	0.097798000
40.427855000	0.097716000
40.427859000	0.097089000
40.428858000	0.098015000
40.428875000	0.097919000
40.428880000	0.097884000
40.428884000	0.090058000
40.428889000	0.090026000
40.428893000	0.083169000
40.434774000	0.088764000
40.434792000	0.088707000
40.442748000	0.096562000
40.449745000	0.103471000
40.449762000	0.103401000
40.449767000	0.095992000
40.449772000	0.089062000
40.457694000	0.096929000
40.457715000	0.096913000
40.457723000	0.077962000
40.464694000	0.076988000
40.464742000	0.076998000
40.464748000	0.076954000
40.464761000	0.076915000
40.464769000	0.076870000
40.464776000	0.076823000
40.464783000	0.076077000
40.479619000	0.090796000
40.479701000	0.090043000
40.486688000	0.081962000
40.486703000	0.081869000
40.486708000	0.081828000
40.539744000	0.051958000
