2.380016000	0.034977000
2.443164000	0.052679000
2.443187000	0.052692000
2.443192000	0.052628000
2.443269000	0.052698000
2.445091000	0.054439000
2.445125000	0.054467000
2.445130000	0.054391000
2.447972000	0.057227000
2.448004000	0.057171000
2.448076000	0.057237000
2.484993000	0.041813000
2.485047000	0.041864000
2.487994000	0.044775000
2.488041000	0.044819000
2.488052000	0.044776000
2.488060000	0.044781000
2.488079000	0.044753000
2.488098000	0.044769000
2.488129000	0.043014000
2.489971000	0.044851000
2.489998000	0.044789000
2.493138000	0.047925000
2.493166000	0.047922000
2.493175000	0.047928000
2.493183000	0.045188000
2.493190000	0.045190000
2.493197000	0.045173000
2.493204000	0.045177000
2.493233000	0.045147000
2.494941000	0.046852000
2.525075000	0.040041000
2.530044000	0.045004000
2.530084000	0.044890000
2.530092000	0.044888000
2.530098000	0.042071000
2.534939000	0.046905000
2.534985000	0.046895000
2.539953000	0.051859000
2.539995000	0.051855000
2.543061000	0.054918000
2.543104000	0.054917000
2.543111000	0.054920000
2.543115000	0.054870000
2.543120000	0.054868000
2.543125000	0.054833000
2.543236000	0.054940000
2.543251000	0.054905000
2.543257000	0.054907000
2.543262000	0.053272000
2.543266000	0.053272000
2.543271000	0.053246000
2.543422000	0.053395000
2.543455000	0.050299000
2.543462000	0.050301000
2.543972000	0.050729000
2.544026000	0.050779000
2.544045000	0.050713000
2.544078000	0.050739000
2.544132000	0.050714000
2.544958000	0.051538000
2.544980000	0.051471000
2.544989000	0.051475000
2.549968000	0.056411000
2.549990000	0.056330000
2.550957000	0.055995000
2.559976000	0.034867000
2.564989000	0.034910000
2.565053000	0.034840000
2.565073000	0.034854000
2.569954000	0.039624000
2.569994000	0.039657000
2.574977000	0.040006000
2.575016000	0.040038000
2.576032000	0.041021000
2.576070000	0.041054000
2.585025000	0.045042000
2.585067000	0.045078000
2.586032000	0.046012000
2.586068000	0.046044000
2.590024000	0.046937000
2.590060000	0.046968000
2.594958000	0.051713000
2.595003000	0.051754000
2.596021000	0.052576000
2.596131000	0.052680000
2.596152000	0.052673000
2.596164000	0.052682000
2.596172000	0.052592000
2.599944000	0.056359000
2.600004000	0.056305000
2.600021000	0.056316000
2.602998000	0.059211000
2.603055000	0.059261000
2.603069000	0.059190000
2.603085000	0.059200000
2.604054000	0.060134000
2.604093000	0.060170000
2.604104000	0.060115000
2.604110000	0.060118000
2.604216000	0.060182000
2.604253000	0.060217000
2.604259000	0.060165000
2.604265000	0.060119000
2.604270000	0.060080000
2.604275000	0.060025000
2.604380000	0.060077000
2.604985000	0.060629000
2.605003000	0.060593000
2.606056000	0.061593000
2.606091000	0.061574000
2.606100000	0.061124000
2.606108000	0.061018000
2.606126000	0.060996000
2.609970000	0.059984000
2.610975000	0.060945000
2.611082000	0.061003000
2.614983000	0.064850000
2.616007000	0.065820000
2.616099000	0.065133000
2.618025000	0.067009000
2.618074000	0.067004000
2.619941000	0.059933000
2.619983000	0.059933000
2.623053000	0.057634000
2.629995000	0.064570000
2.630046000	0.064618000
2.636058000	0.066075000
2.636097000	0.066108000
2.636111000	0.066104000
2.636119000	0.066095000
2.640982000	0.065977000
2.641046000	0.066035000
2.641066000	0.066042000
2.645035000	0.069997000
2.645080000	0.069020000
2.646074000	0.070009000
2.646111000	0.070033000
2.646132000	0.070039000
2.646145000	0.061088000
2.646161000	0.061099000
2.650024000	0.064949000
2.650071000	0.064980000
2.654992000	0.068934000
2.655029000	0.068966000
2.656017000	0.069942000
2.656181000	0.070081000
2.656217000	0.066167000
2.656230000	0.066175000
2.656236000	0.066168000
2.656241000	0.066158000
2.660733000	0.065744000
2.660770000	0.065774000
2.663109000	0.068095000
2.663153000	0.068121000
2.663171000	0.067128000
2.663179000	0.067131000
2.663187000	0.067044000
2.663193000	0.067046000
2.663212000	0.067052000
2.663267000	0.067077000
2.663293000	0.067099000
2.663301000	0.067104000
2.663308000	0.067062000
2.663378000	0.067127000
2.663412000	0.063445000
2.663421000	0.063450000
2.663428000	0.063413000
2.663500000	0.063482000
2.663530000	0.063503000
2.663538000	0.063479000
2.663545000	0.060504000
2.663559000	0.060510000
2.663567000	0.060502000
2.663675000	0.060357000
2.663707000	0.060383000
2.663715000	0.060387000
2.663723000	0.060304000
2.663730000	0.060306000
2.663737000	0.059656000
2.663744000	0.059616000
2.663764000	0.059633000
2.663813000	0.059572000
2.663832000	0.059586000
2.663918000	0.059669000
2.663941000	0.059537000
2.663946000	0.059534000
2.664938000	0.060461000
2.665003000	0.060462000
2.665982000	0.061435000
2.666006000	0.061413000
2.666019000	0.061375000
2.666035000	0.061037000
2.666062000	0.059711000
2.674952000	0.068550000
2.674995000	0.065015000
2.676147000	0.066162000
2.679983000	0.068998000
2.680026000	0.069035000
2.683079000	0.071990000
2.683202000	0.072108000
2.683428000	0.068434000
2.683499000	0.068498000
2.686051000	0.070025000
2.686094000	0.070064000
2.690007000	0.073975000
2.690045000	0.073922000
2.691032000	0.074904000
2.691068000	0.074937000
2.695017000	0.078853000
2.695055000	0.078888000
2.696028000	0.077970000
2.696066000	0.078001000
2.698237000	0.080168000
2.698274000	0.080173000
2.698288000	0.080181000
2.698298000	0.080189000
2.698303000	0.080113000
2.698308000	0.080111000
2.698313000	0.078345000
2.698327000	0.078354000
2.698452000	0.078477000
2.698494000	0.078516000
2.698501000	0.078492000
2.793275000	0.173263000
2.799968000	0.133532000
2.854327000	0.187518000
2.854378000	0.187564000
2.854395000	0.168292000
2.854514000	0.155533000
2.920091000	0.198018000
2.920148000	0.198064000
2.920155000	0.164115000
2.960012000	0.038117000
