6.731992000	0.032876000
6.776962000	0.036503000
6.782021000	0.041552000
6.782062000	0.041556000
6.782070000	0.041561000
6.784954000	0.044389000
6.784970000	0.044398000
6.785002000	0.044387000
6.785006000	0.044387000
6.785009000	0.044339000
6.785018000	0.044344000
6.811914000	0.034904000
6.811951000	0.031913000
6.814972000	0.032922000
6.815002000	0.031417000
6.815025000	0.031352000
6.821972000	0.035432000
6.822001000	0.035456000
6.831967000	0.042438000
6.832005000	0.042470000
6.836901000	0.044384000
6.836937000	0.044414000
6.839939000	0.044413000
6.839969000	0.044437000
6.839974000	0.041464000
6.840041000	0.041526000
6.840044000	0.038575000
6.841914000	0.040441000
6.841925000	0.040411000
6.845012000	0.040553000
6.845041000	0.040577000
6.845049000	0.033109000
6.845064000	0.033118000
6.846896000	0.033608000
6.846946000	0.033653000
6.851013000	0.035275000
6.851032000	0.035289000
6.851040000	0.032881000
6.851072000	0.032909000
6.851077000	0.030489000
6.851945000	0.031352000
6.856940000	0.033935000
6.856957000	0.033948000
6.861155000	0.035724000
6.861187000	0.035751000
6.866975000	0.034982000
6.867009000	0.035010000
6.871951000	0.038729000
6.871985000	0.038759000
6.871990000	0.035064000
6.871994000	0.035062000
6.871997000	0.033847000
6.876992000	0.038838000
6.877039000	0.037079000
6.881974000	0.040797000
6.882009000	0.040829000
6.882014000	0.038356000
6.882018000	0.038355000
6.882114000	0.036091000
6.882129000	0.036101000
6.886914000	0.039675000
6.886941000	0.039696000
6.889986000	0.041588000
6.890023000	0.041621000
6.890028000	0.040452000
6.890031000	0.039285000
6.891952000	0.040048000
6.891967000	0.038969000
6.891971000	0.037883000
6.891975000	0.036830000
6.896908000	0.040646000
6.896922000	0.040580000
6.901966000	0.044682000
6.901983000	0.044694000
6.901987000	0.043633000
6.901998000	0.042574000
6.902004000	0.041512000
6.906879000	0.045309000
6.906892000	0.044265000
6.910035000	0.043036000
6.910051000	0.042480000
6.911964000	0.039988000
6.911986000	0.039436000
6.916931000	0.043324000
6.916960000	0.042301000
6.921977000	0.046246000
6.922013000	0.037451000
6.926907000	0.041371000
6.926931000	0.040412000
6.932013000	0.044440000
6.932047000	0.043511000
6.932051000	0.042034000
6.932056000	0.041494000
6.932059000	0.039541000
6.944923000	0.047264000
6.944971000	0.045564000
6.944986000	0.044749000
6.945064000	0.042288000
6.945078000	0.041560000
6.945114000	0.041593000
6.947094000	0.042833000
6.947103000	0.042840000
6.951956000	0.046948000
6.951972000	0.046962000
6.951975000	0.046221000
6.951979000	0.046222000
6.952076000	0.045579000
6.952082000	0.045583000
6.954944000	0.047700000
6.954962000	0.047716000
6.955020000	0.047007000
6.956938000	0.048920000
6.956944000	0.048246000
6.959956000	0.051254000
6.959982000	0.050563000
6.959991000	0.050569000
6.959998000	0.049855000
6.960063000	0.049917000
6.960068000	0.049833000
6.960116000	0.049304000
6.960121000	0.049306000
6.960171000	0.048692000
6.960174000	0.048690000
6.960178000	0.048075000
6.960181000	0.048074000
6.960226000	0.047496000
6.960232000	0.047497000
6.960333000	0.047039000
6.960337000	0.047040000
6.960340000	0.046417000
6.960343000	0.046415000
6.960388000	0.045869000
6.960392000	0.045869000
6.960444000	0.045336000
6.960450000	0.045337000
6.960498000	0.044798000
6.960501000	0.043549000
6.960554000	0.043300000
6.960558000	0.043302000
6.960606000	0.042718000
6.960772000	0.042879000
6.960777000	0.042290000
6.962011000	0.043519000
6.962018000	0.043525000
6.962089000	0.040088000
6.962142000	0.040136000
6.962145000	0.039834000
6.964999000	0.042615000
6.965010000	0.042189000
6.965081000	0.042255000
6.965092000	0.041773000
6.965149000	0.041826000
6.965155000	0.041336000
6.965158000	0.041335000
6.965161000	0.040831000
6.965165000	0.040832000
6.965168000	0.040348000
6.965257000	0.040433000
6.965260000	0.039944000
6.965312000	0.039994000
6.965315000	0.039499000
6.965367000	0.039549000
6.966898000	0.040580000
6.966908000	0.040587000
6.970045000	0.043205000
6.970058000	0.043214000
6.970097000	0.042758000
6.970101000	0.042758000
6.970105000	0.042761000
6.970108000	0.042266000
6.970114000	0.042267000
6.970150000	0.041808000
6.970158000	0.041812000
6.970162000	0.041312000
6.970217000	0.041356000
6.970220000	0.040898000
6.970269000	0.040944000
6.970273000	0.040448000
6.970322000	0.040494000
6.970377000	0.040030000
6.970430000	0.040080000
6.970439000	0.038403000
6.970443000	0.038104000
6.971886000	0.039109000
6.971896000	0.038688000
6.972961000	0.037910000
6.972972000	0.036546000
6.972977000	0.036094000
6.976922000	0.031965000
6.986964000	0.042001000
6.986989000	0.041790000
6.991957000	0.046755000
6.991989000	0.046367000
6.992974000	0.047350000
6.993006000	0.046967000
6.993014000	0.046973000
6.993020000	0.046560000
6.993035000	0.046573000
6.994957000	0.048075000
6.994990000	0.048107000
6.995000000	0.048115000
6.995006000	0.047703000
6.995010000	0.047705000
6.995073000	0.047349000
6.995077000	0.047352000
6.996946000	0.048802000
6.996979000	0.048833000
7.000032000	0.051467000
7.000066000	0.051499000
7.000076000	0.051090000
7.000082000	0.051094000
7.000102000	0.050695000
7.000108000	0.050699000
7.000145000	0.050318000
7.000149000	0.050320000
7.000205000	0.049926000
7.000210000	0.049926000
7.000258000	0.049562000
7.000263000	0.049565000
7.000311000	0.049197000
7.000315000	0.049198000
7.000318000	0.048789000
7.000363000	0.048832000
7.000416000	0.048468000
7.000421000	0.048471000
7.000470000	0.048519000
7.000478000	0.048100000
7.000522000	0.048142000
7.000526000	0.047727000
7.000575000	0.047774000
7.000579000	0.047383000
7.000628000	0.047430000
7.000632000	0.047003000
7.000690000	0.047055000
7.000695000	0.046648000
7.000698000	0.046648000
7.000701000	0.046219000
7.000739000	0.046253000
7.000746000	0.045835000
7.000807000	0.045877000
7.000812000	0.045486000
7.000860000	0.045531000
7.000865000	0.045113000
7.000928000	0.045173000
7.000932000	0.044765000
7.000982000	0.044813000
7.000989000	0.044400000
7.000993000	0.044402000
7.001074000	0.044089000
7.001092000	0.044105000
7.001938000	0.044507000
7.001948000	0.044514000
7.002928000	0.045493000
7.002990000	0.045157000
7.002998000	0.045162000
7.003002000	0.043026000
7.003005000	0.043017000
7.003095000	0.042891000
7.004931000	0.044725000
7.004936000	0.044336000
7.004992000	0.044391000
7.004995000	0.044073000
7.005082000	0.044158000
7.005091000	0.043852000
7.005117000	0.043876000
7.005121000	0.043565000
7.005172000	0.041718000
7.005188000	0.038946000
7.005200000	0.037441000
7.006886000	0.036763000
7.012373000	0.039851000
7.012390000	0.038854000
7.012940000	0.037944000
