22.419451000	0.059460000
22.479440000	0.052058000
22.479494000	0.052099000
22.486457000	0.059009000
22.486488000	0.059035000
22.486500000	0.058952000
22.486528000	0.058795000
22.539383000	0.059902000
22.539421000	0.059933000
22.539444000	0.059926000
22.554532000	0.075010000
22.554571000	0.068093000
22.554576000	0.068092000
22.554585000	0.068038000
22.554589000	0.068039000
22.554592000	0.067993000
22.554595000	0.067989000
22.554598000	0.067949000
22.554602000	0.067950000
22.554605000	0.067903000
22.554608000	0.067904000
22.554611000	0.067857000
22.579471000	0.040061000
22.579511000	0.040095000
22.586498000	0.047048000
22.586532000	0.047079000
22.594463000	0.054968000
22.601583000	0.062085000
22.601616000	0.047061000
22.601622000	0.047062000
22.601625000	0.046998000
22.601629000	0.046998000
22.601632000	0.046935000
22.601635000	0.046929000
22.617402000	0.062668000
22.624454000	0.069717000
22.624487000	0.069703000
22.624492000	0.069705000
22.624495000	0.069658000
22.624498000	0.069658000
22.625407000	0.070517000
22.631492000	0.076600000
22.631524000	0.076582000
22.631528000	0.076583000
22.631532000	0.076537000
22.631536000	0.076538000
22.631545000	0.076498000
22.631548000	0.076498000
22.631552000	0.076438000
22.631555000	0.076438000
22.631558000	0.076396000
22.638515000	0.083350000
22.638553000	0.059053000
22.653520000	0.074014000
22.653555000	0.074019000
22.653559000	0.074020000
22.653562000	0.067040000
22.653565000	0.067039000
22.653568000	0.067009000
22.654561000	0.067998000
22.662454000	0.067969000
22.669536000	0.075046000
22.669573000	0.067967000
22.669580000	0.067969000
22.669595000	0.067860000
22.669600000	0.067862000
22.669605000	0.067821000
22.669610000	0.067823000
22.669615000	0.067706000
22.669619000	0.067704000
22.669624000	0.067596000
22.670484000	0.068450000
22.678378000	0.076235000
22.685456000	0.083306000
22.685487000	0.083256000
22.685492000	0.083256000
22.685496000	0.068068000
22.685499000	0.068066000
22.685502000	0.061026000
22.685506000	0.061025000
22.685509000	0.060996000
22.685512000	0.060996000
22.686462000	0.061848000
22.686483000	0.061863000
22.686488000	0.061785000
22.686491000	0.061779000
22.701503000	0.076710000
22.701535000	0.076736000
22.701546000	0.076113000
22.701551000	0.070032000
22.701556000	0.069882000
22.701560000	0.069836000
22.701570000	0.069740000
22.709360000	0.077438000
22.724472000	0.092462000
22.724504000	0.092402000
22.724508000	0.092319000
22.724512000	0.092236000
22.739389000	0.107075000
22.739558000	0.101011000
22.739574000	0.100978000
22.739579000	0.086030000
22.739582000	0.085996000
22.739589000	0.085902000
22.739603000	0.085817000
22.739607000	0.085790000
22.739610000	0.085740000
22.740454000	0.085868000
22.748729000	0.086251000
22.755524000	0.093038000
22.755556000	0.085996000
22.755561000	0.085994000
22.755564000	0.085781000
22.755567000	0.085780000
22.755570000	0.085737000
22.755573000	0.085737000
22.755576000	0.085647000
22.755583000	0.085649000
22.755586000	0.085576000
22.755589000	0.085573000
22.756443000	0.086351000
22.756466000	0.086368000
22.756474000	0.086301000
22.756478000	0.086300000
22.763442000	0.093187000
22.763474000	0.093213000
22.763594000	0.093257000
22.763628000	0.093285000
22.763637000	0.093259000
22.763641000	0.093259000
22.763644000	0.093147000
22.763647000	0.093147000
22.764402000	0.085995000
22.772458000	0.094043000
22.779575000	0.094097000
22.779606000	0.094123000
22.779614000	0.094086000
22.779618000	0.094087000
22.779621000	0.093996000
22.787550000	0.101919000
22.787588000	0.101873000
22.787596000	0.101876000
22.794563000	0.108756000
22.794593000	0.108775000
22.794601000	0.108701000
22.794605000	0.108700000
22.794608000	0.108616000
22.794612000	0.108614000
22.794615000	0.108558000
22.794618000	0.108557000
22.794622000	0.108514000
22.794625000	0.108514000
22.794628000	0.108152000
22.794631000	0.108152000
22.795434000	0.108916000
22.795453000	0.108932000
22.795460000	0.108888000
22.795463000	0.108888000
22.795466000	0.108840000
22.795470000	0.108842000
22.795473000	0.093948000
22.795476000	0.093946000
22.796400000	0.094666000
22.796423000	0.094640000
22.796427000	0.094518000
22.819493000	0.117466000
22.819530000	0.117414000
22.819534000	0.117382000
22.834473000	0.132268000
22.834508000	0.132248000
22.834517000	0.132204000
22.834520000	0.132153000
22.834524000	0.132104000
22.834528000	0.125144000
22.834532000	0.125108000
22.834543000	0.110044000
22.842531000	0.118000000
22.849402000	0.124818000
22.849431000	0.124795000
22.849436000	0.124745000
22.849440000	0.124698000
22.849444000	0.124635000
22.849507000	0.124640000
22.849559000	0.110144000
22.849572000	0.110124000
22.849576000	0.110005000
22.850474000	0.110847000
22.873446000	0.133649000
22.873488000	0.133659000
22.873493000	0.133614000
22.873497000	0.133566000
22.873501000	0.133515000
22.873506000	0.133471000
22.873509000	0.133472000
22.874368000	0.134281000
22.880393000	0.140303000
22.880430000	0.140290000
22.880443000	0.140300000
22.880448000	0.140255000
22.880455000	0.140259000
22.880459000	0.140213000
22.880464000	0.140215000
22.888499000	0.148201000
22.895554000	0.155253000
22.895585000	0.155235000
22.895593000	0.155239000
22.895598000	0.155194000
22.895601000	0.155194000
22.895604000	0.155139000
22.895607000	0.155139000
22.895611000	0.155102000
22.895614000	0.155102000
22.895617000	0.155055000
22.895620000	0.155055000
22.895623000	0.146872000
22.896392000	0.147636000
22.896412000	0.140866000
22.896420000	0.140869000
22.896423000	0.140843000
22.896426000	0.140822000
22.896430000	0.140823000
22.896766000	0.141156000
22.896786000	0.141099000
22.897346000	0.141652000
22.912472000	0.156774000
22.912506000	0.156775000
22.912515000	0.156780000
22.912519000	0.156780000
22.912522000	0.156735000
22.912525000	0.156734000
22.927485000	0.171691000
22.927526000	0.171683000
22.927535000	0.171687000
22.927539000	0.171681000
22.927542000	0.171647000
22.927546000	0.171646000
22.927549000	0.171645000
22.927552000	0.171603000
22.927556000	0.171097000
22.927559000	0.171096000
22.928554000	0.172083000
22.928585000	0.172088000
22.928593000	0.172093000
22.928597000	0.172095000
22.928600000	0.172051000
22.928603000	0.172051000
22.928606000	0.165141000
22.928609000	0.165140000
22.929375000	0.165896000
22.929402000	0.165898000
22.929410000	0.165792000
22.937476000	0.173852000
22.944561000	0.180927000
22.944593000	0.180932000
22.944602000	0.180938000
22.944606000	0.180940000
22.944609000	0.180849000
22.944612000	0.180846000
22.944615000	0.180846000
22.944618000	0.180768000
22.945396000	0.181540000
22.945418000	0.181559000
22.945426000	0.181003000
22.945429000	0.181001000
22.945451000	0.172972000
22.945464000	0.172980000
22.946347000	0.166751000
22.954455000	0.174854000
22.961496000	0.181885000
22.961526000	0.181890000
22.961533000	0.181894000
22.961537000	0.181895000
22.961540000	0.181778000
22.961544000	0.181776000
22.961547000	0.181776000
22.969444000	0.189559000
22.969476000	0.181904000
22.969485000	0.181908000
22.976472000	0.188879000
22.976509000	0.188898000
22.976517000	0.188903000
22.976521000	0.188904000
22.976524000	0.181941000
22.976527000	0.181939000
22.976531000	0.181933000
22.976534000	0.181888000
22.976537000	0.181888000
22.976541000	0.181889000
22.976544000	0.181846000
22.977424000	0.182720000
22.977446000	0.182690000
22.977450000	0.182648000
22.984470000	0.189662000
22.992429000	0.197571000
22.999485000	0.204577000
22.999519000	0.204605000
22.999523000	0.204561000
22.999527000	0.204081000
22.999531000	0.204074000
22.999534000	0.204043000
22.999538000	0.203997000
23.007409000	0.211863000
23.007565000	0.211969000
23.007598000	0.211952000
23.014534000	0.218882000
23.014550000	0.218137000
23.022431000	0.226012000
23.022445000	0.225988000
23.022450000	0.225945000
23.029468000	0.232957000
23.029482000	0.232921000
23.029486000	0.209968000
23.029490000	0.209964000
23.029493000	0.209929000
23.029497000	0.209838000
23.037432000	0.217765000
23.044441000	0.224686000
23.044455000	0.209959000
23.044460000	0.209956000
23.044464000	0.209670000
23.044467000	0.209624000
23.052407000	0.217559000
23.059537000	0.224590000
23.059552000	0.224572000
23.059556000	0.224571000
23.059560000	0.224524000
23.059564000	0.224434000
23.079488000	0.244351000
23.079506000	0.244255000
23.086518000	0.251151000
23.086535000	0.251159000
23.086540000	0.251131000
23.086544000	0.251086000
23.086548000	0.243998000
23.086552000	0.243994000
23.086556000	0.237136000
23.086561000	0.237134000
23.086564000	0.237103000
23.086568000	0.237056000
23.087384000	0.237866000
23.095453000	0.245886000
23.102452000	0.252830000
23.102468000	0.252839000
23.102473000	0.252803000
23.102477000	0.252757000
23.102481000	0.252755000
23.110539000	0.260762000
23.117381000	0.267556000
23.117396000	0.267565000
23.117400000	0.267519000
23.117544000	0.267614000
23.117549000	0.267613000
23.117553000	0.267539000
23.125502000	0.275007000
23.125522000	0.275022000
23.125526000	0.275023000
23.132465000	0.281923000
23.132482000	0.259007000
23.132486000	0.259006000
23.132560000	0.259076000
23.132575000	0.259051000
23.132579000	0.259051000
23.132583000	0.259053000
23.132586000	0.258971000
23.133392000	0.259771000
23.133407000	0.259782000
23.133411000	0.259702000
23.133415000	0.259700000
23.133418000	0.259701000
23.141410000	0.267612000
23.148486000	0.274682000
23.148504000	0.274697000
23.148582000	0.274694000
23.148601000	0.274707000
23.148606000	0.274709000
23.148610000	0.274632000
23.148616000	0.274632000
23.148620000	0.274633000
23.148625000	0.274606000
23.148630000	0.274608000
23.148635000	0.274610000
23.163427000	0.289046000
23.163445000	0.289061000
23.163579000	0.283162000
23.163584000	0.283160000
23.163587000	0.283149000
23.163590000	0.283107000
23.163593000	0.283105000
23.163597000	0.283106000
23.163600000	0.283021000
23.163603000	0.283018000
23.163606000	0.283018000
23.163610000	0.282942000
23.163613000	0.282940000
23.164459000	0.283783000
23.164464000	0.283705000
23.164467000	0.283703000
23.164471000	0.275950000
23.164474000	0.275948000
23.172411000	0.276835000
23.187538000	0.291957000
23.187554000	0.291964000
23.187558000	0.291919000
23.187561000	0.291919000
23.187564000	0.291919000
23.195499000	0.299762000
23.202529000	0.306787000
23.202546000	0.306801000
23.202550000	0.306723000
23.202554000	0.306721000
23.202558000	0.306722000
23.202561000	0.306644000
23.202565000	0.306642000
23.202569000	0.306643000
23.202572000	0.306564000
23.202576000	0.306563000
23.202580000	0.306564000
23.202583000	0.306493000
23.202587000	0.306491000
23.202591000	0.306492000
23.202595000	0.306461000
23.202598000	0.306461000
23.202603000	0.306463000
23.202714000	0.306309000
23.202730000	0.306322000
23.202734000	0.306317000
23.203566000	0.306790000
23.203582000	0.306802000
23.203587000	0.306804000
23.203591000	0.306737000
23.203594000	0.306737000
23.203598000	0.306738000
23.203602000	0.306696000
23.219509000	0.322600000
23.219527000	0.322615000
23.219532000	0.322572000
23.226523000	0.329561000
23.226540000	0.329575000
23.226546000	0.329533000
23.226551000	0.329199000
23.226555000	0.329200000
23.226561000	0.314065000
23.226566000	0.314065000
23.226571000	0.314059000
23.226581000	0.314041000
23.227386000	0.314843000
23.235517000	0.322972000
23.242472000	0.329808000
23.242488000	0.329818000
23.242492000	0.329819000
23.242496000	0.329712000
23.242500000	0.329706000
23.242503000	0.329703000
23.242535000	0.315023000
23.242541000	0.315022000
23.242544000	0.315012000
23.242548000	0.314973000
23.242551000	0.314973000
23.242554000	0.314973000
23.242558000	0.314928000
23.242561000	0.314927000
23.242565000	0.314927000
23.243423000	0.315739000
23.243439000	0.315750000
23.243443000	0.315751000
23.243446000	0.315698000
23.243450000	0.315698000
23.243454000	0.315697000
23.243616000	0.315821000
23.243632000	0.315833000
23.251550000	0.323747000
23.258468000	0.330582000
23.258482000	0.330590000
23.258486000	0.329911000
23.258489000	0.329909000
23.266415000	0.337825000
23.273429000	0.344805000
23.273444000	0.344817000
23.273448000	0.344819000
23.273452000	0.344730000
23.273455000	0.344728000
23.273458000	0.344728000
23.273600000	0.344838000
23.273606000	0.344841000
23.273610000	0.344842000
23.273613000	0.344798000
23.273616000	0.344798000
23.273620000	0.344799000
23.273623000	0.344754000
23.282427000	0.353040000
23.282443000	0.353046000
23.282447000	0.353040000
23.282450000	0.353020000
23.282454000	0.353021000
23.282584000	0.353148000
23.282603000	0.345104000
23.282610000	0.345106000
23.282614000	0.338030000
23.290542000	0.345953000
23.297486000	0.352886000
23.297503000	0.352870000
23.297507000	0.352871000
23.297581000	0.352942000
23.297596000	0.352862000
23.297600000	0.352858000
23.297603000	0.352857000
23.297607000	0.352828000
23.297611000	0.352828000
23.297614000	0.352827000
23.298437000	0.353603000
23.306504000	0.361666000
23.313415000	0.368573000
23.313433000	0.368542000
23.313466000	0.368055000
23.313474000	0.368060000
23.313479000	0.368056000
23.313484000	0.368029000
23.313489000	0.368031000
23.313494000	0.368033000
23.314469000	0.368960000
23.314487000	0.368975000
23.314492000	0.368978000
23.337445000	0.391885000
23.337465000	0.391903000
23.337610000	0.392045000
23.337626000	0.391271000
23.337630000	0.391256000
23.337635000	0.383160000
23.337639000	0.383159000
23.337643000	0.376126000
23.337647000	0.376126000
23.337651000	0.376121000
23.337655000	0.376094000
23.345560000	0.383995000
23.352571000	0.391004000
23.352588000	0.390975000
23.352593000	0.390977000
23.352596000	0.390977000
23.352600000	0.390935000
23.352604000	0.390936000
23.352613000	0.390942000
23.352617000	0.390900000
23.352621000	0.390901000
23.352625000	0.383157000
23.353435000	0.383963000
23.353451000	0.383969000
23.353456000	0.383955000
23.353460000	0.383956000
23.353464000	0.383957000
23.353467000	0.376968000
23.354414000	0.377910000
23.354430000	0.377916000
23.354435000	0.377875000
23.354578000	0.378015000
23.362475000	0.385909000
23.369472000	0.392859000
23.369489000	0.392873000
23.369493000	0.392874000
23.369571000	0.392904000
23.369587000	0.392917000
23.369591000	0.392918000
23.369595000	0.392873000
23.370425000	0.393700000
23.370441000	0.393713000
23.370445000	0.393668000
23.370449000	0.393670000
23.370453000	0.393671000
23.378552000	0.401720000
23.378567000	0.401731000
23.385562000	0.408722000
23.385579000	0.408692000
23.385584000	0.408147000
23.385587000	0.408147000
23.385591000	0.408111000
23.385596000	0.408110000
23.386436000	0.408884000
23.394502000	0.416902000
23.401409000	0.423803000
23.401425000	0.416929000
23.409421000	0.424892000
23.416516000	0.424060000
23.416530000	0.424032000
23.416535000	0.417023000
23.416539000	0.416986000
23.416545000	0.416986000
23.416549000	0.416892000
23.416553000	0.416857000
23.416557000	0.416855000
23.416561000	0.416761000
23.439410000	0.439525000
23.439426000	0.439532000
23.439430000	0.439448000
23.446497000	0.446430000
23.446512000	0.446437000
23.446517000	0.446407000
23.446521000	0.446361000
23.446525000	0.439089000
23.446533000	0.439055000
23.446540000	0.438949000
23.447510000	0.439873000
23.499476000	0.051801000
