1.983112000	0.045000000
2.024942000	0.034414000
2.029949000	0.039408000
2.029982000	0.039384000
2.031997000	0.041393000
2.032029000	0.041333000
2.032034000	0.041332000
2.032037000	0.041251000
2.032054000	0.041262000
2.035015000	0.044137000
2.035053000	0.044169000
2.059986000	0.035019000
2.060025000	0.035052000
2.065021000	0.035049000
2.065067000	0.035090000
2.065075000	0.035070000
2.065081000	0.035073000
2.065170000	0.033151000
2.069990000	0.037966000
2.070028000	0.037905000
2.074946000	0.042820000
2.074981000	0.042800000
2.077984000	0.045800000
2.078002000	0.045744000
2.078047000	0.045786000
2.078061000	0.045752000
2.078142000	0.045831000
2.078175000	0.043132000
2.078181000	0.043133000
2.078186000	0.043087000
2.078191000	0.043073000
2.099990000	0.039976000
2.100028000	0.040008000
2.100036000	0.039982000
2.100042000	0.039985000
2.104953000	0.039903000
2.104997000	0.039942000
2.109939000	0.044758000
2.109986000	0.044802000
2.112960000	0.047691000
2.112999000	0.047726000
2.113011000	0.047651000
2.113082000	0.047716000
2.113106000	0.047658000
2.114954000	0.049501000
2.114989000	0.044971000
2.117986000	0.047963000
2.118004000	0.047914000
2.118041000	0.047948000
2.118053000	0.043081000
2.118094000	0.043117000
2.118105000	0.043098000
2.118148000	0.043138000
2.118310000	0.040314000
2.118320000	0.040321000
2.119956000	0.041900000
2.120010000	0.041951000
2.123970000	0.045804000
2.123985000	0.045814000
2.142988000	0.042969000
2.143024000	0.043001000
2.143033000	0.042974000
2.143988000	0.043925000
2.144015000	0.043880000
2.144022000	0.043884000
2.149968000	0.049459000
2.153018000	0.037800000
2.154955000	0.036954000
2.159964000	0.041914000
2.169975000	0.051872000
2.170021000	0.051814000
2.178113000	0.054021000
2.178242000	0.035222000
2.178273000	0.035218000
2.178285000	0.035179000
2.179959000	0.035918000
2.179996000	0.035903000
2.189991000	0.039989000
2.192989000	0.042979000
2.200001000	0.049949000
2.200048000	0.049777000
2.204955000	0.054678000
2.205005000	0.054725000
2.216020000	0.065628000
2.216059000	0.065661000
2.216069000	0.065668000
2.216075000	0.065562000
2.216080000	0.065561000
2.216168000	0.065646000
2.216188000	0.065634000
2.216193000	0.065636000
2.216273000	0.063205000
2.216326000	0.063251000
2.216344000	0.063265000
2.216379000	0.063269000
2.216427000	0.063313000
2.216435000	0.063318000
2.216443000	0.063191000
2.216527000	0.063270000
2.216545000	0.063285000
2.216550000	0.063171000
2.216555000	0.063171000
2.216633000	0.063245000
2.216654000	0.063229000
2.216686000	0.063257000
2.216703000	0.063270000
2.216716000	0.063234000
2.216723000	0.063236000
2.216793000	0.063302000
2.216797000	0.063260000
2.216799000	0.063258000
2.216802000	0.063257000
2.216845000	0.063255000
2.216899000	0.063305000
2.216902000	0.063304000
2.216953000	0.063308000
2.216957000	0.063308000
2.216959000	0.063306000
2.217007000	0.063308000
2.217010000	0.063307000
2.217013000	0.063307000
2.217061000	0.063308000
2.218021000	0.064264000
2.218042000	0.064282000
2.219969000	0.066162000
2.219983000	0.066172000
2.223070000	0.069255000
2.223126000	0.069264000
2.223138000	0.069273000
2.223144000	0.069275000
2.223149000	0.069234000
2.223154000	0.069235000
2.223158000	0.069235000
2.223272000	0.069302000
2.223311000	0.069337000
2.223318000	0.069340000
2.223322000	0.069297000
2.223327000	0.069298000
2.223415000	0.069382000
2.223511000	0.069432000
2.223549000	0.069467000
2.223555000	0.069469000
2.223560000	0.069428000
2.223565000	0.068591000
2.223570000	0.068592000
2.223574000	0.068594000
2.223579000	0.068568000
2.223584000	0.063598000
2.223589000	0.063598000
2.223695000	0.063702000
2.223736000	0.063740000
2.223745000	0.053740000
2.223751000	0.053741000
2.223757000	0.053744000
2.223761000	0.053745000
2.223775000	0.053731000
2.223794000	0.053748000
2.223851000	0.053802000
2.223872000	0.053820000
2.223902000	0.053761000
2.223918000	0.053771000
2.223923000	0.053773000
2.223930000	0.053777000
2.228365000	0.050215000
2.229928000	0.051774000
2.229949000	0.051790000
2.234023000	0.055861000
2.234060000	0.055869000
2.234081000	0.055886000
2.234093000	0.055894000
2.234098000	0.055895000
2.234103000	0.055842000
2.234397000	0.056133000
2.234427000	0.056158000
2.234433000	0.054454000
2.234439000	0.054422000
2.234976000	0.054956000
2.239955000	0.046934000
2.251980000	0.051941000
2.252007000	0.051963000
2.252026000	0.051968000
2.252045000	0.051983000
2.252122000	0.052057000
2.252144000	0.052065000
2.252162000	0.047174000
2.252184000	0.047189000
2.252193000	0.047152000
2.259959000	0.043912000
2.263985000	0.047933000
2.264022000	0.047967000
2.264036000	0.047970000
2.264048000	0.047952000
2.264060000	0.047961000
2.264970000	0.048868000
2.265006000	0.048901000
2.269973000	0.053796000
2.273014000	0.056834000
2.273050000	0.056868000
2.273062000	0.056877000
2.273074000	0.056852000
2.273142000	0.056917000
2.273155000	0.056928000
2.273973000	0.057743000
2.273998000	0.057719000
2.274010000	0.057728000
2.274028000	0.057743000
2.274080000	0.057792000
2.275018000	0.058685000
2.275056000	0.058721000
2.278076000	0.061738000
2.278114000	0.061773000
2.278127000	0.061716000
2.278139000	0.061724000
2.278148000	0.061729000
2.278153000	0.061730000
2.278217000	0.061683000
2.278231000	0.061694000
2.278477000	0.061937000
2.278497000	0.061954000
2.278508000	0.061925000
2.278519000	0.061934000
2.278528000	0.061940000
2.278533000	0.061942000
2.278538000	0.061896000
2.278543000	0.061898000
2.278547000	0.061899000
2.278552000	0.061902000
2.278667000	0.061974000
2.278710000	0.062014000
2.278719000	0.062021000
2.278728000	0.062027000
2.278931000	0.062188000
2.278977000	0.062231000
2.278986000	0.062237000
2.278993000	0.062241000
2.279001000	0.062187000
2.279009000	0.062189000
2.279016000	0.062192000
2.280279000	0.063451000
2.280316000	0.063469000
2.283027000	0.066176000
2.283064000	0.066209000
2.283078000	0.066168000
2.283091000	0.066177000
2.283104000	0.066186000
2.283110000	0.066188000
2.283550000	0.066584000
2.283589000	0.066620000
2.283602000	0.066630000
2.283613000	0.066638000
2.283622000	0.066604000
2.283627000	0.066605000
2.283631000	0.066607000
2.283636000	0.066609000
2.283640000	0.066570000
2.283646000	0.066573000
2.283650000	0.066574000
2.283655000	0.066576000
2.283660000	0.066517000
2.283664000	0.066322000
2.368200000	0.144330000
2.373286000	0.132979000
2.378128000	0.125699000
2.384967000	0.106349000
2.389955000	0.106855000
2.399958000	0.116807000
2.399983000	0.101532000
2.464960000	0.034864000
