19.083671000	0.306525000
19.445543000	0.360403000
19.445553000	0.360402000
19.445558000	0.360216000
19.773504000	0.327932000
19.773523000	0.327946000
19.773527000	0.327861000
19.788534000	0.342861000
19.788555000	0.342858000
19.788560000	0.342859000
19.788570000	0.342736000
19.788576000	0.342738000
19.788582000	0.342712000
19.789571000	0.343698000
19.789589000	0.343663000
20.102650000	0.329138000
20.102674000	0.329159000
20.102682000	0.329139000
20.103558000	0.330011000
20.112444000	0.338843000
20.119622000	0.346018000
20.119641000	0.331099000
20.119655000	0.331110000
20.119661000	0.330986000
20.119667000	0.330988000
20.119672000	0.330946000
20.119676000	0.330947000
20.119682000	0.330862000
20.120416000	0.331591000
20.120440000	0.331539000
20.120447000	0.331540000
20.120452000	0.331469000
20.120456000	0.331468000
20.120619000	0.331036000
20.121449000	0.331863000
20.136601000	0.346981000
20.136620000	0.346997000
20.481582000	0.378918000
20.481603000	0.378936000
20.481611000	0.378910000
20.481617000	0.378913000
20.481623000	0.378856000
20.482526000	0.379755000
20.496635000	0.393050000
20.496673000	0.393083000
20.503496000	0.391022000
20.503524000	0.391045000
20.503536000	0.383901000
20.518582000	0.398944000
20.518599000	0.398802000
20.518607000	0.398806000
20.518612000	0.398754000
20.518617000	0.398756000
20.518622000	0.398670000
20.518627000	0.398669000
20.518632000	0.398585000
20.518636000	0.398583000
20.519550000	0.399415000
20.519566000	0.399426000
20.519571000	0.399344000
20.519585000	0.399353000
20.519589000	0.399270000
20.519594000	0.399161000
20.519599000	0.399116000
20.519604000	0.399063000
20.519607000	0.398980000
20.520422000	0.399767000
20.539538000	0.418830000
20.546462000	0.425006000
20.546534000	0.409920000
20.546546000	0.409908000
20.594418000	0.457777000
20.885653000	0.404053000
20.886587000	0.404946000
20.886613000	0.404968000
20.892614000	0.410916000
20.892638000	0.410937000
20.892648000	0.410769000
20.892657000	0.410775000
20.892665000	0.410737000
20.892674000	0.410743000
20.893563000	0.411024000
20.893585000	0.411043000
20.908562000	0.411898000
20.908588000	0.411920000
20.908598000	0.411801000
20.908606000	0.411805000
20.908611000	0.405096000
20.908615000	0.405096000
20.908620000	0.405059000
20.908625000	0.405060000
20.908629000	0.405015000
20.908634000	0.405015000
20.909580000	0.390986000
20.909597000	0.391000000
20.919466000	0.400811000
20.926602000	0.407944000
20.926621000	0.407910000
20.926627000	0.407914000
20.926632000	0.407874000
20.926641000	0.407881000
20.926646000	0.407835000
20.926651000	0.407837000
20.926656000	0.407791000
20.926661000	0.407793000
20.926666000	0.407747000
20.927598000	0.408677000
20.927634000	0.408661000
20.927640000	0.408614000
20.927647000	0.408088000
20.927652000	0.408017000
20.927657000	0.407938000
20.928542000	0.408791000
20.928567000	0.408763000
20.928574000	0.408717000
20.936550000	0.416639000
20.943565000	0.423601000
20.943601000	0.423582000
20.943607000	0.423535000
20.943613000	0.423487000
20.943617000	0.423437000
20.943623000	0.423389000
20.959563000	0.439131000
20.959587000	0.439122000
20.966580000	0.427028000
20.966598000	0.427029000
20.966604000	0.420109000
20.966611000	0.420034000
20.966616000	0.419961000
20.981509000	0.434828000
20.981534000	0.434779000
20.981543000	0.434754000
21.021558000	0.427128000
21.061546000	0.467113000
21.284477000	0.398805000
21.293482000	0.407757000
21.300516000	0.413913000
21.300537000	0.413907000
21.300543000	0.413911000
21.323548000	0.430918000
21.323574000	0.430940000
21.323585000	0.430889000
21.323594000	0.430894000
21.323602000	0.430850000
21.323613000	0.430856000
21.323619000	0.430814000
21.323623000	0.430814000
21.323633000	0.430771000
21.323638000	0.430772000
21.323647000	0.430734000
21.323652000	0.430735000
21.339629000	0.446052000
21.339666000	0.446085000
21.339674000	0.446069000
21.346632000	0.453024000
21.346648000	0.438068000
21.346657000	0.438073000
21.346660000	0.437999000
21.346663000	0.437999000
21.346667000	0.437956000
21.346670000	0.437957000
21.346673000	0.437917000
21.346676000	0.437917000
21.346679000	0.437871000
21.347648000	0.438837000
21.347659000	0.438798000
21.347666000	0.438801000
21.347671000	0.438756000
21.347675000	0.438757000
21.347678000	0.438711000
21.347681000	0.438711000
21.347684000	0.438662000
21.347688000	0.438662000
21.348389000	0.439273000
21.348511000	0.439390000
21.348523000	0.438931000
21.348530000	0.438935000
21.348534000	0.438922000
21.348538000	0.438923000
21.348541000	0.429062000
21.371608000	0.452126000
21.371618000	0.445004000
21.371625000	0.445007000
21.371629000	0.444926000
21.371632000	0.444919000
21.371635000	0.444803000
21.371638000	0.444803000
21.371641000	0.444773000
21.371645000	0.444770000
21.371648000	0.444732000
21.371651000	0.444732000
21.379561000	0.452592000
21.379597000	0.452625000
21.386543000	0.459522000
21.386572000	0.459548000
21.386580000	0.459506000
21.386585000	0.459508000
21.386588000	0.459461000
21.386592000	0.459462000
21.386597000	0.459418000
21.386601000	0.459419000
21.386604000	0.458980000
21.386608000	0.458979000
21.386611000	0.458937000
21.387554000	0.459877000
21.387579000	0.459814000
21.387590000	0.459819000
21.387599000	0.459752000
21.387604000	0.459751000
21.387609000	0.459681000
21.387613000	0.459679000
21.387618000	0.459608000
21.387623000	0.459607000
21.387627000	0.459536000
21.388460000	0.460363000
21.388489000	0.460317000
21.388497000	0.460319000
21.388502000	0.460289000
21.388505000	0.460289000
21.388508000	0.460241000
21.388512000	0.460242000
21.389484000	0.460924000
21.389510000	0.460946000
21.389518000	0.460919000
21.389522000	0.460921000
21.389525000	0.460873000
21.396503000	0.467848000
21.396532000	0.467827000
21.396542000	0.467834000
21.396674000	0.467914000
21.396704000	0.467942000
21.396713000	0.467900000
21.396717000	0.460142000
21.396722000	0.460114000
21.397491000	0.453899000
21.405405000	0.461588000
21.412478000	0.468610000
21.412509000	0.468516000
21.412514000	0.468400000
21.420480000	0.476247000
21.427446000	0.483148000
21.427479000	0.483140000
21.427484000	0.483090000
21.427501000	0.483053000
21.427505000	0.483002000
21.427508000	0.482949000
21.427512000	0.467933000
21.427516000	0.467904000
21.428464000	0.468798000
21.428476000	0.468754000
21.428481000	0.461889000
21.428484000	0.461851000
21.443431000	0.476705000
21.443471000	0.476703000
21.443479000	0.476660000
21.443485000	0.476614000
21.443495000	0.476567000
21.443500000	0.476478000
21.443506000	0.476403000
21.443511000	0.476326000
21.451441000	0.469916000
21.458415000	0.476844000
21.458508000	0.476852000
21.458523000	0.476850000
21.479515000	0.497756000
21.479528000	0.497714000
21.496576000	0.475005000
21.503599000	0.482010000
21.549489000	0.487931000
21.606550000	0.544989000
21.794475000	0.509982000
21.802477000	0.517969000
21.809554000	0.524944000
21.809567000	0.516057000
21.809578000	0.516063000
21.809585000	0.516042000
21.809590000	0.516044000
21.810559000	0.510028000
21.810568000	0.510034000
21.810574000	0.510012000
21.810578000	0.510013000
21.826551000	0.525888000
21.826561000	0.525895000
21.826568000	0.525828000
21.826572000	0.525826000
21.827441000	0.503875000
21.827450000	0.503880000
21.827458000	0.503782000
21.835551000	0.511870000
21.850560000	0.526821000
21.850570000	0.526828000
21.850578000	0.526794000
21.850582000	0.526794000
21.850586000	0.526745000
21.850589000	0.526744000
21.850592000	0.526695000
21.850595000	0.526694000
21.850598000	0.526645000
21.850601000	0.526644000
21.850604000	0.526598000
21.850608000	0.526598000
21.850611000	0.510952000
21.850783000	0.511111000
21.850795000	0.511105000
21.850799000	0.504156000
21.850803000	0.504149000
21.858532000	0.511630000
21.865581000	0.518675000
21.865592000	0.518624000
21.865600000	0.518629000
21.865604000	0.518541000
21.865608000	0.518539000
21.865613000	0.518454000
21.865617000	0.518453000
21.866524000	0.518868000
21.866537000	0.518873000
21.866547000	0.518844000
21.866553000	0.518847000
21.874543000	0.526743000
21.881532000	0.533726000
21.881543000	0.533702000
21.881550000	0.533706000
21.881554000	0.533660000
21.881557000	0.533153000
21.881561000	0.533041000
21.881564000	0.533036000
21.881567000	0.533013000
21.881571000	0.533014000
21.881574000	0.532968000
21.881577000	0.532968000
21.881585000	0.509970000
21.882534000	0.510912000
21.882544000	0.510868000
21.882551000	0.510872000
21.882556000	0.510838000
21.899447000	0.527726000
21.899479000	0.527708000
21.899607000	0.527832000
21.899635000	0.527812000
21.906616000	0.534790000
21.906627000	0.534750000
21.906635000	0.527046000
21.906639000	0.527034000
21.906643000	0.520077000
21.906646000	0.520068000
21.906649000	0.520023000
21.906652000	0.520023000
21.906655000	0.519975000
21.906659000	0.519976000
21.906662000	0.519931000
21.906665000	0.519931000
21.906668000	0.519886000
21.906672000	0.519886000
21.906675000	0.519837000
21.906680000	0.519107000
21.906683000	0.519096000
21.907435000	0.519790000
21.907581000	0.519932000
21.907591000	0.519888000
21.907598000	0.519889000
21.907602000	0.519849000
21.907605000	0.519849000
21.907608000	0.519803000
21.907612000	0.519804000
21.907615000	0.519132000
21.907618000	0.519123000
21.907621000	0.519095000
21.907625000	0.519096000
21.907628000	0.519010000
21.907631000	0.519007000
21.907635000	0.518936000
21.908451000	0.518947000
21.908463000	0.518947000
21.908470000	0.518930000
21.908474000	0.518931000
21.908479000	0.518888000
21.916479000	0.519953000
21.923475000	0.526936000
21.923512000	0.526954000
21.923521000	0.526824000
21.923525000	0.526815000
21.923528000	0.526791000
21.923778000	0.527038000
21.923796000	0.526934000
21.924415000	0.527547000
21.932438000	0.535458000
21.939573000	0.542067000
21.939584000	0.542075000
21.939591000	0.534157000
21.939596000	0.534155000
21.939599000	0.527099000
21.939604000	0.527099000
21.939608000	0.527067000
21.939611000	0.527067000
21.939614000	0.526976000
21.939618000	0.526974000
21.939621000	0.519119000
21.940431000	0.519924000
21.940582000	0.513113000
21.940591000	0.513117000
21.940598000	0.513067000
21.940602000	0.513068000
21.940606000	0.512983000
21.940668000	0.513039000
21.940678000	0.512971000
21.940682000	0.512969000
21.941522000	0.513734000
21.941537000	0.513743000
21.949549000	0.521680000
21.956558000	0.528683000
21.956568000	0.528618000
21.956576000	0.528620000
21.956579000	0.528586000
21.956585000	0.528589000
21.956588000	0.528117000
21.956591000	0.528117000
21.956595000	0.528097000
21.956598000	0.528097000
21.956601000	0.528051000
21.956604000	0.528051000
21.957562000	0.528958000
21.957574000	0.528967000
21.957587000	0.514129000
21.957593000	0.514128000
21.957599000	0.514034000
21.957604000	0.514035000
21.965491000	0.521874000
21.972660000	0.528988000
21.972673000	0.528945000
21.972677000	0.528892000
21.972682000	0.528843000
21.980477000	0.536583000
21.987538000	0.536070000
21.987553000	0.529103000
21.987560000	0.529040000
21.987565000	0.529019000
21.987571000	0.508045000
21.987577000	0.508029000
22.033519000	0.536933000
22.033539000	0.529913000
22.074547000	0.525047000
22.161502000	0.554943000
22.321556000	0.527069000
22.321581000	0.512018000
22.321586000	0.511974000
22.336512000	0.526841000
22.336534000	0.525962000
22.336538000	0.525944000
22.336542000	0.509977000
22.336546000	0.509942000
22.352556000	0.525101000
22.352578000	0.517004000
22.352582000	0.502006000
22.352586000	0.501956000
22.353407000	0.502615000
22.353570000	0.495012000
22.361592000	0.502991000
22.368533000	0.509841000
22.368688000	0.509914000
22.368693000	0.509838000
22.368698000	0.509761000
22.368702000	0.503105000
22.368707000	0.503071000
22.377497000	0.511794000
22.384501000	0.517968000
22.384512000	0.517935000
22.384521000	0.509955000
22.384524000	0.502977000
22.384529000	0.502923000
22.385531000	0.503874000
22.385547000	0.503837000
22.385551000	0.503735000
22.385556000	0.503651000
22.400527000	0.517978000
22.400549000	0.517967000
22.400555000	0.501070000
22.400559000	0.500918000
22.415466000	0.508834000
22.415561000	0.508860000
22.415577000	0.508748000
22.415582000	0.508635000
22.415586000	0.508521000
22.415590000	0.508409000
22.415594000	0.508295000
22.415600000	0.508184000
22.415605000	0.508154000
22.415609000	0.508013000
22.415614000	0.507964000
22.423450000	0.515747000
22.430616000	0.522859000
22.430633000	0.522823000
22.430637000	0.522775000
22.430641000	0.522723000
22.430645000	0.522178000
22.430648000	0.522137000
22.430652000	0.514152000
22.430656000	0.507138000
22.430660000	0.506868000
22.431562000	0.507122000
22.431581000	0.507098000
22.431586000	0.492005000
22.459536000	0.519895000
22.459557000	0.519827000
22.459562000	0.519749000
22.459566000	0.519637000
22.466563000	0.526516000
22.466571000	0.525983000
22.466576000	0.525957000
22.466581000	0.525909000
22.466585000	0.525860000
22.466589000	0.525055000
22.466593000	0.517018000
22.466597000	0.510024000
22.466601000	0.509966000
22.466605000	0.509929000
22.467600000	0.510872000
22.467605000	0.510825000
22.467609000	0.510038000
22.467615000	0.509993000
22.467619000	0.509945000
22.479413000	0.513900000
22.479472000	0.506805000
22.486547000	0.513848000
22.486554000	0.513750000
22.494497000	0.521599000
22.501547000	0.521046000
22.501553000	0.514007000
22.519453000	0.531844000
22.519458000	0.531798000
22.526516000	0.538812000
22.526523000	0.538769000
22.526529000	0.538717000
22.526535000	0.493004000
22.526541000	0.492980000
22.526546000	0.451984000
22.526552000	0.365024000
22.526558000	0.204980000
22.526564000	0.204948000
22.526570000	0.204903000
22.526576000	0.190046000
22.526582000	0.190018000
22.526587000	0.189973000
22.527461000	0.190747000
22.527471000	0.174896000
22.579543000	0.051886000
