7.701765000	0.178647000
7.937703000	0.233997000
7.937717000	0.234000000
7.937722000	0.233980000
7.937732000	0.233986000
7.937735000	0.233892000
7.938582000	0.234550000
8.143655000	0.205943000
8.143677000	0.205962000
8.143690000	0.205112000
8.143697000	0.205107000
8.143702000	0.205090000
8.143716000	0.205101000
8.144559000	0.205849000
8.144598000	0.205882000
8.144606000	0.205809000
8.144612000	0.205809000
8.144616000	0.205732000
8.144622000	0.205732000
8.144632000	0.205659000
8.144637000	0.205659000
8.153642000	0.214629000
8.153660000	0.214644000
8.406673000	0.263003000
8.406710000	0.263036000
8.406719000	0.262907000
8.406725000	0.262909000
8.407603000	0.263730000
8.407622000	0.263744000
8.422580000	0.278610000
8.422634000	0.278659000
8.422646000	0.278588000
8.422656000	0.278592000
8.430559000	0.286406000
8.437662000	0.293503000
8.437697000	0.293110000
8.437710000	0.293117000
8.437717000	0.293055000
8.437723000	0.293057000
8.437728000	0.293010000
8.437734000	0.293013000
8.437739000	0.292958000
8.437744000	0.292960000
8.438673000	0.293815000
8.438683000	0.293822000
8.438691000	0.293758000
8.438695000	0.293759000
8.438699000	0.293715000
8.438702000	0.293715000
8.438705000	0.293667000
8.438708000	0.293667000
8.439524000	0.285870000
8.439551000	0.285893000
8.439559000	0.285874000
8.439710000	0.286022000
8.677645000	0.270945000
8.684523000	0.277818000
8.684602000	0.277861000
8.684691000	0.277947000
8.684698000	0.277857000
8.684705000	0.277858000
8.685591000	0.278663000
8.685599000	0.278665000
8.686482000	0.278866000
8.694498000	0.286879000
8.701669000	0.293932000
8.701698000	0.293958000
8.701706000	0.279082000
8.701711000	0.279081000
8.701715000	0.279027000
8.701718000	0.279027000
8.701721000	0.278993000
8.701725000	0.278993000
8.702572000	0.279759000
8.702601000	0.272019000
8.702609000	0.264921000
8.702613000	0.264907000
8.702617000	0.264853000
8.710636000	0.272867000
8.717624000	0.279808000
8.717635000	0.279815000
8.717643000	0.279774000
8.717647000	0.279774000
8.717651000	0.279723000
8.717654000	0.278974000
8.717657000	0.278969000
8.718655000	0.279918000
8.718683000	0.279943000
8.718692000	0.279887000
8.718700000	0.279892000
8.718703000	0.279836000
8.718706000	0.279161000
8.719592000	0.280007000
8.761603000	0.321888000
9.019741000	0.335196000
9.019755000	0.335059000
9.032696000	0.347963000
9.039581000	0.353976000
9.039612000	0.345092000
9.039617000	0.337913000
9.047546000	0.345803000
9.054584000	0.352740000
9.054597000	0.352661000
9.054601000	0.351995000
9.054605000	0.351971000
9.054609000	0.343949000
9.055636000	0.337996000
9.055668000	0.337993000
9.055674000	0.337892000
9.063558000	0.344881000
9.070650000	0.351928000
9.070667000	0.351847000
9.070673000	0.351765000
9.070687000	0.351085000
9.159662000	0.398041000
9.313698000	0.293945000
9.332682000	0.312897000
9.339628000	0.306923000
9.339639000	0.300031000
9.339709000	0.300066000
9.339725000	0.299972000
9.339729000	0.292155000
9.354548000	0.299954000
9.354586000	0.299957000
9.354593000	0.299914000
9.354600000	0.299869000
9.354605000	0.299821000
9.362610000	0.306951000
9.369650000	0.313950000
9.369670000	0.313872000
9.369674000	0.306093000
9.369678000	0.299019000
9.385623000	0.314823000
9.392551000	0.321667000
9.392562000	0.321631000
9.429580000	0.358644000
9.596573000	0.436903000
9.687602000	0.373891000
9.696563000	0.363872000
9.703540000	0.363903000
9.704544000	0.364882000
9.704574000	0.364851000
9.704579000	0.364811000
9.705537000	0.365716000
9.732576000	0.377996000
9.732618000	0.377987000
9.739560000	0.384874000
9.739702000	0.384960000
9.739713000	0.384878000
9.739718000	0.377080000
9.739722000	0.370062000
9.739725000	0.370028000
9.739730000	0.369929000
9.739734000	0.369900000
9.739737000	0.354085000
9.740478000	0.347918000
9.740595000	0.348012000
9.831636000	0.402049000
9.913682000	0.226062000
9.920674000	0.224087000
9.920727000	0.217175000
9.920741000	0.216176000
9.920751000	0.216154000
9.920755000	0.216106000
9.920759000	0.215210000
9.920763000	0.188155000
9.920767000	0.188119000
9.920771000	0.188070000
9.920775000	0.181187000
9.921597000	0.181886000
9.921609000	0.181856000
9.921613000	0.181758000
9.927579000	0.187632000
9.927601000	0.187564000
9.927605000	0.187480000
9.927608000	0.187396000
9.927755000	0.187456000
9.927775000	0.187280000
9.935594000	0.194991000
9.951601000	0.037899000
9.958533000	0.037840000
9.958556000	0.037821000
9.980563000	0.059768000
9.980592000	0.059737000
9.980600000	0.059700000
9.980602000	0.059626000
9.987610000	0.066561000
9.987634000	0.066530000
9.987638000	0.066484000
9.987640000	0.066433000
9.987643000	0.066038000
9.987646000	0.065992000
9.994540000	0.072832000
9.994562000	0.066968000
9.994565000	0.066920000
9.994568000	0.066799000
9.994570000	0.066734000
9.994573000	0.066633000
9.995599000	0.067547000
9.995622000	0.060017000
10.010639000	0.059014000
10.010669000	0.052120000
10.010674000	0.052084000
10.018574000	0.037990000
10.025518000	0.044860000
10.033529000	0.052821000
10.040632000	0.059849000
10.040655000	0.053028000
10.040659000	0.052993000
10.040662000	0.052907000
10.040668000	0.052829000
10.040674000	0.052756000
10.040680000	0.052675000
10.040683000	0.052596000
10.041537000	0.046979000
10.041558000	0.046964000
10.041562000	0.046910000
10.041564000	0.046865000
10.049534000	0.054783000
10.056627000	0.061823000
10.056669000	0.061051000
10.056673000	0.061019000
10.056676000	0.046011000
10.056679000	0.045977000
10.056682000	0.045929000
10.057633000	0.039036000
10.057647000	0.032110000
10.072668000	0.039121000
10.072693000	0.032042000
10.072697000	0.032000000
10.120491000	0.079672000
10.120542000	0.079637000
10.120561000	0.079580000
10.128683000	0.087651000
10.128707000	0.087116000
10.128714000	0.087071000
10.128717000	0.087021000
10.128719000	0.079166000
10.128722000	0.072061000
10.128724000	0.072031000
10.128727000	0.071960000
10.128730000	0.071890000
10.128738000	0.071847000
10.128743000	0.071799000
10.129523000	0.071881000
10.129537000	0.071811000
10.129543000	0.071773000
10.129546000	0.056856000
10.129548000	0.056790000
10.129551000	0.056707000
10.172536000	0.052014000
10.172575000	0.052023000
10.172580000	0.051979000
10.179665000	0.050961000
10.179698000	0.050939000
10.179708000	0.050857000
10.179717000	0.050651000
10.179725000	0.050623000
10.179731000	0.050576000
10.179736000	0.050529000
10.179741000	0.050474000
10.180618000	0.051296000
10.180632000	0.051265000
10.180636000	0.051217000
10.180643000	0.051171000
10.188540000	0.059006000
10.212487000	0.039916000
10.212654000	0.040044000
10.212670000	0.039927000
10.232606000	0.059804000
10.232643000	0.059730000
10.232648000	0.059707000
10.239684000	0.066689000
10.239717000	0.066669000
10.239722000	0.066619000
10.239726000	0.060039000
10.239731000	0.059972000
10.239734000	0.059924000
10.240582000	0.060718000
10.240614000	0.060696000
10.240630000	0.060656000
10.240636000	0.060610000
10.240642000	0.060562000
10.248515000	0.067889000
10.255679000	0.075005000
10.255711000	0.074971000
10.263628000	0.082846000
10.263660000	0.075094000
10.263666000	0.051149000
10.270528000	0.057976000
10.270566000	0.057899000
10.270574000	0.057861000
10.278534000	0.045897000
10.285549000	0.052864000
10.285581000	0.052852000
10.293538000	0.053826000
10.300468000	0.060716000
10.300637000	0.060761000
10.300654000	0.060690000
10.308591000	0.068536000
10.308621000	0.068524000
10.308626000	0.068018000
10.315529000	0.074755000
10.315574000	0.074736000
10.323534000	0.082640000
10.330554000	0.089609000
10.330589000	0.082051000
10.330597000	0.074891000
10.330602000	0.074860000
10.330607000	0.066951000
10.345558000	0.081830000
10.345609000	0.081768000
10.345616000	0.075056000
10.345622000	0.075024000
10.353597000	0.082942000
10.360613000	0.082046000
10.360652000	0.075076000
10.360660000	0.075015000
10.360666000	0.067099000
10.360672000	0.060178000
10.360677000	0.060026000
10.368645000	0.067948000
10.376648000	0.068031000
10.376680000	0.068031000
10.376685000	0.067983000
10.376689000	0.061122000
10.391588000	0.075986000
10.391621000	0.068053000
10.391626000	0.061042000
10.391630000	0.060998000
10.391640000	0.060954000
10.391643000	0.060898000
10.392546000	0.061745000
10.392566000	0.046963000
10.400566000	0.054919000
10.407558000	0.061856000
10.407592000	0.061836000
10.407598000	0.053973000
10.407602000	0.046956000
10.407606000	0.046896000
10.432538000	0.071772000
10.432573000	0.071748000
10.432578000	0.071676000
10.439585000	0.078607000
10.439618000	0.070945000
10.439624000	0.062953000
10.439628000	0.062924000
10.439631000	0.062827000
10.439642000	0.062773000
10.439646000	0.048035000
10.439650000	0.047990000
10.439654000	0.047896000
10.440583000	0.048787000
10.440606000	0.048762000
10.440611000	0.048714000
10.440615000	0.048056000
10.440619000	0.048020000
10.448516000	0.047924000
10.455581000	0.047999000
10.455614000	0.047990000
10.455620000	0.047878000
10.455624000	0.047764000
10.456641000	0.048662000
10.472566000	0.040002000
10.472601000	0.039997000
10.472606000	0.039894000
10.492679000	0.053070000
10.492720000	0.052955000
10.492726000	0.052911000
10.499633000	0.059719000
10.499696000	0.059689000
10.499710000	0.059615000
10.499715000	0.059533000
10.499719000	0.059443000
10.499722000	0.059412000
10.499726000	0.059128000
10.499729000	0.059092000
10.499733000	0.059043000
10.499737000	0.058995000
10.500548000	0.059753000
10.500569000	0.052029000
10.500574000	0.044971000
10.500578000	0.044939000
10.508595000	0.052894000
10.515529000	0.059730000
10.515561000	0.058898000
10.515689000	0.043097000
10.515700000	0.043067000
10.515704000	0.042973000
10.515708000	0.042890000
10.552551000	0.059842000
10.552598000	0.059602000
10.552606000	0.059559000
10.559691000	0.060030000
10.559710000	0.060003000
10.559715000	0.059962000
10.559720000	0.059858000
10.559725000	0.059775000
10.559729000	0.059687000
10.559733000	0.059599000
10.559738000	0.059516000
10.559742000	0.059482000
10.560555000	0.060242000
10.560571000	0.060006000
10.560576000	0.059968000
10.561606000	0.060945000
10.569495000	0.068780000
10.576700000	0.068076000
10.576717000	0.061162000
10.576722000	0.061136000
10.584582000	0.068885000
10.591597000	0.075849000
10.591613000	0.075813000
10.591617000	0.075764000
10.599563000	0.046971000
10.606606000	0.053884000
10.606622000	0.053842000
10.652629000	0.045866000
