9.772139000	0.033129000
9.811937000	0.034527000
9.811976000	0.034556000
9.825039000	0.047544000
9.825074000	0.047571000
9.825085000	0.047509000
9.825089000	0.047508000
9.825093000	0.047436000
9.825096000	0.047434000
9.825099000	0.047361000
9.825173000	0.047430000
9.854949000	0.042984000
9.855004000	0.043033000
9.855012000	0.043006000
9.855016000	0.043007000
9.865039000	0.039975000
9.865071000	0.040002000
9.865076000	0.039897000
9.865080000	0.039897000
9.866913000	0.041619000
9.866945000	0.041644000
9.870024000	0.044684000
9.870056000	0.044713000
9.870063000	0.044626000
9.870069000	0.044626000
9.870074000	0.044556000
9.870078000	0.044554000
9.870148000	0.044518000
9.870151000	0.044514000
9.870153000	0.044440000
9.870154000	0.044435000
9.891913000	0.036929000
9.891953000	0.036961000
9.893994000	0.038873000
9.894026000	0.038900000
9.894031000	0.038849000
9.894034000	0.038849000
9.894037000	0.038799000
9.896962000	0.041721000
9.906913000	0.041852000
9.906947000	0.041881000
9.911959000	0.046799000
9.911993000	0.046829000
9.914925000	0.049729000
9.914956000	0.049757000
9.914980000	0.049684000
9.915073000	0.049772000
9.915101000	0.048166000
9.915105000	0.048165000
9.915108000	0.048135000
9.915204000	0.048228000
9.915241000	0.045195000
9.915246000	0.045195000
9.915249000	0.045143000
9.915252000	0.045142000
9.915255000	0.045091000
9.915324000	0.045157000
9.915327000	0.045119000
9.915377000	0.045165000
9.915380000	0.045072000
9.915383000	0.045070000
9.916875000	0.046474000
9.916912000	0.046506000
9.919952000	0.049460000
9.919974000	0.049395000
9.919980000	0.049360000
9.919983000	0.049309000
9.927288000	0.035346000
9.927320000	0.035330000
9.931903000	0.037887000
9.931937000	0.037885000
9.935970000	0.041794000
9.936011000	0.041716000
9.936018000	0.041603000
9.936024000	0.039035000
9.941895000	0.034958000
9.941930000	0.034988000
9.945223000	0.038171000
9.945369000	0.038314000
9.945400000	0.033418000
9.945513000	0.033525000
9.945561000	0.033541000
9.946875000	0.034851000
9.951900000	0.036954000
9.951932000	0.036981000
9.955928000	0.040943000
9.955960000	0.040972000
9.955970000	0.040878000
9.955974000	0.040878000
9.955986000	0.040762000
9.956944000	0.041708000
9.956991000	0.041709000
9.960059000	0.044774000
9.960090000	0.044745000
9.960102000	0.044750000
9.960106000	0.044721000
9.960110000	0.044721000
9.960113000	0.044673000
9.960116000	0.044671000
9.960119000	0.044634000
9.960253000	0.044765000
9.960288000	0.044751000
9.960291000	0.044751000
9.960295000	0.044706000
9.960298000	0.044706000
9.960301000	0.044659000
9.960304000	0.044659000
9.960393000	0.044698000
9.960411000	0.044713000
9.960414000	0.044667000
9.960474000	0.044724000
9.960491000	0.044690000
9.960494000	0.044690000
9.960497000	0.044644000
9.960550000	0.044694000
9.960567000	0.044661000
9.961894000	0.045985000
9.961921000	0.045963000
9.965003000	0.049042000
9.965030000	0.048131000
9.965040000	0.048134000
9.965044000	0.048110000
9.965047000	0.048109000
9.965054000	0.045088000
9.965057000	0.045086000
9.965060000	0.045056000
9.965231000	0.045224000
9.965249000	0.045190000
9.965253000	0.045138000
9.965257000	0.045092000
9.965261000	0.045043000
9.965267000	0.044997000
9.965271000	0.037956000
9.965275000	0.037936000
9.965371000	0.038026000
9.965408000	0.037937000
9.971927000	0.039998000
9.971974000	0.039891000
9.975956000	0.043866000
9.975992000	0.043852000
9.977137000	0.041136000
9.977173000	0.041129000
9.981936000	0.045884000
9.981972000	0.045868000
9.986048000	0.049859000
9.986094000	0.049896000
9.986106000	0.049827000
9.986119000	0.049754000
9.986125000	0.044202000
9.986883000	0.044915000
9.986919000	0.044945000
9.986935000	0.041685000
9.992023000	0.046628000
9.992061000	0.046630000
9.995126000	0.049587000
9.995181000	0.049612000
9.995201000	0.048314000
9.995209000	0.043282000
9.995213000	0.043273000
9.995217000	0.039262000
9.995903000	0.039935000
9.996901000	0.040908000
9.996922000	0.040923000
10.002952000	0.046858000
10.002989000	0.046005000
10.005981000	0.045885000
10.006029000	0.045895000
10.006033000	0.045893000
10.006037000	0.045765000
10.006040000	0.045760000
10.007047000	0.046648000
10.007076000	0.046670000
10.007089000	0.046609000
10.010970000	0.050485000
10.011007000	0.045763000
10.011053000	0.045658000
10.016028000	0.050627000
10.016940000	0.051503000
10.021941000	0.056498000
10.021973000	0.056447000
10.025947000	0.060412000
10.025976000	0.060436000
10.025987000	0.060366000
10.026097000	0.060470000
10.026125000	0.060462000
10.026944000	0.061275000
10.026973000	0.061218000
10.029986000	0.064223000
10.030015000	0.064246000
10.030027000	0.064229000
10.030037000	0.064233000
10.030045000	0.064192000
10.030151000	0.064249000
10.030179000	0.064272000
10.031887000	0.065974000
10.031923000	0.065965000
10.034949000	0.068986000
10.034972000	0.063012000
10.034989000	0.063022000
10.035070000	0.063069000
10.035127000	0.063115000
10.035145000	0.059160000
10.035975000	0.059988000
10.036007000	0.060009000
10.036020000	0.059997000
10.036027000	0.060001000
10.036031000	0.060002000
10.036034000	0.058876000
10.036873000	0.059710000
10.036922000	0.059756000
10.039917000	0.062748000
10.040172000	0.062994000
10.040192000	0.062995000
10.040204000	0.063005000
10.040210000	0.063008000
10.040214000	0.058257000
10.040217000	0.058255000
10.040220000	0.058255000
10.040223000	0.058255000
10.040230000	0.058252000
10.040233000	0.058229000
10.040236000	0.058229000
10.040432000	0.058422000
10.040464000	0.054392000
10.041971000	0.055891000
10.042003000	0.055919000
10.044922000	0.058834000
10.044967000	0.058865000
10.044982000	0.058587000
10.044992000	0.058591000
10.044995000	0.058590000
10.045208000	0.058799000
10.045254000	0.058841000
10.045258000	0.058822000
10.045262000	0.058821000
10.045266000	0.058822000
10.045269000	0.058821000
10.045272000	0.058784000
10.045275000	0.058782000
10.045279000	0.058782000
10.045282000	0.058781000
10.046064000	0.059523000
10.046110000	0.059566000
10.046114000	0.059214000
10.046117000	0.059212000
10.046121000	0.059212000
10.046900000	0.059987000
10.046946000	0.060020000
10.051906000	0.064975000
10.052059000	0.065105000
10.052090000	0.065133000
10.055020000	0.068059000
10.055054000	0.068089000
10.055068000	0.068099000
10.055954000	0.068947000
10.055985000	0.063940000
10.055999000	0.063949000
10.056009000	0.063956000
10.056110000	0.064054000
10.056891000	0.064823000
10.056922000	0.064851000
10.056937000	0.064853000
10.060058000	0.067971000
10.060075000	0.064928000
10.060081000	0.064929000
10.060087000	0.064932000
10.060092000	0.064935000
10.060223000	0.065035000
10.060240000	0.065048000
10.060245000	0.065050000
10.060249000	0.065051000
10.060254000	0.065048000
10.060258000	0.065019000
10.060295000	0.065053000
10.060300000	0.065055000
10.060358000	0.065110000
10.060380000	0.065129000
10.060385000	0.065047000
10.060389000	0.065046000
10.061976000	0.066630000
10.061993000	0.066644000
10.061997000	0.066645000
10.064935000	0.069580000
10.064963000	0.069575000
10.065912000	0.070521000
10.065994000	0.070600000
10.066011000	0.070614000
10.066078000	0.070154000
10.066095000	0.070166000
10.066914000	0.070982000
10.066938000	0.071004000
10.071911000	0.075001000
10.071928000	0.075015000
10.074973000	0.078057000
10.074992000	0.078073000
10.075001000	0.078074000
10.075914000	0.078984000
10.075927000	0.078899000
10.075969000	0.078931000
10.075978000	0.073004000
10.076026000	0.073047000
10.076033000	0.073051000
10.076882000	0.073897000
10.076891000	0.073896000
10.079999000	0.077001000
10.080015000	0.077002000
10.080019000	0.077003000
10.080023000	0.074018000
10.080027000	0.074018000
10.080059000	0.074047000
10.080157000	0.074142000
10.080174000	0.074156000
10.080178000	0.074157000
10.080182000	0.074158000
10.080187000	0.074131000
10.080208000	0.074148000
10.080321000	0.074258000
10.080337000	0.074272000
10.080342000	0.074273000
10.080346000	0.074197000
10.080350000	0.074195000
10.080355000	0.074197000
10.080426000	0.074265000
10.080430000	0.074267000
10.080436000	0.074270000
10.080440000	0.074271000
10.080497000	0.074294000
10.080504000	0.074298000
10.080549000	0.074340000
10.080554000	0.074342000
10.080606000	0.074391000
10.080612000	0.074104000
10.080659000	0.074146000
10.080663000	0.073600000
10.081904000	0.074838000
10.081933000	0.074864000
10.084921000	0.077849000
10.084993000	0.077912000
10.084999000	0.077915000
10.085003000	0.077917000
10.085084000	0.077902000
10.085100000	0.077914000
10.085273000	0.078084000
10.085289000	0.074297000
10.085327000	0.074330000
10.085334000	0.074299000
10.085956000	0.074918000
10.085974000	0.074933000
10.085978000	0.074934000
10.085981000	0.074934000
10.086057000	0.075007000
10.086897000	0.075812000
10.086909000	0.075821000
10.086947000	0.075856000
10.091916000	0.080822000
10.091932000	0.080836000
10.094978000	0.083879000
10.094995000	0.083893000
10.094999000	0.083731000
10.095004000	0.083733000
10.095008000	0.083734000
10.095116000	0.083839000
10.095956000	0.084676000
10.095971000	0.084688000
10.096038000	0.084622000
10.096054000	0.084634000
10.096127000	0.084704000
10.096143000	0.084717000
10.096872000	0.085443000
10.096881000	0.085449000
10.099969000	0.088535000
10.100062000	0.088625000
10.100078000	0.088358000
10.100082000	0.084033000
10.100087000	0.084033000
10.100091000	0.084033000
10.100095000	0.084034000
10.100099000	0.084035000
10.100165000	0.084098000
10.100170000	0.084100000
10.100221000	0.084148000
10.100225000	0.084080000
10.100274000	0.084126000
10.100279000	0.084128000
10.100284000	0.084130000
10.100288000	0.084132000
10.100383000	0.084224000
10.100387000	0.084225000
10.100391000	0.084226000
10.100395000	0.084180000
10.100437000	0.084219000
10.100441000	0.083467000
10.101908000	0.084927000
10.101914000	0.079951000
10.105042000	0.083074000
10.105060000	0.083082000
10.105064000	0.083083000
10.105068000	0.079101000
10.105072000	0.079100000
10.105077000	0.079096000
10.105175000	0.079191000
10.105191000	0.079200000
10.105196000	0.079201000
10.105200000	0.079084000
10.105204000	0.079083000
10.105208000	0.079078000
10.105229000	0.079096000
10.105234000	0.078270000
10.105316000	0.078348000
10.105333000	0.078354000
10.105337000	0.078354000
10.105342000	0.075336000
10.105461000	0.075450000
10.105477000	0.075456000
10.105481000	0.075457000
10.105486000	0.075455000
10.105490000	0.075456000
10.111897000	0.081855000
10.111946000	0.081885000
10.115936000	0.085869000
10.115953000	0.085783000
10.115958000	0.085775000
10.115963000	0.084052000
10.116072000	0.084155000
10.116959000	0.085029000
10.116978000	0.085044000
10.119978000	0.085015000
10.119994000	0.085025000
10.120070000	0.085091000
10.120085000	0.085101000
10.120089000	0.085085000
10.120166000	0.085083000
10.120181000	0.085039000
10.120187000	0.085031000
10.120192000	0.084197000
10.120200000	0.084197000
10.120297000	0.084282000
10.120303000	0.084279000
10.120308000	0.084257000
10.120311000	0.084254000
10.120373000	0.084232000
10.120379000	0.084229000
10.120449000	0.084294000
10.120455000	0.083562000
10.120459000	0.083546000
10.131930000	0.095001000
10.131949000	0.095012000
10.135950000	0.096008000
10.135967000	0.095785000
10.136067000	0.095878000
10.136084000	0.095885000
10.136089000	0.095881000
10.136878000	0.096437000
10.136928000	0.096481000
10.139962000	0.099509000
10.141946000	0.101487000
10.141962000	0.101413000
10.144936000	0.104381000
10.144964000	0.104403000
10.145019000	0.104453000
10.145029000	0.104222000
10.145071000	0.104257000
10.145076000	0.104257000
10.145123000	0.104298000
10.145129000	0.104063000
10.145133000	0.104061000
10.145137000	0.104059000
10.145885000	0.104802000
10.145895000	0.103904000
10.145936000	0.103937000
10.145940000	0.103929000
10.145989000	0.101047000
10.146895000	0.101933000
10.146901000	0.101924000
10.146947000	0.101961000
10.151897000	0.106670000
10.151914000	0.106679000
10.155000000	0.109759000
10.155017000	0.109770000
10.155093000	0.109590000
10.155109000	0.109594000
10.155113000	0.109593000
10.155146000	0.109620000
10.155152000	0.109364000
10.155239000	0.109442000
10.155254000	0.109451000
10.155332000	0.109524000
10.155423000	0.109339000
10.155439000	0.109347000
10.155470000	0.109373000
10.155524000	0.109421000
10.155578000	0.109214000
10.155632000	0.109259000
10.155770000	0.109391000
10.155775000	0.109390000
10.155984000	0.109335000
10.156875000	0.110217000
10.161917000	0.115253000
10.161937000	0.115267000
10.165899000	0.118979000
10.165946000	0.119018000
10.165951000	0.119018000
10.166012000	0.119073000
10.166016000	0.118859000
10.166936000	0.119772000
10.166952000	0.115025000
10.171979000	0.120045000
10.171995000	0.119912000
10.173933000	0.121838000
10.173949000	0.121848000
10.176880000	0.121833000
10.176895000	0.121836000
10.176928000	0.121862000
10.179927000	0.124852000
10.179939000	0.123965000
10.179944000	0.123962000
10.180029000	0.124035000
10.180082000	0.124079000
10.180135000	0.124112000
10.181951000	0.125921000
10.181965000	0.125836000
10.186951000	0.130815000
10.186966000	0.130055000
10.189888000	0.132969000
10.189969000	0.133039000
10.189984000	0.133051000
10.226952000	0.034869000
