6.255644000	0.243523000
6.480663000	0.224087000
6.480687000	0.224100000
6.480692000	0.224099000
6.495813000	0.239003000
6.729688000	0.249008000
6.729729000	0.249046000
6.738654000	0.250030000
6.738693000	0.242894000
6.745671000	0.249861000
6.745710000	0.249838000
6.745725000	0.249850000
6.745731000	0.249764000
6.746571000	0.250600000
6.746607000	0.250597000
6.746614000	0.250601000
6.746620000	0.250563000
6.779728000	0.283669000
6.779758000	0.283642000
7.015596000	0.285885000
7.023493000	0.293777000
7.030558000	0.300764000
7.030592000	0.300789000
7.030626000	0.291943000
7.045597000	0.306909000
7.045626000	0.306902000
7.045634000	0.306907000
7.045638000	0.299938000
7.045641000	0.299936000
7.045644000	0.299788000
7.045648000	0.299789000
7.045665000	0.299748000
7.045668000	0.299748000
7.045672000	0.299656000
7.045675000	0.299654000
7.045679000	0.299081000
7.045682000	0.299080000
7.046841000	0.300193000
7.046870000	0.300219000
7.046879000	0.300133000
7.046884000	0.300132000
7.046887000	0.267135000
7.046891000	0.267127000
7.240737000	0.225117000
7.240747000	0.217228000
7.240755000	0.210170000
7.240759000	0.210161000
7.240762000	0.210112000
7.241580000	0.195961000
7.241590000	0.195959000
7.241597000	0.195890000
7.249599000	0.203887000
7.249628000	0.203858000
7.249644000	0.203866000
7.249650000	0.203840000
7.249653000	0.203840000
7.249656000	0.203793000
7.257549000	0.211682000
7.264576000	0.218609000
7.264611000	0.218638000
7.264624000	0.218524000
7.264630000	0.217766000
7.264636000	0.217760000
7.264640000	0.217707000
7.264645000	0.217709000
7.279635000	0.232616000
7.279668000	0.232643000
7.491610000	0.250866000
7.491643000	0.250891000
7.491733000	0.250930000
7.491753000	0.250947000
7.491765000	0.250916000
7.491777000	0.250190000
7.491782000	0.250187000
7.492626000	0.250984000
7.492654000	0.243032000
7.492661000	0.243028000
7.492665000	0.242985000
7.492669000	0.242986000
7.492681000	0.242943000
7.492684000	0.235112000
7.493646000	0.229026000
7.507579000	0.242869000
7.507617000	0.242862000
7.532554000	0.252895000
7.532591000	0.252863000
7.743707000	0.252055000
7.743720000	0.251959000
7.744594000	0.252717000
7.745783000	0.253136000
7.760588000	0.267867000
7.760625000	0.267835000
7.760633000	0.267768000
7.768625000	0.274958000
7.775671000	0.268067000
7.775710000	0.268069000
7.790561000	0.257980000
7.790613000	0.257977000
7.837684000	0.305045000
7.950578000	0.206861000
7.950604000	0.206856000
7.988737000	0.244116000
7.988770000	0.242968000
7.988775000	0.228155000
7.989601000	0.228908000
7.989633000	0.228895000
7.989644000	0.220992000
7.989648000	0.213949000
7.989765000	0.213931000
7.995676000	0.205091000
7.995713000	0.205058000
8.026728000	0.189034000
8.192664000	0.242064000
8.192711000	0.242058000
8.199676000	0.210911000
8.199716000	0.210855000
8.199724000	0.210828000
8.199737000	0.210109000
8.200575000	0.210799000
8.200701000	0.204993000
8.200713000	0.204928000
8.200718000	0.204887000
8.200721000	0.204836000
8.209544000	0.213604000
8.231730000	0.204984000
8.368609000	0.175902000
8.368646000	0.175882000
8.368652000	0.168942000
8.392667000	0.192818000
8.399594000	0.199662000
8.399635000	0.199667000
8.399689000	0.199087000
8.399695000	0.198985000
8.400627000	0.199851000
8.400643000	0.199805000
8.400648000	0.199760000
8.400652000	0.191081000
8.419617000	0.187860000
8.460692000	0.228856000
8.612693000	0.244058000
8.612729000	0.244023000
8.619619000	0.250853000
8.619654000	0.226951000
8.619661000	0.220032000
8.619667000	0.219930000
8.619689000	0.219888000
8.620647000	0.220812000
8.620670000	0.220030000
8.621529000	0.220800000
8.621550000	0.220788000
8.632672000	0.231859000
8.659711000	0.240085000
8.728533000	0.267826000
8.845721000	0.232997000
8.845751000	0.232976000
8.872551000	0.252902000
8.872602000	0.252836000
8.879735000	0.259929000
8.879768000	0.259903000
8.879773000	0.259862000
8.879777000	0.259115000
8.879781000	0.258974000
8.880585000	0.259039000
8.880616000	0.259029000
8.880745000	0.248035000
8.927671000	0.267933000
8.942662000	0.282857000
9.068762000	0.223023000
9.068797000	0.222998000
9.068802000	0.196214000
9.068807000	0.196121000
9.068810000	0.189051000
9.068816000	0.188960000
9.068819000	0.188908000
9.068824000	0.188859000
9.092681000	0.212659000
9.092717000	0.212110000
9.099641000	0.218988000
9.099679000	0.218910000
9.099687000	0.171990000
9.099693000	0.171812000
9.099697000	0.030910000
9.114613000	0.045719000
9.114646000	0.045701000
9.114652000	0.045637000
9.114656000	0.045592000
9.114667000	0.045548000
9.114671000	0.045442000
9.114674000	0.045404000
9.152563000	0.059856000
9.152601000	0.059766000
9.152607000	0.052940000
9.159702000	0.059985000
9.159740000	0.059967000
9.159748000	0.059917000
9.159753000	0.059868000
9.159758000	0.059812000
9.159763000	0.045121000
9.159769000	0.045008000
9.159781000	0.044970000
9.159787000	0.044871000
9.159791000	0.044788000
9.159797000	0.044707000
9.167590000	0.052406000
9.192656000	0.040059000
9.192693000	0.040056000
9.192697000	0.039960000
9.199619000	0.039885000
9.199659000	0.039732000
9.212649000	0.052679000
9.212681000	0.052619000
9.212685000	0.052542000
9.212689000	0.052414000
9.219636000	0.059149000
9.219679000	0.052064000
9.232570000	0.039887000
9.232611000	0.039895000
9.232747000	0.039979000
9.232784000	0.033139000
9.239675000	0.039992000
9.252562000	0.039891000
9.252604000	0.039885000
9.252609000	0.039815000
9.272665000	0.059835000
9.272701000	0.059820000
9.272706000	0.053037000
9.279694000	0.059991000
9.279730000	0.059976000
9.279736000	0.059877000
9.279741000	0.047135000
9.279745000	0.047102000
9.279749000	0.046971000
9.279757000	0.046937000
9.279761000	0.040059000
9.292572000	0.039981000
9.292608000	0.039850000
9.292613000	0.039804000
9.312535000	0.039839000
9.312588000	0.039853000
9.312600000	0.039789000
9.332560000	0.052835000
9.332597000	0.052753000
9.332603000	0.052708000
9.339678000	0.059724000
9.339716000	0.059704000
9.339721000	0.059654000
9.339725000	0.059603000
9.339728000	0.059550000
9.339732000	0.059496000
9.339736000	0.047133000
9.340561000	0.047919000
9.355614000	0.062897000
9.355647000	0.043082000
9.355652000	0.043054000
9.355656000	0.042983000
9.372637000	0.040050000
9.372669000	0.040042000
9.372675000	0.039966000
9.372679000	0.032979000
9.380559000	0.040715000
9.388597000	0.048704000
9.395561000	0.055568000
9.395593000	0.055508000
9.395599000	0.055427000
9.395602000	0.055337000
9.395606000	0.055023000
9.396506000	0.040869000
9.396565000	0.040893000
9.404689000	0.048959000
9.404720000	0.048936000
9.404725000	0.032066000
9.411579000	0.038884000
9.419670000	0.046925000
9.426600000	0.053803000
9.426640000	0.053791000
9.426648000	0.046061000
9.426653000	0.038024000
9.426657000	0.031069000
9.452629000	0.057004000
9.452673000	0.056948000
9.452681000	0.056869000
9.459614000	0.063714000
9.459653000	0.063120000
9.459658000	0.063082000
9.459662000	0.054947000
9.459665000	0.054845000
9.459669000	0.054798000
9.459673000	0.048066000
9.459676000	0.039977000
9.459680000	0.033047000
9.459683000	0.032999000
9.459687000	0.032949000
9.492580000	0.065786000
9.492627000	0.065776000
9.532559000	0.079893000
9.532599000	0.079893000
9.532604000	0.079842000
9.547674000	0.088032000
9.547708000	0.087987000
9.547714000	0.087903000
9.547718000	0.087841000
9.547722000	0.087752000
9.547733000	0.087681000
9.547737000	0.087605000
9.547741000	0.087527000
9.547744000	0.087449000
9.547748000	0.087415000
9.547752000	0.087365000
9.547756000	0.055135000
9.547759000	0.055103000
9.592671000	0.060083000
9.592708000	0.060076000
9.592714000	0.059985000
9.599659000	0.051961000
9.599690000	0.051914000
9.599696000	0.051837000
9.599700000	0.051804000
9.599703000	0.051758000
9.599707000	0.051703000
9.612591000	0.064540000
9.612693000	0.064590000
9.612713000	0.064557000
9.612718000	0.064456000
9.619673000	0.071359000
9.619711000	0.071344000
9.632567000	0.039869000
9.632599000	0.039861000
9.632604000	0.039791000
9.652631000	0.052950000
9.652665000	0.052943000
9.652671000	0.052843000
9.652675000	0.052760000
9.659587000	0.059584000
9.659618000	0.059528000
9.659630000	0.047019000
9.659634000	0.046933000
9.675642000	0.062892000
9.682614000	0.069805000
9.682647000	0.069788000
9.682652000	0.062951000
9.682656000	0.062916000
9.682660000	0.050070000
9.682663000	0.050031000
9.689569000	0.056840000
9.689601000	0.056813000
9.689606000	0.036945000
9.697576000	0.044883000
9.704534000	0.051765000
9.704573000	0.051727000
9.704682000	0.045069000
9.712597000	0.052944000
9.719568000	0.059819000
9.719598000	0.059817000
9.719603000	0.043933000
9.727593000	0.044951000
9.734564000	0.051882000
9.734598000	0.051810000
9.734603000	0.051724000
9.734607000	0.051636000
9.734723000	0.051665000
9.734744000	0.045148000
9.734748000	0.045112000
9.742592000	0.052856000
9.749610000	0.052007000
9.749643000	0.045081000
9.749652000	0.044996000
9.749659000	0.044966000
9.757596000	0.044970000
9.764621000	0.045027000
9.764656000	0.045030000
9.764662000	0.044984000
9.765603000	0.037987000
9.773532000	0.038945000
9.780683000	0.046053000
9.780723000	0.046050000
9.780728000	0.045997000
9.780732000	0.045953000
9.780735000	0.045891000
9.788536000	0.053647000
9.795628000	0.053013000
9.795667000	0.046034000
9.795674000	0.045998000
9.795679000	0.045905000
9.795686000	0.045831000
9.795696000	0.038073000
9.795701000	0.031055000
9.810525000	0.045846000
9.810565000	0.045760000
9.810573000	0.044945000
9.810579000	0.037019000
9.811577000	0.030872000
9.832579000	0.051611000
9.832597000	0.051574000
9.832673000	0.051597000
9.832689000	0.051558000
9.839692000	0.051132000
9.839709000	0.044055000
9.839713000	0.043983000
9.839718000	0.043945000
9.839721000	0.043890000
9.854583000	0.058697000
9.854601000	0.058658000
9.854606000	0.058607000
9.854610000	0.058558000
9.854614000	0.044055000
9.854619000	0.044015000
9.854640000	0.043986000
9.892725000	0.037917000
