6.078000000	0.047917000
6.124950000	0.046415000
6.124985000	0.046440000
6.127998000	0.049425000
6.128032000	0.049455000
6.128045000	0.049415000
6.128049000	0.049414000
6.128052000	0.049373000
6.131709000	0.053026000
6.131747000	0.053015000
6.132940000	0.054204000
6.160023000	0.035049000
6.160062000	0.035082000
6.165028000	0.039999000
6.165085000	0.040053000
6.165100000	0.037079000
6.165136000	0.037110000
6.165150000	0.037012000
6.170047000	0.041905000
6.170091000	0.041883000
6.173003000	0.044789000
6.173040000	0.044710000
6.173047000	0.044712000
6.173052000	0.044679000
6.173063000	0.044686000
6.173068000	0.041332000
6.174973000	0.043232000
6.175130000	0.043348000
6.177956000	0.046170000
6.178009000	0.045058000
6.178115000	0.045162000
6.194945000	0.034893000
6.194984000	0.034927000
6.198989000	0.038901000
6.199028000	0.038937000
6.209048000	0.043992000
6.209087000	0.044026000
6.209095000	0.044001000
6.209101000	0.044004000
6.209106000	0.043962000
6.209956000	0.044809000
6.209992000	0.044799000
6.214986000	0.049790000
6.215022000	0.049730000
6.218994000	0.053696000
6.219031000	0.048951000
6.219038000	0.048953000
6.219043000	0.048919000
6.219054000	0.048927000
6.219906000	0.046876000
6.219941000	0.046907000
6.219956000	0.046793000
6.222988000	0.049820000
6.223005000	0.049777000
6.223012000	0.049780000
6.223042000	0.049747000
6.223095000	0.049794000
6.223148000	0.049809000
6.223202000	0.049860000
6.223214000	0.049824000
6.223256000	0.049863000
6.223313000	0.048313000
6.223327000	0.048323000
6.223332000	0.048172000
6.223364000	0.045394000
6.223493000	0.045477000
6.223509000	0.045387000
6.234933000	0.039959000
6.234966000	0.039949000
6.240103000	0.041085000
6.240142000	0.040989000
6.244927000	0.035845000
6.255085000	0.045958000
6.255127000	0.045910000
6.260055000	0.050832000
6.260095000	0.050796000
6.260106000	0.050801000
6.260111000	0.050731000
6.260123000	0.050738000
6.265021000	0.055038000
6.265058000	0.055071000
6.267974000	0.057953000
6.268081000	0.058056000
6.268133000	0.053122000
6.268148000	0.053131000
6.268157000	0.053113000
6.268186000	0.053138000
6.268235000	0.049214000
6.268244000	0.049218000
6.268270000	0.049096000
6.268291000	0.049113000
6.268306000	0.049078000
6.268317000	0.049086000
6.268394000	0.049067000
6.268418000	0.049084000
6.268426000	0.049053000
6.269926000	0.050548000
6.269954000	0.050022000
6.269977000	0.050040000
6.269991000	0.050029000
6.270029000	0.050064000
6.272979000	0.052967000
6.273027000	0.053012000
6.273131000	0.050132000
6.274960000	0.051957000
6.274997000	0.051949000
6.278058000	0.055007000
6.278102000	0.055002000
6.278112000	0.055009000
6.278117000	0.054963000
6.278122000	0.054965000
6.278127000	0.054919000
6.278132000	0.054921000
6.278304000	0.055042000
6.278324000	0.055060000
6.278329000	0.054959000
6.280028000	0.056654000
6.280066000	0.056560000
6.285048000	0.061522000
6.285091000	0.061509000
6.285098000	0.061463000
6.285104000	0.061415000
6.285109000	0.061366000
6.290169000	0.066373000
6.290212000	0.066362000
6.293076000	0.069172000
6.293118000	0.069161000
6.293390000	0.058428000
6.295053000	0.060061000
6.295077000	0.060079000
6.295091000	0.059996000
6.300304000	0.039914000
6.310039000	0.049644000
6.310079000	0.049679000
6.315019000	0.054573000
6.315058000	0.050006000
6.315075000	0.049991000
6.315083000	0.047078000
6.315089000	0.046992000
6.318070000	0.049843000
6.318240000	0.049881000
6.320080000	0.051713000
6.320124000	0.051714000
6.322992000	0.054542000
6.323034000	0.054577000
6.323044000	0.054536000
6.325056000	0.056502000
6.325099000	0.056537000
6.325110000	0.056498000
6.325116000	0.055167000
6.325123000	0.055140000
6.328080000	0.058092000
6.328098000	0.058061000
6.328184000	0.058100000
6.333024000	0.060022000
6.333099000	0.060063000
6.333151000	0.060011000
6.333163000	0.058171000
6.335095000	0.060065000
6.335129000	0.057039000
6.335141000	0.056827000
6.335154000	0.056834000
6.335160000	0.055102000
6.340003000	0.059930000
6.340037000	0.059941000
6.341308000	0.061206000
6.341373000	0.061225000
6.341428000	0.061275000
6.341484000	0.061182000
6.341504000	0.061195000
6.341520000	0.061180000
6.341536000	0.056400000
6.341562000	0.056328000
6.341572000	0.056253000
6.342033000	0.056706000
6.342080000	0.056667000
6.342089000	0.056668000
6.344971000	0.054775000
6.344989000	0.054785000
6.345001000	0.054758000
6.348086000	0.054976000
6.395116000	0.101961000
6.395162000	0.102003000
6.395177000	0.102015000
6.395182000	0.101943000
6.399924000	0.106507000
6.399963000	0.106542000
6.405072000	0.111648000
6.405112000	0.111685000
6.405125000	0.110060000
6.405133000	0.110065000
6.405138000	0.110067000
6.408141000	0.113068000
6.408187000	0.113075000
6.410003000	0.114888000
6.410043000	0.114925000
6.410052000	0.114932000
6.415031000	0.119734000
6.415069000	0.119768000
6.415081000	0.119777000
6.415086000	0.119780000
6.420014000	0.119674000
6.423121000	0.122778000
6.423158000	0.122812000
6.423262000	0.122914000
6.423300000	0.122923000
6.423307000	0.122927000
6.423312000	0.122929000
6.423319000	0.122934000
6.423324000	0.122894000
6.423329000	0.122897000
6.423429000	0.122994000
6.423478000	0.123040000
6.423484000	0.123001000
6.423493000	0.123007000
6.423498000	0.123009000
6.423503000	0.123012000
6.423507000	0.122970000
6.423512000	0.122972000
6.423611000	0.123069000
6.423651000	0.123106000
6.423657000	0.123067000
6.423662000	0.123069000
6.423666000	0.123070000
6.424975000	0.124377000
6.425028000	0.124385000
6.425043000	0.124397000
6.425082000	0.124433000
6.425099000	0.124448000
6.427998000	0.127301000
6.428122000	0.127423000
6.428142000	0.127440000
6.428151000	0.127447000
6.428156000	0.127406000
6.430014000	0.129262000
6.430042000	0.129286000
6.433186000	0.132428000
6.433242000	0.132438000
6.433335000	0.132529000
6.433371000	0.132562000
6.433480000	0.132669000
6.433517000	0.132660000
6.433526000	0.132667000
6.433531000	0.132669000
6.433636000	0.132771000
6.433675000	0.132765000
6.433681000	0.132768000
6.435048000	0.134133000
6.435074000	0.134157000
6.435101000	0.134137000
6.435261000	0.134295000
6.435276000	0.134307000
6.439958000	0.138987000
6.440011000	0.138992000
6.442981000	0.141959000
6.443019000	0.132951000
6.445007000	0.134934000
6.445029000	0.134943000
6.445036000	0.134947000
6.445041000	0.129993000
6.445053000	0.130000000
6.445138000	0.130071000
6.448136000	0.133066000
6.448400000	0.133328000
6.448413000	0.133307000
6.448419000	0.133308000
6.448451000	0.133336000
6.448456000	0.133335000
6.448505000	0.133378000
6.448516000	0.133307000
6.448558000	0.133344000
6.448565000	0.133348000
6.448610000	0.133390000
6.448616000	0.133393000
6.450022000	0.134766000
6.450044000	0.134784000
6.453118000	0.137855000
6.453141000	0.135042000
6.453147000	0.135044000
6.453170000	0.135063000
6.475029000	0.156919000
6.479969000	0.161857000
6.485169000	0.167017000
6.485189000	0.167033000
6.485196000	0.167038000
6.485201000	0.167040000
6.485206000	0.167042000
6.489966000	0.171698000
6.489988000	0.171715000
6.493069000	0.174793000
6.493173000	0.174894000
6.493194000	0.174913000
6.493200000	0.174893000
6.493223000	0.174913000
6.493230000	0.174917000
6.493318000	0.175002000
6.493340000	0.174841000
6.493374000	0.173266000
6.493383000	0.173270000
6.493389000	0.173273000
6.493395000	0.173276000
6.493483000	0.173351000
6.493489000	0.173344000
6.493536000	0.173387000
6.494979000	0.174827000
6.494995000	0.171977000
6.495031000	0.172008000
6.495037000	0.172011000
6.495084000	0.172055000
6.499931000	0.176890000
6.499947000	0.176886000
6.500000000	0.176936000
6.503139000	0.180072000
6.503160000	0.180090000
6.503211000	0.180051000
6.503236000	0.180070000
6.503304000	0.180135000
6.503326000	0.178242000
6.503361000	0.178272000
6.503598000	0.178507000
6.503619000	0.178525000
6.503625000	0.178518000
6.505043000	0.179922000
6.505056000	0.179916000
6.505136000	0.179984000
6.505157000	0.180002000
6.505163000	0.180005000
6.505169000	0.180008000
6.509945000	0.184702000
6.509971000	0.181880000
6.515110000	0.187016000
6.515131000	0.187027000
6.515137000	0.187030000
6.515298000	0.187076000
6.515319000	0.187092000
6.518142000	0.185107000
6.518210000	0.185172000
6.518263000	0.185157000
6.518318000	0.185209000
6.518373000	0.185216000
6.520066000	0.186906000
6.520082000	0.186914000
6.523110000	0.189939000
6.523159000	0.188039000
6.523165000	0.188040000
6.523212000	0.188076000
6.523218000	0.188079000
6.523266000	0.188117000
6.523271000	0.188119000
6.523319000	0.188143000
6.523324000	0.188145000
6.523378000	0.188196000
6.525010000	0.189825000
6.525027000	0.184999000
6.525103000	0.185070000
6.525125000	0.185081000
6.525132000	0.185085000
6.530067000	0.188729000
6.575057000	0.233712000
6.575083000	0.233696000
6.575092000	0.233701000
6.575099000	0.233660000
6.575107000	0.233665000
6.579980000	0.238484000
6.580002000	0.238502000
6.585147000	0.243634000
6.585170000	0.243653000
6.590013000	0.248484000
6.590035000	0.248502000
6.595089000	0.253035000
6.595111000	0.253052000
6.595146000	0.253083000
6.595154000	0.253087000
6.595237000	0.253166000
6.598206000	0.256131000
6.598242000	0.256144000
6.598251000	0.256080000
6.598259000	0.256084000
6.598265000	0.256086000
6.598273000	0.256091000
6.598281000	0.256095000
6.598355000	0.256165000
6.598365000	0.256172000
6.598410000	0.256182000
6.600007000	0.257775000
6.600037000	0.257797000
6.602995000	0.260712000
6.603041000	0.260750000
6.605097000	0.262799000
6.615106000	0.270123000
6.615127000	0.270131000
6.615134000	0.270127000
6.620004000	0.271891000
6.625038000	0.276917000
6.625090000	0.276964000
6.625101000	0.229946000
6.625109000	0.229940000
6.625146000	0.229971000
6.629980000	0.234778000
6.630002000	0.234795000
6.633061000	0.237737000
6.633082000	0.233127000
6.633091000	0.233120000
6.633099000	0.233110000
6.633106000	0.228002000
6.633237000	0.228118000
6.633259000	0.228103000
6.633267000	0.228105000
6.633275000	0.228110000
6.633405000	0.228125000
6.633427000	0.228140000
6.633480000	0.228187000
6.633503000	0.228206000
6.633653000	0.228322000
6.633669000	0.228335000
6.633673000	0.225502000
6.633811000	0.225633000
6.675268000	0.267086000
6.675289000	0.267067000
6.675294000	0.266904000
6.675298000	0.266903000
6.680051000	0.271652000
6.680068000	0.270037000
6.685015000	0.274979000
6.685033000	0.274994000
6.685039000	0.274990000
6.685124000	0.275055000
6.685132000	0.275060000
6.688025000	0.277951000
6.688031000	0.277954000
6.688078000	0.277911000
6.688293000	0.273244000
6.688347000	0.273294000
6.688351000	0.273288000
6.688457000	0.273380000
6.688511000	0.273411000
6.688565000	0.273461000
6.688571000	0.273464000
6.688575000	0.273465000
6.688579000	0.273385000
6.688620000	0.273416000
6.688624000	0.273417000
6.688627000	0.273417000
6.693017000	0.272985000
6.693083000	0.273047000
6.693091000	0.273052000
6.693190000	0.270043000
6.693198000	0.270047000
6.693242000	0.270088000
6.693248000	0.270083000
6.693254000	0.270075000
6.693399000	0.270217000
6.693406000	0.270120000
6.693411000	0.270121000
6.693416000	0.270123000
6.693456000	0.270160000
6.693462000	0.270117000
6.693511000	0.270163000
6.693569000	0.270219000
6.693577000	0.270224000
6.693582000	0.270127000
6.693588000	0.270125000
6.693593000	0.270124000
6.693673000	0.270199000
6.693690000	0.270055000
6.693694000	0.270054000
6.693698000	0.270054000
6.693707000	0.270061000
6.693710000	0.270027000
6.693714000	0.270028000
6.693778000	0.270089000
6.695073000	0.271382000
6.695077000	0.271325000
6.695127000	0.271372000
6.695131000	0.271373000
6.695182000	0.271421000
6.695186000	0.271365000
6.698203000	0.274379000
6.698326000	0.274500000
6.698342000	0.274513000
6.698477000	0.274606000
6.698493000	0.274620000
6.698542000	0.274666000
6.698548000	0.274669000
6.698594000	0.274670000
6.698649000	0.274722000
6.700000000	0.276070000
6.700054000	0.276121000
6.700058000	0.276081000
6.703119000	0.279139000
6.703135000	0.279152000
6.703140000	0.279154000
6.703242000	0.279209000
6.703258000	0.279222000
6.703263000	0.279225000
6.703365000	0.279324000
6.703382000	0.279298000
6.703487000	0.279401000
6.705017000	0.280928000
6.705035000	0.280943000
6.705044000	0.280906000
6.705126000	0.280985000
6.750045000	0.325901000
6.858033000	0.424669000
6.860032000	0.426133000
6.860084000	0.426178000
6.863064000	0.419999000
6.905037000	0.039928000
