0.059540000	0.059498000
0.119536000	0.044285000
0.119566000	0.044308000
0.126694000	0.051365000
0.126702000	0.051370000
0.126708000	0.051306000
0.126711000	0.051305000
0.127553000	0.052058000
0.127578000	0.052081000
0.139665000	0.064090000
0.159553000	0.039995000
0.159586000	0.040024000
0.159591000	0.040003000
0.166543000	0.046953000
0.166563000	0.039865000
0.174629000	0.047929000
0.174646000	0.047881000
0.174649000	0.047882000
0.181538000	0.054691000
0.181546000	0.054697000
0.182513000	0.055591000
0.182535000	0.055609000
0.197521000	0.069964000
0.197543000	0.069984000
0.197696000	0.070114000
0.198569000	0.070985000
0.198577000	0.058916000
0.198580000	0.058909000
0.199516000	0.059822000
0.199538000	0.039962000
0.207520000	0.047939000
0.207543000	0.047927000
0.207547000	0.047928000
0.214487000	0.054819000
0.214668000	0.054997000
0.214676000	0.048128000
0.214679000	0.048128000
0.215533000	0.048953000
0.215638000	0.049055000
0.231563000	0.056926000
0.232586000	0.057947000
0.247645000	0.072937000
0.247654000	0.072944000
0.247657000	0.072913000
0.247659000	0.072912000
0.247676000	0.066134000
0.247689000	0.066145000
0.247692000	0.066112000
0.248619000	0.067037000
0.263572000	0.081045000
0.263581000	0.081049000
0.263584000	0.081012000
0.263587000	0.081012000
0.263590000	0.066054000
0.264615000	0.067076000
0.264625000	0.067050000
0.264630000	0.067051000
0.272519000	0.074820000
0.279584000	0.081883000
0.280603000	0.082030000
0.280611000	0.082035000
0.288575000	0.089965000
0.295525000	0.096913000
0.295549000	0.096852000
0.295557000	0.096856000
0.295582000	0.096050000
0.295592000	0.096057000
0.295595000	0.095986000
0.295597000	0.095984000
0.295599000	0.088063000
0.296524000	0.088909000
0.296539000	0.088843000
0.296630000	0.082127000
0.311511000	0.096840000
0.311530000	0.096832000
0.319509000	0.104722000
0.319627000	0.104090000
0.339553000	0.123912000
0.346543000	0.114976000
0.346556000	0.114986000
0.361614000	0.129012000
0.361623000	0.129017000
0.361626000	0.113977000
0.361628000	0.113976000
0.362507000	0.114828000
0.370554000	0.122873000
0.377484000	0.129700000
0.377496000	0.129703000
0.377500000	0.129666000
0.377580000	0.129744000
0.377591000	0.129705000
0.378605000	0.130717000
0.378623000	0.130685000
0.378627000	0.130687000
0.393631000	0.145640000
0.393640000	0.145647000
0.393643000	0.145021000
0.394662000	0.146037000
0.409545000	0.145968000
0.409554000	0.145975000
0.409565000	0.145961000
0.409572000	0.145966000
0.410485000	0.146823000
0.410595000	0.146930000
0.410604000	0.146896000
0.410607000	0.146896000
0.410609000	0.146849000
0.410611000	0.146848000
0.434627000	0.170007000
0.434635000	0.170012000
0.434638000	0.169993000
0.442521000	0.177874000
0.449677000	0.184972000
0.449686000	0.184978000
0.449689000	0.177152000
0.449691000	0.177149000
0.449693000	0.170105000
0.449695000	0.170105000
0.451616000	0.171010000
0.451625000	0.171016000
0.459676000	0.179035000
0.459686000	0.179043000
0.459689000	0.171109000
0.474632000	0.179091000
0.481505000	0.185918000
0.481528000	0.185855000
0.481531000	0.185773000
0.481534000	0.185694000
0.481537000	0.185615000
0.489514000	0.193510000
0.496567000	0.200519000
0.496592000	0.200058000
0.496597000	0.199910000
0.496609000	0.199869000
0.496612000	0.199819000
0.511545000	0.200018000
0.511564000	0.200012000
0.511569000	0.199973000
0.519515000	0.207861000
0.519625000	0.200093000
0.519632000	0.200068000
0.526561000	0.206926000
0.526572000	0.206903000
0.534636000	0.195074000
0.549582000	0.209947000
0.556529000	0.209978000
0.556540000	0.209857000
0.556544000	0.209773000
0.557546000	0.210770000
0.587627000	0.226009000
0.587635000	0.226015000
0.588434000	0.226794000
0.588607000	0.226965000
0.589617000	0.227881000
0.604472000	0.242734000
0.604500000	0.242689000
0.604636000	0.242821000
0.620658000	0.258148000
0.620666000	0.258154000
0.621534000	0.250975000
0.621545000	0.250984000
0.636522000	0.259032000
0.636549000	0.259056000
0.636553000	0.259038000
0.636556000	0.259038000
0.636567000	0.258982000
0.636569000	0.258981000
0.637631000	0.260008000
0.637647000	0.260021000
0.637654000	0.259975000
0.637657000	0.259975000
0.645658000	0.267042000
0.645680000	0.267060000
0.652546000	0.273884000
0.652554000	0.273889000
0.652557000	0.273841000
0.652559000	0.273840000
0.652561000	0.258925000
0.653581000	0.259943000
0.661502000	0.267847000
0.668663000	0.275006000
0.668671000	0.274920000
0.668674000	0.274920000
0.668676000	0.274010000
0.669558000	0.274890000
0.684657000	0.275108000
0.684666000	0.275114000
0.684669000	0.275101000
0.684671000	0.275100000
0.685512000	0.275847000
0.700575000	0.290908000
0.700723000	0.290982000
0.700731000	0.290986000
0.700734000	0.290233000
0.700736000	0.290232000
0.700739000	0.290139000
0.700741000	0.290139000
0.700743000	0.289988000
0.700746000	0.289989000
0.701537000	0.290690000
0.719610000	0.308754000
0.719636000	0.308745000
0.719640000	0.308746000
0.719642000	0.308699000
0.734569000	0.323623000
0.734755000	0.300124000
0.734764000	0.300131000
0.734767000	0.299987000
0.734769000	0.299986000
0.734772000	0.299887000
0.734774000	0.299887000
0.739685000	0.297147000
0.739707000	0.297165000
0.746644000	0.296962000
0.746657000	0.296973000
0.747499000	0.297786000
0.763478000	0.313763000
0.778685000	0.328878000
0.778699000	0.328889000
0.778703000	0.328820000
0.778708000	0.328821000
0.778711000	0.328740000
0.778715000	0.328741000
0.778718000	0.328710000
0.785672000	0.335662000
0.819633000	0.368013000
0.834611000	0.382989000
0.834625000	0.382963000
0.834644000	0.382980000
0.834648000	0.374967000
0.834651000	0.374967000
0.834655000	0.374947000
0.834667000	0.374956000
0.834670000	0.374873000
0.834673000	0.374872000
0.834677000	0.360029000
0.834680000	0.360029000
0.834685000	0.359957000
0.834688000	0.359956000
0.834691000	0.353169000
0.834694000	0.353169000
0.834697000	0.353128000
0.834700000	0.353042000
0.834705000	0.352961000
0.834708000	0.352882000
0.839659000	0.357752000
0.839690000	0.357741000
0.846537000	0.364535000
0.846567000	0.364506000
0.846572000	0.364463000
0.854604000	0.365062000
0.861571000	0.371957000
0.861601000	0.365013000
0.861606000	0.364972000
0.861610000	0.364856000
0.861613000	0.364826000
0.861625000	0.364765000
0.876564000	0.379655000
0.876597000	0.379635000
0.876603000	0.379588000
0.876607000	0.379537000
0.876610000	0.379486000
0.876614000	0.379440000
0.883491000	0.386259000
0.883519000	0.386233000
0.883524000	0.386185000
0.906515000	0.409122000
0.913548000	0.401986000
0.913561000	0.401967000
0.913565000	0.401925000
0.914477000	0.402784000
0.939727000	0.427981000
0.939740000	0.427945000
0.939744000	0.420209000
0.946650000	0.427082000
0.946663000	0.427032000
0.946667000	0.426994000
0.946671000	0.426946000
0.946674000	0.426897000
0.954520000	0.427950000
0.961638000	0.434941000
0.977617000	0.450836000
0.977634000	0.450817000
0.977640000	0.442985000
0.985546000	0.450783000
0.992613000	0.443023000
0.993608000	0.443987000
0.993613000	0.437076000
1.008653000	0.452090000
1.008663000	0.452043000
1.008668000	0.452045000
1.008672000	0.452003000
1.008675000	0.452003000
1.016545000	0.459782000
1.023664000	0.466899000
1.046581000	0.489030000
1.046587000	0.489034000
1.069745000	0.482114000
1.069749000	0.482116000
1.069753000	0.482106000
1.070601000	0.482853000
1.094726000	0.506282000
1.094730000	0.506283000
1.094734000	0.506122000
1.094737000	0.506123000
1.094741000	0.505109000
1.094752000	0.505116000
1.094756000	0.490263000
1.094761000	0.490264000
1.094765000	0.490241000
1.107669000	0.503142000
1.107673000	0.503034000
1.114516000	0.509875000
1.114552000	0.493890000
1.114556000	0.493892000
1.115619000	0.494932000
1.115624000	0.494935000
1.121714000	0.500175000
1.121719000	0.500177000
1.121723000	0.499943000
1.122515000	0.500732000
1.139541000	0.502999000
1.146656000	0.510110000
1.146661000	0.510080000
1.146665000	0.510082000
1.146669000	0.510036000
1.146673000	0.510038000
1.146677000	0.509991000
1.146680000	0.509992000
1.146686000	0.509948000
1.146690000	0.509950000
1.146694000	0.509903000
1.146697000	0.509904000
1.146701000	0.509059000
1.147581000	0.509937000
1.147584000	0.509761000
1.147588000	0.509763000
1.147591000	0.509739000
1.147594000	0.509739000
1.147597000	0.509623000
1.147601000	0.509623000
1.147604000	0.501931000
1.147608000	0.501931000
1.148690000	0.502910000
1.148695000	0.502911000
1.148699000	0.496149000
1.157611000	0.505059000
1.164636000	0.512063000
1.164641000	0.512066000
1.164644000	0.512009000
1.164647000	0.512009000
1.164651000	0.511941000
1.164654000	0.511942000
1.164657000	0.511896000
1.164661000	0.511899000
1.164664000	0.511068000
1.164667000	0.511067000
1.171651000	0.510144000
1.171656000	0.510147000
1.171660000	0.502993000
1.179503000	0.510833000
1.186759000	0.518069000
1.186763000	0.518071000
1.186767000	0.517995000
1.186770000	0.517996000
1.186774000	0.517934000
1.186777000	0.517935000
1.187580000	0.518011000
1.187584000	0.518012000
1.188597000	0.503935000
1.196484000	0.511820000
1.203698000	0.518995000
1.203702000	0.518997000
1.203706000	0.518947000
1.203713000	0.518952000
1.203717000	0.518907000
1.204573000	0.519761000
1.204577000	0.519062000
1.204581000	0.519063000
1.219688000	0.519096000
1.220499000	0.519902000
1.220504000	0.519778000
1.220697000	0.519968000
1.220701000	0.519934000
1.221535000	0.520765000
1.236620000	0.535799000
1.236631000	0.535808000
1.236635000	0.535765000
1.236638000	0.535765000
1.236642000	0.535720000
1.236647000	0.535723000
1.236652000	0.535678000
1.236656000	0.535678000
1.236660000	0.535634000
1.236665000	0.535636000
1.236669000	0.535573000
1.237459000	0.536359000
1.237471000	0.535919000
1.237622000	0.536066000
1.237630000	0.518001000
1.237634000	0.518001000
1.237637000	0.517976000
1.259532000	0.539869000
1.259551000	0.539834000
1.259555000	0.539835000
1.259560000	0.539791000
1.266601000	0.546829000
1.266606000	0.532033000
1.266610000	0.532034000
1.266630000	0.531871000
1.266637000	0.531876000
1.266641000	0.531856000
1.266644000	0.531857000
1.267611000	0.532695000
1.267616000	0.532698000
1.267619000	0.532601000
1.267623000	0.532601000
1.267703000	0.532569000
1.267707000	0.532571000
1.267710000	0.532474000
1.267714000	0.532474000
1.276629000	0.536929000
1.276634000	0.536930000
1.276637000	0.536857000
1.276641000	0.536857000
1.284528000	0.537877000
1.284653000	0.537998000
1.284658000	0.537985000
1.291594000	0.544918000
1.291599000	0.544078000
1.291602000	0.544076000
1.291606000	0.528104000
1.291609000	0.528102000
1.292653000	0.513960000
1.292657000	0.513961000
1.307649000	0.528915000
1.307653000	0.528915000
1.307657000	0.528816000
1.307720000	0.528876000
1.308578000	0.529641000
1.308582000	0.529639000
1.308585000	0.529607000
1.323648000	0.544667000
1.323653000	0.544625000
1.323657000	0.544626000
1.323661000	0.544575000
1.323665000	0.544576000
1.324644000	0.538965000
1.324651000	0.538969000
1.366648000	0.547008000
1.366655000	0.547011000
1.366819000	0.532200000
1.366826000	0.532204000
1.367628000	0.532752000
1.368175000	0.533286000
1.368606000	0.533664000
1.376467000	0.541522000
1.376482000	0.541498000
1.383655000	0.548668000
1.383662000	0.548621000
1.383666000	0.548618000
1.383670000	0.548581000
1.383675000	0.548583000
1.398567000	0.563419000
1.398582000	0.563431000
1.398586000	0.563393000
1.398589000	0.563393000
1.398593000	0.563345000
1.398596000	0.563345000
1.398600000	0.563299000
1.398603000	0.563299000
1.399667000	0.564314000
1.399683000	0.564327000
1.399687000	0.564278000
1.399691000	0.564232000
1.399695000	0.564183000
1.399700000	0.564135000
1.399704000	0.564086000
1.407572000	0.571901000
1.407589000	0.571865000
1.407593000	0.571817000
1.414623000	0.578795000
1.414638000	0.578758000
1.414674000	0.578741000
1.414682000	0.578696000
1.414687000	0.575006000
1.423563000	0.583833000
1.430594000	0.590769000
1.430609000	0.590666000
1.430613000	0.584055000
1.430617000	0.584019000
1.430620000	0.583924000
1.430624000	0.583836000
1.430628000	0.583752000
1.430631000	0.583665000
1.431480000	0.576849000
1.431498000	0.576827000
1.431505000	0.569913000
1.439507000	0.577877000
1.446469000	0.584788000
1.446639000	0.584907000
1.454585000	0.592760000
1.461668000	0.599761000
1.461686000	0.599649000
1.461693000	0.599570000
1.461699000	0.599488000
1.461704000	0.599401000
1.461709000	0.599365000
1.461714000	0.599316000
1.461719000	0.585132000
1.461755000	0.585126000
1.462539000	0.585811000
1.462547000	0.585753000
1.462622000	0.585753000
1.462628000	0.585707000
1.462634000	0.585660000
1.479609000	0.602581000
1.479627000	0.602535000
1.479632000	0.602455000
1.479635000	0.602427000
1.486597000	0.609335000
1.486614000	0.603104000
1.486618000	0.603073000
1.486623000	0.603025000
1.486627000	0.602975000
1.486630000	0.602924000
1.486635000	0.602875000
1.487612000	0.581085000
1.487618000	0.581069000
1.510608000	0.597053000
1.510613000	0.597032000
1.510620000	0.596979000
1.511449000	0.597760000
1.517690000	0.603947000
1.517696000	0.603898000
1.517701000	0.603216000
1.517705000	0.603171000
1.517709000	0.577975000
1.518636000	0.578877000
1.518641000	0.578759000
1.539489000	0.599489000
1.539510000	0.599392000
1.539652000	0.599471000
1.546551000	0.599894000
1.546556000	0.599866000
1.546560000	0.599762000
1.546564000	0.599682000
1.546627000	0.599647000
1.547603000	0.600536000
1.547619000	0.600466000
1.555533000	0.608293000
1.570603000	0.623321000
1.570609000	0.623273000
1.570614000	0.616069000
1.570618000	0.616036000
1.578595000	0.616950000
1.578604000	0.616942000
1.585594000	0.607968000
1.585599000	0.607938000
1.585606000	0.607891000
1.585610000	0.607838000
1.585614000	0.607789000
1.585618000	0.607736000
1.585621000	0.600053000
1.585625000	0.600010000
1.586482000	0.593863000
1.586678000	0.594055000
2.110517000	0.523662000
