13.006666000	0.046549000
13.046702000	0.039249000
13.046718000	0.039259000
13.046721000	0.039199000
13.062717000	0.054943000
13.086733000	0.040021000
13.086749000	0.036584000
13.086751000	0.036583000
13.101693000	0.048177000
13.101721000	0.048202000
13.101726000	0.044822000
13.101734000	0.044827000
13.101738000	0.041464000
13.101741000	0.041464000
13.101744000	0.038104000
13.116735000	0.049712000
13.116747000	0.049722000
13.116751000	0.046338000
13.116756000	0.046340000
13.116765000	0.042903000
13.116768000	0.042903000
13.139716000	0.052974000
13.139733000	0.052987000
13.139736000	0.051507000
13.146575000	0.058342000
13.146590000	0.055779000
13.146672000	0.055857000
13.146740000	0.045032000
13.147632000	0.045914000
13.147642000	0.044607000
13.147653000	0.044615000
13.155543000	0.049922000
13.155756000	0.050132000
13.162725000	0.054623000
13.162741000	0.054638000
13.162744000	0.054600000
13.162747000	0.052108000
13.162749000	0.052107000
13.163731000	0.050565000
13.163736000	0.050567000
13.163817000	0.048127000
13.163825000	0.048132000
13.163830000	0.045640000
13.178765000	0.060572000
13.178780000	0.058286000
13.178788000	0.058291000
13.178791000	0.056030000
13.178793000	0.056029000
13.178795000	0.053752000
13.178797000	0.053751000
13.178800000	0.051475000
13.178802000	0.051474000
13.179579000	0.049904000
13.179583000	0.049905000
13.199668000	0.059941000
13.199682000	0.059951000
13.206671000	0.065792000
13.206695000	0.065814000
13.206699000	0.063724000
13.206701000	0.063724000
13.206710000	0.060127000
13.206713000	0.060126000
13.206716000	0.059054000
13.206718000	0.057306000
13.206720000	0.055517000
13.206723000	0.055518000
13.206725000	0.053739000
13.206727000	0.053724000
13.215753000	0.061054000
13.222579000	0.067878000
13.222604000	0.067872000
13.222613000	0.066137000
13.222687000	0.066208000
13.222694000	0.064438000
13.222698000	0.064439000
13.245665000	0.085680000
13.245687000	0.082952000
13.245693000	0.082067000
13.245696000	0.082066000
13.252633000	0.087249000
13.252643000	0.087257000
13.252651000	0.085853000
13.252655000	0.085854000
13.252658000	0.084451000
13.252772000	0.084563000
13.252779000	0.083136000
13.253665000	0.084019000
13.253675000	0.082613000
13.261599000	0.090534000
13.268711000	0.096266000
13.268719000	0.096271000
13.268724000	0.094834000
13.268727000	0.093424000
13.268729000	0.089954000
13.276735000	0.097223000
13.276758000	0.095827000
13.283582000	0.101302000
13.291682000	0.107985000
13.298668000	0.113634000
13.298678000	0.112281000
13.298681000	0.110911000
13.298683000	0.109549000
13.298686000	0.108212000
13.299627000	0.099292000
13.322614000	0.121014000
13.322635000	0.115272000
13.322639000	0.114227000
13.322643000	0.113142000
13.329720000	0.119124000
13.329735000	0.118022000
13.329741000	0.116943000
13.329746000	0.115886000
13.329749000	0.115886000
13.329755000	0.114749000
13.329758000	0.114749000
13.329761000	0.113707000
13.329764000	0.113707000
13.330590000	0.113472000
13.330598000	0.113479000
13.330658000	0.112444000
13.330663000	0.112445000
13.338692000	0.119391000
13.345639000	0.126336000
13.345647000	0.125253000
13.345651000	0.125254000
13.345654000	0.125221000
13.345656000	0.123058000
13.345659000	0.123048000
13.345661000	0.122440000
13.345663000	0.122439000
13.345722000	0.121472000
13.346685000	0.122432000
13.359641000	0.113959000
13.359667000	0.113976000
13.359670000	0.113366000
13.366701000	0.120393000
13.366711000	0.114071000
13.366713000	0.114065000
13.366715000	0.113483000
13.366718000	0.113483000
13.366720000	0.112372000
13.366722000	0.112371000
13.366724000	0.111320000
13.366726000	0.111319000
13.367562000	0.111098000
13.367574000	0.105958000
13.367727000	0.099010000
13.367731000	0.099009000
13.367735000	0.098433000
13.367738000	0.098433000
13.368603000	0.098179000
13.368609000	0.098182000
13.368611000	0.097129000
13.368613000	0.097128000
13.376733000	0.099982000
13.376744000	0.099989000
13.376747000	0.099413000
13.383594000	0.106256000
13.383604000	0.100007000
13.383610000	0.091908000
13.383614000	0.084941000
13.399684000	0.100429000
13.399708000	0.099392000
13.406733000	0.105295000
13.406752000	0.104200000
13.406756000	0.103146000
13.406760000	0.084139000
13.429617000	0.106440000
13.429645000	0.105379000
13.436713000	0.111302000
13.436722000	0.106994000
13.436726000	0.106444000
13.436729000	0.105360000
13.436731000	0.104274000
13.459596000	0.126014000
13.459622000	0.124958000
13.459672000	0.123947000
13.466707000	0.129865000
13.466715000	0.128788000
13.466718000	0.121073000
13.466720000	0.120522000
13.466724000	0.119404000
13.473603000	0.125225000
13.473625000	0.124129000
13.496814000	0.137155000
13.496824000	0.136630000
13.496828000	0.135585000
13.496831000	0.130125000
13.511768000	0.144525000
13.511778000	0.143489000
13.511781000	0.142550000
13.511783000	0.141636000
13.511786000	0.140730000
13.511788000	0.139790000
13.511792000	0.138914000
13.511794000	0.138000000
13.511797000	0.137087000
13.511800000	0.136209000
13.511802000	0.136167000
13.512565000	0.136046000
13.512574000	0.135132000
13.512678000	0.134323000
13.528609000	0.149342000
13.535709000	0.155565000
13.535718000	0.154627000
13.535722000	0.152114000
13.535724000	0.151633000
13.535727000	0.150711000
13.542720000	0.143015000
13.542730000	0.142562000
13.542733000	0.135989000
13.542736000	0.135526000
13.542738000	0.134623000
13.543603000	0.134576000
13.551719000	0.122077000
13.551742000	0.121637000
13.558632000	0.121912000
13.558647000	0.121463000
13.558651000	0.121436000
13.558654000	0.120559000
13.558657000	0.120560000
13.558680000	0.119655000
13.558686000	0.119659000
13.559626000	0.119707000
13.574725000	0.115110000
13.574736000	0.114660000
13.574744000	0.114666000
13.574748000	0.113760000
13.574751000	0.113760000
13.574754000	0.112825000
13.574758000	0.108047000
13.574761000	0.107588000
13.575583000	0.108408000
13.575587000	0.107499000
13.575591000	0.106593000
13.575664000	0.105725000
13.575671000	0.104821000
13.575676000	0.101575000
13.599783000	0.124788000
13.606664000	0.109353000
13.606676000	0.108452000
13.606678000	0.107570000
13.606681000	0.106665000
13.606684000	0.094401000
13.606690000	0.094344000
13.606757000	0.093576000
13.615686000	0.101625000
13.615698000	0.100718000
13.615701000	0.099785000
13.630747000	0.113912000
13.630752000	0.113045000
13.630754000	0.112129000
13.630757000	0.111220000
13.630760000	0.110313000
13.630762000	0.109374000
13.631607000	0.109306000
13.631711000	0.108527000
13.639673000	0.111043000
13.646676000	0.110960000
13.646680000	0.110423000
13.646682000	0.109559000
13.654681000	0.116648000
13.661676000	0.122729000
13.661681000	0.118954000
13.661684000	0.118409000
13.661687000	0.117524000
13.661690000	0.116624000
13.669696000	0.123714000
13.676748000	0.129888000
13.676756000	0.124515000
13.684663000	0.131557000
13.691633000	0.132499000
13.691637000	0.131583000
13.691640000	0.130685000
13.691643000	0.129775000
13.691750000	0.128966000
13.715650000	0.140452000
13.715726000	0.139618000
13.715729000	0.138710000
13.715732000	0.137802000
13.715734000	0.136890000
13.715737000	0.135981000
13.715739000	0.135945000
13.722624000	0.141954000
13.722627000	0.141044000
13.722629000	0.122838000
13.722736000	0.116063000
13.723660000	0.116465000
13.730724000	0.115924000
13.730727000	0.108240000
13.730730000	0.100612000
13.745604000	0.107798000
13.745767000	0.100330000
13.745770000	0.092671000
13.745773000	0.084991000
13.759618000	0.091206000
13.759629000	0.083528000
13.766768000	0.083037000
13.766774000	0.075354000
13.766777000	0.067698000
13.766781000	0.060043000
13.766801000	0.052407000
13.779707000	0.057682000
13.781715000	0.052004000
13.781721000	0.049438000
13.799724000	0.064919000
13.799731000	0.062361000
13.806596000	0.066639000
13.806698000	0.064179000
13.806702000	0.061649000
13.806706000	0.059094000
13.806710000	0.056538000
13.821723000	0.068966000
13.821739000	0.066441000
13.821743000	0.063845000
13.829545000	0.069125000
13.836730000	0.073746000
13.836743000	0.071167000
13.836747000	0.068615000
13.844631000	0.073966000
13.851619000	0.080908000
13.851625000	0.078394000
13.851723000	0.075904000
13.851752000	0.073365000
13.867708000	0.086737000
13.874656000	0.091152000
13.874669000	0.088632000
13.874674000	0.086084000
13.874677000	0.083479000
13.874700000	0.080980000
13.874708000	0.078423000
13.881633000	0.082759000
13.881638000	0.080227000
13.889685000	0.085693000
13.896714000	0.090198000
13.896728000	0.087613000
13.896732000	0.085057000
13.896739000	0.082539000
13.896744000	0.079940000
13.896747000	0.077384000
13.911678000	0.089796000
13.911696000	0.087248000
13.911700000	0.084684000
13.911704000	0.082135000
13.912620000	0.080454000
13.927786000	0.093093000
13.927799000	0.090547000
13.927804000	0.087960000
13.927809000	0.085426000
13.927812000	0.082859000
13.927816000	0.080310000
13.951664000	0.101576000
13.951678000	0.099053000
13.951683000	0.096472000
13.951686000	0.093943000
13.951690000	0.091386000
13.951694000	0.088801000
13.951759000	0.086306000
13.951767000	0.084028000
13.951821000	0.077154000
13.951825000	0.075866000
13.951828000	0.073308000
13.974690000	0.093567000
13.974699000	0.091024000
13.974703000	0.088495000
13.974707000	0.085943000
13.974711000	0.083360000
13.974715000	0.080780000
13.974718000	0.077993000
13.982561000	0.084052000
13.989683000	0.089116000
13.989688000	0.087095000
13.989692000	0.084992000
13.990603000	0.083900000
13.990608000	0.078916000
13.990677000	0.077949000
13.999623000	0.084808000
13.999632000	0.082772000
14.019705000	0.100798000
14.026646000	0.097788000
14.026652000	0.095773000
14.026655000	0.093731000
14.039710000	0.104737000
14.039720000	0.102693000
14.046671000	0.107592000
14.046685000	0.093267000
14.061747000	0.104909000
14.061761000	0.101502000
14.061766000	0.098126000
14.061770000	0.094685000
14.077716000	0.107251000
14.084752000	0.110846000
14.084767000	0.107472000
14.084771000	0.104051000
14.091659000	0.107500000
14.091680000	0.104140000
14.091685000	0.104094000
14.091689000	0.100734000
14.091692000	0.097262000
14.106724000	0.108902000
14.106746000	0.105516000
14.106751000	0.102975000
14.106755000	0.100373000
14.106759000	0.097839000
14.113666000	0.102217000
14.113674000	0.099656000
14.113678000	0.097104000
14.114713000	0.095577000
14.129764000	0.108082000
14.129786000	0.105519000
14.129791000	0.102980000
14.152782000	0.123351000
14.152796000	0.120833000
14.152800000	0.118277000
14.152804000	0.115719000
14.152808000	0.113135000
14.152813000	0.110604000
14.152817000	0.108083000
14.153646000	0.105643000
14.153652000	0.103094000
14.159691000	0.096611000
14.159696000	0.094055000
14.159700000	0.091531000
14.159705000	0.088981000
14.159708000	0.080674000
14.159712000	0.073622000
14.159716000	0.071088000
14.160621000	0.069411000
14.179748000	0.085986000
14.179756000	0.083459000
14.186658000	0.087804000
14.186796000	0.085377000
14.186802000	0.082789000
14.186806000	0.080064000
14.186811000	0.078714000
14.186816000	0.076188000
14.195678000	0.082517000
14.195684000	0.079928000
14.195694000	0.077380000
14.199793000	0.078920000
14.206638000	0.083225000
14.206645000	0.080674000
14.206650000	0.076868000
14.214625000	0.083477000
14.214637000	0.080953000
14.221788000	0.068996000
14.289774000	0.044822000
