2.457653000	0.058603000
2.512663000	0.053424000
2.519616000	0.060370000
2.519758000	0.060413000
2.520670000	0.061023000
2.579568000	0.066893000
2.579590000	0.066912000
2.601603000	0.081973000
2.601681000	0.077708000
2.601688000	0.077712000
2.610679000	0.082424000
2.626686000	0.094130000
2.633755000	0.101198000
2.633770000	0.096905000
2.633775000	0.096908000
2.633779000	0.092584000
2.634756000	0.093558000
2.634762000	0.089279000
2.634766000	0.089281000
2.642565000	0.092773000
2.649535000	0.099741000
2.680602000	0.101021000
2.680616000	0.101030000
2.699669000	0.117900000
2.699710000	0.117938000
2.707661000	0.106051000
2.723513000	0.121899000
2.730599000	0.126786000
2.730631000	0.126813000
2.730641000	0.122552000
2.731518000	0.123424000
2.731533000	0.119139000
2.731539000	0.119141000
2.731607000	0.114901000
2.737694000	0.110984000
2.737701000	0.108790000
2.737704000	0.103940000
2.752719000	0.116783000
2.752742000	0.116800000
2.752749000	0.112498000
2.752755000	0.112502000
2.761635000	0.117094000
2.768647000	0.124103000
2.768660000	0.124079000
2.768666000	0.119756000
2.768670000	0.119756000
2.784526000	0.131365000
2.784756000	0.131590000
2.784766000	0.127302000
2.784774000	0.127307000
2.784780000	0.122999000
2.799606000	0.118993000
2.799620000	0.116838000
2.800625000	0.117839000
2.830614000	0.130917000
2.830627000	0.130923000
2.830633000	0.128899000
2.830652000	0.122981000
2.866620000	0.143081000
2.866631000	0.136019000
2.866639000	0.133990000
2.866644000	0.133991000
2.866647000	0.130242000
2.866650000	0.130240000
2.867726000	0.127537000
2.867732000	0.127538000
2.867735000	0.124357000
2.868624000	0.125242000
2.876544000	0.130049000
2.876598000	0.130100000
2.883595000	0.133898000
2.883665000	0.133964000
2.883676000	0.130860000
2.883681000	0.130862000
2.883686000	0.127677000
2.884540000	0.128526000
2.884708000	0.125519000
2.885600000	0.126407000
2.893662000	0.131368000
2.893686000	0.131387000
2.900679000	0.135198000
2.900692000	0.130399000
2.908547000	0.135117000
2.923689000	0.137549000
2.923706000	0.134369000
2.923710000	0.124096000
2.931553000	0.130502000
2.938732000	0.134860000
2.955596000	0.124975000
2.970694000	0.138646000
2.970708000	0.135896000
2.986659000	0.118634000
2.986684000	0.115866000
2.986698000	0.113157000
2.986702000	0.110398000
3.001610000	0.122544000
3.001625000	0.119766000
3.001630000	0.116603000
3.001634000	0.113969000
3.002582000	0.114830000
3.019650000	0.129450000
3.019664000	0.126836000
3.026709000	0.131306000
3.026724000	0.126034000
3.026729000	0.124759000
3.026732000	0.122407000
3.026743000	0.120040000
3.027716000	0.118647000
3.039545000	0.115843000
3.039556000	0.114613000
3.046667000	0.119500000
3.067590000	0.138227000
3.067603000	0.136013000
3.081646000	0.147831000
3.081661000	0.142914000
3.104637000	0.149029000
3.111525000	0.140820000
3.111605000	0.139799000
3.127616000	0.139836000
3.142638000	0.152680000
3.142656000	0.150507000
3.142664000	0.148322000
3.158739000	0.156026000
3.158761000	0.153833000
3.158766000	0.151666000
3.175683000	0.166401000
3.182668000	0.171206000
3.182686000	0.161895000
3.182691000	0.159837000
3.182695000	0.157712000
3.183589000	0.155818000
3.189598000	0.159874000
3.189605000	0.157891000
3.189609000	0.155956000
3.189613000	0.153976000
3.189617000	0.152082000
3.189679000	0.150200000
3.197732000	0.158180000
3.197739000	0.156285000
3.204599000	0.161313000
3.204607000	0.159423000
3.212611000	0.165555000
3.219665000	0.170842000
3.219680000	0.152080000
3.219685000	0.151176000
3.234605000	0.164253000
3.234670000	0.153013000
3.234674000	0.152109000
3.266669000	0.161996000
3.266703000	0.155167000
3.266710000	0.154214000
3.266714000	0.154214000
3.266717000	0.139087000
3.275582000	0.147946000
3.290689000	0.148042000
3.290704000	0.148052000
3.290709000	0.147139000
3.290712000	0.147137000
3.291595000	0.146171000
3.291615000	0.146186000
3.300614000	0.141867000
3.307650000	0.148900000
3.307666000	0.148884000
3.307675000	0.147988000
3.307679000	0.147990000
3.307683000	0.146192000
3.308572000	0.132863000
3.308588000	0.131947000
3.316649000	0.133973000
3.323755000	0.139978000
3.323770000	0.139991000
3.323783000	0.138352000
3.323787000	0.138353000
3.323791000	0.136564000
3.323794000	0.136563000
3.323797000	0.134762000
3.324609000	0.135570000
3.324613000	0.133821000
3.324643000	0.133849000
3.324656000	0.132054000
3.324659000	0.132052000
3.325706000	0.131300000
3.325724000	0.129492000
3.330582000	0.132553000
3.359658000	0.159846000
3.359695000	0.158023000
3.359700000	0.156275000
3.366689000	0.161466000
3.366704000	0.159680000
3.366713000	0.154079000
3.366717000	0.147044000
3.366734000	0.146143000
3.366738000	0.144439000
3.366742000	0.142737000
3.367544000	0.132914000
3.367553000	0.132026000
3.367557000	0.130390000
3.379647000	0.140787000
3.386711000	0.120019000
3.401750000	0.134151000
3.401768000	0.132662000
3.401773000	0.131111000
3.409507000	0.133916000
3.416702000	0.126005000
3.439580000	0.148055000
3.439600000	0.146517000
3.446661000	0.152055000
3.446674000	0.150467000
3.446705000	0.146066000
3.446712000	0.139040000
3.447650000	0.139168000
3.447658000	0.137638000
3.479657000	0.162987000
3.486755000	0.162977000
3.486769000	0.162173000
3.486773000	0.160636000
3.486777000	0.159093000
3.486781000	0.157541000
3.486785000	0.155982000
3.487603000	0.155246000
3.487618000	0.153641000
3.487622000	0.152137000
3.487626000	0.127936000
3.527651000	0.167172000
3.527690000	0.165654000
3.527695000	0.160994000
3.542738000	0.175242000
3.542751000	0.173663000
3.542756000	0.172147000
3.542760000	0.170561000
3.542764000	0.169005000
3.542768000	0.167486000
3.542772000	0.165938000
3.542775000	0.164372000
3.549646000	0.169663000
3.549651000	0.168137000
3.549655000	0.162148000
3.550639000	0.148107000
3.551680000	0.147715000
3.556530000	0.151129000
3.556591000	0.149752000
3.579644000	0.171373000
3.579659000	0.169948000
3.586672000	0.175489000
3.586689000	0.169254000
3.586693000	0.146373000
3.586697000	0.144938000
3.586701000	0.140030000
3.587503000	0.140063000
3.610715000	0.161921000
3.610729000	0.160630000
3.610747000	0.159297000
3.610754000	0.157990000
3.611633000	0.157552000
3.611639000	0.156215000
3.617653000	0.137985000
3.617672000	0.137330000
3.632667000	0.145901000
3.632681000	0.145213000
3.632685000	0.143865000
3.632690000	0.142585000
3.632693000	0.141307000
3.633616000	0.140918000
3.633620000	0.139585000
3.633624000	0.138305000
3.659686000	0.163008000
3.659698000	0.161744000
3.666569000	0.138222000
3.666630000	0.136936000
3.666634000	0.135624000
3.666638000	0.123227000
3.666642000	0.121916000
3.666645000	0.120607000
3.679713000	0.132362000
3.679731000	0.131065000
3.699560000	0.149577000
3.699614000	0.148293000
3.706671000	0.154037000
3.727615000	0.173624000
3.727630000	0.172364000
3.741614000	0.185054000
3.741649000	0.183769000
3.757727000	0.198538000
3.757743000	0.197217000
3.757748000	0.195891000
3.772650000	0.192994000
3.780676000	0.200352000
3.787751000	0.201065000
3.787773000	0.200355000
3.787778000	0.199087000
3.787782000	0.197795000
3.787786000	0.196538000
3.787790000	0.195219000
3.803582000	0.209704000
3.811567000	0.200841000
3.818741000	0.207317000
3.818746000	0.206023000
3.818750000	0.204754000
3.818754000	0.203454000
3.818757000	0.202157000
3.818765000	0.200895000
3.818769000	0.199603000
3.834673000	0.201995000
3.834680000	0.201341000
3.834691000	0.200022000
3.835550000	0.199661000
3.850534000	0.213398000
3.850596000	0.212181000
3.850603000	0.210941000
3.850609000	0.209725000
3.850614000	0.208454000
3.858618000	0.198294000
3.866655000	0.205083000
3.866660000	0.199414000
3.881744000	0.213246000
3.881750000	0.212026000
3.881754000	0.210746000
3.881757000	0.209523000
3.881761000	0.208288000
3.899661000	0.219302000
3.899667000	0.218060000
3.899671000	0.199415000
3.919682000	0.219364000
3.919695000	0.212995000
3.919699000	0.192072000
3.934649000	0.206365000
3.934672000	0.193028000
3.934677000	0.192327000
3.957713000	0.199973000
3.957722000	0.199308000
3.957728000	0.198062000
3.964724000	0.192056000
3.964729000	0.184039000
3.965590000	0.177821000
3.973623000	0.185221000
3.980562000	0.181660000
3.995612000	0.186224000
3.995619000	0.175703000
4.010718000	0.180356000
4.034732000	0.193854000
4.034739000	0.183374000
4.034744000	0.172897000
4.034750000	0.162447000
4.034756000	0.151935000
4.034761000	0.141480000
4.035559000	0.131791000
4.035573000	0.121286000
4.041588000	0.116817000
4.049579000	0.114349000
4.056601000	0.110885000
4.056606000	0.100378000
4.072679000	0.105997000
4.099699000	0.122527000
4.114644000	0.126947000
4.114690000	0.116481000
4.122581000	0.113884000
4.129560000	0.110380000
4.129640000	0.100027000
4.129644000	0.089546000
4.130597000	0.086893000
4.130601000	0.086855000
4.130605000	0.083286000
4.130610000	0.079688000
4.130614000	0.076085000
4.159621000	0.101494000
4.166692000	0.104924000
4.166706000	0.101363000
4.166711000	0.097732000
4.199626000	0.127056000
4.206648000	0.130491000
4.222625000	0.142843000
4.230650000	0.147286000
4.230686000	0.143679000
4.236537000	0.145957000
4.236578000	0.142366000
4.244569000	0.146783000
4.251595000	0.150183000
4.251609000	0.147335000
4.259592000	0.152402000
4.266662000	0.156615000
4.266676000	0.153757000
4.266697000	0.150896000
4.281555000	0.162866000
4.289628000	0.167995000
4.296605000	0.172150000
4.319702000	0.192364000
4.326648000	0.196430000
4.326672000	0.193508000
4.341695000	0.205708000
4.349613000	0.210703000
4.371674000	0.229917000
4.371688000	0.227050000
4.371693000	0.224162000
4.379686000	0.229259000
4.399663000	0.246367000
4.399683000	0.243494000
4.399689000	0.240625000
4.406647000	0.242742000
4.429717000	0.263014000
4.429723000	0.260566000
4.436547000	0.262585000
4.459734000	0.260097000
4.460594000	0.253931000
4.466695000	0.244036000
4.466700000	0.236019000
4.466704000	0.234155000
4.466708000	0.230136000
4.507558000	0.267816000
4.507629000	0.263030000
4.507633000	0.256027000
4.514751000	0.261324000
4.514756000	0.255132000
4.514761000	0.248088000
4.515592000	0.247096000
4.515599000	0.243468000
4.515631000	0.234059000
4.529604000	0.239943000
4.536580000	0.239965000
4.559718000	0.238137000
4.566697000	0.238200000
4.566703000	0.234567000
4.574622000	0.231046000
4.581592000	0.230111000
4.581604000	0.208115000
4.581608000	0.204480000
4.581613000	0.204481000
4.702517000	0.102705000
